(
(-0.011506488732684573 -7.252040994657674e-05 0.0)
(1.2647687672479695 -0.001089970781780948 0.0)
(2.4851580469653154 -0.0048611064133073124 0.0)
(3.6473377035492947 -0.012684186574395157 0.0)
(4.71263869618872 -0.024537084380759137 0.0)
(5.64857381945059 -0.039819600301808575 0.0)
(6.465426422032399 -0.05738703905828103 0.0)
(7.201539825780574 -0.07491433099811876 0.0)
(7.859754712409772 -0.0906288085005009 0.0)
(8.430360646784122 -0.10442022505720726 0.0)
(8.913267139233001 -0.11634314555501796 0.0)
(9.307734735485145 -0.12625207840494063 0.0)
(9.613760550768074 -0.13404192410524185 0.0)
(9.831208793042043 -0.13964419202436198 0.0)
(9.959997174724528 -0.1430190653773035 0.0)
(10.000000000000004 -0.14414595352542864 0.0)
(9.951113936386609 -0.14301906537730297 0.0)
(9.813235651402405 -0.13964419202436135 0.0)
(9.586239449231945 -0.1340419241052396 0.0)
(9.270043042292643 -0.1262520784049395 0.0)
(8.864510638544786 -0.11634314555501662 0.0)
(8.369639353215906 -0.10442022505720622 0.0)
(7.784689732034669 -0.09062880850050059 0.0)
(7.10957128533052 -0.07491433099811791 0.0)
(6.334573577967629 -0.057387039058279236 0.0)
(5.4625372916605075 -0.03981960030180712 0.0)
(4.531805748255649 -0.024537084380758526 0.0)
(3.552662296450656 -0.012684186574395111 0.0)
(2.4926197308124385 -0.0048611064133077106 0.0)
(1.3130090105297991 -0.001089970781781044 0.0)
(0.01150648873267035 -7.252040994658565e-05 0.0)
(-0.011514321005247902 -7.247446629219058e-05 0.0)
(1.264747782144906 -0.0010894670988431923 0.0)
(2.4852031781620294 -0.00485996700942478 0.0)
(3.6477116219057324 -0.01268410557819167 0.0)
(4.713537781228466 -0.024540869096063175 0.0)
(5.649186415478623 -0.039826663441440605 0.0)
(6.464534116339629 -0.05739092244345941 0.0)
(7.200383814833091 -0.07491078944766319 0.0)
(7.859578277386325 -0.09062171430538166 0.0)
(8.430312505284416 -0.1044125911082651 0.0)
(8.913198781112742 -0.11633520730769048 0.0)
(9.307698110269508 -0.12624406223660883 0.0)
(9.6137374643514 -0.13403395608700497 0.0)
(9.831195884315386 -0.13963631686449898 0.0)
(9.95999130159177 -0.14301126200632727 0.0)
(10.000000000000004 -0.14413818063469974 0.0)
(9.951119809519366 -0.1430112620063268 0.0)
(9.813248560129061 -0.13963631686449834 0.0)
(9.586262535648618 -0.13403395608700278 0.0)
(9.270079667508282 -0.1262440622366077 0.0)
(8.864578996665045 -0.11633520730768918 0.0)
(8.36968749471561 -0.10441259110826409 0.0)
(7.784866167058115 -0.09062171430538138 0.0)
(7.110727296278006 -0.0749107894476624 0.0)
(6.3354658836604 -0.05739092244345769 0.0)
(5.461924695632471 -0.0398266634414392 0.0)
(4.530906663215902 -0.024540869096062606 0.0)
(3.552288378094217 -0.012684105578191638 0.0)
(2.4925745996157245 -0.004859967009425182 0.0)
(1.3130299956328628 -0.0010894670988432884 0.0)
(0.011514321005233735 -7.247446629219943e-05 0.0)
(-0.011529653351200065 -7.244562060290618e-05 0.0)
(1.264698967150221 -0.0010892216921819678 0.0)
(2.4851916505562546 -0.004859971023154117 0.0)
(3.648018347069351 -0.012686939018752848 0.0)
(4.714467436559858 -0.02455013421440114 0.0)
(5.650074416059363 -0.039842352348907484 0.0)
(6.46395752069586 -0.05740622451804225 0.0)
(7.199234184241298 -0.07491952579839023 0.0)
(7.859330919043757 -0.0906261971460979 0.0)
(8.430259848732101 -0.10441573458236904 0.0)
(8.913126603638753 -0.11633730071952078 0.0)
(9.30765894159491 -0.1262453573750989 0.0)
(9.613712751080913 -0.13403468508661892 0.0)
(9.831182127627091 -0.13963667233380997 0.0)
(9.959984995663632 -0.14301139945842242 0.0)
(10.000000000000004 -0.14413825031097333 0.0)
(9.951126115447504 -0.14301139945842195 0.0)
(9.813262316817355 -0.13963667233380933 0.0)
(9.586287248919106 -0.13403468508661673 0.0)
(9.27011883618288 -0.12624535737509776 0.0)
(8.864651174139034 -0.11633730071951953 0.0)
(8.369740151267926 -0.10441573458236808 0.0)
(7.785113525400685 -0.09062619714609768 0.0)
(7.111876926869801 -0.0749195257983895 0.0)
(6.336042479304169 -0.05740622451804061 0.0)
(5.461036695051728 -0.03984235234890615 0.0)
(4.529977007884507 -0.024550134214400613 0.0)
(3.5519816529305985 -0.012686939018752837 0.0)
(2.4925861272214997 -0.004859971023154522 0.0)
(1.3130788106275482 -0.0010892216921820643 0.0)
(0.011529653351185967 -7.244562060291503e-05 0.0)
(-0.011551812095309649 -7.243514030553904e-05 0.0)
(1.2646244671054763 -0.0010892453445170093 0.0)
(2.4851239706498993 -0.0048611182781393945 0.0)
(3.648244402097598 -0.012692562399884071 0.0)
(4.715386814828393 -0.0245644726434233 0.0)
(5.651198804071842 -0.03986597768231716 0.0)
(6.46372196965883 -0.057432272936866736 0.0)
(7.198141446670211 -0.07494015619103164 0.0)
(7.859023505855109 -0.09064206005482967 0.0)
(8.430204990759751 -0.1044295173610177 0.0)
(8.9130537781572 -0.11634933380982279 0.0)
(9.30761895046126 -0.12625590691439492 0.0)
(9.613687496812506 -0.13404407907317434 0.0)
(9.831168127420876 -0.1396452428136237 0.0)
(9.959978534011055 -0.14301947169419535 0.0)
(10.000000000000004 -0.1441461594928013 0.0)
(9.951132577100081 -0.14301947169419488 0.0)
(9.81327631702357 -0.13964524281362312 0.0)
(9.586312503187512 -0.13404407907317215 0.0)
(9.27015882731653 -0.1262559069143939 0.0)
(8.864723999620589 -0.11634933380982157 0.0)
(8.369795009240274 -0.1044295173610168 0.0)
(7.785420938589334 -0.09064206005482953 0.0)
(7.112969664440891 -0.07494015619103099 0.0)
(6.336278030341198 -0.057432272936865196 0.0)
(5.459912307039246 -0.03986597768231591 0.0)
(4.52905762961597 -0.02456447264342283 0.0)
(3.551755597902351 -0.012692562399884085 0.0)
(2.4926538071278554 -0.004861118278139808 0.0)
(1.313153310672293 -0.001089245344517107 0.0)
(0.011551812095295641 -7.243514030554792e-05 0.0)
(-0.011579823622898765 -7.244348588518228e-05 0.0)
(1.2645275554063442 -0.0010895370166079867 0.0)
(2.485003112174232 -0.004863358366095406 0.0)
(3.6483798545460884 -0.012700728640506118 0.0)
(4.716255520234906 -0.024583254378789842 0.0)
(5.652510175963801 -0.039896501387740924 0.0)
(6.463837812910176 -0.05746792318006393 0.0)
(7.197153615009594 -0.07497177416387696 0.0)
(7.858669544993494 -0.09066860604438765 0.0)
(8.430150341726314 -0.1044533338541322 0.0)
(8.912983504486508 -0.11637077786662256 0.0)
(9.307579894005805 -0.12627524732704015 0.0)
(9.613662811172532 -0.1340617252920877 0.0)
(9.831154498840188 -0.13966165173273645 0.0)
(9.959972200547234 -0.143035124034374 0.0)
(10.000000000000004 -0.14416156066520364 0.0)
(9.951138910563902 -0.14303512403437352 0.0)
(9.813289945604259 -0.13966165173273587 0.0)
(9.586337188827487 -0.13406172529208563 0.0)
(9.270197883771985 -0.12627524732703918 0.0)
(8.86479427329128 -0.11637077786662142 0.0)
(8.369849658273711 -0.10445333385413139 0.0)
(7.785774899450949 -0.09066860604438759 0.0)
(7.11395749610151 -0.07497177416387645 0.0)
(6.33616218708985 -0.05746792318006253 0.0)
(5.458600935147283 -0.039896501387739786 0.0)
(4.528188924209455 -0.02458325437878944 0.0)
(3.5516201454538607 -0.012700728640506163 0.0)
(2.4927746656035232 -0.004863358366095828 0.0)
(1.3132502223714255 -0.0010895370166080862 0.0)
(0.01157982362288485 -7.244348588519124e-05 0.0)
(-0.011612457158690788 -7.247029065233415e-05 0.0)
(1.2644124901755895 -0.0010900838929168205 0.0)
(2.484834385429569 -0.0048665928616554895 0.0)
(3.6484187528820393 -0.012711078930945769 0.0)
(4.717035383453086 -0.02460565418540898 0.0)
(5.653950912453395 -0.039932582309404024 0.0)
(6.464299960509363 -0.057511608841168065 0.0)
(7.196314092775427 -0.07501299048104285 0.0)
(7.858284588851618 -0.0907046687325552 0.0)
(8.430098302810341 -0.1044861376085761 0.0)
(8.912918870323209 -0.11640069067729511 0.0)
(9.307543488297748 -0.1263025288306852 0.0)
(9.613639778802849 -0.13408684840078294 0.0)
(9.83114184069993 -0.13968517811326167 0.0)
(9.959966273552983 -0.14305766874376594 0.0)
(10.000000000000004 -0.14418377712884056 0.0)
(9.951144837558154 -0.14305766874376546 0.0)
(9.813302603744516 -0.13968517811326114 0.0)
(9.586360221197168 -0.13408684840078086 0.0)
(9.270234289480042 -0.1263025288306843 0.0)
(8.864858907454579 -0.11640069067729406 0.0)
(8.369901697189684 -0.10448613760857536 0.0)
(7.7861598555928255 -0.09070466873255525 0.0)
(7.114797018335677 -0.07501299048104247 0.0)
(6.33570003949066 -0.05751160884116679 0.0)
(5.457160198657684 -0.039932582309403 0.0)
(4.527409060991272 -0.02460565418540864 0.0)
(3.5515812471179102 -0.012711078930945845 0.0)
(2.4929433923481867 -0.004866592861655922 0.0)
(1.3133652876021804 -0.0010900838929169222 0.0)
(0.01161245715867697 -7.247029065234327e-05 0.0)
(-0.011648278844824373 -7.251437685456398e-05 0.0)
(1.2642843271689461 -0.0010908619446989831 0.0)
(2.484625203960394 -0.0048706796470020745 0.0)
(3.648359387983731 -0.012723158498376425 0.0)
(4.717692138719848 -0.024630687856757146 0.0)
(5.655457710215024 -0.03997263511761674 0.0)
(6.465088106536359 -0.057561410452150845 0.0)
(7.19565976703882 -0.07506199417295614 0.0)
(7.857885551698099 -0.09074866359078906 0.0)
(8.430051160506597 -0.1045264872873919 0.0)
(8.91286271557419 -0.11643775792766342 0.0)
(9.307511332937297 -0.12633655272597005 0.0)
(9.613619411703647 -0.13411834453582527 0.0)
(9.831130709175627 -0.13971478824907937 0.0)
(9.959961013449584 -0.1430861152490849 0.0)
(10.000000000000004 -0.1442118327329438 0.0)
(9.951150097661552 -0.1430861152490845 0.0)
(9.81331373526882 -0.13971478824907885 0.0)
(9.586380588296372 -0.13411834453582325 0.0)
(9.270266444840493 -0.12633655272596914 0.0)
(8.864915062203599 -0.11643775792766245 0.0)
(8.36994883949343 -0.10452648728739128 0.0)
(7.786558892746346 -0.09074866359078923 0.0)
(7.1154513440722855 -0.0750619941729559 0.0)
(6.33491189346366 -0.05756141045214972 0.0)
(5.455653400896051 -0.039972635117615826 0.0)
(4.52675230572451 -0.024630687856756883 0.0)
(3.551640612016219 -0.01272315849837654 0.0)
(2.4931525738173623 -0.004870679647002521 0.0)
(1.3134934506088243 -0.0010908619446990879 0.0)
(0.01164827884481066 -7.251437685457327e-05 0.0)
(-0.011685714741944743 -7.257380742479922e-05 0.0)
(1.2641486976344578 -0.0010918369857825718 0.0)
(2.4843847588177765 -0.004875439156263598 0.0)
(3.64820436823619 -0.012736436588704134 0.0)
(4.718196929410267 -0.024657255459113115 0.0)
(5.656964363311651 -0.04001489996526075 0.0)
(6.46616762129661 -0.05761513982133518 0.0)
(7.195219387675583 -0.07511663210704389 0.0)
(7.857489966495444 -0.09079865756550473 0.0)
(8.430010986161662 -0.10457260999951008 0.0)
(8.912817507576392 -0.11648035095055895 0.0)
(9.307484840772165 -0.12637582406518078 0.0)
(9.613602604768003 -0.13415482981466154 0.0)
(9.831121593366092 -0.13974918112499188 0.0)
(9.95995665135636 -0.14311921366292865 0.0)
(10.000000000000004 -0.1442444947655953 0.0)
(9.951154459754775 -0.14311921366292824 0.0)
(9.813322851078354 -0.1397491811249914 0.0)
(9.586397395232016 -0.13415482981465957 0.0)
(9.270292937005623 -0.12637582406517997 0.0)
(8.864960270201395 -0.11648035095055806 0.0)
(8.369989013838364 -0.10457260999950957 0.0)
(7.786954477949002 -0.09079865756550506 0.0)
(7.1158917234355235 -0.0751166321070438 0.0)
(6.3338323787034065 -0.057615139821334184 0.0)
(5.45414674779942 -0.04001489996525996 0.0)
(4.52624751503409 -0.024657255459112928 0.0)
(3.5517956317637607 -0.012736436588704284 0.0)
(2.4933930189599804 -0.004875439156264059 0.0)
(1.313629080143313 -0.0010918369857826791 0.0)
(0.011685714741931131 -7.257380742480872e-05 0.0)
(-0.011723119985219467 -7.264597109250886e-05 0.0)
(1.264011560885743 -0.0010929661746461605 0.0)
(2.4841236147214003 -0.004880662265310382 0.0)
(3.6479605049235233 -0.012750329786931469 0.0)
(4.718527575944897 -0.02468418966063342 0.0)
(5.658404672162554 -0.040057519812251946 0.0)
(6.467491072886466 -0.0576704361785342 0.0)
(7.195012304149285 -0.07517450359243955 0.0)
(7.857115214533755 -0.09085245401291464 0.0)
(8.429979544962759 -0.10462247919733934 0.0)
(8.912785232686534 -0.11652659828647735 0.0)
(9.307465175819623 -0.12641861733751736 0.0)
(9.61359009646192 -0.13419470114088766 0.0)
(9.83111489380332 -0.1397868455809517 0.0)
(9.959953378935706 -0.1431555097015447 0.0)
(10.000000000000004 -0.14428032811683394 0.0)
(9.951157732175432 -0.14315550970154428 0.0)
(9.813329550641125 -0.13978684558095122 0.0)
(9.586409903538097 -0.13419470114088575 0.0)
(9.270312601958166 -0.1264186173375166 0.0)
(8.864992545091255 -0.11652659828647655 0.0)
(8.370020455037267 -0.10462247919733891 0.0)
(7.787329229910693 -0.09085245401291508 0.0)
(7.116098806961821 -0.07517450359243959 0.0)
(6.332508927113546 -0.05767043617853335 0.0)
(5.452706438948515 -0.04005751981225125 0.0)
(4.52591686849946 -0.024684189660633304 0.0)
(3.5520394950764285 -0.012750329786931653 0.0)
(2.4936541630563576 -0.004880662265310857 0.0)
(1.313766216892028 -0.0010929661746462713 0.0)
(0.011723119985205945 -7.264597109251858e-05 0.0)
(-0.011758851056690006 -7.272769711815347e-05 0.0)
(1.2638789424606556 -0.0010941998967968763 0.0)
(2.4838532458651112 -0.004886119480286321 0.0)
(3.647638512953554 -0.01276422765134521 0.0)
(4.718669550319905 -0.024710307021777993 0.0)
(5.659715352231794 -0.04009862202048434 0.0)
(6.469000311264256 -0.05772486990297442 0.0)
(7.195047615331222 -0.07523306586194772 0.0)
(7.856777761728638 -0.09090768921553738 0.0)
(8.429958218378646 -0.1046739037195601 0.0)
(8.91276730900423 -0.1165744679120855 0.0)
(9.307453202121707 -0.12646305228488142 0.0)
(9.613582436377486 -0.1342362066413717 0.0)
(9.831110904853842 -0.139826126709669 0.0)
(9.959951339971797 -0.14319340858339794 0.0)
(10.000000000000004 -0.1443177583347614 0.0)
(9.95115977113934 -0.14319340858339757 0.0)
(9.813333539590603 -0.1398261267096686 0.0)
(9.58641756362253 -0.13423620664136984 0.0)
(9.270324575656081 -0.12646305228488072 0.0)
(8.865010468773558 -0.11657446791208481 0.0)
(8.370041781621381 -0.10467390371955981 0.0)
(7.787666682715809 -0.09090768921553793 0.0)
(7.1160634957798825 -0.0752330658619479 0.0)
(6.330999688735752 -0.0577248699029737 0.0)
(5.451395758879272 -0.040098622020483726 0.0)
(4.525774894124452 -0.02471030702177793 0.0)
(3.552361487046399 -0.012764227651345428 0.0)
(2.4939245319126475 -0.004886119480286809 0.0)
(1.313898835317116 -0.00109419989679699 0.0)
(0.011758851056676563 -7.27276971181634e-05 0.0)
(-0.011791337998444095 -7.281539460967972e-05 0.0)
(1.2637566693701754 -0.001095483944740447 0.0)
(2.483585531761828 -0.0048915710211490625 0.0)
(3.6472525400643745 -0.012777519535208445 0.0)
(4.7186166144409905 -0.024734459993478498 0.0)
(5.6608388146349515 -0.040136400634122535 0.0)
(6.470629023256732 -0.05777604927638761 0.0)
(7.195323769712662 -0.07528974579658287 0.0)
(7.856492435139 -0.09096193623961965 0.0)
(8.429947943460412 -0.10472462406674456 0.0)
(8.91276452406329 -0.11662185652360921 0.0)
(9.3074494457808 -0.12650717651697724 0.0)
(9.613579961084799 -0.13427752264035464 0.0)
(9.831109801784802 -0.13986529857021088 0.0)
(9.95995062405298 -0.14323124510095384 0.0)
(10.000000000000004 -0.14435514080407874 0.0)
(9.951160487058157 -0.14323124510095347 0.0)
(9.813334642659644 -0.13986529857021052 0.0)
(9.58642003891522 -0.13427752264035284 0.0)
(9.27032833199699 -0.1265071765169766 0.0)
(8.8650132537145 -0.11662185652360857 0.0)
(8.370052056539615 -0.10472462406674435 0.0)
(7.787952009305449 -0.09096193623962032 0.0)
(7.115787341398441 -0.0752897457965832 0.0)
(6.329370976743271 -0.057776049276387 0.0)
(5.450272296476113 -0.04013640063412202 0.0)
(4.525827830003369 -0.024734459993478484 0.0)
(3.55274745993558 -0.012777519535208694 0.0)
(2.494192246015931 -0.004891571021149565 0.0)
(1.3140211084075963 -0.0010954839447405644 0.0)
(0.011791337998430719 -7.28153946096899e-05 0.0)
(-0.011819153393694241 -7.290521029974801e-05 0.0)
(1.2636501140702057 -0.0010967618997593318 0.0)
(2.4833322352794807 -0.0048967773571664125 0.0)
(3.6468195451986176 -0.012789621417461032 0.0)
(4.718371094213826 -0.024755587338345025 0.0)
(5.661725696489348 -0.04016919572999732 0.0)
(6.472305646238591 -0.057821725570736025 0.0)
(7.195828633575292 -0.07534205298371016 0.0)
(7.856271771493197 -0.09101281157016541 0.0)
(8.429949171669168 -0.10477241167962766 0.0)
(8.912777000228923 -0.11666668195215313 0.0)
(9.30745407184365 -0.1265490512957695 0.0)
(9.613582779343687 -0.13431683378842657 0.0)
(9.831111633063035 -0.1399026400226879 0.0)
(9.959951262635416 -0.1432673567868509 0.0)
(10.000000000000004 -0.14439083300747335 0.0)
(9.95115984847572 -0.14326735678685054 0.0)
(9.813332811381411 -0.13990264002268754 0.0)
(9.586417220656331 -0.13431683378842482 0.0)
(9.270323705934139 -0.1265490512957689 0.0)
(8.865000777548865 -0.11666668195215255 0.0)
(8.370050828330857 -0.10477241167962753 0.0)
(7.7881726729512515 -0.09101281157016619 0.0)
(7.115282477535809 -0.07534205298371056 0.0)
(6.327694353761408 -0.0578217255707355 0.0)
(5.449385414621716 -0.04016919572999686 0.0)
(4.526073350230534 -0.024755587338345052 0.0)
(3.5531804548013377 -0.012789621417461306 0.0)
(2.494445542498279 -0.004896777357166925 0.0)
(1.314127663707566 -0.0010967618997594522 0.0)
(0.011819153393680913 -7.290521029975841e-05 0.0)
(-0.011841075084859978 -7.29931978512499e-05 0.0)
(1.2635639584056901 -0.001097977610847954 0.0)
(2.48310448580211 -0.004901509731458489 0.0)
(3.646358553358544 -0.012800001563536566 0.0)
(4.71794377734803 -0.024772760759495523 0.0)
(5.662337029828803 -0.04019556635159288 0.0)
(6.473956512463304 -0.057859891853208396 0.0)
(7.196540024124612 -0.07538768914122046 0.0)
(7.856125466348134 -0.09105807983822431 0.0)
(8.42996184903967 -0.10481516685792426 0.0)
(8.912804189321237 -0.11670697465039281 0.0)
(9.307466877049515 -0.1265868367200858 0.0)
(9.613590767325013 -0.13435241282565902 0.0)
(9.831116318225524 -0.13993651035199253 0.0)
(9.95995322766096 -0.14330015695967532 0.0)
(10.000000000000004 -0.1444232666948252 0.0)
(9.951157883450175 -0.14330015695967496 0.0)
(9.813328126218922 -0.13993651035199223 0.0)
(9.586409232675006 -0.13435241282565727 0.0)
(9.270310900728273 -0.12658683672008528 0.0)
(8.864973588456552 -0.11670697465039231 0.0)
(8.370038150960356 -0.10481516685792419 0.0)
(7.7883189780963145 -0.09105807983822514 0.0)
(7.114571086986485 -0.07538768914122095 0.0)
(6.326043487536691 -0.057859891853207925 0.0)
(5.448774081282259 -0.040195566351592465 0.0)
(4.5265006670963315 -0.02477276075949558 0.0)
(3.5536414466414126 -0.012800001563536858 0.0)
(2.49467329197565 -0.004901509731459011 0.0)
(1.3142138193720818 -0.0010979776108480765 0.0)
(0.011841075084846678 -7.299319785126048e-05 0.0)
(-0.011856139872936088 -7.307549125214103e-05 0.0)
(1.2635019878989098 -0.0010990776618851593 0.0)
(2.482912290225096 -0.0049055602121565334 0.0)
(3.645889819682245 -0.012808203888806428 0.0)
(4.71735343936493 -0.024785225688222532 0.0)
(5.6626459537847875 -0.04021435382204 0.0)
(6.475509085889132 -0.05788887116717615 0.0)
(7.1974266841613375 -0.07542464909984181 0.0)
(7.856059948084227 -0.09109575203891371 0.0)
(8.429985418551446 -0.1048510110173184 0.0)
(8.912844896701255 -0.11674096423088104 0.0)
(9.30748729876108 -0.1266188725675082 0.0)
(9.61360357405149 -0.13438269647424594 0.0)
(9.831123651414803 -0.13996542135781917 0.0)
(9.959956432789989 -0.14332820443983937 0.0)
(10.000000000000004 -0.1444510167892477 0.0)
(9.951154678321148 -0.14332820443983907 0.0)
(9.813320793029645 -0.13996542135781886 0.0)
(9.586396425948527 -0.1343826964742442 0.0)
(9.270290479016708 -0.12661887256750773 0.0)
(8.864932881076532 -0.11674096423088057 0.0)
(8.37001458144858 -0.10485101101731839 0.0)
(7.788384496360221 -0.09109575203891462 0.0)
(7.1136844269497574 -0.07542464909984233 0.0)
(6.32449091411086 -0.057888871167175705 0.0)
(5.448465157326276 -0.040214353822039584 0.0)
(4.527091005079434 -0.0247852256882226 0.0)
(3.554110180317713 -0.01280820388880673 0.0)
(2.4948654875526644 -0.004905560212157062 0.0)
(1.3142757898788622 -0.001099077661885284 0.0)
(0.011856139872922795 -7.30754912521518e-05 0.0)
(-0.011863685838694753 -7.314847468093781e-05 0.0)
(1.2634669254205608 -0.0011000137186408597 0.0)
(2.482764093270481 -0.00490875082854882 0.0)
(3.645433939469933 -0.012813867998103988 0.0)
(4.716626018635511 -0.024792434438361734 0.0)
(5.662638894803834 -0.040224732654257925 0.0)
(6.476895149280097 -0.05790739021459968 0.0)
(7.198449655465553 -0.07545130890660867 0.0)
(7.856078095454131 -0.09112417292465474 0.0)
(8.430018844603273 -0.10487836923102138 0.0)
(8.912897333761174 -0.11676715725363335 0.0)
(9.307514439685697 -0.1266437512415089 0.0)
(9.613620636818988 -0.13440635412607077 0.0)
(9.831133310423947 -0.13998810274346293 0.0)
(9.959960737194994 -0.1433502668723761 0.0)
(10.000000000000004 -0.14447286400235937 0.0)
(9.951150373916143 -0.14335026687237573 0.0)
(9.813311134020498 -0.13998810274346263 0.0)
(9.586379363181031 -0.13440635412606908 0.0)
(9.270263338092093 -0.12664375124150842 0.0)
(8.864880444016613 -0.1167671572536329 0.0)
(8.369981155396752 -0.10487836923102137 0.0)
(7.7883663489903165 -0.09112417292465566 0.0)
(7.112661455645539 -0.07545130890660924 0.0)
(6.3231048507198935 -0.05790739021459924 0.0)
(5.4484722163072306 -0.04022473265425751 0.0)
(4.527818425808856 -0.02479243443836179 0.0)
(3.5545660605300253 -0.012813867998104293 0.0)
(2.4950136845072795 -0.0049087508285493514 0.0)
(1.3143108523572111 -0.001100013718640986 0.0)
(0.011863685838681443 -7.314847468094875e-05 0.0)
(-0.011863381426205492 -7.320894137929832e-05 0.0)
(1.263460311551797 -0.0011007446524936772 0.0)
(2.482666406441332 -0.004910941390788135 0.0)
(3.6450109432641287 -0.012816745020828905 0.0)
(4.715793476695844 -0.02479407027062003 0.0)
(5.662316163044652 -0.040226246821346553 0.0)
(6.47805380154653 -0.05791463530241484 0.0)
(7.199563990549624 -0.0754664971783845 0.0)
(7.856179111095611 -0.09114209373372245 0.0)
(8.430060658515583 -0.10489603942917348 0.0)
(8.91295919651251 -0.11678440284514877 0.0)
(9.307547107300792 -0.1266603796186665 0.0)
(9.613641205920716 -0.13442234630719285 0.0)
(9.83114487085377 -0.14000355793033306 0.0)
(9.959965951748293 -0.14336537487436188 0.0)
(10.000000000000004 -0.14448784840758438 0.0)
(9.951145159362845 -0.14336537487436152 0.0)
(9.813299573590676 -0.14000355793033276 0.0)
(9.586358794079302 -0.13442234630719116 0.0)
(9.270230670476998 -0.12666037961866602 0.0)
(8.864818581265277 -0.11678440284514832 0.0)
(8.369939341484445 -0.1048960394291735 0.0)
(7.7882653333488365 -0.09114209373372337 0.0)
(7.1115471205614655 -0.07546649717838504 0.0)
(6.321946198453458 -0.05791463530241437 0.0)
(5.448794948066415 -0.040226246821346096 0.0)
(4.528650967748525 -0.024794070270620073 0.0)
(3.5549890567358307 -0.012816745020829207 0.0)
(2.495111371336429 -0.004910941390788668 0.0)
(1.314317466225975 -0.0011007446524938045 0.0)
(0.011863381426192147 -7.320894137930934e-05 0.0)
(-0.011855240010796181 -7.325423455111728e-05 0.0)
(1.263482436893912 -0.001101238347547325 0.0)
(2.482623521918209 -0.004912035649577207 0.0)
(3.6446394167442646 -0.012816708545866015 0.0)
(4.714892393915666 -0.02479006130952068 0.0)
(5.661691938750319 -0.04021882979357409 0.0)
(6.47893413362754 -0.057910288094717564 0.0)
(7.200720727568575 -0.07546954657029359 0.0)
(7.856358556566183 -0.09114872705855159 0.0)
(8.430109023061563 -0.10490324521559465 0.0)
(8.913027766819145 -0.11679194326568604 0.0)
(9.30758386625112 -0.1266680270785095 0.0)
(9.613664377587975 -0.13442997035043053 0.0)
(9.831157824760131 -0.140011107845793 0.0)
(9.959971847331953 -0.14337286462782875 0.0)
(10.000000000000004 -0.1444953116175704 0.0)
(9.951139263779183 -0.14337286462782844 0.0)
(9.813286619684316 -0.14001110784579268 0.0)
(9.586335622412044 -0.13442997035042878 0.0)
(9.270193911526668 -0.12666802707850902 0.0)
(8.864750010958643 -0.11679194326568557 0.0)
(8.369890976938462 -0.10490324521559463 0.0)
(7.788085887878264 -0.09114872705855248 0.0)
(7.110390383542511 -0.07546954657029407 0.0)
(6.3210658663724475 -0.05791028809471704 0.0)
(5.449419172360752 -0.04021882979357358 0.0)
(4.529552050528705 -0.024790061309520686 0.0)
(3.5553605832556956 -0.012816708545866303 0.0)
(2.4951542558595516 -0.004912035649577738 0.0)
(1.3142953408838596 -0.0011012383475474522 0.0)
(0.01185524001078278 -7.325423455112836e-05 0.0)
(-0.0118396193113656 -7.328236409728647e-05 0.0)
(1.2635323292998506 -0.0011014731117443344 0.0)
(2.482637323968602 -0.004911985525186733 0.0)
(3.6443356841059353 -0.012813760175858457 0.0)
(4.713962362223855 -0.024780583701480192 0.0)
(5.66079364919434 -0.04020280746157179 0.0)
(6.479497465342008 -0.05789453959986105 0.0)
(7.201869041613984 -0.07546032309763415 0.0)
(7.856608547360156 -0.09114378144298449 0.0)
(8.430161813191546 -0.10489966998121213 0.0)
(8.91310003182725 -0.11678944720296155 0.0)
(9.307623101415654 -0.126666357605643 0.0)
(9.613689133700097 -0.13442889126927166 0.0)
(9.831171602972084 -0.14001042076036954 0.0)
(9.959978164904818 -0.1433724070467116 0.0)
(10.000000000000004 -0.1444949257125242 0.0)
(9.951132946206318 -0.14337240704671123 0.0)
(9.813272841472362 -0.14001042076036918 0.0)
(9.58631086629992 -0.1344288912692699 0.0)
(9.270154676362134 -0.12666635760564246 0.0)
(8.864677745950537 -0.11678944720296103 0.0)
(8.36983818680848 -0.10489966998121206 0.0)
(7.78783589708429 -0.09114378144298532 0.0)
(7.1092420694971 -0.07546032309763458 0.0)
(6.320502534657979 -0.05789453959986044 0.0)
(5.450317461916733 -0.040202807461571205 0.0)
(4.530482082220519 -0.02478058370148015 0.0)
(3.5556643158940253 -0.012813760175858724 0.0)
(2.495140453809158 -0.00491198552518726 0.0)
(1.314245448477921 -0.0011014731117444613 0.0)
(0.011839619311352127 -7.328236409729757e-05 0.0)
(-0.011817205672869471 -7.32920940570088e-05 0.0)
(1.2636077965885713 -0.001101438629975379 0.0)
(2.4827072061556685 -0.004910793219990731 0.0)
(3.6441130908056056 -0.012808029456790469 0.0)
(4.713044245511503 -0.024766053875257075 0.0)
(5.659660763576434 -0.0401788838172958 0.0)
(6.479719044924988 -0.057868081777898255 0.0)
(7.202958477867476 -0.075439232022921 0.0)
(7.8569180993393894 -0.09112747418832146 0.0)
(8.430216709403798 -0.10488547081528397 0.0)
(8.913172816344574 -0.11677702432940501 0.0)
(9.307663088873042 -0.12665544455365052 0.0)
(9.613714386518808 -0.13441915647656832 0.0)
(9.831185600100202 -0.14000152686333925 0.0)
(9.95998462688429 -0.14336402223628744 0.0)
(10.000000000000004 -0.14448670764840743 0.0)
(9.951126484226846 -0.14336402223628708 0.0)
(9.813258844344244 -0.1400015268633389 0.0)
(9.58628561348121 -0.13441915647656652 0.0)
(9.270114688904746 -0.12665544455364994 0.0)
(8.864604961433214 -0.11677702432940443 0.0)
(8.36978329059623 -0.10488547081528385 0.0)
(7.787526345105055 -0.0911274741883222 0.0)
(7.108152633243605 -0.07543923202292134 0.0)
(6.320280955075 -0.05786808177789753 0.0)
(5.451450347534644 -0.04017888381729513 0.0)
(4.531400198932873 -0.02476605387525697 0.0)
(3.5558869091943555 -0.012808029456790711 0.0)
(2.495070571622091 -0.00491079321999125 0.0)
(1.3141699811892 -0.0011014386299755046 0.0)
(0.011817205672855914 -7.329209405701982e-05 0.0)
(-0.011788983909578719 -7.328299691365451e-05 0.0)
(1.263705522865471 -0.0011011364173063034 0.0)
(2.4828300979839537 -0.004908511121698253 0.0)
(3.6439814171856693 -0.012799768185973847 0.0)
(4.712178384147303 -0.024747110244834 0.0)
(5.658343058818093 -0.04014811002190856 0.0)
(6.479589136574972 -0.05783207713712301 0.0)
(7.203941168493142 -0.075407200049392 0.0)
(7.8572736113562245 -0.09110052180549907 0.0)
(8.430271299659179 -0.10486127160318444 0.0)
(8.913242922352582 -0.11675522048335346 0.0)
(9.307702071647563 -0.12663576742207178 0.0)
(9.613739026481447 -0.13440119370130255 0.0)
(9.831199201136284 -0.13998481693626671 0.0)
(9.959990949342817 -0.14334807860978685 0.0)
(10.000000000000004 -0.1444710185119229 0.0)
(9.951120161768321 -0.1433480786097865 0.0)
(9.813245243308163 -0.13998481693626635 0.0)
(9.586260973518572 -0.13440119370130074 0.0)
(9.270075706130227 -0.1266357674220712 0.0)
(8.864534855425205 -0.11675522048335282 0.0)
(8.369728700340847 -0.10486127160318423 0.0)
(7.7871708330882194 -0.09110052180549971 0.0)
(7.107169942617938 -0.0754072000493922 0.0)
(6.3204108634250185 -0.05783207713712216 0.0)
(5.452768052292988 -0.04014811002190778 0.0)
(4.532266060297075 -0.024747110244833833 0.0)
(3.556018582814292 -0.012799768185974059 0.0)
(2.4949476797938055 -0.00490851112169876 0.0)
(1.3140722549122996 -0.0011011364173064272 0.0)
(0.011788983909565069 -7.328299691366545e-05 0.0)
(-0.011756194034142084 -7.325547237905983e-05 0.0)
(1.2638212142167284 -0.0011005797524089045 0.0)
(2.483000599811347 -0.004905239501533288 0.0)
(3.643946448744096 -0.012789339348534705 0.0)
(4.71140282249555 -0.024724585158675375 0.0)
(5.656898432455727 -0.040111838219680285 0.0)
(6.4791134482271975 -0.05778810765558232 0.0)
(7.2047739358626695 -0.07536563460336315 0.0)
(7.857659462863032 -0.09106410853291055 0.0)
(8.43032318536174 -0.104828135614022 0.0)
(8.913307269521539 -0.11672499368591344 0.0)
(9.30773833690742 -0.12660819078807006 0.0)
(9.613761970953139 -0.1343757921949576 0.0)
(9.831211808475686 -0.13996102518277756 0.0)
(9.959996854483133 -0.14332527670099018 0.0)
(10.000000000000004 -0.1444485476550253 0.0)
(9.951114256628005 -0.14332527670098977 0.0)
(9.813232635968761 -0.13996102518277714 0.0)
(9.58623802904688 -0.13437579219495568 0.0)
(9.27003944087037 -0.12660819078806942 0.0)
(8.864470508256248 -0.11672499368591274 0.0)
(8.369676814638286 -0.10482813561402168 0.0)
(7.786784981581411 -0.09106410853291111 0.0)
(7.106337175248409 -0.07536563460336322 0.0)
(6.320886551772795 -0.05778810765558135 0.0)
(5.454212678655359 -0.0401118382196794 0.0)
(4.533041621948828 -0.02472458515867514 0.0)
(3.5560535512558644 -0.012789339348534882 0.0)
(2.494777177966412 -0.004905239501533785 0.0)
(1.313956563561042 -0.0011005797524090261 0.0)
(0.011756194034128333 -7.325547237907064e-05 0.0)
(-0.011720276773698872 -7.321072983092014e-05 0.0)
(1.2639497873760202 -0.0010997930941203844 0.0)
(2.4832112200994767 -0.004901122108500624 0.0)
(3.6440097219302356 -0.0127772011685111 0.0)
(4.710751637316373 -0.024699468327858524 0.0)
(5.6553903587288294 -0.04007166212724353 0.0)
(6.478312880757421 -0.05773810527185524 0.0)
(7.205420189701348 -0.07531636199449115 0.0)
(7.858058700250499 -0.09101983430313726 0.0)
(8.430370086748633 -0.10478751878253982 0.0)
(8.913363030554558 -0.11668767204726607 0.0)
(9.30777029122344 -0.1265739263184934 0.0)
(9.613782211795769 -0.13434406805325144 0.0)
(9.831222868174978 -0.13993119696899428 0.0)
(9.960002082844177 -0.14329661838405502 0.0)
(10.000000000000004 -0.14442028240605742 0.0)
(9.95110902826696 -0.14329661838405466 0.0)
(9.813221576269468 -0.13993119696899387 0.0)
(9.58621778820425 -0.13434406805324953 0.0)
(9.27000748655435 -0.12657392631849265 0.0)
(8.864414747223229 -0.11668767204726527 0.0)
(8.369629913251392 -0.10478751878253942 0.0)
(7.786385744193943 -0.09101983430313768 0.0)
(7.10569092140973 -0.07531636199449109 0.0)
(6.321687119242576 -0.057738105271854114 0.0)
(5.45572075238226 -0.04007166212724253 0.0)
(4.5336928071280065 -0.02469946832785822 0.0)
(3.555990278069724 -0.012777201168511242 0.0)
(2.494566557678281 -0.004901122108501107 0.0)
(1.3138279904017498 -0.001099793094120503 0.0)
(0.011720276773685017 -7.321072983093076e-05 0.0)
(-0.011682810266964183 -7.31507351749465e-05 0.0)
(1.2640855930739452 -0.0010988110067667895 0.0)
(2.483452704578202 -0.004896339853317562 0.0)
(3.6441684566360446 -0.012763886975327095 0.0)
(4.710253440495236 -0.0246728633399796 0.0)
(5.653885099638017 -0.040029347008599864 0.0)
(6.477222609635665 -0.05768426699920592 0.0)
(7.205851534797794 -0.07526154717106812 0.0)
(7.858453781758203 -0.09096964444483802 0.0)
(8.43040994305872 -0.1047412057380069 0.0)
(8.91340775541386 -0.11664489541193554 0.0)
(9.307796530581436 -0.1265344795314498 0.0)
(9.613798859663744 -0.13430741517693312 0.0)
(9.831231894291207 -0.13989664289206136 0.0)
(9.960006404701332 -0.14326336285299865 0.0)
(10.000000000000004 -0.14438746468834912 0.0)
(9.951104706409804 -0.14326336285299823 0.0)
(9.813212550153239 -0.13989664289206089 0.0)
(9.586201140336275 -0.13430741517693115 0.0)
(9.269981247196354 -0.126534479531449 0.0)
(8.864370022363925 -0.11664489541193465 0.0)
(8.369590056941306 -0.10474120573800638 0.0)
(7.785990662686237 -0.09096964444483832 0.0)
(7.105259576313284 -0.07526154717106791 0.0)
(6.322777390364335 -0.057684266999204654 0.0)
(5.457226011473076 -0.04002934700859874 0.0)
(4.534191003949146 -0.024672863339979218 0.0)
(3.5558315433639143 -0.0127638869753272 0.0)
(2.494325073199555 -0.004896339853318031 0.0)
(1.3136921847038243 -0.0010988110067669055 0.0)
(0.011682810266950228 -7.315073517495695e-05 0.0)
(-0.011645440723700903 -7.307812446656532e-05 0.0)
(1.2642226642565861 -0.0010976766414697596 0.0)
(2.483714442861311 -0.004891102859527954 0.0)
(3.6444156783489463 -0.012749981770273571 0.0)
(4.709930121889031 -0.024645939169533542 0.0)
(5.652448793513945 -0.03998675211264917 0.0)
(6.475890539380426 -0.05762895839284025 0.0)
(7.206049018637591 -0.07520359859615441 0.0)
(7.858827348227478 -0.09091574420856674 0.0)
(8.430441003078652 -0.10469123139087262 0.0)
(8.913439478970954 -0.11659854330702057 0.0)
(9.307815902072022 -0.12649158364659624 0.0)
(9.613811183080202 -0.13426744402633334 0.0)
(9.831238490233341 -0.13985888119490433 0.0)
(9.9600096301601 -0.1432269712950164 0.0)
(10.000000000000004 -0.14435153645237814 0.0)
(9.951101480951037 -0.143226971295016 0.0)
(9.813205954211105 -0.13985888119490386 0.0)
(9.586188816919817 -0.1342674440263313 0.0)
(9.269961875705766 -0.12649158364659538 0.0)
(8.864338298806834 -0.1165985433070196 0.0)
(8.369558996921374 -0.104691231390872 0.0)
(7.785617096216963 -0.0909157442085669 0.0)
(7.105062092473487 -0.07520359859615407 0.0)
(6.324109460619578 -0.057628958392838846 0.0)
(5.458662317597151 -0.03998675211264795 0.0)
(4.534514322555349 -0.02464593916953309 0.0)
(3.5555843216510117 -0.01274998177027364 0.0)
(2.4940633349164454 -0.004891102859528409 0.0)
(1.3135551135211831 -0.0010976766414698721 0.0)
(0.011645440723686857 -7.307812446657552e-05 0.0)
(-0.011609810093274378 -7.299608808746529e-05 0.0)
(1.2643549782669423 -0.0010964398401651831 0.0)
(2.4839849346474803 -0.004885641231058108 0.0)
(3.644740524599155 -0.012736096522621723 0.0)
(4.709795887525823 -0.024619878815313388 0.0)
(5.65114454902006 -0.039945748981194365 0.0)
(6.474375198721766 -0.05757460961173771 0.0)
(7.206003964142107 -0.07514506242411781 0.0)
(7.859162985831084 -0.09086050187209749 0.0)
(8.430461902087975 -0.10463979152252463 0.0)
(8.913456807350771 -0.11655065235921241 0.0)
(9.307827554547341 -0.1264471234306373 0.0)
(9.613818640576765 -0.13422591086068442 0.0)
(9.831242366187746 -0.13981957105741324 0.0)
(9.960011617499724 -0.14318904268858948 0.0)
(10.000000000000004 -0.14431407631910426 0.0)
(9.951099493611412 -0.14318904268858906 0.0)
(9.8132020782567 -0.13981957105741272 0.0)
(9.586181359423252 -0.1342259108606824 0.0)
(9.269950223230449 -0.12644712343063638 0.0)
(8.864320970427016 -0.11655065235921133 0.0)
(8.36953809791205 -0.1046397915225239 0.0)
(7.785281458613356 -0.09086050187209752 0.0)
(7.1051071469689715 -0.07514506242411732 0.0)
(6.325624801278242 -0.05757460961173618 0.0)
(5.459966562091039 -0.03994574898119305 0.0)
(4.534648556918557 -0.024619878815312874 0.0)
(3.5552594754008022 -0.01273609652262176 0.0)
(2.4937928431302754 -0.0048856412310585495 0.0)
(1.3134227995108267 -0.0010964398401652922 0.0)
(0.011609810093260248 -7.299608808747528e-05 0.0)
(-0.011577483920401145 -7.290823056606278e-05 0.0)
(1.2644767214694603 -0.0010951549456397187 0.0)
(2.4842522950224764 -0.004880194941871221 0.0)
(3.645128722236726 -0.012722841324751034 0.0)
(4.709856635417956 -0.024595827321607488 0.0)
(5.650029672273374 -0.03990813921681846 0.0)
(6.47274316895599 -0.057523608641911646 0.0)
(7.205718350923449 -0.07508851062726868 0.0)
(7.8594459472667495 -0.09080634468263171 0.0)
(8.430471721822455 -0.10458914630667153 0.0)
(8.913458979176008 -0.11650332680914371 0.0)
(9.307830976018943 -0.12640305238412458 0.0)
(9.613820904484683 -0.1341846405713022 0.0)
(9.831243351852079 -0.13978043969511353 0.0)
(9.960012279400134 -0.14315124354729594 0.0)
(10.000000000000004 -0.1442767302182521 0.0)
(9.951098831711002 -0.14315124354729547 0.0)
(9.813201092592367 -0.13978043969511295 0.0)
(9.586179095515336 -0.13418464057130006 0.0)
(9.269946801758845 -0.1264030523841236 0.0)
(8.86431879860178 -0.11650332680914255 0.0)
(8.36952827817757 -0.10458914630667071 0.0)
(7.784998497177689 -0.09080634468263166 0.0)
(7.105392760187632 -0.07508851062726805 0.0)
(6.327256831044023 -0.05752360864191001 0.0)
(5.461081438837727 -0.03990813921681706 0.0)
(4.534587809026423 -0.024595827321606926 0.0)
(3.5548712777632296 -0.012722841324751037 0.0)
(2.493525482755279 -0.00488019494187165 0.0)
(1.3133010563083083 -0.0010951549456398248 0.0)
(0.011577483920386954 -7.290823056607253e-05 0.0)
(-0.011549882557978198 -7.28184122011174e-05 0.0)
(1.2645825446905445 -0.0010938784138081676 0.0)
(2.4845047766605437 -0.00487500329195046 0.0)
(3.645563214567652 -0.012710798585806236 0.0)
(4.710109696414184 -0.02457484146704832 0.0)
(5.649153148918526 -0.03987557532376301 0.0)
(6.471066158485289 -0.05747819637267259 0.0)
(7.205204728303928 -0.07503642798810198 0.0)
(7.859663799726657 -0.09075565220799678 0.0)
(8.43047003082092 -0.10454152100144513 0.0)
(8.913445899020635 -0.11645864605490483 0.0)
(9.307826016153628 -0.12636130690821618 0.0)
(9.613817875331979 -0.13414544649920018 0.0)
(9.83124140391805 -0.13974320646847585 0.0)
(9.960011586778641 -0.14311523469625262 0.0)
(10.000000000000004 -0.14424113906917035 0.0)
(9.951099524332497 -0.1431152346962521 0.0)
(9.813203040526396 -0.13974320646847527 0.0)
(9.586182124668039 -0.13414544649919805 0.0)
(9.26995176162416 -0.1263613069082151 0.0)
(8.864331878757152 -0.11645864605490361 0.0)
(8.369529969179105 -0.10454152100144423 0.0)
(7.784780644717783 -0.09075565220799661 0.0)
(7.105906382807155 -0.07503642798810127 0.0)
(6.328933841514727 -0.05747819637267087 0.0)
(5.461957962192575 -0.03987557532376157 0.0)
(4.534334748030194 -0.024574841467047723 0.0)
(3.5544367854323022 -0.012710798585806218 0.0)
(2.493273001117211 -0.0048750032919508786 0.0)
(1.313195233087224 -0.001093878413808271 0.0)
(0.01154988255796396 -7.281841220112693e-05 0.0)
(-0.011528218759375134 -7.273057944726681e-05 0.0)
(1.2646677982514585 -0.0010926663331438595 0.0)
(2.4847312859804083 -0.004870294392895489 0.0)
(3.646024910793794 -0.012700497441705004 0.0)
(4.7105439514772955 -0.02455784333169268 0.0)
(5.648553491788175 -0.03984948809991494 0.0)
(6.469417852081746 -0.05744036813605149 0.0)
(7.204485663921802 -0.07499110292250022 0.0)
(7.859806971172265 -0.09071065178278889 0.0)
(8.430456903382888 -0.10449900817562903 0.0)
(8.913418141602751 -0.11641857328709593 0.0)
(9.307812892878804 -0.1263237212227522 0.0)
(9.613809686214083 -0.1341100507602031 0.0)
(9.831236607974319 -0.13970950733736245 0.0)
(9.960009570067763 -0.14308259829849798 0.0)
(10.000000000000004 -0.14420886668183752 0.0)
(9.951101541043373 -0.14308259829849745 0.0)
(9.813207836470127 -0.13970950733736182 0.0)
(9.586190313785934 -0.1341100507602009 0.0)
(9.269964884898986 -0.12632372122275112 0.0)
(8.864359636175037 -0.11641857328709465 0.0)
(8.369543096617138 -0.10449900817562807 0.0)
(7.7846374732721735 -0.09071065178278864 0.0)
(7.106625447189284 -0.07499110292249946 0.0)
(6.330582147918276 -0.05744036813604971 0.0)
(5.462557619322926 -0.03984948809991344 0.0)
(4.5339004929670805 -0.024557843331692055 0.0)
(3.5539750892061592 -0.012700497441704966 0.0)
(2.493046491797346 -0.0048702943928959 0.0)
(1.31310997952631 -0.0010926663331439599 0.0)
(0.011528218759360869 -7.273057944727612e-05 0.0)
(-0.011513444392269775 -7.26485915150297e-05 0.0)
(1.2647287362667026 -0.0010915719602537443 0.0)
(2.4849218705769416 -0.004866275145116096 0.0)
(3.6464935248276236 -0.012692390505873726 0.0)
(4.711140320234264 -0.024545579782510884 0.0)
(5.648257048719588 -0.03983102377016487 0.0)
(6.467870673313237 -0.05741178603556069 0.0)
(7.203592752150529 -0.07495452693092608 0.0)
(7.85986917091218 -0.0906733206433657 0.0)
(8.430432916303968 -0.10446347576501457 0.0)
(8.913376926532516 -0.11638486922982341 0.0)
(9.307792182807155 -0.12629194677399103 0.0)
(9.613796696945855 -0.13408000857832775 0.0)
(9.831229174745879 -0.13968082297994353 0.0)
(9.960006317878088 -0.14305476833764277 0.0)
(10.000000000000004 -0.14418133104591235 0.0)
(9.951104793233048 -0.1430547683376423 0.0)
(9.813215269698569 -0.1396808229799429 0.0)
(9.586203303054164 -0.13408000857832555 0.0)
(9.269985594970635 -0.1262919467739899 0.0)
(8.864400851245271 -0.11638486922982211 0.0)
(8.369567083696058 -0.10446347576501355 0.0)
(7.784575273532258 -0.09067332064336542 0.0)
(7.10751835896056 -0.07495452693092526 0.0)
(6.332129326686788 -0.05741178603555889 0.0)
(5.462854062391513 -0.03983102377016336 0.0)
(4.533304124210109 -0.024545579782510245 0.0)
(3.5535064751723286 -0.012692390505873681 0.0)
(2.4928559072008123 -0.004866275145116499 0.0)
(1.3130490415110658 -0.001091571960253843 0.0)
(0.011513444392255504 -7.264859151503885e-05 0.0)
(-0.011506208615323784 -7.257605080415593e-05 0.0)
(1.2647626812313701 -0.0010906433798805158 0.0)
(2.4850681565116375 -0.004863122147006701 0.0)
(3.6469484666258 -0.012686833982241616 0.0)
(4.711872599332935 -0.024538589657418442 0.0)
(5.648276844878869 -0.0398209936233825 0.0)
(6.466492602384369 -0.05739370591640628 0.0)
(7.202565225899804 -0.07492830709553544 0.0)
(7.859847666003621 -0.0906452990516981 0.0)
(8.430399123532524 -0.10443648499871945 0.0)
(8.913324064724717 -0.11635901477770408 0.0)
(9.307764795901344 -0.12626737967308138 0.0)
(9.613779478251976 -0.1340566399520851 0.0)
(9.831219430835187 -0.13965841373440765 0.0)
(9.96000197310488 -0.1430329676112536 0.0)
(10.000000000000004 -0.14415974202686233 0.0)
(9.951109138006256 -0.14303296761125306 0.0)
(9.81322501360926 -0.13965841373440702 0.0)
(9.586220521748043 -0.13405663995208292 0.0)
(9.270012981876445 -0.12626737967308024 0.0)
(8.864453713053072 -0.11635901477770277 0.0)
(8.369600876467501 -0.10443648499871841 0.0)
(7.784596778440818 -0.0906452990516978 0.0)
(7.108545885211288 -0.0749283070955346 0.0)
(6.333507397615658 -0.057393705916404476 0.0)
(5.46283426623223 -0.039820993623381 0.0)
(4.532571845111436 -0.024538589657417818 0.0)
(3.553051533374151 -0.01268683398224157 0.0)
(2.4927096212661164 -0.004863122147007101 0.0)
(1.3130150965463983 -0.0010906433798806132 0.0)
(0.01150620861530953 -7.257605080416492e-05 0.0)
(-0.011506829355338694 -7.251614462077176e-05 0.0)
(1.264768141665814 -0.0010899213921469837 0.0)
(2.485163716248147 -0.004860973935535985 0.0)
(3.6473697468780037 -0.012684072014291694 0.0)
(4.7127086137693786 -0.024537180089723856 0.0)
(5.648612010458997 -0.039819838365867805 0.0)
(6.465344189210646 -0.05738692218594726 0.0)
(7.201448232793276 -0.07491359546792753 0.0)
(7.859743401332929 -0.09062781822525992 0.0)
(8.430357009861112 -0.10441922180163644 0.0)
(8.913261878830479 -0.11634214592806463 0.0)
(9.30773193549191 -0.12625109935349305 0.0)
(9.613758786690353 -0.13404097165616063 0.0)
(9.831207804371855 -0.13964326422200699 0.0)
(9.959996726649527 -0.14301815400336457 0.0)
(10.000000000000004 -0.14414504820668855 0.0)
(9.95111438446161 -0.14301815400336404 0.0)
(9.813236640072592 -0.13964326422200635 0.0)
(9.586241213309664 -0.13404097165615844 0.0)
(9.27004584228588 -0.1262510993534919 0.0)
(8.864515898947309 -0.1163421459280633 0.0)
(8.369642990138914 -0.10441922180163543 0.0)
(7.784701043111512 -0.09062781822525962 0.0)
(7.109662878317819 -0.07491359546792668 0.0)
(6.334655810789382 -0.05738692218594548 0.0)
(5.4624991006521 -0.03981983836586635 0.0)
(4.53173583067499 -0.024537180089723252 0.0)
(3.5526302531219462 -0.012684072014291652 0.0)
(2.492614061529607 -0.004860973935536385 0.0)
(1.3130096361119545 -0.0010899213921470798 0.0)
(0.011506829355324478 -7.251614462078066e-05 0.0)
)
