(
(0.007718855113025898 -7.872959032675089e-05 0.0)
(1.3309534649196249 -0.0010972666709779216 0.0)
(2.5988210466979993 -0.004395829016732487 0.0)
(3.7886056476222003 -0.010145718414400606 0.0)
(4.868708678888528 -0.01744239052524391 0.0)
(5.815648039066359 -0.026021840754653643 0.0)
(6.620034572210727 -0.036315647553897455 0.0)
(7.322251377536141 -0.047472749936967755 0.0)
(7.958777612374877 -0.05779326563062309 0.0)
(8.513144512409587 -0.06679550744294677 0.0)
(8.97931134796293 -0.07455246172208223 0.0)
(9.358944035177842 -0.08099630342370095 0.0)
(9.65117052813539 -0.08606092056684958 0.0)
(9.855698991356276 -0.08970271994988756 0.0)
(9.972096264318298 -0.09189663878829918 0.0)
(10.0 -0.09262908338742501 0.0)
(9.939014846792839 -0.09189663878829783 0.0)
(9.78874545308816 -0.08970271994988507 0.0)
(9.548829471864625 -0.08606092056684561 0.0)
(9.218833742599951 -0.08099630342369667 0.0)
(8.798466429814852 -0.07455246172207762 0.0)
(8.286855487590442 -0.06679550744294126 0.0)
(7.685666832069574 -0.05779326563061756 0.0)
(6.9888597335749605 -0.047472749936962794 0.0)
(6.179965427789269 -0.036315647553892126 0.0)
(5.295463072044716 -0.026021840754648355 0.0)
(4.3757357655558495 -0.01744239052524105 0.0)
(3.411394352377772 -0.010145718414399738 0.0)
(2.378956731079762 -0.00439582901673257 0.0)
(1.2468243128581387 -0.0010972666709778674 0.0)
(-0.00771885511303594 -7.87295903267449e-05 0.0)
(0.007687799847263817 -7.883123851984193e-05 0.0)
(1.3308343247360994 -0.0010987100988428381 0.0)
(2.5985360055365345 -0.004401691918567485 0.0)
(3.788112675471601 -0.010159297038275644 0.0)
(4.868415926480688 -0.01746602038783297 0.0)
(5.816631238957256 -0.02605849753436603 0.0)
(6.621932743982535 -0.036366816909445536 0.0)
(7.322840031640745 -0.04753150137313563 0.0)
(7.958533446211173 -0.05785047904629782 0.0)
(8.513146816876286 -0.0668492671457721 0.0)
(8.979326660572342 -0.07460290401588053 0.0)
(9.358949930041538 -0.0810434368921768 0.0)
(9.651174134258284 -0.08610517697908562 0.0)
(9.855701294306266 -0.08974476477943354 0.0)
(9.972097093777737 -0.0919373025647818 0.0)
(10.0 -0.09266927596112987 0.0)
(9.939014017333397 -0.09193730256478046 0.0)
(9.788743150138169 -0.08974476477943108 0.0)
(9.54882586574173 -0.08610517697908171 0.0)
(9.218827847736256 -0.08104343689217257 0.0)
(8.79845111720544 -0.07460290401587598 0.0)
(8.286853183123743 -0.06684926714576671 0.0)
(7.685910998233278 -0.057850479046292404 0.0)
(6.988271079470353 -0.04753150137313078 0.0)
(6.178067256017456 -0.036366816909440304 0.0)
(5.294479872153818 -0.026058497534360812 0.0)
(4.376028517963691 -0.017466020387830152 0.0)
(3.411887324528373 -0.010159297038274805 0.0)
(2.379241772241228 -0.0044016919185675815 0.0)
(1.2469434530416643 -0.0010987100988427874 0.0)
(-0.007687799847273807 -7.883123851983618e-05 0.0)
(0.007663501058480134 -7.893050665822145e-05 0.0)
(1.3307386064625986 -0.0011000787245830628 0.0)
(2.598280715951588 -0.004407001077686478 0.0)
(3.7875895868169516 -0.01017088795959525 0.0)
(4.867918628611959 -0.01748510887822405 0.0)
(5.8173000013017475 -0.02608778070223866 0.0)
(6.623795943094168 -0.03640934103856746 0.0)
(7.323660264611013 -0.04758253229793077 0.0)
(7.958374067631431 -0.057901179101121775 0.0)
(8.51316205302063 -0.06689717355058805 0.0)
(8.979358553077793 -0.07464806798154171 0.0)
(9.358965050013014 -0.0810858033185892 0.0)
(9.65118357158793 -0.08614507896256565 0.0)
(9.855706815340428 -0.08978275695772585 0.0)
(9.972099419699367 -0.09197409833377637 0.0)
(10.0 -0.09270566187561402 0.0)
(9.93901169141177 -0.09197409833377505 0.0)
(9.78873762910401 -0.08978275695772342 0.0)
(9.548816428412085 -0.08614507896256177 0.0)
(9.21881272776478 -0.08108580331858499 0.0)
(8.79841922469999 -0.07464806798153721 0.0)
(8.286837946979398 -0.06689717355058271 0.0)
(7.68607037681302 -0.05790117910111644 0.0)
(6.9874508465000815 -0.047582532297926 0.0)
(6.176204056905818 -0.03640934103856231 0.0)
(5.293811109809327 -0.026087780702233478 0.0)
(4.376525815832422 -0.017485108878221262 0.0)
(3.4124104131830233 -0.010170887959594432 0.0)
(2.3794970618261746 -0.004407001077686584 0.0)
(1.2470391713151654 -0.0011000787245830147 0.0)
(-0.007663501058490094 -7.893050665821592e-05 0.0)
(0.0076470263910006255 -7.902303308149489e-05 0.0)
(1.330670515784948 -0.0011013124132873997 0.0)
(2.598066394900483 -0.004411523219350609 0.0)
(3.7870593652167748 -0.01017998189448164 0.0)
(4.867238635640912 -0.017498817283070785 0.0)
(5.817624941905883 -0.026108403609447252 0.0)
(6.625542303985288 -0.03644135150882532 0.0)
(7.324676036910806 -0.0476236005058761 0.0)
(7.958306479438869 -0.057943138127439106 0.0)
(8.513189551394309 -0.06693712173760924 0.0)
(8.97940562418094 -0.07468596919703975 0.0)
(9.358988730748383 -0.08112154119966875 0.0)
(9.651198425465328 -0.08617887329713417 0.0)
(9.855715311874619 -0.08981502717795505 0.0)
(9.972103139886443 -0.09200540935650928 0.0)
(10.0 -0.09273664240036117 0.0)
(9.939007971224694 -0.09200540935650799 0.0)
(9.788729132569818 -0.08981502717795262 0.0)
(9.548801574534687 -0.08617887329713031 0.0)
(9.21878904702941 -0.08112154119966457 0.0)
(8.798372153596842 -0.07468596919703531 0.0)
(8.286810448605719 -0.06693712173760392 0.0)
(7.686137965005582 -0.057943138127433826 0.0)
(6.986435074200286 -0.047623600505871375 0.0)
(6.174457696014695 -0.0364413515088202 0.0)
(5.293486169205191 -0.026108403609442082 0.0)
(4.377205808803472 -0.01749881728306801 0.0)
(3.4129406347832014 -0.010179981894480827 0.0)
(2.3797113828772796 -0.004411523219350723 0.0)
(1.2471072619928159 -0.0011013124132873537 0.0)
(-0.007647026391010579 -7.902303308148958e-05 0.0)
(0.0076390997115747886 -7.910475234789603e-05 0.0)
(1.3306330444829555 -0.0011023569589311498 0.0)
(2.5979024592581172 -0.004415059648928179 0.0)
(3.7865453076381694 -0.010186179272072781 0.0)
(4.866405825214683 -0.017506543280143016 0.0)
(5.817591783473982 -0.02611946012317759 0.0)
(6.627095094753214 -0.036461441838717475 0.0)
(7.325842717363572 -0.047652901535046664 0.0)
(7.958333651335019 -0.0579745125223953 0.0)
(8.513228103769093 -0.06696735645658111 0.0)
(8.979465805663624 -0.07471494235230401 0.0)
(9.359019931759457 -0.08114908027830142 0.0)
(9.651218043238277 -0.0862050751215552 0.0)
(9.85572641058667 -0.08984015754568093 0.0)
(9.97210809088075 -0.09202985988392354 0.0)
(10.0 -0.09276085630779124 0.0)
(9.939003020230386 -0.09202985988392222 0.0)
(9.788718033857766 -0.08984015754567853 0.0)
(9.548781956761738 -0.08620507512155134 0.0)
(9.218757846018336 -0.08114908027829727 0.0)
(8.798311972114158 -0.07471494235229957 0.0)
(8.286771896230936 -0.06696735645657585 0.0)
(7.686110793109431 -0.05797451252239005 0.0)
(6.985268393747516 -0.04765290153504197 0.0)
(6.1729049052467655 -0.036461441838712354 0.0)
(5.293519327637094 -0.026119460123172407 0.0)
(4.378038619229704 -0.017506543280140226 0.0)
(3.413454692361808 -0.010186179272071973 0.0)
(2.3798753185196464 -0.004415059648928296 0.0)
(1.2471447332948085 -0.0011023569589311056 0.0)
(-0.0076390997115847615 -7.910475234789085e-05 0.0)
(0.007640069303995144 -7.917207386236027e-05 0.0)
(1.3306278389770787 -0.001103166466089669 0.0)
(2.5977961120567024 -0.0044174549821732675 0.0)
(3.7860700008306973 -0.010189207790935104 0.0)
(4.865456789499816 -0.0175079474032637 0.0)
(5.817201982926877 -0.0261204644404437 0.0)
(6.628386088612356 -0.036468729295902676 0.0)
(7.327109044164599 -0.04766914795182544 0.0)
(7.958454389436476 -0.057993923752473836 0.0)
(8.51327601622416 -0.06698654924926492 0.0)
(8.979536453261597 -0.07473371441989703 0.0)
(9.359057282130891 -0.08116721053775344 0.0)
(9.651241562937726 -0.08622253317559858 0.0)
(9.85573962381948 -0.08985704387852035 0.0)
(9.972114055144658 -0.09204637560457551 0.0)
(10.0 -0.0927772396831098 0.0)
(9.938997055966478 -0.0920463756045742 0.0)
(9.788704820624956 -0.08985704387851795 0.0)
(9.548758437062288 -0.08622253317559472 0.0)
(9.218720495646902 -0.0811672105377493 0.0)
(8.798241324516185 -0.07473371441989261 0.0)
(8.28672398377587 -0.06698654924925966 0.0)
(7.6859900550079745 -0.05799392375246857 0.0)
(6.984002066946486 -0.04766914795182073 0.0)
(6.171613911387622 -0.03646872929589753 0.0)
(5.293909128184202 -0.026120464440438473 0.0)
(4.378987654944574 -0.01750794740326089 0.0)
(3.413929999169281 -0.010189207790934292 0.0)
(2.379981665721061 -0.004417454982173385 0.0)
(1.247149938800685 -0.0011031664660896261 0.0)
(-0.007640069304005159 -7.917207386235523e-05 0.0)
(0.007649892566144562 -7.922203964070338e-05 0.0)
(1.3306551279877228 -0.0011037053664993642 0.0)
(2.5977520259977136 -0.00441860397252522 0.0)
(3.7856543289059292 -0.01018893438349032 0.0)
(4.86443322738941 -0.017502967957831694 0.0)
(5.816472667387489 -0.02611137243338224 0.0)
(6.629358561654349 -0.036462893682844257 0.0)
(7.32841937723093 -0.04767162591838112 0.0)
(7.958663388731942 -0.05800051892373688 0.0)
(8.51333118357389 -0.06699385681946235 0.0)
(8.97961446284865 -0.07474146058951132 0.0)
(9.359099140755692 -0.08117513536759283 0.0)
(9.651267951151109 -0.08623048038430822 0.0)
(9.855754371007771 -0.08986494422190104 0.0)
(9.972120770619322 -0.09205423084791442 0.0)
(10.0 -0.09278507267077793 0.0)
(9.938990340491815 -0.0920542308479131 0.0)
(9.788690073436664 -0.08986494422189861 0.0)
(9.548732048848906 -0.08623048038430436 0.0)
(9.218678637022101 -0.08117513536758865 0.0)
(8.798163314929132 -0.07474146058950688 0.0)
(8.28666881642614 -0.06699385681945706 0.0)
(7.685781055712507 -0.058000518923731585 0.0)
(6.982691733880152 -0.04767162591837637 0.0)
(6.170641438345629 -0.036462893682839025 0.0)
(5.294638443723593 -0.026111372433376953 0.0)
(4.380011217054982 -0.017502967957828842 0.0)
(3.4143456710940496 -0.010188934383489494 0.0)
(2.3800257517800496 -0.0044186039725253356 0.0)
(1.2471226497900407 -0.0011037053664993209 0.0)
(-0.007649892566154641 -7.922203964069837e-05 0.0)
(0.007668137881855346 -7.92524542780347e-05 0.0)
(1.3307137124856838 -0.0011039499818621228 0.0)
(2.5977721381419285 -0.004418456135449993 0.0)
(3.78531655572779 -0.010185371062761364 0.0)
(4.863380112330045 -0.01749182373156963 0.0)
(5.8154358816463745 -0.026092583588150142 0.0)
(6.629969785192816 -0.03644419140570402 0.0)
(7.329716142924815 -0.047660226557396594 0.0)
(7.958951466174732 -0.05799400825642466 0.0)
(8.51339118186586 -0.06698895808590777 0.0)
(8.979696406826239 -0.07473784050862527 0.0)
(9.359143668442467 -0.08117250656529454 0.0)
(9.651296048428604 -0.0862285675618725 0.0)
(9.855770004187072 -0.0898635114491881 0.0)
(9.972127942239068 -0.09205308046891872 0.0)
(10.0 -0.0927840111036475 0.0)
(9.938983168872067 -0.0920530804689174 0.0)
(9.788674440257365 -0.08986351144918567 0.0)
(9.548703951571412 -0.08622856756186861 0.0)
(9.218634109335326 -0.08117250656529033 0.0)
(8.798081370951543 -0.0747378405086208 0.0)
(8.286608818134168 -0.0669889580859024 0.0)
(7.685492978269717 -0.05799400825641931 0.0)
(6.9813949681862635 -0.04766022655739176 0.0)
(6.170030214807162 -0.036444191405698705 0.0)
(5.295675229464711 -0.02609258358814477 0.0)
(4.38106433211435 -0.01749182373156673 0.0)
(3.4146834442721894 -0.010185371062760514 0.0)
(2.380005639635834 -0.004418456135450103 0.0)
(1.2470640652920795 -0.0011039499818620794 0.0)
(-0.007668137881865508 -7.925245427802968e-05 0.0)
(0.007694003585334026 -7.926198141083191e-05 0.0)
(1.3308010183752985 -0.0011038895642264171 0.0)
(2.5978555647985253 -0.004417017966638211 0.0)
(3.785071522431788 -0.010178674394542158 0.0)
(4.862343716270808 -0.017475004381391695 0.0)
(5.814137180172251 -0.026064923452233685 0.0)
(6.63019290318368 -0.03641344420832469 0.0)
(7.330942363734033 -0.047635450735938965 0.0)
(7.959305964169029 -0.057974677817347955 0.0)
(8.513453374884888 -0.06697206828999153 0.0)
(8.979778684725904 -0.07472301323697024 0.0)
(9.359188908726118 -0.08115943963562228 0.0)
(9.651324620227241 -0.08621687875420977 0.0)
(9.85578583646408 -0.08985280851379333 0.0)
(9.972135254896049 -0.09204297501313691 0.0)
(10.0 -0.09277410162503619 0.0)
(9.938975856215087 -0.09204297501313559 0.0)
(9.788658607980357 -0.08985280851379088 0.0)
(9.548675379772773 -0.08621687875420583 0.0)
(9.218588869051674 -0.08115943963561802 0.0)
(8.797999093051878 -0.07472301323696569 0.0)
(8.286546625115141 -0.0669720682899861 0.0)
(7.685138480275418 -0.05797467781734252 0.0)
(6.980168747377043 -0.047635450735934004 0.0)
(6.1698070968162995 -0.03641344420831923 0.0)
(5.296973930938839 -0.02606492345222821 0.0)
(4.382100728173589 -0.017475004381388725 0.0)
(3.414928477568192 -0.01017867439454128 0.0)
(2.379922212979237 -0.0044170179666383124 0.0)
(1.2469767594024643 -0.001103889564226372 0.0)
(-0.0076940035853442865 -7.926198141082685e-05 0.0)
(0.007726353184889716 -7.925020243430932e-05 0.0)
(1.3309132095954992 -0.0011035267682326286 0.0)
(2.5979986403528375 -0.004414352656596407 0.0)
(3.7849299953326736 -0.010169138618183044 0.0)
(4.861369576558508 -0.017453248918774558 0.0)
(5.812633625531985 -0.026029607361402245 0.0)
(6.630018112230604 -0.036372003066308674 0.0)
(7.332044161759533 -0.04759838705827699 0.0)
(7.959711306721501 -0.05794337695063577 0.0)
(8.513515029983493 -0.06694392953844724 0.0)
(8.979857681407257 -0.074697630257737 0.0)
(9.359232873831349 -0.08113650871556058 0.0)
(9.65135241115446 -0.08619592754614469 0.0)
(9.85580117219751 -0.08983330568311755 0.0)
(9.97214238728549 -0.09202435849580864 0.0)
(10.0 -0.09275577963930523 0.0)
(9.938968723825644 -0.0920243584958073 0.0)
(9.788643272246928 -0.08983330568311507 0.0)
(9.548647588845554 -0.08619592754614072 0.0)
(9.218544903946444 -0.08113650871555626 0.0)
(8.797920096370525 -0.07469763025773236 0.0)
(8.286484970016536 -0.06694392953844171 0.0)
(7.684733137722945 -0.05794337695063021 0.0)
(6.979066949351541 -0.04759838705827191 0.0)
(6.169981887769377 -0.03637200306630309 0.0)
(5.2984774855791095 -0.026029607361396652 0.0)
(4.383074867885891 -0.01745324891877151 0.0)
(3.415070004667306 -0.010169138618182132 0.0)
(2.379779137424924 -0.004414352656596497 0.0)
(1.2468645681822634 -0.0011035267682325818 0.0)
(-0.007726353184900085 -7.925020243430417e-05 0.0)
(0.007763765298299861 -7.921763489514631e-05 0.0)
(1.331045356669318 -0.0011028775344730083 0.0)
(2.598195078326758 -0.0044105773141717725 0.0)
(3.784898192872266 -0.010157182718252031 0.0)
(4.860500495109967 -0.01742751323894513 0.0)
(5.810991281165794 -0.025988187040078 0.0)
(6.629453092328297 -0.03632168882762176 0.0)
(7.332973126011757 -0.04755066403460106 0.0)
(7.960149683821946 -0.05790148095910809 0.0)
(8.51357343814944 -0.06690577819653934 0.0)
(8.979929925900638 -0.07466280685259623 0.0)
(9.359273632011865 -0.08110472134778601 0.0)
(9.65137820012776 -0.08616663449543047 0.0)
(9.855815337563289 -0.08980585987586119 0.0)
(9.972149026023255 -0.09199804889264737 0.0)
(10.0 -0.09272985018098859 0.0)
(9.938962085087882 -0.09199804889264603 0.0)
(9.788629106881148 -0.08980585987585868 0.0)
(9.548621799872253 -0.08616663449542644 0.0)
(9.218504145765928 -0.08110472134778161 0.0)
(8.797847851877144 -0.07466280685259151 0.0)
(8.28642656185059 -0.06690577819653369 0.0)
(7.684294760622499 -0.05790148095910241 0.0)
(6.978137985099316 -0.04755066403459582 0.0)
(6.170546907671688 -0.036321688827616015 0.0)
(5.300119829945306 -0.025988187040072275 0.0)
(4.383943949334434 -0.017427513238942007 0.0)
(3.4151018071277135 -0.010157182718251077 0.0)
(2.379582699451003 -0.00441057731417185 0.0)
(1.2467324211084443 -0.0011028775344729584 0.0)
(-0.007763765298310344 -7.921763489514097e-05 0.0)
(0.007804596105744742 -7.916570975143303e-05 0.0)
(1.3311916532960875 -0.001101970389091214 0.0)
(2.5984362475950857 -0.004405857821003651 0.0)
(3.7849775123924942 -0.01014333201511939 0.0)
(4.859774657774095 -0.01739892812059302 0.0)
(5.809282308680545 -0.02594248242140359 0.0)
(6.62852266941759 -0.03626471220786453 0.0)
(7.333688439500955 -0.04749437852726469 0.0)
(7.960601833982558 -0.05785083067598612 0.0)
(8.51362603303477 -0.06685929056443535 0.0)
(8.979992243915177 -0.0746200730982622 0.0)
(9.35930939242778 -0.08106547421108526 0.0)
(9.651400854026836 -0.08613028668512537 0.0)
(9.855827710161162 -0.08977167701058446 0.0)
(9.972154879415344 -0.09196520219948395 0.0)
(10.0 -0.09269745254304804 0.0)
(9.938956231695792 -0.09196520219948255 0.0)
(9.788616734283274 -0.08977167701058192 0.0)
(9.54859914597318 -0.0861302866851213 0.0)
(9.218468385350013 -0.0810654742110808 0.0)
(8.797785533862605 -0.0746200730982574 0.0)
(8.28637396696526 -0.06685929056442959 0.0)
(7.683842610461886 -0.057850830675980285 0.0)
(6.9774226716101175 -0.047494378527259296 0.0)
(6.171477330582398 -0.03626471220785862 0.0)
(5.30182880243056 -0.02594248242139774 0.0)
(4.384669786670307 -0.017398928120589813 0.0)
(3.4150224876074846 -0.010143332015118394 0.0)
(2.3793415301826744 -0.004405857821003713 0.0)
(1.2465861244816743 -0.001101970389091161 0.0)
(-0.007804596105755342 -7.916570975142753e-05 0.0)
(0.007847051576243087 -7.909670849898992e-05 0.0)
(1.3313456714696696 -0.0011008451903957465 0.0)
(2.5987115516213772 -0.004400401542987783 0.0)
(3.78516446873875 -0.010128195083341621 0.0)
(4.859223956515545 -0.017368749541523624 0.0)
(5.807581797200761 -0.02589450168270934 0.0)
(6.627267724579019 -0.03620357665547335 0.0)
(7.33415867266104 -0.04743200361848882 0.0)
(7.961047890552465 -0.05779365158204815 0.0)
(8.51367050371644 -0.0668065092236432 0.0)
(8.980041897311322 -0.07457130663772117 0.0)
(9.359338583831843 -0.08102049175284434 0.0)
(9.651419377480803 -0.0860884811715178 0.0)
(9.855837746361813 -0.08973225901985181 0.0)
(9.97215969027442 -0.09192726163992462 0.0)
(10.0 -0.09266001021842493 0.0)
(9.938951420836716 -0.09192726163992322 0.0)
(9.788606698082624 -0.08973225901984921 0.0)
(9.548580622519212 -0.08608848117151366 0.0)
(9.218439193945951 -0.0810204917528398 0.0)
(8.79773588046646 -0.07457130663771626 0.0)
(8.286329496283587 -0.0668065092236373 0.0)
(7.683396553891978 -0.05779365158204217 0.0)
(6.9769524384500325 -0.04743200361848325 0.0)
(6.172732275420973 -0.036203576655467286 0.0)
(5.303529313910347 -0.02589450168270336 0.0)
(4.385220487928858 -0.017368749541520342 0.0)
(3.4148355312612275 -0.010128195083340584 0.0)
(2.379066226156382 -0.004400401542987829 0.0)
(1.2464321063080916 -0.0011008451903956897 0.0)
(-0.007847051576253799 -7.909670849898417e-05 0.0)
(0.007889266294091283 -7.90136629266151e-05 0.0)
(1.3315006439132857 -0.001099551377558791 0.0)
(2.5990088940503715 -0.004394448218998204 0.0)
(3.7854508473912065 -0.010112437012008806 0.0)
(4.858872588140141 -0.017338303493291105 0.0)
(5.805964464089868 -0.025846353009875193 0.0)
(6.625743397792935 -0.03614096835477595 0.0)
(7.334363164307225 -0.04736627994765339 0.0)
(7.961468254622023 -0.05773245602207561 0.0)
(8.51370489623406 -0.06674975328971658 0.0)
(8.980076704409685 -0.07451865018003358 0.0)
(9.35935992360716 -0.08097175041998528 0.0)
(9.651432956602982 -0.08604305481239458 0.0)
(9.855845005192945 -0.08968933785806284 0.0)
(9.972163247220138 -0.09188589425274615 0.0)
(10.0 -0.09261916835436435 0.0)
(9.938947863890998 -0.09188589425274475 0.0)
(9.788599439251492 -0.08968933785806021 0.0)
(9.548567043397032 -0.08604305481239038 0.0)
(9.218417854170633 -0.08097175041998066 0.0)
(8.797701073368097 -0.07451865018002855 0.0)
(8.28629510376597 -0.06674975328971057 0.0)
(7.682976189822418 -0.057732456022069494 0.0)
(6.976747946803847 -0.047366279947647666 0.0)
(6.174256602207063 -0.03614096835476973 0.0)
(5.3051466470212425 -0.0258463530098691 0.0)
(4.385571856304261 -0.01733830349328774 0.0)
(3.41454915260877 -0.01011243701200773 0.0)
(2.378768883727387 -0.004394448218998234 0.0)
(1.2462771338644751 -0.001099551377558731 0.0)
(-0.007889266294102096 -7.901366292660909e-05 0.0)
(0.007929385421816726 -7.892022190483112e-05 0.0)
(1.3316497614212772 -0.0010981457983494404 0.0)
(2.5993152101997117 -0.00438825942719972 0.0)
(3.7858240653957895 -0.010096750181946734 0.0)
(4.858735991131487 -0.017308927719555323 0.0)
(5.804501372005931 -0.025800151967499976 0.0)
(6.624016665189641 -0.036079638199966325 0.0)
(7.334292929450685 -0.04730009529261684 0.0)
(7.961844456163051 -0.0576699328170196 0.0)
(8.513727699443319 -0.06669151651456018 0.0)
(8.980095135850041 -0.07446441735361793 0.0)
(9.359372474123045 -0.08092139181750416 0.0)
(9.651440994751589 -0.08599600355887047 0.0)
(9.8558491677148 -0.08964479940254454 0.0)
(9.972165393966808 -0.09184291764526167 0.0)
(10.0 -0.09257672146765508 0.0)
(9.938945717144327 -0.09184291764526024 0.0)
(9.788595276729637 -0.08964479940254189 0.0)
(9.548559005248425 -0.08599600355886622 0.0)
(9.218405303654748 -0.08092139181749948 0.0)
(8.797682641927741 -0.0744644173536128 0.0)
(8.286272300556709 -0.06669151651455403 0.0)
(7.682599988281391 -0.057669932817013346 0.0)
(6.976818181660389 -0.047300095292610964 0.0)
(6.175983334810361 -0.036079638199959956 0.0)
(5.306609739105183 -0.025800151967493773 0.0)
(4.3857084533129145 -0.01730892771955189 0.0)
(3.414175934604186 -0.010096750181945616 0.0)
(2.378462567578046 -0.004388259427199735 0.0)
(1.2461280163564834 -0.0010981457983493766 0.0)
(-0.007929385421827629 -7.892022190482486e-05 0.0)
(0.007965646198343028 -7.882049106118964e-05 0.0)
(1.3317864720431456 -0.0010966902113467192 0.0)
(2.5996170410981847 -0.004382107091781882 0.0)
(3.7862677242361604 -0.010081823843770082 0.0)
(4.858820167312247 -0.017281912938072765 0.0)
(5.803256806538466 -0.025757928544863237 0.0)
(6.622163396240758 -0.036022280925846466 0.0)
(7.333951054082524 -0.047236357686040086 0.0)
(7.962159965568075 -0.057608829122127295 0.0)
(8.513737911412923 -0.06663435771553317 0.0)
(8.98009638178862 -0.07441099104965081 0.0)
(9.359375683932791 -0.08087162861026553 0.0)
(9.651443138745078 -0.08594939475694746 0.0)
(9.855850051033778 -0.08960060059155157 0.0)
(9.97216603619031 -0.09180022013098058 0.0)
(10.0 -0.09253453459684477 0.0)
(9.938945074920825 -0.09180022013097912 0.0)
(9.788594393410659 -0.08960060059154887 0.0)
(9.548556861254935 -0.08594939475694313 0.0)
(9.218402093845002 -0.08087162861026077 0.0)
(8.79768139598916 -0.07441099104964559 0.0)
(8.286262088587106 -0.06663435771552693 0.0)
(7.682284478876366 -0.05760882912212092 0.0)
(6.977160057028552 -0.04723635768603407 0.0)
(6.17783660375925 -0.036022280925839985 0.0)
(5.30785430457265 -0.025757928544856944 0.0)
(4.385624277132154 -0.017281912938069282 0.0)
(3.4137322757638136 -0.010081823843768937 0.0)
(2.3781607366795723 -0.004382107091781883 0.0)
(1.2459913057346148 -0.0010966902113466515 0.0)
(-0.007965646198354003 -7.882049106118311e-05 0.0)
(0.00799645539148684 -7.871885238650791e-05 0.0)
(1.3319047689642711 -0.0010952485723806052 0.0)
(2.5999011248482957 -0.004376261535107569 0.0)
(3.786762330354524 -0.010068313833471374 0.0)
(4.859121418135033 -0.01725844612891964 0.0)
(5.802285451617247 -0.02572153796191006 0.0)
(6.62026502019344 -0.03597141670610903 0.0)
(7.333352559580976 -0.04717786764175145 0.0)
(7.9624009199310475 -0.05755182972196622 0.0)
(8.513735083447607 -0.06658078834569578 0.0)
(8.980080387481163 -0.07436071872218784 0.0)
(9.35936941200323 -0.08082464730255626 0.0)
(9.651439294380298 -0.08590527631211364 0.0)
(9.855847616338465 -0.08955868343997951 0.0)
(9.97216514567252 -0.09175967776056745 0.0)
(10.0 -0.09249446135585804 0.0)
(9.938945965438617 -0.09175967776056597 0.0)
(9.788596828105971 -0.08955868343997678 0.0)
(9.548560705619716 -0.08590527631210929 0.0)
(9.218408365774563 -0.08082464730255144 0.0)
(8.79769739029662 -0.07436071872218257 0.0)
(8.28626491655242 -0.06658078834568944 0.0)
(7.682043524513393 -0.057551829721959734 0.0)
(6.977758551530103 -0.04717786764174532 0.0)
(6.179734979806573 -0.03597141670610245 0.0)
(5.308825659493871 -0.025721537961903705 0.0)
(4.385323026309366 -0.017258446128916107 0.0)
(3.413237669645448 -0.010068313833470201 0.0)
(2.3778766529294604 -0.0043762615351075574 0.0)
(1.245873008813489 -0.0010952485723805345 0.0)
(-0.007996455391497868 -7.87188523865011e-05 0.0)
(0.00802045930166525 -7.861977169820864e-05 0.0)
(1.3319994544343574 -0.0010938842244298656 0.0)
(2.600154979329782 -0.004370979600242908 0.0)
(3.787286151662897 -0.01005681375618727 0.0)
(4.859626507189816 -0.017239558380758812 0.0)
(5.801629986800466 -0.02569257915428072 0.0)
(6.618404948218224 -0.03592928042151582 0.0)
(7.332523742699524 -0.047127195105292445 0.0)
(7.962556732158074 -0.057501439065901994 0.0)
(8.513719339802996 -0.06653316214515623 0.0)
(8.980047855688275 -0.07431580924532714 0.0)
(9.359353933911473 -0.0807825121670872 0.0)
(9.651429630571604 -0.08586558670812261 0.0)
(9.855841970604915 -0.08952088971078322 0.0)
(9.972162761541156 -0.09172307189160811 0.0)
(10.0 -0.09245826248959202 0.0)
(9.93894834956998 -0.09172307189160663 0.0)
(9.788602473839521 -0.08952088971078045 0.0)
(9.54857036942841 -0.08586558670811822 0.0)
(9.21842384386632 -0.08078251216708233 0.0)
(8.797729922089507 -0.07431580924532181 0.0)
(8.286280660197033 -0.06653316214514983 0.0)
(7.6818877122863665 -0.057501439065895436 0.0)
(6.978587368411557 -0.047127195105286235 0.0)
(6.181595051781792 -0.035929280421509176 0.0)
(5.3094811243106514 -0.02569257915427433 0.0)
(4.3848179372545815 -0.01723955838075526 0.0)
(3.412713848337074 -0.010056813756186077 0.0)
(2.377622798447974 -0.004370979600242886 0.0)
(1.2457783233434025 -0.0010938842244297923 0.0)
(-0.008020459301676306 -7.861977169820165e-05 0.0)
(0.008036603240978933 -7.852760242047282e-05 0.0)
(1.3320663681470715 -0.0010926571144474523 0.0)
(2.6003674506411403 -0.004366493365742824 0.0)
(3.787816172411292 -0.010047828904274834 0.0)
(4.860313241787561 -0.017226079586690316 0.0)
(5.801319212013036 -0.025672324519003815 0.0)
(6.616664908474798 -0.03589772346332571 0.0)
(7.331501020135662 -0.04708656653521232 0.0)
(7.962620556144949 -0.05745987122717498 0.0)
(8.513691372226031 -0.06649357172203657 0.0)
(8.980000215797421 -0.07427823585932243 0.0)
(9.359329929736553 -0.08074707454462685 0.0)
(9.651414571929072 -0.08583206983356367 0.0)
(9.855833361896332 -0.08948887999128184 0.0)
(9.972158988550593 -0.09169201091901605 0.0)
(10.0 -0.09242752851000641 0.0)
(9.938952122560544 -0.09169201091901456 0.0)
(9.788611082548103 -0.08948887999127905 0.0)
(9.548585428070943 -0.08583206983355926 0.0)
(9.21844784804124 -0.08074707454462192 0.0)
(8.79777756198036 -0.07427823585931705 0.0)
(8.286308627773998 -0.06649357172203012 0.0)
(7.681823888299491 -0.05745987122716837 0.0)
(6.979610090975423 -0.04708656653520607 0.0)
(6.183335091525222 -0.035897723463319035 0.0)
(5.309791899098081 -0.02567232451899741 0.0)
(4.384131202656833 -0.01722607958668675 0.0)
(3.4121838275886778 -0.01004782890427363 0.0)
(2.3774103271366154 -0.004366493365742795 0.0)
(1.2457114096306885 -0.0010926571144473764 0.0)
(-0.008036603240989992 -7.85276024204656e-05 0.0)
(0.008044177874268943 -7.844639430274512e-05 0.0)
(1.3321025700362914 -0.001091621159401058 0.0)
(2.6005292031816545 -0.004362999948543916 0.0)
(3.788329104457671 -0.010041754055689776 0.0)
(4.8611514480663915 -0.017218601980266767 0.0)
(5.801366782130568 -0.0256616640076986 0.0)
(6.615121355126173 -0.03587813238654974 0.0)
(7.330329328447828 -0.04705776707655252 0.0)
(7.962589587582451 -0.05742895262057264 0.0)
(8.513652409560878 -0.06646375660710005 0.0)
(8.979939561018254 -0.07424964947001615 0.0)
(9.359298454178006 -0.08071989149947476 0.0)
(9.651394780101903 -0.08580619835858752 0.0)
(9.855822168463625 -0.08946406072999018 0.0)
(9.97215399247913 -0.09166785960510254 0.0)
(10.0 -0.09240360981193801 0.0)
(9.938957118632006 -0.09166785960510106 0.0)
(9.788622275980812 -0.08946406072998739 0.0)
(9.54860521989811 -0.08580619835858311 0.0)
(9.218479323599787 -0.08071989149946983 0.0)
(8.797838216759528 -0.07424964947001074 0.0)
(8.286347590439151 -0.06646375660709357 0.0)
(7.68185485686199 -0.057428952620566 0.0)
(6.980781782663261 -0.047057767076546256 0.0)
(6.184878644873849 -0.035878132386543075 0.0)
(5.309744328980546 -0.02566166400769221 0.0)
(4.3832929963780005 -0.017218601980263207 0.0)
(3.4116708955422976 -0.010041754055688572 0.0)
(2.3772485745961007 -0.004362999948543884 0.0)
(1.2456752077414686 -0.0010916211594009803 0.0)
(-0.008044177874279981 -7.844639430273777e-05 0.0)
(0.00804285038600592 -7.837971548115253e-05 0.0)
(1.3321064694572347 -0.0010908218772601947 0.0)
(2.6006331298406127 -0.004360652843006881 0.0)
(3.7888024105062983 -0.010038856128165307 0.0)
(4.862104296775868 -0.017217454113834508 0.0)
(5.801770607009127 -0.025661066023728973 0.0)
(6.613842109082639 -0.0358713679872606 0.0)
(7.329060149625235 -0.04704206212483945 0.0)
(7.962465187172562 -0.05741004175310507 0.0)
(8.513604163755765 -0.06644502682195177 0.0)
(8.979868556410802 -0.07423130611105709 0.0)
(9.359260890214287 -0.08070215740490494 0.0)
(9.651371124706777 -0.08578910902847411 0.0)
(9.855808882125745 -0.08944752243984384 0.0)
(9.97214799284501 -0.09165167911441735 0.0)
(10.0 -0.09238755733922191 0.0)
(9.938963118266125 -0.09165167911441587 0.0)
(9.78863556231869 -0.08944752243984105 0.0)
(9.548628875293238 -0.0857891090284697 0.0)
(9.218516887563506 -0.08070215740490001 0.0)
(8.79790922136698 -0.07423130611105168 0.0)
(8.286395836244264 -0.0664450268219453 0.0)
(7.68197925727188 -0.05741004175309845 0.0)
(6.982050961485856 -0.04704206212483318 0.0)
(6.186157890917386 -0.03587136798725397 0.0)
(5.309340504101986 -0.025661066023722617 0.0)
(4.382340147668521 -0.017217454113830976 0.0)
(3.4111975894936695 -0.010038856128164107 0.0)
(2.3771446479371425 -0.004360652843006847 0.0)
(1.2456713083205255 -0.0010908218772601166 0.0)
(-0.008042850386016917 -7.837971548114508e-05 0.0)
(0.008032679103595569 -7.833049570113035e-05 0.0)
(1.3320778950764787 -0.0010902943870198874 0.0)
(2.600674664270749 -0.004359555176655105 0.0)
(3.7892152943552864 -0.010039262451335237 0.0)
(4.863129921486886 -0.017222686422544622 0.0)
(5.802512943322324 -0.025670556841416572 0.0)
(6.612883378075033 -0.03587772748078793 0.0)
(7.3277492490634515 -0.04704014172691994 0.0)
(7.962252820841707 -0.05740396953369237 0.0)
(8.513548754643104 -0.06643820531908595 0.0)
(8.979790321787618 -0.07422401175607972 0.0)
(9.359218888337244 -0.08069465146458923 0.0)
(9.65134464511848 -0.08578155271712459 0.0)
(9.855794086660074 -0.08943999178305588 0.0)
(9.972141253261178 -0.09164418038811986 0.0)
(10.0 -0.09238007640814211 0.0)
(9.938969857849957 -0.09164418038811835 0.0)
(9.78865035778436 -0.08943999178305312 0.0)
(9.548655354881536 -0.08578155271712018 0.0)
(9.21855888944055 -0.08069465146458434 0.0)
(8.797987455990164 -0.07422401175607433 0.0)
(8.286451245356924 -0.06643820531907953 0.0)
(7.682191623602735 -0.05740396953368577 0.0)
(6.983361862047643 -0.04704014172691373 0.0)
(6.187116621924993 -0.035877727480781364 0.0)
(5.308598167788785 -0.025670556841410286 0.0)
(4.381314522957501 -0.01722268642254113 0.0)
(3.4107847056446805 -0.010039262451334054 0.0)
(2.377103113507007 -0.0043595551766550745 0.0)
(1.2456998827012817 -0.001090294387019809 0.0)
(-0.0080326791036065 -7.833049570112281e-05 0.0)
(0.008014110934579164 -7.830089758976767e-05 0.0)
(1.3320181024000384 -0.0010900618656362786 0.0)
(2.6006519815251874 -0.004359755178939962 0.0)
(3.7895496146436605 -0.010042955172102831 0.0)
(4.864183258125968 -0.017234069008324627 0.0)
(5.803561174170624 -0.02568971945159517 0.0)
(6.612287286989879 -0.035896931442620496 0.0)
(7.326454225334938 -0.04705209026156535 0.0)
(7.961961819577952 -0.05741100276454669 0.0)
(8.513488616797938 -0.06644359182285897 0.0)
(8.97970829463492 -0.07422808690569709 0.0)
(9.359174294032512 -0.08069770347581337 0.0)
(9.651316504801676 -0.08578386143503575 0.0)
(9.855778432152306 -0.08944179964290865 0.0)
(9.97213406985262 -0.091645692906525 0.0)
(10.0 -0.09238149571712426 0.0)
(9.938977041258516 -0.09164569290652351 0.0)
(9.78866601229213 -0.08944179964290588 0.0)
(9.54868349519834 -0.08578386143503136 0.0)
(9.218603483745282 -0.0806977034758085 0.0)
(8.798069483142863 -0.07422808690569173 0.0)
(8.28651138320209 -0.0664435918228526 0.0)
(7.682482624866492 -0.05741100276454015 0.0)
(6.98465688577616 -0.047052090261559223 0.0)
(6.1877127130101455 -0.03589693144261403 0.0)
(5.307549936940481 -0.025689719451588974 0.0)
(4.380261186318416 -0.017234069008321185 0.0)
(3.410450385356306 -0.010042955172101669 0.0)
(2.3771257962525687 -0.004359755178939938 0.0)
(1.2457596753777223 -0.0010900618656362005 0.0)
(-0.008014110934590014 -7.830089758976016e-05 0.0)
(0.007987961730333787 -7.829222163392961e-05 0.0)
(1.331929718608729 -0.001090134529673578 0.0)
(2.600566078242272 -0.004361244062126951 0.0)
(3.7897906819495706 -0.010049772039073198 0.0)
(4.86521802500822 -0.01725110174117919 0.0)
(5.804869242208237 -0.025717711884230526 0.0)
(6.612080026978943 -0.035928136085808034 0.0)
(7.325231979413146 -0.04707738273202256 0.0)
(7.961604969444453 -0.05743083241837124 0.0)
(8.513426392567165 -0.06646094966014934 0.0)
(8.97962607907573 -0.07424335250529025 0.0)
(9.359129066692258 -0.0807111793387876 0.0)
(9.651287940190405 -0.08579593374136624 0.0)
(9.855762606432874 -0.08945286658534758 0.0)
(9.972126758245166 -0.09165615021234111 0.0)
(10.0 -0.09239175290432824 0.0)
(9.93898435286597 -0.09165615021233965 0.0)
(9.788681838011563 -0.08945286658534485 0.0)
(9.548712059809608 -0.08579593374136188 0.0)
(9.218648711085535 -0.08071117933878279 0.0)
(8.798151698702052 -0.07424335250528498 0.0)
(8.286573607432864 -0.06646094966014303 0.0)
(7.682839474999992 -0.057430832418364795 0.0)
(6.9858791316979545 -0.047077382732016546 0.0)
(6.1879199730210805 -0.03592813608580169 0.0)
(5.306241868902864 -0.02571771188422444 0.0)
(4.379226419436161 -0.017251101741175823 0.0)
(3.410209318050396 -0.010049772039072067 0.0)
(2.3772116995354846 -0.004361244062126935 0.0)
(1.245848059169032 -0.0010901345296735017 0.0)
(-0.007987961730344537 -7.829222163392213e-05 0.0)
(0.007955380439055354 -7.830484903924343e-05 0.0)
(1.3318166271246474 -0.001090509186406922 0.0)
(2.600420728855098 -0.004363956407412668 0.0)
(3.789927904216616 -0.010059413531582774 0.0)
(4.866188756369887 -0.0172730362339872 0.0)
(5.806379673318633 -0.02575330420304335 0.0)
(6.612270704667934 -0.035969970335416164 0.0)
(7.324136214547842 -0.04711490783341097 0.0)
(7.961197949783238 -0.057462587216454294 0.0)
(8.513364815969648 -0.06648951615934179 0.0)
(8.979547287511314 -0.07426913781234075 0.0)
(9.359085193523072 -0.0807344869487463 0.0)
(9.651260206361432 -0.0858172392010616 0.0)
(9.855747304854935 -0.0894727063491683 0.0)
(9.97211963969747 -0.09167509283068179 0.0)
(10.0 -0.0924103972877133 0.0)
(9.938991471413667 -0.09167509283068033 0.0)
(9.7886971395895 -0.0894727063491656 0.0)
(9.548739793638584 -0.0858172392010573 0.0)
(9.218692584254722 -0.08073448694874154 0.0)
(8.79823049026647 -0.07426913781233556 0.0)
(8.28663518403038 -0.06648951615933558 0.0)
(7.683246494661207 -0.05746258721644796 0.0)
(6.98697489656326 -0.04711490783340509 0.0)
(6.187729295332088 -0.03596997033540996 0.0)
(5.304731437792464 -0.025753304203037376 0.0)
(4.378255688074492 -0.017273036233983904 0.0)
(3.4100720957833506 -0.010059413531581674 0.0)
(2.3773570489226596 -0.004363956407412664 0.0)
(1.2459611506531139 -0.0010905091864068478 0.0)
(-0.007955380439065997 -7.830484903923608e-05 0.0)
(0.00791779862307686 -7.833822498062088e-05 0.0)
(1.331683796980709 -0.0010911693741048629 0.0)
(2.600222319749828 -0.004367773039307356 0.0)
(3.789955252149423 -0.01007145602008929 0.0)
(4.867052800050841 -0.017298908725262675 0.0)
(5.808026101922075 -0.025794932546659315 0.0)
(6.6128509420280315 -0.036020596071050716 0.0)
(7.3232150766425645 -0.047163016781425794 0.0)
(7.9607586442936 -0.057504871911061836 0.0)
(8.513306592568432 -0.06652803616072275 0.0)
(8.979475381898864 -0.07430430986762966 0.0)
(9.359044602231744 -0.08076660221194792 0.0)
(9.65123452188846 -0.08584684169120002 0.0)
(9.855733199741833 -0.08950044721144439 0.0)
(9.972113026985495 -0.09170168845755164 0.0)
(10.0 -0.09243660966718245 0.0)
(9.938998084125641 -0.09170168845755021 0.0)
(9.788711244702602 -0.08950044721144171 0.0)
(9.548765478111555 -0.08584684169119577 0.0)
(9.218733175546049 -0.08076660221194325 0.0)
(8.798302395878919 -0.07430430986762455 0.0)
(8.286693407431596 -0.06652803616071666 0.0)
(7.683685800150846 -0.057504871911055626 0.0)
(6.987896034468539 -0.047163016781420056 0.0)
(6.187149057971987 -0.036020596071044665 0.0)
(5.303085009189017 -0.025794932546653465 0.0)
(4.377391644393537 -0.017298908725259462 0.0)
(3.410044747850544 -0.010071456020088233 0.0)
(2.37755545802793 -0.004367773039307364 0.0)
(1.246093980797053 -0.0010911693741047913 0.0)
(-0.007917798623087387 -7.833822498061367e-05 0.0)
(0.007876867558638404 -7.839088298025735e-05 0.0)
(1.331537064490432 -0.0010920860853277322 0.0)
(2.5999795686595695 -0.004372526261987891 0.0)
(3.789871524129856 -0.010085370379678889 0.0)
(4.867772191552464 -0.01732758242507138 0.0)
(5.809736186957786 -0.025840767841816825 0.0)
(6.613795244491148 -0.03607778889050505 0.0)
(7.322509038811696 -0.04721959575690409 0.0)
(7.960306355255066 -0.05755582859007048 0.0)
(8.51325428059325 -0.06657481716590188 0.0)
(8.979413521639446 -0.07434732327539305 0.0)
(9.359009076325359 -0.08080611404248061 0.0)
(9.651212015300246 -0.08588344053252106 0.0)
(9.855720910846433 -0.08953487028943784 0.0)
(9.972107210659708 -0.09173476852976134 0.0)
(10.0 -0.09246923831873599 0.0)
(9.939003900451429 -0.09173476852975994 0.0)
(9.788723533598004 -0.08953487028943521 0.0)
(9.54878798469977 -0.08588344053251687 0.0)
(9.218768701452435 -0.080806114042476 0.0)
(8.798364256138338 -0.07434732327538805 0.0)
(8.28674571940678 -0.0665748171658959 0.0)
(7.684138089189381 -0.057555828590064424 0.0)
(6.988602072299408 -0.04721959575689852 0.0)
(6.186204755508866 -0.03607778889049917 0.0)
(5.301374924153301 -0.025840767841811108 0.0)
(4.376672252891913 -0.017327582425068242 0.0)
(3.4101284758701116 -0.010085370379677872 0.0)
(2.377798209118189 -0.004372526261987915 0.0)
(1.24624071328733 -0.0010920860853276637 0.0)
(-0.007876867558648814 -7.839088298025036e-05 0.0)
(0.007834385681830149 -7.846050934198392e-05 0.0)
(1.3313828768110005 -0.0010932190414614726 0.0)
(2.5997031416231273 -0.004378007227545468 0.0)
(3.789680399013919 -0.010100545238846799 0.0)
(4.868315322128264 -0.017357797463500742 0.0)
(5.811434790417809 -0.025888796169499975 0.0)
(6.6150621211346055 -0.03613903584592367 0.0)
(7.322049123065866 -0.04728215878317165 0.0)
(7.9598609554205515 -0.0576132183102272 0.0)
(8.513210178536585 -0.06662780370309507 0.0)
(8.979364424759686 -0.07439628810518457 0.0)
(9.358980176747245 -0.0808512863627956 0.0)
(9.651193675495099 -0.08592542763889274 0.0)
(9.855710978120314 -0.0895744630960769 0.0)
(9.972102446278823 -0.09177287956945629 0.0)
(10.0 -0.09250684959911709 0.0)
(9.939008664832311 -0.09177287956945489 0.0)
(9.788733466324123 -0.08957446309607434 0.0)
(9.548806324504916 -0.08592542763888861 0.0)
(9.218797601030548 -0.08085128636279106 0.0)
(8.798413353018098 -0.07439628810517969 0.0)
(8.286789821463442 -0.0666278037030892 0.0)
(7.684583489023898 -0.057613218310221294 0.0)
(6.989061988045239 -0.047282158783166245 0.0)
(6.184937878865404 -0.036139035845917954 0.0)
(5.299676320693274 -0.02588879616949439 0.0)
(4.3761291223161125 -0.017357797463497696 0.0)
(3.4103196009860497 -0.010100545238845824 0.0)
(2.378074636154632 -0.004378007227545507 0.0)
(1.246394900966762 -0.0010932190414614075 0.0)
(-0.007834385681840448 -7.846050934197714e-05 0.0)
(0.007792219568600653 -7.854404481084415e-05 0.0)
(1.3312280086669697 -0.001094518462486252 0.0)
(2.599405184338774 -0.004383975112380629 0.0)
(3.789390274489552 -0.010116313842042805 0.0)
(4.868658327614369 -0.017388226247039052 0.0)
(5.813047278773617 -0.02593690725285571 0.0)
(6.616595907716378 -0.0362016458581336 0.0)
(7.321855537261552 -0.04734795695531011 0.0)
(7.959442014843947 -0.05767451947221984 0.0)
(8.51317622416213 -0.06668466764079412 0.0)
(8.97933024848666 -0.07444905293196184 0.0)
(9.358959173291996 -0.08090013438377866 0.0)
(9.651180308290508 -0.08597095817367437 0.0)
(9.855703837989292 -0.08961748599587087 0.0)
(9.972098943181022 -0.09181434704727448 0.0)
(10.0 -0.0925477909374737 0.0)
(9.939012167930114 -0.09181434704727308 0.0)
(9.788740606455145 -0.08961748599586833 0.0)
(9.548819691709507 -0.08597095817367031 0.0)
(9.218818604485797 -0.0809001343837742 0.0)
(8.798447529291122 -0.07444905293195707 0.0)
(8.286823775837897 -0.06668466764078838 0.0)
(7.6850024296005035 -0.05767451947221406 0.0)
(6.989255573849551 -0.04734795695530486 0.0)
(6.183404092283627 -0.03620164585812804 0.0)
(5.298063832337464 -0.025936907252850236 0.0)
(4.375786116830007 -0.017388226247036075 0.0)
(3.4106097255104175 -0.010116313842041872 0.0)
(2.378372593438986 -0.004383975112380684 0.0)
(1.2465497691107932 -0.0010945184624861909 0.0)
(-0.00779221956861085 -7.854404481083764e-05 0.0)
(0.007752221920824493 -7.863781899116014e-05 0.0)
(1.3310792646812655 -0.0010959272542194662 0.0)
(2.5990987885044863 -0.004390167698551653 0.0)
(3.7890138980975885 -0.01013198334569032 0.0)
(4.868786136977231 -0.017417531790605515 0.0)
(5.814502802236819 -0.02598298717889811 0.0)
(6.618329212460043 -0.036262867957740134 0.0)
(7.321936787204843 -0.047414099222010044 0.0)
(7.959067941007758 -0.05773703861513772 0.0)
(8.51315390936298 -0.06674291048160622 0.0)
(8.979312494463285 -0.07450329936576679 0.0)
(9.358946988813013 -0.08095051181275273 0.0)
(9.651172501016985 -0.08601803160846339 0.0)
(9.855699804177663 -0.08966204864131093 0.0)
(9.97209685528601 -0.09185734895810313 0.0)
(10.0 -0.0925902634462985 0.0)
(9.939014255825125 -0.09185734895810176 0.0)
(9.788744640266774 -0.08966204864130842 0.0)
(9.548827498983028 -0.08601803160845936 0.0)
(9.21883078896478 -0.08095051181274836 0.0)
(8.798465283314497 -0.0745032993657621 0.0)
(8.286846090637049 -0.06674291048160062 0.0)
(7.685376503436692 -0.057737038615132096 0.0)
(6.989174323906259 -0.04741409922200496 0.0)
(6.181670787539957 -0.03626286795773471 0.0)
(5.296608308874258 -0.02598298717889274 0.0)
(4.375658307467146 -0.017417531790602608 0.0)
(3.4109861019023824 -0.010131983345689422 0.0)
(2.3786789892732747 -0.004390167698551723 0.0)
(1.2466985130964978 -0.0010959272542194086 0.0)
(-0.007752221920834603 -7.863781899115388e-05 0.0)
(0.0077161501619713285 -7.873771161700381e-05 0.0)
(1.3309431803925 -0.0010973835169296683 0.0)
(2.5987974165926873 -0.004396312895151203 0.0)
(3.78856780712813 -0.010146865260465616 0.0)
(4.868693134507267 -0.017444426462228785 0.0)
(5.815737407769248 -0.026025011279977722 0.0)
(6.620185877126157 -0.036320012157689215 0.0)
(7.322289302921872 -0.04747767941307653 0.0)
(7.958755170032 -0.05779802876221661 0.0)
(8.513144214610582 -0.06679997314165834 0.0)
(8.979311942768865 -0.07455664391753906 0.0)
(9.35894415867401 -0.08100020515765163 0.0)
(9.65117059671185 -0.08606457962265354 0.0)
(9.855699053923727 -0.08970619303128154 0.0)
(9.972096274332078 -0.09189999587665026 0.0)
(10.0 -0.092632400961255 0.0)
(9.939014836779059 -0.09189999587664892 0.0)
(9.788745390520708 -0.08970619303127905 0.0)
(9.548829403288165 -0.08606457962264957 0.0)
(9.218833619103783 -0.08100020515764732 0.0)
(8.798465835008917 -0.07455664391753446 0.0)
(8.286855785389445 -0.06679997314165283 0.0)
(7.685689274412451 -0.057798028762211094 0.0)
(6.988821808189228 -0.047477679413071586 0.0)
(6.179814122873838 -0.03632001215768391 0.0)
(5.295373703341827 -0.026025011279972442 0.0)
(4.37575130993711 -0.017444426462225934 0.0)
(3.411432192871842 -0.010146865260464752 0.0)
(2.378980361185074 -0.004396312895151287 0.0)
(1.2468345973852637 -0.0010973835169296145 0.0)
(-0.0077161501619813656 -7.873771161699785e-05 0.0)
)
