(
(-0.023763742927852462 -4.419361102454303e-05 0.0)
(1.21735707330084 -0.0007348088661060791 0.0)
(2.3909632167244235 -0.003684871673808431 0.0)
(3.5137308149330275 -0.010697439000562015 0.0)
(4.558239781619407 -0.02247542343929301 0.0)
(5.495638596223832 -0.03832702465084685 0.0)
(6.331301766194019 -0.05614551163684161 0.0)
(7.086220681751314 -0.0730998534065915 0.0)
(7.762806296251641 -0.08797587482130112 0.0)
(8.352442093101251 -0.10107188332096194 0.0)
(8.850993587506542 -0.11241218450070428 0.0)
(9.259514452860383 -0.12183467003702031 0.0)
(9.578553492019404 -0.1292409221958801 0.0)
(9.80818190363217 -0.1345666793774026 0.0)
(9.948620532263812 -0.1377745345312599 0.0)
(10.000000000000007 -0.13884568854505033 0.0)
(9.962490578847317 -0.13777453453126048 0.0)
(9.836262540812285 -0.134566679377404 0.0)
(9.621446507980611 -0.12924092219588051 0.0)
(9.3182633249174 -0.12183467003702284 0.0)
(8.926784190271245 -0.11241218450070696 0.0)
(8.447557906898764 -0.10107188332096599 0.0)
(7.881638148192799 -0.08797587482130644 0.0)
(7.224890429359775 -0.07309985340659574 0.0)
(6.468698233805983 -0.05614551163684466 0.0)
(5.615472514887258 -0.038327024650850056 0.0)
(4.686204662824981 -0.02247542343929511 0.0)
(3.6862691850669314 -0.010697439000563013 0.0)
(2.586814561053339 -0.003684871673809097 0.0)
(1.3604207044769387 -0.000734808866106299 0.0)
(0.023763742927840437 -4.4193611024563434e-05 0.0)
(-0.023729780166075815 -4.413101906752337e-05 0.0)
(1.2174812180681125 -0.0007338191216961519 0.0)
(2.3911955366233135 -0.0036802364363590512 0.0)
(3.513931837673106 -0.010684967933905838 0.0)
(4.557899735730402 -0.022451057081510867 0.0)
(5.49431591475068 -0.03828841651722925 0.0)
(6.330156242058867 -0.0560956736504026 0.0)
(7.086462109564824 -0.07304805953228649 0.0)
(7.7631512609755635 -0.08792791050967833 0.0)
(8.352472635316632 -0.10102747126377852 0.0)
(8.851025848622694 -0.11237103918395244 0.0)
(9.259533868236785 -0.12179662992636098 0.0)
(9.578565831506797 -0.12920550344251117 0.0)
(9.808188538856582 -0.13453323775596807 0.0)
(9.948623752515743 -0.1377423181909542 0.0)
(10.000000000000007 -0.13881388619718857 0.0)
(9.962487358595386 -0.13774231819095473 0.0)
(9.83625590558787 -0.13453323775596945 0.0)
(9.621434168493218 -0.12920550344251153 0.0)
(9.318243909540998 -0.12179662992636345 0.0)
(8.926751929155095 -0.11237103918395507 0.0)
(8.447527364683383 -0.10102747126378249 0.0)
(7.881293183468876 -0.0879279105096835 0.0)
(7.224649001546265 -0.07304805953229059 0.0)
(6.469843757941139 -0.05609567365040554 0.0)
(5.616795196360413 -0.03828841651723236 0.0)
(4.686544708713986 -0.022451057081512904 0.0)
(3.6860681623268516 -0.010684967933906804 0.0)
(2.5865822411544483 -0.0036802364363597044 0.0)
(1.3602965597096661 -0.0007338191216963687 0.0)
(0.023729780166063707 -4.413101906754357e-05 0.0)
(-0.023696960700811075 -4.405902026429692e-05 0.0)
(1.2176026414710708 -0.0007327231187575818 0.0)
(2.3914388589903957 -0.0036753361116198344 0.0)
(3.5142062385453063 -0.01067235279642777 0.0)
(4.557727634740118 -0.022427161142698156 0.0)
(5.493096411021782 -0.038250757097569074 0.0)
(6.328828743821418 -0.05604606218743923 0.0)
(7.086485580551909 -0.07299505610170434 0.0)
(7.7634661381391155 -0.0878780986636418 0.0)
(8.352494312140267 -0.10098114538072868 0.0)
(8.851045406843099 -0.11232795570557794 0.0)
(9.259546499572014 -0.12175666882158048 0.0)
(9.578573895770512 -0.1291681999134399 0.0)
(9.808192780870929 -0.134497949458482 0.0)
(9.948625885996934 -0.13770828150187356 0.0)
(10.000000000000007 -0.13878027358288966 0.0)
(9.962485225114195 -0.13770828150187409 0.0)
(9.836251663573526 -0.13449794945848334 0.0)
(9.621426104229505 -0.12916819991344025 0.0)
(9.318231278205769 -0.12175666882158287 0.0)
(8.92673237093469 -0.11232795570558048 0.0)
(8.447505687859747 -0.10098114538073254 0.0)
(7.880978306305324 -0.08787809866364686 0.0)
(7.22462553055918 -0.07299505610170835 0.0)
(6.471171256178591 -0.05604606218744205 0.0)
(5.618014700089312 -0.038250757097572086 0.0)
(4.6867168097042695 -0.022427161142700137 0.0)
(3.6857937614546508 -0.010672352796428706 0.0)
(2.5863389187873658 -0.0036753361116204754 0.0)
(1.3601751363067074 -0.0007327231187577958 0.0)
(0.02369696070079889 -4.405902026431692e-05 0.0)
(-0.02366672655932046 -4.3980778110559366e-05 0.0)
(1.217716008387527 -0.0007315690136544091 0.0)
(2.3916824926860056 -0.003670386010894932 0.0)
(3.514541960877306 -0.010660147874189847 0.0)
(4.557731040451219 -0.02240478556668993 0.0)
(5.4920336677999675 -0.038215701077870215 0.0)
(6.3273775993256365 -0.05599885708487249 0.0)
(7.086290063440336 -0.07294317198861786 0.0)
(7.7637370926157825 -0.08782862792457818 0.0)
(8.35250617113219 -0.10093494114636277 0.0)
(8.851051402815333 -0.1122848270748015 0.0)
(9.259551791868308 -0.12171654254051609 0.0)
(9.578577330481552 -0.12913065065748883 0.0)
(9.808194443288857 -0.1344623649881778 0.0)
(9.948626838966124 -0.13767391997386788 0.0)
(10.000000000000007 -0.13874632757893343 0.0)
(9.962484272145003 -0.1376739199738684 0.0)
(9.836250001155596 -0.13446236498817912 0.0)
(9.621422669518465 -0.12913065065748908 0.0)
(9.318225985909473 -0.12171654254051842 0.0)
(8.926726374962456 -0.11228482707480399 0.0)
(8.447493828867827 -0.10093494114636654 0.0)
(7.880707351828656 -0.08782862792458317 0.0)
(7.224821047670755 -0.07294317198862173 0.0)
(6.4726224006743776 -0.055998857084875196 0.0)
(5.619077443311129 -0.03821570107787316 0.0)
(4.686713403993168 -0.022404785566691864 0.0)
(3.6854580391226497 -0.010660147874190755 0.0)
(2.586095285091755 -0.003670386010895561 0.0)
(1.360061769390251 -0.0007315690136546201 0.0)
(0.023666726559308213 -4.3980778110579146e-05 0.0)
(-0.02364040617446927 -4.3899730423405944e-05 0.0)
(1.2178163376825708 -0.0007304075156534916 0.0)
(2.3919157328912743 -0.0036656036325542424 0.0)
(3.5149242536440237 -0.010648889429146931 0.0)
(4.557909803222988 -0.022384913495361026 0.0)
(5.491174380078168 -0.038184788755505086 0.0)
(6.325866569205873 -0.05595613244854986 0.0)
(7.085884148894299 -0.07289468688603667 0.0)
(7.763952219161556 -0.08778167194625777 0.0)
(8.352507691229983 -0.10089088869021061 0.0)
(8.851043573087347 -0.11224354828475788 0.0)
(9.259549512591851 -0.12167801415854876 0.0)
(9.578575984725 -0.12909450552027 0.0)
(9.808193453066766 -0.13442804786158066 0.0)
(9.948626569551593 -0.1376407433896151 0.0)
(10.000000000000007 -0.1387135397106312 0.0)
(9.962484541559537 -0.13764074338961563 0.0)
(9.836250991377689 -0.13442804786158194 0.0)
(9.621424015275016 -0.12909450552027024 0.0)
(9.31822826518593 -0.12167801415855106 0.0)
(8.926734204690442 -0.11224354828476028 0.0)
(8.447492308770032 -0.1008908886902143 0.0)
(7.880492225282882 -0.08778167194626267 0.0)
(7.225226962216794 -0.07289468688604046 0.0)
(6.4741334307941445 -0.055956132448552486 0.0)
(5.619936731032929 -0.03818478875550796 0.0)
(4.686534641221398 -0.022384913495362924 0.0)
(3.6850757463559307 -0.010648889429147814 0.0)
(2.5858620448864857 -0.003665603632554861 0.0)
(1.359961440095207 -0.0007304075156536997 0.0)
(0.023640406174456976 -4.3899730423425534e-05 0.0)
(-0.023619156015816083 -4.381943828993765e-05 0.0)
(1.2178992210705255 -0.0007292896588520888 0.0)
(2.392128331458283 -0.003661199105552941 0.0)
(3.515336319600675 -0.010639072136777467 0.0)
(4.558256068546273 -0.02236841807117072 0.0)
(5.4905563033868585 -0.03815937836136589 0.0)
(6.324362045361239 -0.055919765520828855 0.0)
(7.08528567205635 -0.07285173114066729 0.0)
(7.764102065509579 -0.08773929388846444 0.0)
(8.352498805643334 -0.10085092359660382 0.0)
(8.851022261683063 -0.11220593304996418 0.0)
(9.259539761889883 -0.12164277654229655 0.0)
(9.578569917630935 -0.12906135265298715 0.0)
(9.8081898537132 -0.1343965059104519 0.0)
(9.948625089590918 -0.13761020946753236 0.0)
(10.000000000000007 -0.13868335061693252 0.0)
(9.962486021520212 -0.13761020946753288 0.0)
(9.836254590731254 -0.13439650591045318 0.0)
(9.62143008236908 -0.12906135265298735 0.0)
(9.3182380158879 -0.12164277654229877 0.0)
(8.926755516094726 -0.11220593304996652 0.0)
(8.447501194356683 -0.10085092359660745 0.0)
(7.880342378934859 -0.08773929388846925 0.0)
(7.225825439054745 -0.07285173114067099 0.0)
(6.475637954638783 -0.05591976552083142 0.0)
(5.62055480772424 -0.038159378361368734 0.0)
(4.686188375898111 -0.022368418071172583 0.0)
(3.6846636803992787 -0.010639072136778333 0.0)
(2.5856494463194766 -0.0036611991055535507 0.0)
(1.3598785567072522 -0.0007292896588522946 0.0)
(0.02361915601580376 -4.381943828995705e-05 0.0)
(-0.023603909776456048 -4.374342959960875e-05 0.0)
(1.2179610168069548 -0.0007282645598329932 0.0)
(2.392310947194935 -0.003657365956749612 0.0)
(3.5157600533229774 -0.010631127350947938 0.0)
(4.558754622156242 -0.022356024072880388 0.0)
(5.490206594885114 -0.03814058638168412 0.0)
(6.322930133817018 -0.055891354197982114 0.0)
(7.084520928903868 -0.07281619214937587 0.0)
(7.764180047685455 -0.08770335576552915 0.0)
(8.352479904788664 -0.1008168018586414 0.0)
(8.8509884049866 -0.1121736341150221 0.0)
(9.259522968190405 -0.12161237796815211 0.0)
(9.578559395776372 -0.1290326487319772 0.0)
(9.808183803377172 -0.13436912503041973 0.0)
(9.948622464110867 -0.13758365981229584 0.0)
(10.000000000000007 -0.13865708675138508 0.0)
(9.962488647000262 -0.13758365981229637 0.0)
(9.836260641067282 -0.13436912503042095 0.0)
(9.621440604223645 -0.1290326487319774 0.0)
(9.318254809587376 -0.1216123779681543 0.0)
(8.92678937279119 -0.11217363411502441 0.0)
(8.447520095211352 -0.10081680185864499 0.0)
(7.880264396758983 -0.08770335576553391 0.0)
(7.2265901822072305 -0.07281619214937952 0.0)
(6.477069866183006 -0.055891354197984654 0.0)
(5.620904516225983 -0.038140586381686936 0.0)
(4.685689822288141 -0.022356024072882244 0.0)
(3.6842399466769753 -0.010631127350948793 0.0)
(2.585466830582824 -0.0036573659567502147 0.0)
(1.3598167609708227 -0.0007282645598331972 0.0)
(0.02360390977644371 -4.374342959962799e-05 0.0)
(-0.023595337348254444 -4.367504403521835e-05 0.0)
(1.2179990097002527 -0.0007273772595717383 0.0)
(2.392455556299848 -0.003654272607690124 0.0)
(3.516176836726372 -0.01062540415101312 0.0)
(4.55938355851935 -0.02234827607010075 0.0)
(5.49014062012473 -0.03812923850166802 0.0)
(6.321633750146856 -0.05587214682155848 0.0)
(7.083623520851913 -0.07278963143042305 0.0)
(7.76418273929504 -0.08767543663282676 0.0)
(8.352451819134949 -0.10079002272306552 0.0)
(8.850943490599258 -0.11214807063604373 0.0)
(9.259499869377851 -0.12158815409385074 0.0)
(9.57854488147235 -0.12900965495501707 0.0)
(9.80817556789938 -0.13434710828726085 0.0)
(9.94861880847023 -0.1375622609671854 0.0)
(10.000000000000007 -0.13863590210019264 0.0)
(9.9624923026409 -0.13756226096718588 0.0)
(9.836268876545075 -0.13434710828726207 0.0)
(9.621455118527667 -0.12900965495501726 0.0)
(9.31827790839993 -0.12158815409385293 0.0)
(8.926834287178531 -0.11214807063604602 0.0)
(8.447548180865066 -0.10079002272306907 0.0)
(7.880261705149398 -0.08767543663283149 0.0)
(7.227487590259187 -0.07278963143042667 0.0)
(6.478366249853171 -0.055872146821561004 0.0)
(5.620970490986367 -0.038129238501670853 0.0)
(4.685060885925029 -0.022348276070102605 0.0)
(3.6838231632735794 -0.010625404151013972 0.0)
(2.585322221477911 -0.0036542726076907233 0.0)
(1.359778768077525 -0.0007273772595719408 0.0)
(0.02359533734824212 -4.3675044035237436e-05 0.0)
(-0.023593815388023635 -4.36172863333579e-05 0.0)
(1.218011530412193 -0.0007266667444185338 0.0)
(2.392555804913507 -0.003652054974473031 0.0)
(3.516568357110598 -0.010622154003907851 0.0)
(4.560115243322411 -0.022345514495899357 0.0)
(5.490361277915977 -0.038125833326405165 0.0)
(6.320529855077552 -0.05586298732853911 0.0)
(7.0826328783685275 -0.07277321601320813 0.0)
(7.764110022073933 -0.08765676320597157 0.0)
(8.352415782714433 -0.10077176281610227 0.0)
(8.85088949197705 -0.11213036582552838 0.0)
(9.259471480371788 -0.12157116927211292 0.0)
(9.578527012450836 -0.12899338162660043 0.0)
(9.808165509131648 -0.13433142305639115 0.0)
(9.948614283291166 -0.13754695315830703 0.0)
(10.000000000000005 -0.13862072747817236 0.0)
(9.962496827819963 -0.13754695315830756 0.0)
(9.836278935312807 -0.13433142305639237 0.0)
(9.62147298754918 -0.12899338162660062 0.0)
(9.318306297405993 -0.12157116927211511 0.0)
(8.92688828580074 -0.11213036582553067 0.0)
(8.447584217285584 -0.10077176281610582 0.0)
(7.880334422370505 -0.0876567632059763 0.0)
(7.228478232742575 -0.07277321601321178 0.0)
(6.479470144922477 -0.05586298732854165 0.0)
(5.620749833195117 -0.03812583332640801 0.0)
(4.684329201121966 -0.022345514495901227 0.0)
(3.683431642889353 -0.010622154003908707 0.0)
(2.5852219728642516 -0.0036520549744736286 0.0)
(1.3597662473655847 -0.0007266667444187353 0.0)
(0.02359381538801134 -4.361728633337688e-05 0.0)
(-0.023599410767911815 -4.3572694261782404e-05 0.0)
(1.2179980288055996 -0.0007261642331093605 0.0)
(2.392607288295228 -0.003650810495844846 0.0)
(3.516917411786238 -0.01062151971514996 0.0)
(4.560917527673757 -0.022347860688794467 0.0)
(5.490858872959192 -0.03813052047306699 0.0)
(6.319666951738934 -0.055864278170290445 0.0)
(7.081592528472102 -0.0727676671611324 0.0)
(7.763965091083798 -0.08764815596117756 0.0)
(8.352373378901504 -0.10076282444465808 0.0)
(8.850828781720649 -0.11212129760046002 0.0)
(9.259439048533206 -0.12156216978493298 0.0)
(9.578506573843944 -0.12898454376700666 0.0)
(9.80815406903783 -0.13432275851815975 0.0)
(9.948609087401767 -0.1375384089827781 0.0)
(10.000000000000005 -0.1386122296304547 0.0)
(9.962502023709362 -0.13753840898277864 0.0)
(9.836290375406623 -0.13432275851816103 0.0)
(9.621493426156071 -0.12898454376700685 0.0)
(9.318338729244577 -0.1215621697849352 0.0)
(8.92694899605714 -0.11212129760046231 0.0)
(8.447626621098511 -0.10076282444466166 0.0)
(7.880479353360641 -0.08764815596118232 0.0)
(7.229518582639003 -0.07276766716113607 0.0)
(6.480333048261096 -0.05586427817029304 0.0)
(5.6202522381519 -0.03813052047306989 0.0)
(4.683526916770619 -0.022347860688796364 0.0)
(3.683082588213712 -0.010621519715150825 0.0)
(2.5851704894825307 -0.0036508104958454446 0.0)
(1.3597797489721783 -0.0007261642331095618 0.0)
(0.02359941076789956 -4.357269426180133e-05 0.0)
(-0.023611877637163155 -4.354322711453802e-05 0.0)
(1.2179590981163655 -0.0007258918050718253 0.0)
(2.392607744359404 -0.003650593851919781 0.0)
(3.5172086639294218 -0.010623529154227068 0.0)
(4.561755160666727 -0.02235521156136251 0.0)
(5.4916115418385 -0.038143093997004066 0.0)
(6.3190829545250615 -0.055875962629587474 0.0)
(7.080548182233819 -0.0727732286806047 0.0)
(7.763754314327198 -0.08764999308503446 0.0)
(8.35232647084213 -0.10076360034442193 0.0)
(8.850764027327653 -0.1121212644020583 0.0)
(9.259403998857758 -0.12156155105331351 0.0)
(9.57848446368667 -0.1289835296956179 0.0)
(9.80814175027472 -0.13432149537652524 0.0)
(9.948603449099906 -0.1375370038560402 0.0)
(10.000000000000005 -0.13861078193692197 0.0)
(9.962507662011221 -0.13753700385604067 0.0)
(9.836302694169733 -0.13432149537652652 0.0)
(9.621515536313346 -0.1289835296956181 0.0)
(9.318373778920025 -0.12156155105331573 0.0)
(8.927013750450136 -0.11212126440206062 0.0)
(8.447673529157885 -0.10076360034442554 0.0)
(7.880690130117243 -0.08764999308503925 0.0)
(7.230562928877289 -0.07277322868060844 0.0)
(6.480917045474968 -0.05587596262959014 0.0)
(5.619499569272588 -0.038143093997007035 0.0)
(4.682689283777647 -0.022355211561364448 0.0)
(3.6827913360705278 -0.010623529154227948 0.0)
(2.5851700334183554 -0.003650593851920384 0.0)
(1.3598186796614127 -0.0007258918050720267 0.0)
(0.023611877637150964 -4.354322711455693e-05 0.0)
(-0.023630668224350237 -4.353017962416603e-05 0.0)
(1.2178964488877542 -0.0007258614302955044 0.0)
(2.392557153067409 -0.0036514145616355666 0.0)
(3.5174293164538097 -0.010628094030062294 0.0)
(4.562591338240017 -0.02236724412971088 0.0)
(5.492586213660314 -0.03816300144057723 0.0)
(6.318803523205121 -0.05589752731266478 0.0)
(7.0795457263168124 -0.07278965620863395 0.0)
(7.76348695294921 -0.0876621938576809 0.0)
(8.352277119590621 -0.10077405642377767 0.0)
(8.850698073987626 -0.11213026768900028 0.0)
(9.259367871364063 -0.12156934026318988 0.0)
(9.578461653458875 -0.12899038396887583 0.0)
(9.808129094106231 -0.13432768913162016 0.0)
(9.948597616122255 -0.13754279951679152 0.0)
(10.000000000000005 -0.1386164480065795 0.0)
(9.962513494988874 -0.13754279951679205 0.0)
(9.836315350338221 -0.13432768913162144 0.0)
(9.62153834654114 -0.12899038396887608 0.0)
(9.31840990641372 -0.12156934026319213 0.0)
(8.927079703790163 -0.11213026768900265 0.0)
(8.447722880409394 -0.10077405642378133 0.0)
(7.880957491495231 -0.08766219385768577 0.0)
(7.2315653847942984 -0.07278965620863777 0.0)
(6.481196476794907 -0.05589752731266754 0.0)
(5.618524897450772 -0.03816300144058027 0.0)
(4.681853106204355 -0.022367244129712867 0.0)
(3.68257068354614 -0.010628094030063198 0.0)
(2.5852206247103506 -0.0036514145616361755 0.0)
(1.3598813288900242 -0.0007258614302957067 0.0)
(0.02363066822433812 -4.353017962418497e-05 0.0)
(-0.02365495690544848 -4.3534125073523675e-05 0.0)
(1.217812833812257 -0.0007260744433924999 0.0)
(2.3924577373080598 -0.0036532365645087347 0.0)
(3.5175696742911513 -0.010635013770362644 0.0)
(4.563389320280799 -0.022383429704799316 0.0)
(5.493740063127893 -0.038189368107135496 0.0)
(6.318840935480106 -0.05592802470679944 0.0)
(7.078629206800132 -0.07281622794969186 0.0)
(7.763174754319662 -0.08768422219948752 0.0)
(8.352227493550684 -0.10079373326172726 0.0)
(8.850633819569671 -0.11214791187332876 0.0)
(9.259332253428099 -0.12158519517093014 0.0)
(9.578439145400239 -0.12900480542255302 0.0)
(9.808116656621253 -0.1343410676411768 0.0)
(9.948591844759177 -0.13755554131430156 0.0)
(10.000000000000005 -0.1386289788826923 0.0)
(9.962519266351952 -0.1375555413143021 0.0)
(9.8363277878232 -0.13434106764117806 0.0)
(9.621560854599776 -0.12900480542255333 0.0)
(9.318445524349682 -0.12158519517093244 0.0)
(8.927143958208118 -0.11214791187333119 0.0)
(8.447772506449331 -0.10079373326173098 0.0)
(7.88126969012478 -0.08768422219949247 0.0)
(7.232481904310981 -0.07281622794969576 0.0)
(6.481159064519922 -0.05592802470680231 0.0)
(5.617371047983189 -0.03818936810713863 0.0)
(4.68105512416357 -0.022383429704801366 0.0)
(3.682430325708798 -0.010635013770363572 0.0)
(2.5853200404697003 -0.0036532365645093523 0.0)
(1.359964943965522 -0.0007260744433927039 0.0)
(0.02365495690543645 -4.3534125073542696e-05 0.0)
(-0.023683676480245306 -4.3554890106784174e-05 0.0)
(1.2177119267833219 -0.0007265214849570268 0.0)
(2.392313865227946 -0.0036559798050663003 0.0)
(3.517623570374852 -0.010643984334398626 0.0)
(4.56411404491807 -0.022403057122069112 0.0)
(5.495022392206541 -0.038221035493586755 0.0)
(6.319193547523096 -0.055966114812286576 0.0)
(7.077838893874617 -0.07285177639008797 0.0)
(7.762831435875183 -0.087715110225415 0.0)
(8.352179773199726 -0.10082176629400895 0.0)
(8.850574087295364 -0.11217342170186348 0.0)
(9.259298710036813 -0.12160841914089388 0.0)
(9.57841792847368 -0.1290261604043582 0.0)
(9.808104984300124 -0.13436104307796046 0.0)
(9.94858638859381 -0.1375746693972982 0.0)
(10.000000000000005 -0.1386478239814886 0.0)
(9.962524722517319 -0.13757466939729873 0.0)
(9.836339460144329 -0.1343610430779618 0.0)
(9.621582071526337 -0.1290261604043585 0.0)
(9.318479067740968 -0.12160841914089623 0.0)
(8.927203690482425 -0.11217342170186596 0.0)
(8.447820226800289 -0.10082176629401275 0.0)
(7.88161300856926 -0.08771511022542004 0.0)
(7.233272217236497 -0.07285177639009198 0.0)
(6.48080645247693 -0.05596611481228956 0.0)
(5.616088718904538 -0.03822103549358999 0.0)
(4.680330399526298 -0.022403057122071218 0.0)
(3.682376429625098 -0.010643984334399585 0.0)
(2.585463912549815 -0.0036559798050669282 0.0)
(1.3600658509944572 -0.0007265214849572326 0.0)
(0.023683676480233364 -4.355489010680332e-05 0.0)
(-0.023715565063165123 -4.3591562346374636e-05 0.0)
(1.2175981614711961 -0.000727182912800579 0.0)
(2.3921318583030606 -0.00365952375033678 0.0)
(3.517588636609594 -0.01065461157199768 0.0)
(4.564733669077112 -0.022425263988712762 0.0)
(5.496376857702496 -0.03825661219290419 0.0)
(6.319845866206007 -0.056010124019574954 0.0)
(7.0772095124443775 -0.07289473959638529 0.0)
(7.7624720824001425 -0.08775350077211219 0.0)
(8.352136055282667 -0.10085692380046925 0.0)
(8.850521501691558 -0.1122056763194075 0.0)
(9.259268715025453 -0.12163799175432796 0.0)
(9.578398934912135 -0.12905351061545864 0.0)
(9.808094590003279 -0.13438673775782303 0.0)
(9.948581487360077 -0.1375993433128084 0.0)
(10.000000000000005 -0.13867215528380342 0.0)
(9.962529623751053 -0.13759934331280893 0.0)
(9.836349854441174 -0.13438673775782436 0.0)
(9.62160106508788 -0.129053510615459 0.0)
(9.31850906275233 -0.12163799175433038 0.0)
(8.927256276086231 -0.1122056763194101 0.0)
(8.44786394471735 -0.10085692380047316 0.0)
(7.881972362044301 -0.08775350077211734 0.0)
(7.233901598666737 -0.07289473959638944 0.0)
(6.480154133794015 -0.05601012401957806 0.0)
(5.614734253408579 -0.03825661219290752 0.0)
(4.679710775367254 -0.022425263988714937 0.0)
(3.6824113633903566 -0.01065461157199867 0.0)
(2.5856459194747003 -0.0036595237503374194 0.0)
(1.3601796163065831 -0.0007271829128007872 0.0)
(0.02371556506315328 -4.3591562346393914e-05 0.0)
(-0.02374922152821295 -4.364253048117739e-05 0.0)
(1.2174765365155669 -0.0007280296649937586 0.0)
(2.391919713584712 -0.003663712685848454 0.0)
(3.5174664079211126 -0.010666428541781688 0.0)
(4.56522096760595 -0.02244907457563627 0.0)
(5.497743946879791 -0.038294535030005517 0.0)
(6.320769229839298 -0.05605811864460889 0.0)
(7.076768716378037 -0.07294322984389809 0.0)
(7.762112483228813 -0.08779770702919068 0.0)
(8.3520982606848 -0.10089766102459315 0.0)
(8.850478373273486 -0.11224325851707417 0.0)
(9.25924358631994 -0.12167261364469967 0.0)
(9.578382999257952 -0.12908565433761446 0.0)
(9.808085930437105 -0.1344170227035383 0.0)
(9.94857735640922 -0.13762847893412425 0.0)
(10.000000000000005 -0.13870090371672586 0.0)
(9.962533754701909 -0.13762847893412483 0.0)
(9.836358514007348 -0.1344170227035397 0.0)
(9.621617000742063 -0.12908565433761482 0.0)
(9.318534191457841 -0.12167261364470214 0.0)
(8.927299404504305 -0.11224325851707682 0.0)
(8.447901739315215 -0.10089766102459717 0.0)
(7.882331961215632 -0.08779770702919594 0.0)
(7.234342394733077 -0.07294322984390238 0.0)
(6.479230770160721 -0.05605811864461214 0.0)
(5.61336716423128 -0.038294535030008944 0.0)
(4.679223476838416 -0.022449074575638515 0.0)
(3.6825335920788382 -0.010666428541782713 0.0)
(2.58585806419305 -0.0036637126858491053 0.0)
(1.3603012412622129 -0.0007280296649939695 0.0)
(0.02374922152820119 -4.3642530481196845e-05 0.0)
(-0.02378316707188734 -4.370555506459279e-05 0.0)
(1.2173523958944779 -0.0007290245367942871 0.0)
(2.3916867523237157 -0.003668362557438379 0.0)
(3.517262254814369 -0.010678916027716874 0.0)
(4.565554529498712 -0.02247344268921046 0.0)
(5.499063592340995 -0.03833313774480637 0.0)
(6.321923067514166 -0.056107989891368094 0.0)
(7.076535873448338 -0.07299511655986107 0.0)
(7.761768438490916 -0.08784578665458753 0.0)
(8.352068050031615 -0.1009421880472793 0.0)
(8.85044659702493 -0.11228451700185263 0.0)
(9.259224428029626 -0.12171076358948499 0.0)
(9.578370821694623 -0.12912117923447933 0.0)
(9.8080793860871 -0.1344505672499964 0.0)
(9.948574177247666 -0.1376607960953473 0.0)
(10.000000000000005 -0.13873280612670716 0.0)
(9.962536933863461 -0.13766079609534793 0.0)
(9.836365058357355 -0.13445056724999785 0.0)
(9.621629178305392 -0.12912117923447974 0.0)
(9.318553349748155 -0.12171076358948754 0.0)
(8.927331180752859 -0.11228451700185536 0.0)
(8.447931949968401 -0.1009421880472834 0.0)
(7.88267600595353 -0.0878457866545929 0.0)
(7.234575237662775 -0.07299511655986547 0.0)
(6.478076932485849 -0.05610798989137147 0.0)
(5.612047518770074 -0.0383331377448099 0.0)
(4.678889914945654 -0.02247344268921276 0.0)
(3.6827377451855825 -0.01067891602771793 0.0)
(2.586091025454047 -0.0036683625574390434 0.0)
(1.360425381883302 -0.0007290245367945009 0.0)
(0.02378316707187567 -4.3705555064612446e-05 0.0)
(-0.023815910189100866 -4.3777866911725766e-05 0.0)
(1.2172311941197107 -0.0007301238153553155 0.0)
(2.39144321041169 -0.0036732690582555946 0.0)
(3.516985147403386 -0.010691525352516457 0.0)
(4.565719698656065 -0.02249729763910507 0.0)
(5.500277811278766 -0.03837072420464008 0.0)
(6.323256681714064 -0.05615754650850683 0.0)
(7.076521214347637 -0.07304811993689889 0.0)
(7.761455064882821 -0.087895627117522 0.0)
(8.352046750723941 -0.10098854843261075 0.0)
(8.850427569136126 -0.11232763895140202 0.0)
(9.259212081934736 -0.12175076534990345 0.0)
(9.578362937282002 -0.129158524407076 0.0)
(9.808075244500026 -0.13448589751119397 0.0)
(9.948572089561956 -0.137694874839536 0.0)
(10.000000000000005 -0.1387664607802165 0.0)
(9.962539021549173 -0.13769487483953657 0.0)
(9.836369199944428 -0.1344858975111954 0.0)
(9.621637062718015 -0.12915852440707648 0.0)
(9.318565695843045 -0.12175076534990606 0.0)
(8.927350208641663 -0.11232763895140484 0.0)
(8.447953249276074 -0.10098854843261494 0.0)
(7.882989379561625 -0.08789562711752748 0.0)
(7.234589896763476 -0.07304811993690342 0.0)
(6.476743318285948 -0.05615754650851031 0.0)
(5.610833299832301 -0.0383707242046437 0.0)
(4.678724745788302 -0.022497297639107426 0.0)
(3.6830148525965667 -0.010691525352517545 0.0)
(2.5863345673660736 -0.003673269058256271 0.0)
(1.3605465836580695 -0.0007301238153555324 0.0)
(0.023815910189089264 -4.377786691174564e-05 0.0)
(-0.023846012207185 -4.3856288772304105e-05 0.0)
(1.2171182565755165 -0.0007312792003879455 0.0)
(2.3911997886347014 -0.0036782166056303824 0.0)
(3.516647261280849 -0.010703702485516851 0.0)
(4.565709217847403 -0.022519591282463138 0.0)
(5.5013332531343275 -0.038405642929224035 0.0)
(6.324711475870827 -0.05620461106892929 0.0)
(7.076725383170001 -0.0730999111035914 0.0)
(7.761186131467568 -0.08794503851923327 0.0)
(8.352035298614394 -0.10103470519006998 0.0)
(8.850422125657694 -0.1123707296661485 0.0)
(9.259207090500096 -0.12179086132178338 0.0)
(9.578359692446753 -0.12919604897684164 0.0)
(9.808073687649646 -0.13452146114008875 0.0)
(9.948571185081182 -0.1377292178090159 0.0)
(10.000000000000005 -0.13880038895334815 0.0)
(9.962539926029947 -0.13772921780901654 0.0)
(9.836370756794809 -0.13452146114009025 0.0)
(9.621640307553264 -0.12919604897684223 0.0)
(9.318570687277687 -0.12179086132178604 0.0)
(8.927355652120095 -0.1123707296661514 0.0)
(8.44796470138562 -0.10103470519007425 0.0)
(7.883258312976879 -0.08794503851923886 0.0)
(7.234385727941111 -0.07309991110359605 0.0)
(6.475288524129181 -0.05620461106893287 0.0)
(5.609777857976737 -0.038405642929227726 0.0)
(4.678735226596964 -0.02251959128246555 0.0)
(3.6833527387191047 -0.01070370248551797 0.0)
(2.5865779891430627 -0.0036782166056310702 0.0)
(1.3606595212022639 -0.0007312792003881654 0.0)
(0.023846012207173462 -4.385628877232418e-05 0.0)
(-0.02387215049853521 -4.3937374933242706e-05 0.0)
(1.2170185455309737 -0.0007324399263875608 0.0)
(2.390967182500303 -0.003682987813382374 0.0)
(3.516263442544836 -0.010714912385771456 0.0)
(4.565523547580286 -0.02253934407738058 0.0)
(5.502183543723424 -0.038436359653682015 0.0)
(6.326223528990677 -0.056247115641952665 0.0)
(7.077139409110891 -0.07314821445082342 0.0)
(7.760973454687424 -0.08799184981312577 0.0)
(8.352034196887717 -0.10107863027617557 0.0)
(8.850430505766116 -0.11241189581891833 0.0)
(9.25920967304021 -0.12182928976147389 0.0)
(9.578361229761002 -0.12923210418283007 0.0)
(9.808074783941116 -0.13455569553588906 0.0)
(9.948571503546571 -0.13776231603653685 0.0)
(10.000000000000005 -0.1388330999042445 0.0)
(9.962539607564558 -0.1377623160365375 0.0)
(9.836369660503337 -0.13455569553589056 0.0)
(9.621638770239013 -0.12923210418283065 0.0)
(9.318568104737572 -0.12182928976147661 0.0)
(8.927347272011673 -0.11241189581892129 0.0)
(8.447965803112298 -0.10107863027617993 0.0)
(7.883470989757023 -0.08799184981313145 0.0)
(7.233971702000219 -0.07314821445082818 0.0)
(6.473776471009327 -0.05624711564195634 0.0)
(5.6089275673876395 -0.03843635965368576 0.0)
(4.678920896864083 -0.022539344077383026 0.0)
(3.683736557455119 -0.010714912385772596 0.0)
(2.586810595277461 -0.003682987813383073 0.0)
(1.360759232246807 -0.0007324399263877833 0.0)
(0.02387215049852372 -4.393737493326299e-05 0.0)
(-0.023893176594448232 -4.401756261697289e-05 0.0)
(1.2169364421069633 -0.0007335549931772261 0.0)
(2.3907556122965006 -0.0036873730433716273 0.0)
(3.5158505554884316 -0.010724662510771015 0.0)
(4.565170845866575 -0.022555688122185436 0.0)
(5.502791322833133 -0.038461524741336 0.0)
(6.327726404225752 -0.05628319265439826 0.0)
(7.077745100627903 -0.07319090761788608 0.0)
(7.760826379171026 -0.08803400419658472 0.0)
(8.352043493951761 -0.10111839370300278 0.0)
(8.850452341254762 -0.11244932864427018 0.0)
(9.25921971608299 -0.12186436219363786 0.0)
(9.578367481677976 -0.12926510582525116 0.0)
(9.808078485205396 -0.13458709650187342 0.0)
(9.948573030965338 -0.137792715246533 0.0)
(10.000000000000005 -0.1388631563735662 0.0)
(9.96253808014579 -0.13779271524653364 0.0)
(9.836365959239059 -0.13458709650187492 0.0)
(9.621632518322041 -0.1292651058252518 0.0)
(9.318558061694791 -0.12186436219364061 0.0)
(8.927325436523027 -0.11244932864427319 0.0)
(8.447956506048254 -0.10111839370300722 0.0)
(7.883618065273421 -0.08803400419659048 0.0)
(7.233366010483205 -0.07319090761789089 0.0)
(6.472273595774248 -0.056283192654401994 0.0)
(5.608319788277931 -0.03846152474133979 0.0)
(4.679273598577796 -0.022555688122187903 0.0)
(3.684149444511524 -0.010724662510772172 0.0)
(2.5870221654812644 -0.0036873730433723342 0.0)
(1.3608413356708176 -0.000733554993177451 0.0)
(0.02389317659443677 -4.401756261699336e-05 0.0)
(-0.023908166646735788 -4.409332852337075e-05 0.0)
(1.2168755537777325 -0.0007345754067621611 0.0)
(2.390574374030991 -0.003691179616614965 0.0)
(3.5154267416135387 -0.010732524457860396 0.0)
(4.564666609774322 -0.022567905289449564 0.0)
(5.503129885761274 -0.03848003248427269 0.0)
(6.329154067987654 -0.05631125694834024 0.0)
(7.078515844743862 -0.07322611474512353 0.0)
(7.760751367147499 -0.08806964948312015 0.0)
(8.352062781310543 -0.10115224833832194 0.0)
(8.850486672712208 -0.11248138341233951 0.0)
(9.259236778355511 -0.12189453759976918 0.0)
(9.578378173499877 -0.12929360387231184 0.0)
(9.808084628815703 -0.1346142843370429 0.0)
(9.948575700225499 -0.13781907975333094 0.0)
(10.000000000000005 -0.138889237735038 0.0)
(9.96253541088563 -0.13781907975333157 0.0)
(9.83635981562875 -0.13461428433704445 0.0)
(9.621621826500139 -0.12929360387231248 0.0)
(9.318540999422272 -0.12189453759977195 0.0)
(8.927291105065581 -0.11248138341234255 0.0)
(8.447937218689471 -0.10115224833832641 0.0)
(7.8836930772969485 -0.08806964948312597 0.0)
(7.232595266367244 -0.0732261147451284 0.0)
(6.470845932012343 -0.056311256948344 0.0)
(5.60798122534979 -0.038480032484276505 0.0)
(4.679777834670051 -0.022567905289452045 0.0)
(3.6845732583864184 -0.010732524457861563 0.0)
(2.587203403746774 -0.003691179616615679 0.0)
(1.3609022240000486 -0.0007345754067623879 0.0)
(0.02390816664672434 -4.4093328523391386e-05 0.0)
(-0.023916462019923892 -4.416134363711899e-05 0.0)
(1.2168385558650752 -0.0007354563320362369 0.0)
(2.3904314309815957 -0.0036942402792480037 0.0)
(3.515010622526474 -0.010738152787467519 0.0)
(4.564032994514946 -0.02257545877919406 0.0)
(5.503184356672167 -0.03849106968612642 0.0)
(6.330443791342523 -0.05633007543004496 0.0)
(7.079417776372348 -0.07325228889577462 0.0)
(7.760751714507925 -0.08809721948405297 0.0)
(8.352091211512803 -0.10117870667139243 0.0)
(8.850531991677018 -0.11250665169525986 0.0)
(9.259260110172733 -0.12191849012772676 0.0)
(9.578392835447612 -0.12931634617195994 0.0)
(9.80809294483304 -0.13463606445765894 0.0)
(9.948579394044645 -0.13784025114873447 0.0)
(10.000000000000005 -0.13891019802135138 0.0)
(9.962531717066485 -0.1378402511487351 0.0)
(9.836351499611414 -0.1346360644576605 0.0)
(9.621607164552405 -0.12931634617196058 0.0)
(9.31851766760505 -0.12191849012772957 0.0)
(8.927245786100771 -0.11250665169526296 0.0)
(8.447908788487211 -0.10117870667139693 0.0)
(7.883692729936522 -0.08809721948405881 0.0)
(7.231693334738755 -0.07325228889577952 0.0)
(6.469556208657472 -0.05633007543004873 0.0)
(5.607926754438898 -0.038491069686130225 0.0)
(4.680411449929428 -0.02257545877919654 0.0)
(3.684989377473484 -0.01073815278746869 0.0)
(2.5873463467961693 -0.003694240279248721 0.0)
(1.3609392219127057 -0.0007354563320364653 0.0)
(0.023916462019912436 -4.416134363713976e-05 0.0)
(-0.023917698230490624 -4.421861949854964e-05 0.0)
(1.2168270739895883 -0.0007361590627545184 0.0)
(2.3903330638043983 -0.0036964205513539718 0.0)
(3.5146204817386555 -0.010741300201086185 0.0)
(4.563297839983779 -0.02257801670489826 0.0)
(5.502952342213641 -0.038494151392439724 0.0)
(6.331538906205627 -0.05633882124985375 0.0)
(7.080411266287643 -0.073268280025544 0.0)
(7.7608274059899225 -0.08811550282398004 0.0)
(8.352127535387465 -0.10119660617146327 0.0)
(8.85058630691679 -0.11252402325090677 0.0)
(9.259288686377289 -0.12193516734725207 0.0)
(9.578410823302022 -0.12933233346915476 0.0)
(9.80810306786682 -0.1346514798850673 0.0)
(9.948583950123117 -0.13785529920036152 0.0)
(10.000000000000007 -0.13892511627587137 0.0)
(9.962527160988012 -0.13785529920036216 0.0)
(9.836341376577634 -0.13465147988506884 0.0)
(9.621589176697993 -0.1293323334691554 0.0)
(9.318489091400494 -0.1219351673472549 0.0)
(8.927191470861 -0.11252402325090984 0.0)
(8.44787246461255 -0.10119660617146777 0.0)
(7.883617038454524 -0.08811550282398588 0.0)
(7.230699844823456 -0.07326828002554887 0.0)
(6.468461093794365 -0.0563388212498575 0.0)
(5.608158768897426 -0.0384941513924435 0.0)
(4.681146604460598 -0.022578016704900727 0.0)
(3.685379518261303 -0.010741300201087352 0.0)
(2.587444713973367 -0.003696420551354691 0.0)
(1.3609507037881925 -0.0007361590627547476 0.0)
(0.023917698230479133 -4.421861949857052e-05 0.0)
(-0.023911820961605258 -4.426263951109468e-05 0.0)
(1.2168416126438748 -0.0007366527222148538 0.0)
(2.3902835945732064 -0.003697624635765228 0.0)
(3.5142734613225572 -0.01074182840712002 0.0)
(4.562493447525991 -0.02257546667598633 0.0)
(5.502444036676543 -0.03848914219867501 0.0)
(6.332391295233339 -0.05633711013244424 0.0)
(7.081452662360409 -0.0732733855134445 0.0)
(7.760975115848246 -0.0881236961663934 0.0)
(8.35217015692993 -0.10120516036724757 0.0)
(8.850647231919254 -0.11253273480490544 0.0)
(9.259321251383032 -0.12194383649182933 0.0)
(9.57843134670969 -0.12934086331130548 0.0)
(9.808114553129457 -0.13465985329358934 0.0)
(9.948589168275165 -0.1378635627243532 0.0)
(10.000000000000007 -0.13893333701778662 0.0)
(9.962521942835965 -0.1378635627243539 0.0)
(9.836329891314996 -0.13465985329359084 0.0)
(9.621568653290325 -0.12934086331130612 0.0)
(9.318456526394751 -0.12194383649183213 0.0)
(8.927130545858535 -0.11253273480490851 0.0)
(8.447829843070085 -0.10120516036725204 0.0)
(7.8834693285962 -0.08812369616639922 0.0)
(7.229658448750689 -0.07327338551344938 0.0)
(6.467608704766652 -0.056337110132447944 0.0)
(5.608667074434526 -0.038489142198678744 0.0)
(4.6819509969183875 -0.022575466675988767 0.0)
(3.685726538677402 -0.01074182840712118 0.0)
(2.587494183204559 -0.003697624635765946 0.0)
(1.3609361651339058 -0.0007366527222150832 0.0)
(0.023911820961593718 -4.4262639511115597e-05 0.0)
(-0.023899088449710455 -4.429146951593518e-05 0.0)
(1.2168815330260634 -0.0007369156199236803 0.0)
(2.390285196875537 -0.003697799627215552 0.0)
(3.5139848087204064 -0.010739714197162225 0.0)
(4.561655160674586 -0.022567920736063504 0.0)
(5.501681774076257 -0.038476262199642244 0.0)
(6.332963506011183 -0.056325017261185016 0.0)
(7.082496207552386 -0.07326738103367805 0.0)
(7.761188353981949 -0.08812143951081669 0.0)
(8.352217203427594 -0.10120399340303203 0.0)
(8.85071208975126 -0.11253240358751054 0.0)
(9.259356374343184 -0.12194411665510549 0.0)
(9.578453503909632 -0.12934156091275298 0.0)
(9.808126895979523 -0.13466081677097333 0.0)
(9.948594819224734 -0.1378646786365831 0.0)
(10.000000000000007 -0.13893449904273683 0.0)
(9.962516291886395 -0.13786467863658375 0.0)
(9.836317548464931 -0.13466081677097483 0.0)
(9.621546496090383 -0.12934156091275362 0.0)
(9.318421403434598 -0.12194411665510826 0.0)
(8.927065688026527 -0.11253240358751358 0.0)
(8.44778279657242 -0.10120399340303647 0.0)
(7.8832560904624955 -0.08812143951082248 0.0)
(7.228614903558708 -0.07326738103368287 0.0)
(6.467036493988809 -0.05632501726118865 0.0)
(5.609429337034815 -0.03847626219964592 0.0)
(4.682789283769796 -0.0225679207360659 0.0)
(3.6860151912795533 -0.010739714197163365 0.0)
(2.587492580902228 -0.0036977996272162658 0.0)
(1.360896244751717 -0.0007369156199239093 0.0)
(0.023899088449698857 -4.429146951595612e-05 0.0)
(-0.02388006013808541 -4.4303842775401494e-05 0.0)
(1.2169450811075928 -0.0007369362046366297 0.0)
(2.3903378003091587 -0.0036969378369007544 0.0)
(3.513767206799467 -0.010735050465730502 0.0)
(4.560819812220209 -0.02255571043992508 0.0)
(5.5006990468369175 -0.03845607731893563 0.0)
(6.3332303966444075 -0.05630307397471591 0.0)
(7.083496050396953 -0.0732505304121007 0.0)
(7.761457751097544 -0.08810883201056754 0.0)
(8.35226660774342 -0.10119315655308937 0.0)
(8.850778030678327 -0.11252304415180844 0.0)
(9.259392512019133 -0.12193599552721879 0.0)
(9.578476321355017 -0.12933439562216578 0.0)
(9.808139554094765 -0.1346543279837856 0.0)
(9.948600654679439 -0.13785859790590924 0.0)
(10.000000000000007 -0.1389285512934715 0.0)
(9.96251045643169 -0.13785859790590987 0.0)
(9.836304890349687 -0.1346543279837871 0.0)
(9.621523678645 -0.12933439562216636 0.0)
(9.31838526575865 -0.12193599552722154 0.0)
(8.926999747099462 -0.1125230441518114 0.0)
(8.447733392256595 -0.10119315655309376 0.0)
(7.8829866933469 -0.08810883201057325 0.0)
(7.22761506071414 -0.0732505304121054 0.0)
(6.466769603355584 -0.056303073974719446 0.0)
(5.610412064274158 -0.03845607731893923 0.0)
(4.6836246322241735 -0.022555710439927427 0.0)
(3.6862327932004932 -0.010735050465731625 0.0)
(2.5874399774686063 -0.003696937836901462 0.0)
(1.3608326966701874 -0.0007369362046368578 0.0)
(0.02388006013807373 -4.43038427754224e-05 0.0)
(-0.023855572095931598 -4.429921563110888e-05 0.0)
(1.2170294647020186 -0.0007367135718990737 0.0)
(2.3904390935754316 -0.0036950771303106674 0.0)
(3.513630216590053 -0.010728042128651912 0.0)
(4.560024105845721 -0.022539372285645284 0.0)
(5.499539034195573 -0.03842947444328623 0.0)
(6.333180240446855 -0.05627224442090028 0.0)
(7.084408259628679 -0.07322357403419716 0.0)
(7.761771470378621 -0.0880864276161421 0.0)
(8.352316199142154 -0.1011731259687806 0.0)
(8.850842157376754 -0.11250506773428126 0.0)
(9.25942807658751 -0.12191982993567138 0.0)
(9.578498796489038 -0.12931968226930382 0.0)
(9.808151971300761 -0.13464067203746435 0.0)
(9.948606418240074 -0.1378455877085131 0.0)
(10.000000000000007 -0.13891575510321222 0.0)
(9.962504692871056 -0.13784558770851374 0.0)
(9.836292473143693 -0.13464067203746585 0.0)
(9.621501203510979 -0.1293196822693044 0.0)
(9.318349701190273 -0.12191982993567407 0.0)
(8.926935620401036 -0.11250506773428419 0.0)
(8.447683800857861 -0.10117312596878493 0.0)
(7.882672974065822 -0.08808642761614772 0.0)
(7.226702851482411 -0.07322357403420178 0.0)
(6.466819759553139 -0.05627224442090371 0.0)
(5.611572076915506 -0.03842947444328973 0.0)
(4.684420338598664 -0.02253937228564757 0.0)
(3.686369783409907 -0.010728042128653007 0.0)
(2.5873386842023325 -0.0036950771303113665 0.0)
(1.3607483130757612 -0.0007367135718993005 0.0)
(0.023855572095919843 -4.4299215631129716e-05 0.0)
(-0.02382670028302167 -4.427779139131245e-05 0.0)
(1.2171309761485771 -0.0007362575037862059 0.0)
(2.3905846260335473 -0.003692299263488791 0.0)
(3.51357985719135 -0.010718997119436295 0.0)
(4.559303003433512 -0.022519624141833356 0.0)
(5.498252704985501 -0.03839762245438148 0.0)
(6.332815241190086 -0.056233883193931695 0.0)
(7.085192754442763 -0.0731876963138973 0.0)
(7.762115727573902 -0.08805521073564376 0.0)
(8.35236379866846 -0.10114478175733536 0.0)
(8.850901652236725 -0.11247926418582826 0.0)
(9.259461505406241 -0.1218963301669817 0.0)
(9.578519941795422 -0.12929806733197455 0.0)
(9.808163602008191 -0.1346204489493081 0.0)
(9.94861185666633 -0.1378262196886668 0.0)
(10.000000000000007 -0.13889667271314907 0.0)
(9.962499254444799 -0.13782621968866737 0.0)
(9.836280842436262 -0.13462044894930955 0.0)
(9.621480058204595 -0.12929806733197502 0.0)
(9.31831627237154 -0.12189633016698434 0.0)
(8.926876125541064 -0.11247926418583111 0.0)
(8.447636201331555 -0.10114478175733961 0.0)
(7.88232871687054 -0.0880552107356493 0.0)
(7.225918356668327 -0.07318769631390178 0.0)
(6.4671847588099105 -0.056233883193935 0.0)
(5.612858406125581 -0.03839762245438488 0.0)
(4.685141441010875 -0.02251962414183558 0.0)
(3.68642014280861 -0.010718997119437359 0.0)
(2.5871931517442164 -0.00369229926348948 0.0)
(1.3606468016292024 -0.0007362575037864306 0.0)
(0.02382670028300982 -4.427779139133318e-05 0.0)
(-0.023794713273995387 -4.424051139791433e-05 0.0)
(1.2172451552200165 -0.000735588039096552 0.0)
(2.39076800325354 -0.0036887262908213165 0.0)
(3.5136183413032067 -0.010708312859241207 0.0)
(4.5586881889043545 -0.022497333705800187 0.0)
(5.496896578158919 -0.038361920870342306 0.0)
(6.332151436273695 -0.05618967581594327 0.0)
(7.085815065572265 -0.07314447365259458 0.0)
(7.762475396652027 -0.08801655298169195 0.0)
(8.35240731488623 -0.10110936931155028 0.0)
(8.85095390116294 -0.11244676726716218 0.0)
(9.259491329674193 -0.12186652875799442 0.0)
(9.578538828188092 -0.12927050053098074 0.0)
(9.808173935185053 -0.13459454728481327 0.0)
(9.948616731003705 -0.13780134484172954 0.0)
(10.000000000000007 -0.13887214256859118 0.0)
(9.962494380107424 -0.13780134484173012 0.0)
(9.836270509259402 -0.1345945472848147 0.0)
(9.621461171811925 -0.1292705005309812 0.0)
(9.31828644810359 -0.121866528757997 0.0)
(8.926823876614849 -0.11244676726716497 0.0)
(8.447592685113785 -0.10110936931155444 0.0)
(7.881969047792415 -0.08801655298169737 0.0)
(7.2252960455388235 -0.07314447365259895 0.0)
(6.467848563726304 -0.05618967581594645 0.0)
(5.614214532952166 -0.038361920870345595 0.0)
(4.685756255540032 -0.02249733370580235 0.0)
(3.6863816586967526 -0.010708312859242236 0.0)
(2.5870097745242226 -0.003688726290821994 0.0)
(1.3605326225577625 -0.0007355880390967742 0.0)
(0.023794713273983453 -4.4240511397934894e-05 0.0)
(-0.023761016519510795 -4.418901366562258e-05 0.0)
(1.2173669850968225 -0.0007347345928838247 0.0)
(2.390981167975843 -0.0036845152021906837 0.0)
(3.5137439780041535 -0.010696458794913322 0.0)
(4.5582066760838895 -0.022473480378525878 0.0)
(5.495530239447624 -0.03832393835345717 0.0)
(6.331217992071313 -0.05614156467824873 0.0)
(7.086247849804642 -0.07309580517495304 0.0)
(7.762834674411699 -0.08797215290527297 0.0)
(8.352444835772472 -0.10106844458950791 0.0)
(8.850996608433165 -0.1124090048334378 0.0)
(9.259516238967588 -0.12183173512810028 0.0)
(9.578554625833506 -0.12923819310112603 0.0)
(9.808182516810456 -0.13456410511573205 0.0)
(9.948620827082735 -0.13777205612296847 0.0)
(10.000000000000007 -0.13884324247921373 0.0)
(9.962490284028394 -0.1377720561229691 0.0)
(9.836261927633998 -0.13456410511573344 0.0)
(9.62144537416651 -0.1292381931011265 0.0)
(9.318261538810194 -0.1218317351281028 0.0)
(8.926781169344624 -0.1124090048334405 0.0)
(8.447555164227543 -0.10106844458951196 0.0)
(7.881609770032742 -0.08797215290527825 0.0)
(7.224863261306446 -0.07309580517495727 0.0)
(6.46878200792869 -0.056141564678251786 0.0)
(5.615580871663465 -0.03832393835346036 0.0)
(4.686237768360498 -0.02247348037852797 0.0)
(3.6862560219958054 -0.010696458794914316 0.0)
(2.5867966098019197 -0.003684515202191348 0.0)
(1.3604107926809563 -0.0007347345928840444 0.0)
(0.023761016519498763 -4.418901366564297e-05 0.0)
)
