(
(-0.0199772548217745 5.5115876667399085e-05 0.0)
(1.2102449627824783 0.0007054522288631258 0.0)
(2.3302897725831713 0.002434906698922253 0.0)
(3.3723743878943044 0.004462304573786389 0.0)
(4.3522046244771175 0.005520938454467408 0.0)
(5.270224950314313 0.005733673972429452 0.0)
(6.1382464061776485 0.006658234490178526 0.0)
(6.946548161142447 0.008899931673572269 0.0)
(7.655891936838125 0.011357514582172504 0.0)
(8.263351923566283 0.013418411386673539 0.0)
(8.779523470214958 0.01516352494849273 0.0)
(9.204266499849496 0.01661016811404177 0.0)
(9.53821914849886 0.01774572005233633 0.0)
(9.781813401551108 0.018561552444343248 0.0)
(9.935594728036047 0.019053120328022283 0.0)
(10.000000000000004 0.01921706537551709 0.0)
(9.97551638307505 0.01905312032802064 0.0)
(9.86263104289335 0.018561552444340067 0.0)
(9.661780851501137 0.017745720052332197 0.0)
(9.37351127792827 0.016610168114036233 0.0)
(8.998254307562823 0.01516352494848677 0.0)
(8.536648076433698 0.013418411386666013 0.0)
(7.988552507606318 0.011357514582164276 0.0)
(7.364562949968688 0.008899931673565077 0.0)
(6.661753593822368 0.006658234490171473 0.0)
(5.840886160796803 0.0057336739724223275 0.0)
(4.892239819967343 0.005520938454463351 0.0)
(3.827625612105694 0.00446230457378498 0.0)
(2.6474880051946137 0.002434906698921998 0.0)
(1.3675328149953143 0.000705452228862965 0.0)
(0.019977254821778413 5.511587666738333e-05 0.0)
(-0.019989246494431196 5.513309028701401e-05 0.0)
(1.2102061068158647 0.0007055793459646029 0.0)
(2.330272015203465 0.0024347079894714314 0.0)
(3.372577063093218 0.004459826625295013 0.0)
(4.352859045126317 0.005513529595607901 0.0)
(5.270892231749468 0.00572124044104799 0.0)
(6.137897858548314 0.00664559256287882 0.0)
(6.945746461595224 0.00889172741123363 0.0)
(7.655707053689195 0.01135240064915101 0.0)
(8.263314379652371 0.013414369741062238 0.0)
(8.77947241394209 0.015160344341479677 0.0)
(9.204238712388815 0.01660766836630078 0.0)
(9.538201612364164 0.017743720890933234 0.0)
(9.781803649902816 0.01855989402936824 0.0)
(9.93559025042259 0.019051663809268593 0.0)
(10.000000000000004 0.019215673019588143 0.0)
(9.975520860688507 0.019051663809266945 0.0)
(9.862640794541642 0.018559894029365046 0.0)
(9.661798387635832 0.01774372089092909 0.0)
(9.373539065388949 0.016607668366295222 0.0)
(8.99830536383569 0.015160344341473689 0.0)
(8.53668562034761 0.013414369741054675 0.0)
(7.988737390755249 0.011352400649142736 0.0)
(7.365364649515913 0.008891727411226387 0.0)
(6.662102141451704 0.006645592562871704 0.0)
(5.840218879361646 0.00572124044104081 0.0)
(4.891585399318142 0.005513529595603809 0.0)
(3.82742293690678 0.004459826625293588 0.0)
(2.64750576257432 0.002434707989471173 0.0)
(1.3675716709619279 0.0007055793459644415 0.0)
(0.019989246494435165 5.5133090286998244e-05 0.0)
(-0.02000588965097377 5.5137262109063435e-05 0.0)
(1.210149682336826 0.0007055167303903296 0.0)
(2.33021513317604 0.0024337109792202808 0.0)
(3.372721096875753 0.004455421777989483 0.0)
(4.353499290699308 0.005502647767716024 0.0)
(5.271717898725171 0.005703382972131237 0.0)
(6.137791804730919 0.0066255616060934336 0.0)
(6.944993145276943 0.008875283248929623 0.0)
(7.655482096086706 0.011339373705763052 0.0)
(8.26327569488057 0.013402922280968989 0.0)
(8.779421448522678 0.015150238567337548 0.0)
(9.20421064546721 0.01659871597471598 0.0)
(9.538183884492296 0.017735676414340713 0.0)
(9.78179383176669 0.018552501707994457 0.0)
(9.935585711537742 0.019044667426633494 0.0)
(10.000000000000004 0.019208806822737772 0.0)
(9.975525399573355 0.019044667426631846 0.0)
(9.862650612677767 0.018552501707991248 0.0)
(9.6618161155077 0.01773567641433654 0.0)
(9.373567132310555 0.01659871597471039 0.0)
(8.998356329255103 0.015150238567331518 0.0)
(8.536724305119412 0.013402922280961377 0.0)
(7.988962348357738 0.011339373705754724 0.0)
(7.366117965834196 0.00887528324892231 0.0)
(6.6622081952690975 0.00662556160608624 0.0)
(5.83939321238594 0.00570338297212399 0.0)
(4.8909451537451485 0.005502647767711891 0.0)
(3.8272789031242445 0.00445542177798804 0.0)
(2.6475626446017455 0.002433710979220017 0.0)
(1.3676280954409668 0.0007055167303901673 0.0)
(0.020005889650977802 5.5137262109047626e-05 0.0)
(-0.020026453021551528 5.5128208831318637e-05 0.0)
(1.2100781685337454 0.0007052671333540878 0.0)
(2.3301216257931183 0.0024319594749752597 0.0)
(3.372800160661008 0.0044492835728019665 0.0)
(4.354097229976912 0.0054887710984016045 0.0)
(5.272665672945025 0.005680886190194081 0.0)
(6.137932904536182 0.006599021743417915 0.0)
(6.9443213115284745 0.008851321713068143 0.0)
(7.655226948256164 0.011319006132068984 0.0)
(8.263237568988977 0.013384571986847758 0.0)
(8.779372813284013 0.01513365165529416 0.0)
(9.204183532293868 0.01658370429099567 0.0)
(9.538166743813514 0.017721940082143284 0.0)
(9.781784378533672 0.018539700285299197 0.0)
(9.9355813108118 0.019032438588370462 0.0)
(10.000000000000004 0.019196768473094223 0.0)
(9.975529800299295 0.0190324385883688 0.0)
(9.862660065910784 0.018539700285295967 0.0)
(9.661833256186481 0.01772194008213909 0.0)
(9.373594245483895 0.016583704290990035 0.0)
(8.998404964493767 0.015133651655288079 0.0)
(8.536762431011004 0.013384571986840087 0.0)
(7.989217496188282 0.011319006132060586 0.0)
(7.366789799582665 0.008851321713060743 0.0)
(6.662067095463834 0.006599021743410631 0.0)
(5.838445438166084 0.005680886190186761 0.0)
(4.890347214467545 0.005488771098397423 0.0)
(3.82719983933899 0.0044492835728005015 0.0)
(2.6476561519846675 0.002431959474974988 0.0)
(1.3676996092440477 0.0007052671333539242 0.0)
(0.02002645302155563 5.512820883130277e-05 0.0)
(-0.020050033089280907 5.510632823824124e-05 0.0)
(1.2099947075922997 0.0007048415216930248 0.0)
(2.3299956015980383 0.0024295304346286066 0.0)
(3.3728107805309007 0.00444168171123887 0.0)
(4.354626590601166 0.0054725093031276675 0.0)
(5.273693910943712 0.005654738562678144 0.0)
(6.138314958296793 0.006567139087864921 0.0)
(6.9437604794956425 0.00882089562969855 0.0)
(7.654952820926462 0.011292192841995497 0.0)
(8.263201677159524 0.013360125137051312 0.0)
(8.779328645169507 0.015111312403919795 0.0)
(9.204158564172024 0.016563292901059408 0.0)
(9.538150943457886 0.017703115443647804 0.0)
(9.781775705561525 0.018522052232376147 0.0)
(9.935577241604612 0.019015514607260746 0.0)
(10.000000000000004 0.019180086913717313 0.0)
(9.975533869506483 0.01901551460725907 0.0)
(9.862668738882931 0.018522052232372896 0.0)
(9.66184905654211 0.017703115443643575 0.0)
(9.373619213605739 0.016563292901053732 0.0)
(8.998449132608275 0.015111312403913661 0.0)
(8.536798322840458 0.013360125137043571 0.0)
(7.989491623517984 0.011292192841987016 0.0)
(7.367350631615498 0.008820895629691057 0.0)
(6.66168504170322 0.0065671390878575394 0.0)
(5.837417200167394 0.005654738562670742 0.0)
(4.889817853843289 0.005472509303123436 0.0)
(3.8271892194690973 0.004441681711237381 0.0)
(2.647782176179748 0.0024295304346283264 0.0)
(1.3677830701854938 0.0007048415216928597 0.0)
(0.020050033089285078 5.5106328238225266e-05 0.0)
(-0.020075593789124397 5.507258172306162e-05 0.0)
(1.2099029666335679 0.0007042585960048936 0.0)
(2.3298425978633777 0.0024265305857693502 0.0)
(3.3727524898677776 0.004432950205190069 0.0)
(4.355064113434682 0.005454576895428439 0.0)
(5.274757433824679 0.005626088968500738 0.0)
(6.13892117926946 0.00653131450499178 0.0)
(6.943335291111955 0.008785341865261158 0.0)
(7.6546717587509665 0.011260111962454893 0.0)
(8.263169596413531 0.013330655881435463 0.0)
(8.779290884845304 0.015084202359051342 0.0)
(9.204136838155275 0.01653837864403942 0.0)
(9.538137177664131 0.01768002961903105 0.0)
(9.781768193924778 0.018500332972384546 0.0)
(9.935573682709698 0.018994639092072746 0.0)
(10.000000000000004 0.019159495101807995 0.0)
(9.975537428401399 0.018994639092071063 0.0)
(9.862676250519678 0.018500332972381274 0.0)
(9.661862822335864 0.017680029619026785 0.0)
(9.37364093962249 0.016538378644033694 0.0)
(8.998486892932476 0.015084202359045146 0.0)
(8.53683040358645 0.01333065588142765 0.0)
(7.98977268569348 0.011260111962446325 0.0)
(7.367775819999186 0.008785341865253564 0.0)
(6.661078820730551 0.0065313145049842964 0.0)
(5.836353677286423 0.0056260889684932565 0.0)
(4.889380331009773 0.005454576895424155 0.0)
(3.8272475101322208 0.004432950205188553 0.0)
(2.647935179914409 0.0024265305857690605 0.0)
(1.3678748111442256 0.0007042585960047263 0.0)
(0.020075593789128637 5.5072581723045525e-05 0.0)
(-0.02010201203069285 5.502845204591929e-05 0.0)
(1.209806976587442 0.0007035439689779979 0.0)
(2.329669337293325 0.0024230917362682977 0.0)
(3.372627849856736 0.004423472701057502 0.0)
(4.355390574524578 0.005435761792491807 0.0)
(5.275809512338197 0.005596196218417071 0.0)
(6.139724931213692 0.006493122061430716 0.0)
(6.943064428377133 0.00874622258712157 0.0)
(7.654396111087479 0.011224173068603877 0.0)
(8.26314273632029 0.013297459045179493 0.0)
(8.779261191430974 0.015053512686463894 0.0)
(9.204119308845048 0.01651005620680982 0.0)
(9.538126051276043 0.01765369695719237 0.0)
(9.781762173671009 0.01847549680987416 0.0)
(9.935570790498387 0.018970729274753163 0.0)
(10.000000000000004 0.019135897803909913 0.0)
(9.97554032061271 0.01897072927475146 0.0)
(9.862682270773448 0.018475496809870866 0.0)
(9.661873948723953 0.017653696957188065 0.0)
(9.373658468932716 0.01651005620680404 0.0)
(8.998516586346806 0.015053512686457632 0.0)
(8.53685726367969 0.013297459045171604 0.0)
(7.9900483333569685 0.011224173068595219 0.0)
(7.3680466827340085 0.008746222587113875 0.0)
(6.660275068786316 0.0064931220614231335 0.0)
(5.835301598772903 0.005596196218409511 0.0)
(4.889053869919876 0.005435761792487475 0.0)
(3.827372150143263 0.004423472701055963 0.0)
(2.648108440484463 0.0024230917362679984 0.0)
(1.3679708011903517 0.0007035439689778283 0.0)
(0.02010201203069716 5.5028452045903045e-05 0.0)
(-0.020128127044782552 5.49758781840949e-05 0.0)
(1.2097109550809397 0.0007027290400165264 0.0)
(2.329483432640356 0.0024193649828813278 0.0)
(3.3724423369518393 0.004413665623034157 0.0)
(4.355591629767809 0.005416890695519552 0.0)
(5.2768039200791055 0.005566373745178577 0.0)
(6.140690898739483 0.0064542398632807 0.0)
(6.942959792504213 0.00870525662479455 0.0)
(7.65413798939005 0.011185955249689912 0.0)
(8.263122277063157 0.013261993236536592 0.0)
(8.77924086960082 0.015020591834225775 0.0)
(9.204106746447168 0.01647957002544804 0.0)
(9.538118053166762 0.0176252744671187 0.0)
(9.781757909319154 0.018448635000389225 0.0)
(9.935568692049154 0.01894483570893323 0.0)
(10.000000000000004 0.019110331842122682 0.0)
(9.975542419061942 0.01894483570893152 0.0)
(9.862686535125302 0.018448635000385905 0.0)
(9.661881946833233 0.01762527446711436 0.0)
(9.373671031330597 0.01647957002544221 0.0)
(8.998536908176963 0.01502059183421945 0.0)
(8.536877722936824 0.013261993236528623 0.0)
(7.990306455054397 0.011185955249681167 0.0)
(7.368151318606928 0.00870525662478675 0.0)
(6.659309101260522 0.006454239863273022 0.0)
(5.834307191031994 0.005566373745170944 0.0)
(4.888852814676646 0.005416890695515171 0.0)
(3.827557663048161 0.00441366562303259 0.0)
(2.648294345137432 0.002419364982881019 0.0)
(1.3680668226968544 0.0007027290400163545 0.0)
(0.02012812704478693 5.497587818407851e-05 0.0)
(-0.020152791385450477 5.491717013689589e-05 0.0)
(1.2096191211233902 0.0007018496156081758 0.0)
(2.3292930522148203 0.002415514072334362 0.0)
(3.3722041022507416 0.004403959876186833 0.0)
(4.355658445164807 0.005398792765988937 0.0)
(5.2776969645904845 0.005537931893700683 0.0)
(6.141776639000938 0.006416376323195474 0.0)
(6.943025981002026 0.008664243947719629 0.0)
(7.653908735053846 0.011147137726758558 0.0)
(8.263109117584461 0.013225816758255664 0.0)
(8.779230812258875 0.01498688628435733 0.0)
(9.204099702930414 0.016448259606990222 0.0)
(9.538113534758574 0.017596010981026415 0.0)
(9.781755588237033 0.018420927802696208 0.0)
(9.935567479564021 0.018918096110524148 0.0)
(10.000000000000004 0.019083920538035617 0.0)
(9.975543631547076 0.01891809611052243 0.0)
(9.862688856207424 0.018420927802692867 0.0)
(9.661886465241421 0.017596010981022033 0.0)
(9.373678074847351 0.016448259606984345 0.0)
(8.998546965518905 0.014986886284350943 0.0)
(8.53689088241552 0.013225816758247626 0.0)
(7.990535709390603 0.011147137726749726 0.0)
(7.3680851301091135 0.00866424394771174 0.0)
(6.658223360999064 0.0064163763231877115 0.0)
(5.833414146520612 0.005537931893692988 0.0)
(4.888785999279648 0.005398792765984516 0.0)
(3.8277958977492594 0.004403959876185243 0.0)
(2.6484847255629678 0.002415514072334044 0.0)
(1.368158656654404 0.0007018496156080016 0.0)
(0.02015279138545491 5.491717013687932e-05 0.0)
(-0.02017492134668981 5.4854907428512804e-05 0.0)
(1.209535509730883 0.0007009443360525875 0.0)
(2.3291065609843247 0.0024117082065917917 0.0)
(3.371923613350371 0.00439478191327584 0.0)
(4.355588084969264 0.00538226319381431 0.0)
(5.278449407130284 0.00551212034690443 0.0)
(6.142934446557273 0.006381195095856994 0.0)
(6.943260085669067 0.00862498657789691 0.0)
(7.653718421094988 0.011109426070752763 0.0)
(8.263103836087623 0.013190519138609379 0.0)
(8.779231461306352 0.01495387699705722 0.0)
(9.204098487774026 0.01641750067394261 0.0)
(9.538112694582072 0.01756719228295836 0.0)
(9.781755312408746 0.018393592620372868 0.0)
(9.935567206317364 0.018891685368561298 0.0)
(10.000000000000004 0.019057824356032194 0.0)
(9.975543904793733 0.01889168536855956 0.0)
(9.86268913203571 0.018393592620369506 0.0)
(9.661887305417924 0.01756719228295395 0.0)
(9.37367929000374 0.016417500673936693 0.0)
(8.99854631647143 0.014953876997050777 0.0)
(8.536896163912358 0.013190519138601278 0.0)
(7.990726023349461 0.011109426070743856 0.0)
(7.3678510254420715 0.008624986577888938 0.0)
(6.657065553442725 0.00638119509584916 0.0)
(5.832661703980811 0.005512120346896683 0.0)
(4.8888563594751915 0.005382263193809856 0.0)
(3.8280763866496303 0.004394781913274231 0.0)
(2.6486712167934643 0.0024117082065914647 0.0)
(1.3682422680469113 0.000700944336052411 0.0)
(0.020174921346694286 5.485490742849607e-05 0.0)
(-0.020193544578489316 5.479182576844561e-05 0.0)
(1.209463794635042 0.0007000529776772719 0.0)
(2.3289321530323606 0.0024081146084317107 0.0)
(3.371613194419871 0.004386534997200881 0.0)
(4.355383640679451 0.005368028258157029 0.0)
(5.279028186749861 0.005490073216935158 0.0)
(6.144113449462614 0.006350241980032278 0.0)
(6.943651820374548 0.00858920941233708 0.0)
(7.653575409560661 0.011074477262845897 0.0)
(8.263106664631952 0.013157651290429825 0.0)
(8.779242788225288 0.014923014340020621 0.0)
(9.204103154369752 0.01638864471755145 0.0)
(9.53811556955307 0.01754008461378534 0.0)
(9.781757093953686 0.018367830511322177 0.0)
(9.935567884315143 0.01886676392272943 0.0)
(10.000000000000004 0.019033189914608024 0.0)
(9.975543226795955 0.01886676392272769 0.0)
(9.86268735049077 0.018367830511318795 0.0)
(9.661884430446925 0.017540084613780902 0.0)
(9.37367462340801 0.016388644717545496 0.0)
(8.998534989552493 0.014923014340014133 0.0)
(8.53689333536803 0.013157651290421665 0.0)
(7.990869034883787 0.01107447726283693 0.0)
(7.367459290736589 0.008589209412329038 0.0)
(6.6558865505373825 0.006350241980024385 0.0)
(5.832082924361234 0.005490073216927373 0.0)
(4.889060803765005 0.005368028258152551 0.0)
(3.8283868055801316 0.004386534997199256 0.0)
(2.6488456247454284 0.0024081146084313767 0.0)
(1.3683139831427524 0.0007000529776770935 0.0)
(0.02019354457849382 5.479182576842872e-05 0.0)
(-0.020207842810113955 5.473069684943301e-05 0.0)
(1.2094071268659794 0.0006992147051385464 0.0)
(2.3287774915252673 0.0024048911739829714 0.0)
(3.371286484699151 0.004379581482366979 0.0)
(4.355054095203442 0.005356713416047796 0.0)
(5.279407872931577 0.005472759214349628 0.0)
(6.145261844486222 0.006324876999003534 0.0)
(6.944183973012169 0.008558484434242354 0.0)
(7.65348598411605 0.011043826889720356 0.0)
(8.263117478936383 0.01312865736683598 0.0)
(8.779264295331588 0.014895654361936093 0.0)
(9.204113497675916 0.016362959615750072 0.0)
(9.538122033350607 0.017515879034898735 0.0)
(9.781760854594026 0.018344773415485387 0.0)
(9.935569483767376 0.018844426775765907 0.0)
(10.000000000000004 0.019011099606051855 0.0)
(9.975541627343722 0.018844426775764162 0.0)
(9.86268358985043 0.01834477341548199 0.0)
(9.661877966649389 0.017515879034894277 0.0)
(9.373664280101847 0.01636295961574409 0.0)
(8.998513482446192 0.014895654361929571 0.0)
(8.536882521063598 0.013128657366827782 0.0)
(7.9909584603283985 0.011043826889711337 0.0)
(7.366927138098966 0.008558484434234263 0.0)
(6.654738155513771 0.006324876998995606 0.0)
(5.831703238179518 0.00547275921434182 0.0)
(4.889390349241015 0.0053567134160433 0.0)
(3.8287135153008522 0.004379581482365344 0.0)
(2.649000286252522 0.0024048911739826314 0.0)
(1.3683706509118152 0.0006992147051383663 0.0)
(0.02020784281011848 5.473069684941599e-05 0.0)
(-0.02021718780342403 5.467420656434425e-05 0.0)
(1.2093679963017971 0.0006984663505981861 0.0)
(2.3286493720067214 0.0024021795350581453 0.0)
(3.3709578392156416 0.004374226893494843 0.0)
(4.354613928166568 0.00534881582094897 0.0)
(5.279571782959224 0.005460939084746379 0.0)
(6.146329173251692 0.0063062146436332475 0.0)
(6.944833161768579 0.008534161642940461 0.0)
(7.653454073951592 0.011018821672697996 0.0)
(8.263135803840164 0.013104811307787678 0.0)
(8.779295037642347 0.014872999210187001 0.0)
(9.204129063226567 0.016341573924922075 0.0)
(9.538131801967243 0.017495639095151963 0.0)
(9.781766429094109 0.018325434419471796 0.0)
(9.935571934397055 0.01882565538104365 0.0)
(10.000000000000004 0.018992524038108558 0.0)
(9.97553917671404 0.0188256553810419 0.0)
(9.862678015350347 0.018325434419468392 0.0)
(9.661868198032753 0.01749563909514749 0.0)
(9.373648714551198 0.016341573924916072 0.0)
(8.998482740135433 0.014872999210180454 0.0)
(8.536864196159817 0.013104811307779449 0.0)
(7.990990370492856 0.01101882167268895 0.0)
(7.366277949342554 0.008534161642932343 0.0)
(6.653670826748299 0.0063062146436253025 0.0)
(5.831539328151871 0.005460939084738566 0.0)
(4.8898305162778914 0.005348815820944469 0.0)
(3.8290421607843625 0.0043742268934932015 0.0)
(2.649128405771068 0.0024021795350578 0.0)
(1.3684097814759975 0.0006984663505980047 0.0)
(0.020217187803428547 5.46742065643271e-05 0.0)
(-0.02022116895650967 5.462483699296005e-05 0.0)
(1.209348122267898 0.0006978407953856188 0.0)
(2.3285534238139793 0.0024000988361107846 0.0)
(3.3706416980506484 0.0043707065014235704 0.0)
(4.354082479703165 0.005344682478740951 0.0)
(5.279512714926053 0.005455132182995862 0.0)
(6.147268539285689 0.006295074903674575 0.0)
(6.945570862477478 0.008517309737383917 0.0)
(7.653481081141537 0.011000560295269034 0.0)
(8.263160834180548 0.013087160865494364 0.0)
(8.779333664396674 0.01485604431069477 0.0)
(9.204149167099883 0.01632542729319842 0.0)
(9.53814444618783 0.017480254100469578 0.0)
(9.781773572520601 0.01831066324338655 0.0)
(9.935575128528 0.018811274519305463 0.0)
(10.000000000000004 0.018978279387250527 0.0)
(9.975535982583096 0.018811274519303704 0.0)
(9.862670871923855 0.018310663243383138 0.0)
(9.661855553812165 0.0174802541004651 0.0)
(9.373628610677882 0.01632542729319241 0.0)
(8.998444113381106 0.014856044310688217 0.0)
(8.536839165819433 0.013087160865486124 0.0)
(7.990963363302912 0.011000560295259974 0.0)
(7.365540248633653 0.008517309737375791 0.0)
(6.6527314607143 0.006295074903666633 0.0)
(5.8315983961850435 0.005455132182988059 0.0)
(4.890361964741296 0.005344682478736459 0.0)
(3.8293583019493562 0.0043707065014219285 0.0)
(2.64922435396381 0.0024000988361104376 0.0)
(1.3684296555098967 0.0006978407953854366 0.0)
(0.020221168956514175 5.4624836992942807e-05 0.0)
(-0.020219611344787603 5.458475734392795e-05 0.0)
(1.2093483779929728 0.0006973655252524636 0.0)
(2.3284938627350984 0.0023987404992461053 0.0)
(3.3703519518685967 0.004369174985740398 0.0)
(4.353483100686458 0.0053444950009186275 0.0)
(5.279233264173379 0.005455593653737565 0.0)
(6.148038668563204 0.006291947238921719 0.0)
(6.946364661919302 0.008508669159473186 0.0)
(7.653565819039365 0.01098984512894945 0.0)
(8.26319147017017 0.013076481568099835 0.0)
(8.779378478405647 0.014845534630724983 0.0)
(9.204172925968452 0.016315229174037618 0.0)
(9.538159410448454 0.01747040003937187 0.0)
(9.78178197100441 0.018301108905683722 0.0)
(9.935578925815937 0.018801916059307068 0.0)
(10.000000000000004 0.01896899153737661 0.0)
(9.975532185295158 0.018801916059305316 0.0)
(9.862662473440047 0.018301108905680312 0.0)
(9.661840589551542 0.017470400039367392 0.0)
(9.373604851809311 0.016315229174031616 0.0)
(8.998399299372135 0.014845534630718433 0.0)
(8.53680852982981 0.013076481568091602 0.0)
(7.990878625405084 0.010989845128940393 0.0)
(7.364746449191827 0.008508669159465071 0.0)
(6.651961331436785 0.0062919472389138045 0.0)
(5.83187784693772 0.00545559365372979 0.0)
(4.890961343758005 0.005344495000914151 0.0)
(3.8296480481314084 0.004369174985738761 0.0)
(2.649283915042691 0.0023987404992457583 0.0)
(1.3684293997848218 0.0006973655252522807 0.0)
(0.02021961134479208 5.4584757343910666e-05 0.0)
(-0.020212583406867334 5.4555728643702804e-05 0.0)
(1.2093687522409298 0.0006970614226988893 0.0)
(2.3284733057749203 0.0023981642073009355 0.0)
(3.370101331586651 0.004369699638442615 0.0)
(4.352842126733908 0.005348261624914528 0.0)
(5.278745709256033 0.005462303220791337 0.0)
(6.148605723012692 0.006296969073242022 0.0)
(6.947179681998793 0.008508619560394172 0.0)
(7.653704564416869 0.010987146978544485 0.0)
(8.263226365719692 0.01307324264439439 0.0)
(8.779427510623696 0.014841931946388592 0.0)
(9.204199295911055 0.016311427654138663 0.0)
(9.538176037246874 0.017466509881275974 0.0)
(9.78179125553152 0.018297191206482818 0.0)
(9.935583159414984 0.01879799119465999 0.0)
(10.000000000000004 0.018965068579618622 0.0)
(9.975527951696114 0.018797991194658237 0.0)
(9.862653188912937 0.018297191206479414 0.0)
(9.661823962753122 0.01746650988127151 0.0)
(9.373578481866709 0.016311427654132675 0.0)
(8.998350267154084 0.014841931946382055 0.0)
(8.536773634280289 0.013073242644386175 0.0)
(7.990739880027578 0.010987146978535452 0.0)
(7.363931429112334 0.008508619560386092 0.0)
(6.651394276987295 0.0062969690732341535 0.0)
(5.832365401855068 0.005462303220783606 0.0)
(4.891602317710557 0.005348261624910078 0.0)
(3.829898668413355 0.004369699638440987 0.0)
(2.649304472002869 0.0023981642073005903 0.0)
(1.3684090255368646 0.0006970614226987066 0.0)
(0.020212583406871768 5.455572864368548e-05 0.0)
(-0.020200393937483827 5.4539026360265974e-05 0.0)
(1.2094083498045873 0.0006969418494347599 0.0)
(2.3284926561686676 0.0023983952814890493 0.0)
(3.3699008490015023 0.004372257407250312 0.0)
(4.35218772106836 0.005355816852161117 0.0)
(5.278071472445128 0.005474966078055642 0.0)
(6.148944787299041 0.006309919756422636 0.0)
(6.947980112224695 0.008517163119439673 0.0)
(7.65389122105599 0.010992584395846803 0.0)
(8.26326398758251 0.013077586406760197 0.0)
(8.779478606664865 0.01484539455304441 0.0)
(9.204227118280654 0.016314189765331236 0.0)
(9.538193596031988 0.017468754552611786 0.0)
(9.781801018156798 0.0182990822823195 0.0)
(9.93558764330854 0.018799672376736472 0.0)
(10.000000000000004 0.01896668288156361 0.0)
(9.975523467802555 0.018799672376734727 0.0)
(9.862643426287658 0.01829908228231611 0.0)
(9.661806403968008 0.017468754552607334 0.0)
(9.37355065949711 0.01631418976532526 0.0)
(8.998299171112915 0.014845394553037905 0.0)
(8.536736012417471 0.013077586406752016 0.0)
(7.990553223388456 0.010992584395837815 0.0)
(7.36313099888643 0.008517163119431648 0.0)
(6.651055212700947 0.00630991975641483 0.0)
(5.833039638665975 0.005474966078047966 0.0)
(4.892256723376106 0.005355816852156701 0.0)
(3.8300991509985036 0.0043722574072486975 0.0)
(2.6492851216091218 0.0023983952814887076 0.0)
(1.3683694279732068 0.0006969418494345777 0.0)
(0.020200393937488213 5.453902636024865e-05 0.0)
(-0.020183578519621794 5.453538436139571e-05 0.0)
(1.2094654308394401 0.0006970120592905483 0.0)
(2.3285510636954396 0.0023994235688333584 0.0)
(3.3697593129511705 0.004376735908481381 0.0)
(4.351548637077559 0.0053668287197950765 0.0)
(5.2772401784726535 0.005493025842748327 0.0)
(6.149040963557809 0.00633023025913721 0.0)
(6.948730783157227 0.008533924448255228 0.0)
(7.654117587605484 0.011005918470687617 0.0)
(8.263302682722797 0.013089321998225593 0.0)
(8.77952952146258 0.014855770310090648 0.0)
(9.204255170613232 0.016323394145502663 0.0)
(9.5382113153029 0.017477035426627326 0.0)
(9.781810829928348 0.018306699042781118 0.0)
(9.93559218048253 0.018806885737471718 0.0)
(10.000000000000004 0.01897376351373738 0.0)
(9.975518930628567 0.01880688573746998 0.0)
(9.862633614516108 0.018306699042777742 0.0)
(9.661788684697095 0.017477035426622895 0.0)
(9.373522607164533 0.016323394145496724 0.0)
(8.9982482563152 0.014855770310084181 0.0)
(8.536697317277184 0.013089321998217461 0.0)
(7.990326856838963 0.011005918470678685 0.0)
(7.362380327953896 0.008533924448247273 0.0)
(6.65095903644218 0.006330230259129482 0.0)
(5.833870932638453 0.005493025842740717 0.0)
(4.892895807366909 0.005366828719790704 0.0)
(3.830240687048836 0.004376735908479788 0.0)
(2.6492267140823493 0.0023994235688330227 0.0)
(1.368312346938354 0.0006970120592903671 0.0)
(0.02018357851962611 5.4535384361378424e-05 0.0)
(-0.020162875991979145 5.454496266985952e-05 0.0)
(1.2095374873092433 0.0006972689673736365 0.0)
(2.3286459620353637 0.0024012038882691537 0.0)
(3.369682942270773 0.004382938364984919 0.0)
(4.350952954942889 0.005380813386498215 0.0)
(5.27628835287495 0.005515689001848202 0.0)
(6.148890025980135 0.006357008175053477 0.0)
(6.949398711688929 0.008558167084716661 0.0)
(7.65437371793329 0.011026563328212422 0.0)
(8.26334075094688 0.013107933778371248 0.0)
(8.779578017913776 0.0148726033257446 0.0)
(9.204282220340612 0.016338636371027164 0.0)
(9.538228416507264 0.017490988656867767 0.0)
(9.78182025973488 0.01831970682134747 0.0)
(9.935596571581826 0.018819314334991483 0.0)
(10.000000000000004 0.01898599936611588 0.0)
(9.975514539529271 0.01881931433498976 0.0)
(9.862624184709576 0.018319706821344116 0.0)
(9.661771583492731 0.017490988656863365 0.0)
(9.373495557437153 0.016338636371021266 0.0)
(8.998199759864004 0.014872603325738185 0.0)
(8.536659249053102 0.013107933778363178 0.0)
(7.990070726511155 0.011026563328203563 0.0)
(7.361712399422194 0.008558167084708792 0.0)
(6.651109974019856 0.006357008175045839 0.0)
(5.834822758236159 0.005515689001840666 0.0)
(4.89349148950158 0.00538081338649389 0.0)
(3.830317057729233 0.0043829383649833485 0.0)
(2.6491318157424253 0.002401203888268825 0.0)
(1.3682402904685504 0.0006972689673734564 0.0)
(0.02016287599198339 5.454496266984232e-05 0.0)
(-0.0201391959857463 5.456734043230656e-05 0.0)
(1.2096213531845375 0.0006977012856128535 0.0)
(2.3287731815289945 0.0024036580158174276 0.0)
(3.3696750925482917 0.004390592252169235 0.0)
(4.350426847847578 0.0053971563915998205 0.0)
(5.275257817127465 0.005541959777605496 0.0)
(6.148498606487049 0.006389076931534894 0.0)
(6.949954550262056 0.008588825851728514 0.0)
(7.654648358141384 0.011053611871150275 0.0)
(8.263376519606636 0.013132603979626848 0.0)
(8.779621965173108 0.014895153988093563 0.0)
(9.204307078947261 0.016359246726400045 0.0)
(9.538244148249445 0.017510001163923067 0.0)
(9.781828893247944 0.018337534080025402 0.0)
(9.93560062366956 0.018836412079458235 0.0)
(10.000000000000004 0.01900285281773045 0.0)
(9.975510487441538 0.018836412079456518 0.0)
(9.862615551196512 0.018337534080022068 0.0)
(9.66175585175055 0.0175100011639187 0.0)
(9.373470698830504 0.01635924672639419 0.0)
(8.998155812604672 0.014895153988087204 0.0)
(8.536623480393345 0.013132603979618847 0.0)
(7.989796086303061 0.011053611871141499 0.0)
(7.361156560849065 0.008588825851720739 0.0)
(6.651501393512944 0.006389076931527353 0.0)
(5.8358532939836465 0.00554195977759804 0.0)
(4.894017596596893 0.005397156391595545 0.0)
(3.8303249074517143 0.0043905922521676865 0.0)
(2.6490045962487936 0.0024036580158171075 0.0)
(1.368156424593256 0.0006977012856126751 0.0)
(0.020139195985750476 5.456734043228945e-05 0.0)
(-0.020113578957075783 5.4601534410793824e-05 0.0)
(1.2097133435521905 0.0006982900187356719 0.0)
(2.328927132384524 0.0024066781216034085 0.0)
(3.3697361086861704 0.004399361272233836 0.0)
(4.349993431974906 0.00541513965335441 0.0)
(5.2741938510856325 0.00557068388019446 0.0)
(6.147883903334996 0.006425027486089796 0.0)
(6.950373876346585 0.008624553659156911 0.0)
(7.654929441041461 0.011085875636008404 0.0)
(8.263408417092593 0.013162248638482081 0.0)
(8.779659432278404 0.014922431462289196 0.0)
(9.20432865419148 0.016384319630311804 0.0)
(9.538257819305473 0.017533237573015607 0.0)
(9.781836351126772 0.01835939752168266 0.0)
(9.935604158704407 0.01885742772725954 0.0)
(10.000000000000004 0.01902358335874967 0.0)
(9.97550695240669 0.01885742772725783 0.0)
(9.862608093317684 0.018359397521679345 0.0)
(9.661742180694523 0.01753323757301128 0.0)
(9.373449123586283 0.016384319630305996 0.0)
(8.998118345499377 0.0149224314622829 0.0)
(8.536591582907388 0.013162248638474153 0.0)
(7.989515003402983 0.011085875635999711 0.0)
(7.360737234764536 0.008624553659149237 0.0)
(6.652116096664998 0.006425027486082356 0.0)
(5.836917260025482 0.005570683880187084 0.0)
(4.894451012469564 0.005415139653350187 0.0)
(3.8302638913138347 0.004399361272232316 0.0)
(2.6488506453932636 0.002406678121603098 0.0)
(1.3680644342256028 0.0006982900187354958 0.0)
(0.02011357895707989 5.4601534410776836e-05 0.0)
(-0.02008715047134235 5.464604218446271e-05 0.0)
(1.2098094165237392 0.0006990092988857321 0.0)
(2.3291010502830054 0.0024101315077039885 0.0)
(3.3698633097469375 0.004408860130479557 0.0)
(4.34967175082541 0.005433973020139935 0.0)
(5.273143203470858 0.0056005992250965945 0.0)
(6.147072925455911 0.0064632802371207216 0.0)
(6.950638265521496 0.008663780692505623 0.0)
(7.655204616365119 0.011121937011983826 0.0)
(8.263435041887574 0.013195565222860223 0.0)
(8.779688772993598 0.01495323722601807 0.0)
(9.20434599809651 0.016412753425234135 0.0)
(9.538268828994154 0.01755967691883968 0.0)
(9.781842305685814 0.018384336506690847 0.0)
(9.935607021363406 0.018881437889278048 0.0)
(10.000000000000004 0.019047280127126604 0.0)
(9.97550408974769 0.01888143788927635 0.0)
(9.862602138758644 0.01838433650668756 0.0)
(9.661731171005842 0.01755967691883539 0.0)
(9.373431779681255 0.016412753425228382 0.0)
(8.998089004784182 0.014953237226011839 0.0)
(8.536564958112407 0.013195565222852371 0.0)
(7.989239828079325 0.011121937011975227 0.0)
(7.360472845589625 0.008663780692498053 0.0)
(6.652927074544087 0.006463280237113382 0.0)
(5.837967907640259 0.005600599225089298 0.0)
(4.894772693619061 0.005433973020135762 0.0)
(3.830136690253067 0.004408860130478063 0.0)
(2.648676727494782 0.0024101315077036884 0.0)
(1.3679683612540539 0.0006990092988855581 0.0)
(0.020087150471346387 5.464604218444587e-05 0.0)
(-0.02006107174785957 5.469890816316288e-05 0.0)
(1.2099053508285744 0.0006998275222091263 0.0)
(2.3292872935901525 0.002413866438651699 0.0)
(3.37005110674869 0.0044186714644527504 0.0)
(4.349475938480296 0.005452828988274511 0.0)
(5.2721520378172295 0.005630391386785478 0.0)
(6.146101305734156 0.006502154428728803 0.0)
(6.950736101010131 0.008704783387693144 0.0)
(7.655461793412055 0.011160211528188604 0.0)
(8.263455224146794 0.01323108986299466 0.0)
(8.779708698141343 0.014986217730379496 0.0)
(9.204358348602891 0.01644329878223632 0.0)
(9.53827669356991 0.01758815750490919 0.0)
(9.781846495292633 0.0184112552616733 0.0)
(9.935609085866558 0.018907387602920017 0.0)
(10.000000000000004 0.019072901930210783 0.0)
(9.975502025244538 0.018907387602918335 0.0)
(9.862597949151823 0.018411255261670034 0.0)
(9.661723306430085 0.01758815750490494 0.0)
(9.373419429174872 0.016443298782230616 0.0)
(8.998069079636437 0.014986217730373327 0.0)
(8.536544775853187 0.013231089862986885 0.0)
(7.988982651032388 0.011160211528180095 0.0)
(7.360375010100991 0.00870478338768567 0.0)
(6.653898694265845 0.006502154428721559 0.0)
(5.838959073293889 0.005630391386778253 0.0)
(4.894968505964174 0.005452828988270383 0.0)
(3.8299488932513137 0.0044186714644512785 0.0)
(2.648490484187634 0.0024138664386514084 0.0)
(1.3678724269492184 0.0006998275222089544 0.0)
(0.020061071747863545 5.4698908163146204e-05 0.0)
(-0.02003648863802761 5.475780951250583e-05 0.0)
(1.2099969312888483 0.0007007087374699217 0.0)
(2.3294776791157727 0.002417718808413561 0.0)
(3.3702912482347367 0.004428364182087959 0.0)
(4.349414598575783 0.005470879061014322 0.0)
(5.271263904130282 0.00565875135217972 0.0)
(6.145011735362779 0.006539942000053104 0.0)
(6.9506630841001025 0.008745760161305237 0.0)
(7.6556896722933185 0.011199017472401953 0.0)
(8.263468077098706 0.013267261671188378 0.0)
(8.779718332247098 0.015019923872347952 0.0)
(9.204365163051971 0.016474613594212824 0.0)
(9.538281067477673 0.017617427946376003 0.0)
(9.781848735863576 0.01843897102578255 0.0)
(9.93561026150337 0.01893413668524168 0.0)
(10.000000000000004 0.019099322992848448 0.0)
(9.975500849607727 0.018934136685240004 0.0)
(9.86259570858088 0.018438971025779315 0.0)
(9.661718932522323 0.01761742794637178 0.0)
(9.373412614725794 0.01647461359420717 0.0)
(8.998059445530682 0.015019923872341842 0.0)
(8.536531922901274 0.013267261671180676 0.0)
(7.9887547721511245 0.011199017472393524 0.0)
(7.36044802701102 0.008745760161297857 0.0)
(6.654988264637225 0.006539942000045945 0.0)
(5.8398472069808385 0.005658751352172558 0.0)
(4.895029845868687 0.005470879061010236 0.0)
(3.8297087517652666 0.004428364182086511 0.0)
(2.6483000986620135 0.002417718808413279 0.0)
(1.367780846488944 0.0007007087374697522 0.0)
(0.02003648863803154 5.475780951248933e-05 0.0)
(-0.020014481278718962 5.48201582149584e-05 0.0)
(1.2100801340266785 0.0007016142256816966 0.0)
(2.3296638416681703 0.002421519350909949 0.0)
(3.3705731828275063 0.004437512403104621 0.0)
(4.3494904262750556 0.005487330151184858 0.0)
(5.270517825379425 0.005684433036282987 0.0)
(6.1438520880705845 0.006574982634340045 0.0)
(6.950422423020858 0.00878491056887428 0.0)
(7.65587824042776 0.011236649782428602 0.0)
(8.263473036008119 0.013302491324363803 0.0)
(8.779717252005883 0.015052874665708992 0.0)
(9.20436614202932 0.016505321945614236 0.0)
(9.538281758535934 0.01764620215359082 0.0)
(9.781848928952053 0.018466266019048206 0.0)
(9.935610496618512 0.018960509830501883 0.0)
(10.000000000000004 0.019125382421883278 0.0)
(9.975500614492585 0.01896050983050022 0.0)
(9.862595515492403 0.01846626601904499 0.0)
(9.661718241464062 0.017646202153586633 0.0)
(9.373411635748443 0.016505321945608623 0.0)
(8.998060525771898 0.015052874665702938 0.0)
(8.536526963991863 0.013302491324356167 0.0)
(7.988566204016682 0.01123664978242025 0.0)
(7.360688688090265 0.008784910568866983 0.0)
(6.6561479119294225 0.006574982634332957 0.0)
(5.840593285731696 0.005684433036275876 0.0)
(4.894954018169414 0.005487330151180805 0.0)
(3.829426817172496 0.0044375124031031925 0.0)
(2.6481139361096155 0.002421519350909676 0.0)
(1.367697643751114 0.0007016142256815293 0.0)
(0.02001448127872284 5.482015821494205e-05 0.0)
(-0.019996016633040303 5.488321478259854e-05 0.0)
(1.2101513032659796 0.0007025042013489697 0.0)
(2.3298376016053677 0.0024251010772564684 0.0)
(3.3708845228367776 0.00444571417140746 0.0)
(4.3497000898477305 0.005501459427980441 0.0)
(5.269946582900059 0.005706308032879095 0.0)
(6.142673316638078 0.0066057367102240845 0.0)
(6.950024691979942 0.008820514413115333 0.0)
(7.656019212476527 0.01127145496341235 0.0)
(8.263469882989622 0.013335230896011234 0.0)
(8.77970550488152 0.015083622312884105 0.0)
(9.204361242520468 0.01653407456765931 0.0)
(9.53827873638086 0.017673215840529548 0.0)
(9.781847066074109 0.01849194094940095 0.0)
(9.935609780881453 0.0189853482509462 0.0)
(10.000000000000004 0.01914993521367785 0.0)
(9.975501330229644 0.018985348250944546 0.0)
(9.862597378370348 0.018491940949397746 0.0)
(9.661721263619135 0.017673215840525388 0.0)
(9.373416535257297 0.01653407456765374 0.0)
(8.99807227289626 0.015083622312878096 0.0)
(8.53653011701036 0.01333523089600365 0.0)
(7.988425231967915 0.01127145496340406 0.0)
(7.361086419131183 0.008820514413108103 0.0)
(6.657326683361933 0.006605736710217052 0.0)
(5.841164528211063 0.005706308032872022 0.0)
(4.894744354596738 0.005501459427976414 0.0)
(3.829115477163224 0.004445714171406047 0.0)
(2.647940176172418 0.002425101077256203 0.0)
(1.3676264745118127 0.0007025042013488043 0.0)
(0.019996016633044154 5.4883214782582354e-05 0.0)
(-0.019981906003742656 5.494420862520289e-05 0.0)
(1.2102073119605772 0.0007033395605690854 0.0)
(2.329991324233609 0.002428306612950035 0.0)
(3.3712115885521237 0.00445260911630196 0.0)
(4.350034377059993 0.005512646076827459 0.0)
(5.269575276041667 0.005723415194636786 0.0)
(6.1415272141255 0.006630852949873869 0.0)
(6.949487366551664 0.00885100732624784 0.0)
(7.656106394385699 0.011301903739375046 0.0)
(8.26345875658108 0.013364041869247834 0.0)
(8.77968360702116 0.01511081581850765 0.0)
(9.204350679800868 0.01655960812273683 0.0)
(9.538272133800413 0.017697282075208244 0.0)
(9.781843229081193 0.01851486770737203 0.0)
(9.935608145740373 0.01900756059182091 0.0)
(10.000000000000004 0.01917190256347878 0.0)
(9.975502965370724 0.019007560591819267 0.0)
(9.862601215363263 0.01851486770736884 0.0)
(9.661727866199582 0.017697282075204105 0.0)
(9.373427097976895 0.016559608122731287 0.0)
(8.99809417075662 0.015110815818501676 0.0)
(8.5365412434189 0.013364041869240291 0.0)
(7.9883380500587435 0.011301903739366804 0.0)
(7.361623744559464 0.008851007326240655 0.0)
(6.658472785874512 0.006630852949866873 0.0)
(5.841535835069455 0.005723415194629735 0.0)
(4.894410067384474 0.0055126460768234456 0.0)
(3.828788411447877 0.004452609116300559 0.0)
(2.6477864535441764 0.002428306612949776 0.0)
(1.367570465817215 0.0007033395605689218 0.0)
(0.019981906003746493 5.4944208625186836e-05 0.0)
(-0.019972769386062694 5.5000459784912484e-05 0.0)
(1.2102456991908956 0.0007040835991861583 0.0)
(2.330118255261837 0.0024309951126166365 0.0)
(3.371540009304362 0.0044578942865234035 0.0)
(4.350478599943298 0.005520398576840965 0.0)
(5.269420219348322 0.005735002864165096 0.0)
(6.140464138180522 0.00664922779166805 0.0)
(6.948834055832333 0.008875049505453961 0.0)
(7.6561359555416795 0.011326658246805354 0.0)
(8.263440145656531 0.013387658342617775 0.0)
(8.77965252057673 0.015133260349691636 0.0)
(9.204334917977096 0.016580800713149012 0.0)
(9.538262240899902 0.017717343431303066 0.0)
(9.781837586563755 0.018534038933159528 0.0)
(9.935605663040377 0.019026170883504313 0.0)
(10.000000000000004 0.019190319266123943 0.0)
(9.97550544807072 0.01902617088350268 0.0)
(9.862606857880701 0.018534038933156353 0.0)
(9.661737759100093 0.01771734343129894 0.0)
(9.373442859800669 0.01658080071314348 0.0)
(8.99812525720105 0.015133260349685686 0.0)
(8.53655985434345 0.01338765834261026 0.0)
(7.988308488902763 0.011326658246797143 0.0)
(7.362277055278796 0.008875049505446807 0.0)
(6.659535861819493 0.00664922779166107 0.0)
(5.841690891762799 0.005735002864158049 0.0)
(4.893965844501167 0.005520398576836957 0.0)
(3.8284599906956376 0.004457894286522008 0.0)
(2.647659522515948 0.0024309951126163815 0.0)
(1.3675320785868965 0.0007040835991859961 0.0)
(0.019972769386066524 5.500045978489655e-05 0.0)
(-0.01996900822626629 5.504949668867828e-05 0.0)
(1.2102647782922622 0.0007047036255045346 0.0)
(2.330212817572886 0.002433048448499394 0.0)
(3.3718553548864683 0.0044613374613612046 0.0)
(4.351013240156836 0.005524376297353167 0.0)
(5.269488225727461 0.005740561900463992 0.0)
(6.13953079841532 0.006660053878674014 0.0)
(6.948093465099759 0.008891584581363311 0.0)
(7.656106597081358 0.011344630817933875 0.0)
(8.263414867945952 0.013405042651486294 0.0)
(8.779613611429728 0.015149969734796948 0.0)
(9.204314649594854 0.016596721175243877 0.0)
(9.538249492355277 0.01773251844952841 0.0)
(9.781830386443689 0.018548612278175104 0.0)
(9.935602441866761 0.01904036142382641 0.0)
(10.000000000000004 0.019204376125391522 0.0)
(9.975508669244336 0.01904036142382477 0.0)
(9.86261405800077 0.01854861227817193 0.0)
(9.661750507644719 0.017732518449524292 0.0)
(9.37346312818291 0.016596721175238353 0.0)
(8.998164166348053 0.015149969734791009 0.0)
(8.536585132054029 0.013405042651478793 0.0)
(7.988337847363084 0.011344630817925678 0.0)
(7.3630176460113725 0.008891584581356164 0.0)
(6.6604692015846965 0.00666005387866703 0.0)
(5.84162288538366 0.0057405619004569355 0.0)
(4.893431204287628 0.005524376297349151 0.0)
(3.828144645113531 0.004461337461359809 0.0)
(2.6475649602048987 0.0024330484484991408 0.0)
(1.36751299948553 0.0007047036255043731 0.0)
(0.01996900822627014 5.504949668866244e-05 0.0)
(-0.01997078778283406 5.508916474465929e-05 0.0)
(1.2102637109638672 0.0007051723967020905 0.0)
(2.330270856271804 0.0024343764007760896 0.0)
(3.3721437695904726 0.004462787354012101 0.0)
(4.35161480658772 0.005524404464601791 0.0)
(5.269776307103197 0.0057398480496484725 0.0)
(6.138768204071682 0.006662855532434487 0.0)
(6.947298134555858 0.00889988603299049 0.0)
(7.6560196089617705 0.011355031770865116 0.0)
(8.2633840341057 0.013415430961125411 0.0)
(8.779568589176886 0.015160209794011021 0.0)
(9.204290765209777 0.016606669993042653 0.0)
(9.538234448314263 0.017742140367345366 0.0)
(9.781821945081095 0.018557947416299948 0.0)
(9.935598623752004 0.0190495087064063 0.0)
(10.000000000000004 0.019213455508601585 0.0)
(9.975512487359094 0.01904950870640466 0.0)
(9.862622499363361 0.018557947416296773 0.0)
(9.661765551685733 0.017742140367341248 0.0)
(9.373487012567988 0.016606669993037122 0.0)
(8.998209188600894 0.015160209794005074 0.0)
(8.536615965894281 0.013415430961117903 0.0)
(7.988424835482673 0.01135503177085691 0.0)
(7.363812976555275 0.008899886032983332 0.0)
(6.661231795928336 0.006662855532427475 0.0)
(5.841334804007921 0.005739848049641386 0.0)
(4.892829637856742 0.005524404464597759 0.0)
(3.827856230409526 0.0044627873540107 0.0)
(2.6475069215059808 0.0024343764007758364 0.0)
(1.367514066813925 0.0007051723967019294 0.0)
(0.01997078778283794 5.5089164744643506e-05 0.0)
(-0.01997802986530602 5.5117721011046346e-05 0.0)
(1.2102425441021676 0.0007054693158299982 0.0)
(2.3302898212443406 0.002434920621653106 0.0)
(3.3723925810019213 0.004462180258845517 0.0)
(4.352256867507512 0.005520481840969465 0.0)
(5.270271805706913 0.005732892677017415 0.0)
(6.13820986214994 0.006657509653408711 0.0)
(6.946483009569714 0.008899589109738084 0.0)
(7.65587881328175 0.011357404106755276 0.0)
(8.263348998918309 0.013418366828214453 0.0)
(8.779519432013632 0.01516353059786564 0.0)
(9.20426431425805 0.016610210033692098 0.0)
(9.5382177697845 0.017745786415287866 0.0)
(9.781812633374006 0.018561634178643014 0.0)
(9.935594376457079 0.019053210816381907 0.0)
(10.000000000000004 0.019217158484266156 0.0)
(9.975516734654018 0.019053210816380266 0.0)
(9.86263181107045 0.018561634178639833 0.0)
(9.661782230215495 0.01774578641528374 0.0)
(9.373513463519716 0.01661021003368656 0.0)
(8.998258345764148 0.015163530597859676 0.0)
(8.536651001081673 0.013418366828206924 0.0)
(7.988565631162693 0.011357404106747045 0.0)
(7.364628101541422 0.008899589109730889 0.0)
(6.661790137850078 0.006657509653401652 0.0)
(5.840839305404204 0.005732892677010286 0.0)
(4.892187576936948 0.005520481840965405 0.0)
(3.827607418998077 0.0044621802588441055 0.0)
(2.647487956533445 0.002434920621652851 0.0)
(1.3675352336756248 0.0007054693158298375 0.0)
(0.019978029865309947 5.511772101103059e-05 0.0)
)
