(
(-0.027076517025095042 2.4992893074343323e-05 0.0)
(1.1922822771678054 0.00024284293977065152 0.0)
(2.3153856078707573 0.0003150067274887234 0.0)
(3.377232558562662 -0.0012185018374198805 0.0)
(4.378913112275938 -0.005709534364160684 0.0)
(5.3028430172886845 -0.012726093185426331 0.0)
(6.154916442688078 -0.020010598207258774 0.0)
(6.9482013496047035 -0.025790092821111155 0.0)
(7.658421576169401 -0.03046142479750723 0.0)
(8.267118123189798 -0.034669070912768454 0.0)
(8.782451183799132 -0.038345019088523856 0.0)
(9.20659980733319 -0.04140183274454415 0.0)
(9.539944363792035 -0.04380584061016902 0.0)
(9.782950172286261 -0.045535165679219176 0.0)
(9.936159023206827 -0.04657663487241571 0.0)
(10.000000000000005 -0.04692457666596646 0.0)
(9.974952087904281 -0.04657663487241736 0.0)
(9.861494272158197 -0.04553516567922253 0.0)
(9.660055636207968 -0.043805840610172765 0.0)
(9.37117797044458 -0.041401832744550005 0.0)
(8.995326593978652 -0.03834501908853022 0.0)
(8.532881876810194 -0.03466907091277676 0.0)
(7.986022868275046 -0.030461424797516762 0.0)
(7.36290976150643 -0.02579009282111946 0.0)
(6.645083557311931 -0.020010598207266493 0.0)
(5.8082680938224005 -0.012726093185434086 0.0)
(4.865531332168483 -0.005709534364165253 0.0)
(3.8227674414373167 -0.0012185018374216206 0.0)
(2.662392169907022 0.00031500672748817376 0.0)
(1.3854955006099865 0.000242842939770415 0.0)
(0.02707651702509329 2.499289307432106e-05 0.0)
(-0.02710352242409882 2.492933924910552e-05 0.0)
(1.1921818186251392 0.00024188885141574593 0.0)
(2.315178345013015 0.0003108168766705493 0.0)
(3.3769767690587953 -0.0012290932371860012 0.0)
(4.378996145544978 -0.005729328013302139 0.0)
(5.303824527957476 -0.012757212496400782 0.0)
(6.156091320671886 -0.020051964051769854 0.0)
(6.948260578964915 -0.025834811927931283 0.0)
(7.658169395882012 -0.030503708268377273 0.0)
(8.267103220078543 -0.03470846602254865 0.0)
(8.782439438750815 -0.03838171414145563 0.0)
(9.20659170839953 -0.0414359130079856 0.0)
(9.539939172932016 -0.04383768750743903 0.0)
(9.782947493963997 -0.045565315174753214 0.0)
(9.936157633895649 -0.04660572919166132 0.0)
(10.000000000000005 -0.04695331304599444 0.0)
(9.974953477215458 -0.04660572919166298 0.0)
(9.861496950480461 -0.04556531517475658 0.0)
(9.660060827067987 -0.0438376875074428 0.0)
(9.371186069378238 -0.041435913007991515 0.0)
(8.99533833902697 -0.03838171414146206 0.0)
(8.53289677992145 -0.03470846602255704 0.0)
(7.986275048562435 -0.030503708268386893 0.0)
(7.362850532146217 -0.025834811927939686 0.0)
(6.64390867932812 -0.02005196405177767 0.0)
(5.807286583153608 -0.012757212496408606 0.0)
(4.865448298899443 -0.005729328013306755 0.0)
(3.823023230941185 -0.0012290932371877665 0.0)
(2.6625994327647646 0.00031081687666998926 0.0)
(1.385595959152653 0.00024188885141550686 0.0)
(0.02710352242409713 2.4929339249083074e-05 0.0)
(-0.027127846318216912 2.4861713713429978e-05 0.0)
(1.1920900206463696 0.00024090364059711238 0.0)
(2.3149746891966827 0.0003066633218389589 0.0)
(3.376674109757026 -0.0012391414302850353 0.0)
(4.378929816935009 -0.005747471698978784 0.0)
(5.304655691763659 -0.012785558279033233 0.0)
(6.157348400608422 -0.020090531029490075 0.0)
(6.948503134448881 -0.02587775351617001 0.0)
(7.657958915066913 -0.030544915098922622 0.0)
(8.267096863763296 -0.03474702324058489 0.0)
(8.782439335091405 -0.03841776218799634 0.0)
(9.206589941599608 -0.04146949616281999 0.0)
(9.53993797798694 -0.04386914682895431 0.0)
(9.782947038178202 -0.04559515126769673 0.0)
(9.936157264748049 -0.04663455394925233 0.0)
(10.000000000000005 -0.04698179374790863 0.0)
(9.974953846363059 -0.04663455394925401 0.0)
(9.861497406266256 -0.045595151267700126 0.0)
(9.660062022013065 -0.043869146828958115 0.0)
(9.371187836178162 -0.041469496162825956 0.0)
(8.99533844268638 -0.03841776218800283 0.0)
(8.532903136236696 -0.034747023240593346 0.0)
(7.986485529377534 -0.030544915098932333 0.0)
(7.362607976662249 -0.025877753516178503 0.0)
(6.642651599391582 -0.02009053102949797 0.0)
(5.806455419347422 -0.012785558279041112 0.0)
(4.8655146275094125 -0.0057474716989834385 0.0)
(3.8233258902429546 -0.0012391414302868218 0.0)
(2.662803088581098 0.0003066633218383894 0.0)
(1.3856877571314228 0.00024090364059687093 0.0)
(0.02712784631821527 2.4861713713407356e-05 0.0)
(-0.027148419960041085 2.4792987809636862e-05 0.0)
(1.192010916666744 0.00023993059567572938 0.0)
(2.314783588685752 0.0003027285625945386 0.0)
(3.3763378789533753 -0.0012482049174948604 0.0)
(4.378717040803807 -0.005763168220834923 0.0)
(5.305299988890163 -0.012809885071491951 0.0)
(6.158632448705036 -0.020124604577974697 0.0)
(6.948918358612379 -0.025917030810999542 0.0)
(7.657799381866055 -0.0305832347363949 0.0)
(8.26709933352892 -0.03478304843325508 0.0)
(8.78245087737551 -0.038451579342929025 0.0)
(9.206594584563378 -0.04150110662666255 0.0)
(9.539940831460507 -0.04389883630968069 0.0)
(9.782948824955271 -0.04562336301470938 0.0)
(9.936157931983695 -0.04666184263807358 0.0)
(10.000000000000005 -0.04700876738177087 0.0)
(9.974953179127413 -0.04666184263807526 0.0)
(9.861495619489189 -0.04562336301471279 0.0)
(9.660059168539497 -0.04389883630968452 0.0)
(9.37118319321439 -0.04150110662666856 0.0)
(8.995326900402276 -0.03845157934293557 0.0)
(8.532900666471072 -0.034783048433263596 0.0)
(7.9866450625783925 -0.03058323473640468 0.0)
(7.36219275249875 -0.025917030811008105 0.0)
(6.641367551294964 -0.020124604577982645 0.0)
(5.805811122220918 -0.012809885071499875 0.0)
(4.865727403640615 -0.005763168220839605 0.0)
(3.8236621210466066 -0.0012482049174966647 0.0)
(2.6629941890920286 0.0003027285625939609 0.0)
(1.3857668611110483 0.00023993059567548576 0.0)
(0.02714841996003948 2.479298780961407e-05 0.0)
(-0.027164339381387997 2.4726181228208354e-05 0.0)
(1.191947982370411 0.00023901247046530718 0.0)
(2.314613440087065 0.0002991854850600494 0.0)
(3.375982850014238 -0.0012558854657686587 0.0)
(4.378367166145316 -0.005775727902416172 0.0)
(5.305729110099956 -0.012829123999020916 0.0)
(6.159887046237463 -0.020152687567839094 0.0)
(6.949488007265295 -0.02595091803994085 0.0)
(7.657697805876426 -0.03061698348602736 0.0)
(8.267110520858434 -0.034814958719499536 0.0)
(8.78247355845628 -0.038481679742332665 0.0)
(9.20660543328751 -0.04152935549356175 0.0)
(9.539947607976309 -0.0439254514481504 0.0)
(9.782952775787487 -0.045648710843239355 0.0)
(9.936159606285475 -0.04668639624306151 0.0)
(10.000000000000005 -0.04703304877545615 0.0)
(9.974951504825633 -0.046686396243063207 0.0)
(9.86149166865697 -0.045648710843242776 0.0)
(9.660052392023694 -0.04392545144815426 0.0)
(9.371172344490258 -0.04152935549356779 0.0)
(8.995304219321506 -0.038481679742339264 0.0)
(8.532889479141557 -0.03481495871950809 0.0)
(7.986746638568022 -0.03061698348603719 0.0)
(7.361623103845832 -0.025950918039949474 0.0)
(6.640112953762534 -0.02015268756784709 0.0)
(5.805382001011124 -0.012829123999028864 0.0)
(4.866077278299108 -0.005775727902420869 0.0)
(3.8240171499857447 -0.0012558854657704756 0.0)
(2.663164337690716 0.0002991854850594651 0.0)
(1.3858297954073815 0.00023901247046506166 0.0)
(0.02716433938138641 2.4726181228185406e-05 0.0)
(-0.02717490511200742 2.466422932811323e-05 0.0)
(1.191903982975216 0.00023818960570792913 0.0)
(2.31447171941877 0.00029618976558047985 0.0)
(3.375624622261693 -0.001261845605866445 0.0)
(4.377895565811952 -0.005784598894291137 0.0)
(5.305924200592136 -0.012842429738341123 0.0)
(6.16105706848535 -0.020173546083885014 0.0)
(6.950187051087963 -0.025977926260149196 0.0)
(7.657658650161181 -0.030644678489502742 0.0)
(8.267129934201042 -0.03484135201971887 0.0)
(8.78250638176852 -0.03850674082972461 0.0)
(9.20662201109891 -0.04155300155998587 0.0)
(9.539958009786641 -0.04394782282387013 0.0)
(9.782958717082515 -0.04567008101607358 0.0)
(9.936162214087632 -0.04670713592373251 0.0)
(10.000000000000005 -0.04705357104894746 0.0)
(9.974948897023475 -0.046707135923734204 0.0)
(9.861485727361945 -0.045670081016077016 0.0)
(9.660041990213363 -0.043947822823874 0.0)
(9.371155766678859 -0.04155300155999192 0.0)
(8.995271396009265 -0.03850674082973124 0.0)
(8.532870065798948 -0.03484135201972747 0.0)
(7.986785794283265 -0.030644678489512613 0.0)
(7.360924060023161 -0.02597792626015785 0.0)
(6.638942931514644 -0.020173546083893032 0.0)
(5.8051869105189455 -0.012842429738349082 0.0)
(4.866548878632474 -0.00578459889429584 0.0)
(3.8243753777382907 -0.001261845605868269 0.0)
(2.663306058359011 0.00029618976557989086 0.0)
(1.3858737948025766 0.00023818960570768204 0.0)
(0.027174905112005834 2.4664229328090155e-05 0.0)
(-0.0271796529130254 2.460985416250388e-05 0.0)
(1.1918808517340893 0.0002374981565756458 0.0)
(2.3143646536277616 0.0002938730305892482 0.0)
(3.375278935567828 -0.001265823460136091 0.0)
(4.377322961059592 -0.0057893914213058536 0.0)
(5.305876688447384 -0.01284921765960901 0.0)
(6.16209110681162 -0.020186263641076976 0.0)
(6.95098477537368 -0.025996868779838752 0.0)
(7.657683635150818 -0.030665102879034924 0.0)
(8.26715672056999 -0.034861068660586664 0.0)
(8.78254790511594 -0.038525661466772824 0.0)
(9.206643589598873 -0.0415710058610355 0.0)
(9.539971579854985 -0.04396496747951801 0.0)
(9.782966387790715 -0.04568653456691337 0.0)
(9.936165640808108 -0.04672315041646006 0.0)
(10.000000000000005 -0.047069432491092036 0.0)
(9.974945470302998 -0.04672315041646175 0.0)
(9.861478056653745 -0.045686534566916806 0.0)
(9.66002842014502 -0.043964967479521895 0.0)
(9.371134188178896 -0.041571005861041566 0.0)
(8.995229872661845 -0.03852566146677945 0.0)
(8.53284327943 -0.034861068660595275 0.0)
(7.98676080929363 -0.03066510287904481 0.0)
(7.3601263357374425 -0.02599686877984742 0.0)
(6.6379088931883725 -0.020186263641084987 0.0)
(5.805234422663699 -0.012849217659616958 0.0)
(4.867121483384835 -0.005789391421310551 0.0)
(3.8247210644321563 -0.0012658234601379162 0.0)
(2.66341312415002 0.0002938730305886566 0.0)
(1.385896926043703 0.0002374981565753977 0.0)
(0.027179652913023794 2.4609854162480703e-05 0.0)
(-0.027178374174751056 2.4565444876680622e-05 0.0)
(1.1918796049914488 0.00023696850407835937 0.0)
(2.314296946989024 0.0002923370731835222 0.0)
(3.3749609787735557 -0.001267644248938267 0.0)
(4.3766745110935075 -0.005789894908590977 0.0)
(5.305588661262419 -0.012849189513982211 0.0)
(6.162943727463936 -0.020190281453218068 0.0)
(6.951846129576726 -0.026006913299348736 0.0)
(7.657771663050597 -0.03067735924431322 0.0)
(8.267189703021227 -0.03487324232897372 0.0)
(8.78259630403862 -0.03853761031529971 0.0)
(9.206669220667589 -0.04158257732066044 0.0)
(9.539987721937363 -0.04397613211029013 0.0)
(9.782975450875204 -0.04569734855683572 0.0)
(9.936169735883077 -0.0467337360737314 0.0)
(10.000000000000005 -0.04707993617913976 0.0)
(9.974941375228031 -0.046733736073733094 0.0)
(9.861468993569254 -0.04569734855683916 0.0)
(9.660012278062641 -0.04397613211029402 0.0)
(9.37110855711018 -0.0415825773206665 0.0)
(8.995181473739166 -0.038537610315306337 0.0)
(8.532810296978763 -0.03487324232898233 0.0)
(7.98667278139385 -0.030677359244323098 0.0)
(7.359264981534394 -0.02600691329935739 0.0)
(6.637056272536055 -0.02019028145322606 0.0)
(5.805522449848666 -0.012849189513990132 0.0)
(4.867769933350922 -0.005789894908595658 0.0)
(3.82503902122643 -0.0012676442489400874 0.0)
(2.6634808307887567 0.0002923370731829303 0.0)
(1.3858981727863435 0.0002369685040781107 0.0)
(0.02717837417474942 2.4565444876657376e-05 0.0)
(-0.027171125082604778 2.4532952733418042e-05 0.0)
(1.191900297526885 0.00023662392017782875 0.0)
(2.3142715744083993 0.000291649380521755 0.0)
(3.3746847223187304 -0.0012672279701440444 0.0)
(4.375978707618901 -0.005786087233836302 0.0)
(5.3050727744248185 -0.012842346538128081 0.0)
(6.1635774678506605 -0.020185422984993203 0.0)
(6.952733267369224 -0.02600761848086779 0.0)
(7.657918866075647 -0.03068090906306969 0.0)
(8.267227432366187 -0.03487733813616224 0.0)
(8.782649451976438 -0.03854206236476083 0.0)
(9.206697778122788 -0.041587207510094176 0.0)
(9.540005726780207 -0.0439808261627355 0.0)
(9.782985508120632 -0.0457020478389071 0.0)
(9.936174319382435 -0.04673842778113194 0.0)
(10.000000000000005 -0.04708462060025374 0.0)
(9.974936791728673 -0.046738427781133636 0.0)
(9.861458936323828 -0.045702047838910534 0.0)
(9.659994273219796 -0.04398082616273937 0.0)
(9.371079999654981 -0.04158720751010023 0.0)
(8.995128325801346 -0.038542062364767427 0.0)
(8.532772567633803 -0.034877338136170825 0.0)
(7.986525578368799 -0.03068090906307954 0.0)
(7.358377843741894 -0.026007618480876408 0.0)
(6.63642253214933 -0.020185422985001138 0.0)
(5.806038336686268 -0.012842346538135957 0.0)
(4.86846573682553 -0.005786087233840955 0.0)
(3.8253152776812556 -0.0012672279701458544 0.0)
(2.6635062033693817 0.0002916493805211649 0.0)
(1.3858774802509073 0.00023662392017758003 0.0)
(0.027171125082603102 2.4532952733394762e-05 0.0)
(-0.02715822414843364 2.4513805378048388e-05 0.0)
(1.1919420201482471 0.0002364795452602448 0.0)
(2.314289650710661 0.0002918401685614064 0.0)
(3.3744623044065802 -0.001264592914282081 0.0)
(4.37526612296751 -0.005778135699304605 0.0)
(5.304351695058438 -0.012828989399886779 0.0)
(6.163964482578597 -0.020171901708607855 0.0)
(6.953607209539542 -0.025998953340010077 0.0)
(7.658118776394346 -0.03067559636276238 0.0)
(8.267268250846477 -0.034873176119877405 0.0)
(8.78270501370624 -0.038538822000247615 0.0)
(9.206728007202134 -0.04158469298728368 0.0)
(9.540024803283663 -0.043978843388777174 0.0)
(9.78299611763003 -0.04570042593527037 0.0)
(9.936179189915604 -0.046737019393621744 0.0)
(10.000000000000005 -0.047083279929540145 0.0)
(9.974931921195502 -0.04673701939362344 0.0)
(9.861448326814427 -0.04570042593527379 0.0)
(9.659975196716342 -0.043978843388781046 0.0)
(9.371049770575635 -0.0415846929872897 0.0)
(8.995072764071544 -0.0385388220002542 0.0)
(8.532731749153514 -0.03487317611988595 0.0)
(7.986325668050099 -0.030675596362772187 0.0)
(7.357503901571574 -0.02599895334001864 0.0)
(6.636035517421395 -0.020171901708615728 0.0)
(5.806759416052652 -0.012828989399894592 0.0)
(4.869178321476923 -0.005778135699309221 0.0)
(3.8255376955934057 -0.0012645929142838749 0.0)
(2.6634881270671196 0.00029184016856082033 0.0)
(1.385835757629545 0.00023647954525999652 0.0)
(0.027158224148431907 2.4513805378025115e-05 0.0)
(-0.027140238215683527 2.4508844110337522e-05 0.0)
(1.1920029396398817 0.00023654172289535965 0.0)
(2.3143503816561584 0.00029290105442505087 0.0)
(3.3743034976732633 -0.0012598548608862526 0.0)
(4.37456806680528 -0.005766389680876287 0.0)
(5.303457106071458 -0.012809704987476436 0.0)
(6.164087766928621 -0.020150311724209922 0.0)
(6.95442955666755 -0.02598129860721245 0.0)
(7.658362610313017 -0.030661654573723492 0.0)
(8.267310364972747 -0.03486093915150058 0.0)
(8.782760547947266 -0.03852803159744873 0.0)
(9.206758579695181 -0.041575144235761044 0.0)
(9.540044113261064 -0.043970270907875524 0.0)
(9.783006813240968 -0.04569255410940414 0.0)
(9.936184133480271 -0.04672957279317142 0.0)
(10.000000000000005 -0.04707597307361744 0.0)
(9.974926977630837 -0.046729572793173114 0.0)
(9.86143763120349 -0.04569255410940755 0.0)
(9.659955886738938 -0.043970270907879354 0.0)
(9.371019198082587 -0.04157514423576704 0.0)
(8.99501722983052 -0.03852803159745527 0.0)
(8.532689635027245 -0.034860939151509084 0.0)
(7.9860818341314275 -0.030661654573733238 0.0)
(7.356681554443565 -0.02598129860722093 0.0)
(6.6359122330713705 -0.02015031172421771 0.0)
(5.807654005039635 -0.012809704987484176 0.0)
(4.869876377639154 -0.005766389680880858 0.0)
(3.825696502326722 -0.0012598548608880266 0.0)
(2.6634273961216226 0.0002929010544244709 0.0)
(1.3857748381379102 0.0002365417228951124 0.0)
(0.027140238215681727 2.4508844110314283e-05 0.0)
(-0.027117957553335143 2.4518286919312265e-05 0.0)
(1.192080379310775 0.00023680772111163724 0.0)
(2.314451098838249 0.0002947854247286757 0.0)
(3.3742152797961134 -0.0012532219913547486 0.0)
(4.373915210442922 -0.005751365277112356 0.0)
(5.302428314067363 -0.01278534062269852 0.0)
(6.1639419040119385 -0.020121601656216095 0.0)
(6.9551641763248835 -0.025955429999135613 0.0)
(7.658639654215355 -0.030639696272657602 0.0)
(8.267351924327334 -0.034841164901035365 0.0)
(8.78281361462656 -0.03851016526692267 0.0)
(9.206788152302519 -0.041558980810199236 0.0)
(9.540062808267336 -0.043955485379158436 0.0)
(9.783017125007868 -0.0456787782349359 0.0)
(9.936188932865246 -0.04671641516978161 0.0)
(10.000000000000005 -0.04706302108236736 0.0)
(9.974922178245862 -0.04671641516978329 0.0)
(9.86142731943659 -0.04567877823493928 0.0)
(9.659937191732668 -0.04395548537916224 0.0)
(9.37098962547525 -0.041558980810205176 0.0)
(8.994964163151225 -0.038510165266929144 0.0)
(8.532648075672657 -0.034841164901043796 0.0)
(7.985804790229089 -0.03063969627266727 0.0)
(7.355946934786229 -0.025955429999144002 0.0)
(6.636058095988055 -0.02012160165622378 0.0)
(5.8086827970437325 -0.012785340622706177 0.0)
(4.870529234001514 -0.005751365277116875 0.0)
(3.8257847202038726 -0.0012532219913564983 0.0)
(2.663326678939531 0.00029478542472810364 0.0)
(1.3856973984670167 0.00023680772111139142 0.0)
(0.027117957553333266 2.4518286919289107e-05 0.0)
(-0.027092361132930756 2.4541718905221402e-05 0.0)
(1.1921709366034605 0.00023726585243408424 0.0)
(2.3145873769282104 0.0002974104836884979 0.0)
(3.374201526907261 -0.0012449857418402913 0.0)
(4.373336239194631 -0.005733722632827829 0.0)
(5.301310522284691 -0.012756966831168032 0.0)
(6.163533302778257 -0.02008703297249043 0.0)
(6.9557787906677495 -0.025922484135093186 0.0)
(7.658937735299128 -0.030610686267141977 0.0)
(8.26739110286823 -0.0348147222128712 0.0)
(8.782861882091318 -0.03848600802254721 0.0)
(9.206815425657881 -0.041536912901947276 0.0)
(9.540080066878101 -0.04393513645170837 0.0)
(9.783026599850556 -0.04565970359858749 0.0)
(9.936193377194332 -0.046698124645352855 0.0)
(10.000000000000005 -0.04704499304259044 0.0)
(9.974917733916776 -0.04669812464535452 0.0)
(9.861417844593902 -0.04565970359859085 0.0)
(9.659919933121904 -0.043935136451712146 0.0)
(9.370962352119887 -0.04153691290195319 0.0)
(8.994915895686466 -0.03848600802255363 0.0)
(8.53260889713176 -0.03481472221287956 0.0)
(7.985506709145315 -0.030610686267151556 0.0)
(7.355332320443363 -0.02592248413510147 0.0)
(6.6364666972217385 -0.02008703297249801 0.0)
(5.809800588826408 -0.012756966831175606 0.0)
(4.871108205249806 -0.005733722632832293 0.0)
(3.8257984730927244 -0.0012449857418420146 0.0)
(2.6631904008495693 0.00029741048368793493 0.0)
(1.385606841174331 0.00023726585243384024 0.0)
(0.027092361132928802 2.4541718905198353e-05 0.0)
(-0.027064573614355613 2.4578110509471695e-05 0.0)
(1.1922706325961672 0.00023789598741051987 0.0)
(2.3147532281160825 0.00030066089101623227 0.0)
(3.3742628432834834 -0.0012355079980787534 0.0)
(4.372856591997859 -0.005714236933536261 0.0)
(5.30015284444943 -0.012725830305376436 0.0)
(6.16287991641827 -0.020048124557754215 0.0)
(6.9562463946663255 -0.02588390859607843 0.0)
(7.65924375642684 -0.030575899203746666 0.0)
(8.26742617916202 -0.03478277293035051 0.0)
(8.782903229557443 -0.038456621289445776 0.0)
(9.206839201419927 -0.04150991013452168 0.0)
(9.540095130781575 -0.043910118220170206 0.0)
(9.78303482146178 -0.045636168304984036 0.0)
(9.936197271191842 -0.04667550487206699 0.0)
(10.000000000000005 -0.04702268107337308 0.0)
(9.974913839919266 -0.04667550487206864 0.0)
(9.861409622982679 -0.04563616830498737 0.0)
(9.659904869218428 -0.043910118220173926 0.0)
(9.370938576357842 -0.041509910134527525 0.0)
(8.994874548220343 -0.038456621289452125 0.0)
(8.53257382083797 -0.03478277293035879 0.0)
(7.985200688017603 -0.030575899203756148 0.0)
(7.354864716444785 -0.025883908596086615 0.0)
(6.637120083581728 -0.02004812455776169 0.0)
(5.810958266661672 -0.012725830305383923 0.0)
(4.871587852446579 -0.0057142369335406685 0.0)
(3.8257371567165013 -0.0012355079980804484 0.0)
(2.6630245496616967 0.0003006608910156795 0.0)
(1.385507145181624 0.0002378959874102781 0.0)
(0.027064573614353576 2.457811050944878e-05 0.0)
(-0.02703581593034007 2.4625862751548946e-05 0.0)
(1.1923750868293639 0.00023867043906287898 0.0)
(2.314941365204086 0.0003043938297603505 0.0)
(3.374396534795384 -0.0012252051947919745 0.0)
(4.372497343672942 -0.005693764345216445 0.0)
(5.29900614680775 -0.012693299127304353 0.0)
(6.1620104535333 -0.02000658597657003 0.0)
(6.956546442656374 -0.02584139832070372 0.0)
(7.659544271589988 -0.030536863562396124 0.0)
(8.26745561202053 -0.034746720846497686 0.0)
(8.782935840292913 -0.03842329626690936 0.0)
(9.20685843492517 -0.04147915896012294 0.0)
(9.540107338097402 -0.04388152993986814 0.0)
(9.783041428598981 -0.04560920645186985 0.0)
(9.93620044376265 -0.046649549721380475 0.0)
(10.000000000000005 -0.046997065521824144 0.0)
(9.974910667348459 -0.04664954972138211 0.0)
(9.861403015845477 -0.04560920645187316 0.0)
(9.659892661902603 -0.04388152993987183 0.0)
(9.370919342852599 -0.04147915896012874 0.0)
(8.994841937484873 -0.03842329626691564 0.0)
(8.532544387979462 -0.03474672084650588 0.0)
(7.984900172854453 -0.03053686356240551 0.0)
(7.354564668454738 -0.02584139832071178 0.0)
(6.637989546466701 -0.020006585976577396 0.0)
(5.812104964303354 -0.012693299127311757 0.0)
(4.8719471007714965 -0.0056937643452207995 0.0)
(3.8256034652046003 -0.0012252051947936413 0.0)
(2.6628364125736925 0.00030439382975980836 0.0)
(1.385402690948427 0.0002386704390626396 0.0)
(0.027035815930337964 2.4625862751526188e-05 0.0)
(-0.02700735164090907 2.4682877485296523e-05 0.0)
(1.192479709775138 0.0002395551794023762 0.0)
(2.315143521792762 0.0003084452814216543 0.0)
(3.374596727282512 -0.0012145300183079297 0.0)
(4.372274278934051 -0.005673204395945613 0.0)
(5.297920813156202 -0.012660802657402163 0.0)
(6.160963116731875 -0.019964242358202423 0.0)
(6.956665751078133 -0.025796821132698645 0.0)
(7.659826076702082 -0.03049529449775761 0.0)
(8.267478108217798 -0.0347081500239218 0.0)
(8.782958281441672 -0.03838749719546177 0.0)
(9.206872281088575 -0.04144601052909648 0.0)
(9.540116152458452 -0.04385062772753787 0.0)
(9.78304613095664 -0.045580002693745465 0.0)
(9.936202755509795 -0.04662139961513089 0.0)
(10.000000000000005 -0.04696927188841632 0.0)
(9.974908355601313 -0.046621399615132515 0.0)
(9.861398313487818 -0.04558000269374875 0.0)
(9.65988384754155 -0.04385062772754152 0.0)
(9.370905496689193 -0.04144601052910221 0.0)
(8.994819496336111 -0.03838749719546798 0.0)
(8.532521891782192 -0.034708150023929914 0.0)
(7.9846183677423594 -0.030495294497766896 0.0)
(7.3544453600329796 -0.025796821132706604 0.0)
(6.63903688326813 -0.019964242358209677 0.0)
(5.813190297954904 -0.012660802657409483 0.0)
(4.872170165510387 -0.0056732043959499155 0.0)
(3.825403272717472 -0.0012145300183095693 0.0)
(2.662634255985016 0.00030844528142112286 0.0)
(1.3852980680026525 0.00023955517940213924 0.0)
(0.027007351640906903 2.468287748527394e-05 0.0)
(-0.026980431414866283 2.4746649587619087e-05 0.0)
(1.1925799044926544 0.00024051133455708058 0.0)
(2.3153508154914384 0.00031263723262606733 0.0)
(3.374854624653224 -0.0012039515163516444 0.0)
(4.372197198837727 -0.005653460452281362 0.0)
(5.296944531069874 -0.012629768731106748 0.0)
(6.159783924077 -0.019922954203777 0.0)
(6.956599077737819 -0.0257521356721525 0.0)
(7.6600767897620425 -0.030453018478482873 0.0)
(8.267492679312076 -0.03466875519400352 0.0)
(8.782969566980702 -0.03835079702080991 0.0)
(9.206880131535055 -0.04141192132285823 0.0)
(9.54012118657783 -0.0438187693698552 0.0)
(9.783048721921762 -0.0455498401903161 0.0)
(9.93620410485934 -0.04659229141748767 0.0)
(10.000000000000005 -0.04694052137455457 0.0)
(9.974907006251767 -0.04659229141748928 0.0)
(9.861395722522696 -0.04554984019031935 0.0)
(9.659878813422173 -0.04381876936985881 0.0)
(9.370897646242714 -0.04141192132286392 0.0)
(8.994808210797084 -0.03835079702081605 0.0)
(8.532507320687916 -0.034668755194011545 0.0)
(7.984367654682399 -0.03045301847849207 0.0)
(7.354512033373294 -0.02575213567216036 0.0)
(6.640216075923008 -0.019922954203784163 0.0)
(5.814166580041235 -0.012629768731114002 0.0)
(4.872247245606711 -0.005653460452285619 0.0)
(3.825145375346759 -0.0012039515163532592 0.0)
(2.662426962286339 0.0003126372326255463 0.0)
(1.385197873285136 0.00024051133455684618 0.0)
(0.026980431414864052 2.474664958759668e-05 0.0)
(-0.026956238077694854 2.4814377029008335e-05 0.0)
(1.1926712686093264 0.00024149689281873098 0.0)
(2.3155541381942286 0.0003167854967066258 0.0)
(3.375158895368861 -0.0011939344889462559 0.0)
(4.372269490142389 -0.005635400026987771 0.0)
(5.296120196597581 -0.012601560922364575 0.0)
(6.158524687136659 -0.019884535639264667 0.0)
(6.95634935214003 -0.02570930533645194 0.0)
(7.6602853948966825 -0.030411893035517074 0.0)
(8.267498685076134 -0.03463026729349862 0.0)
(8.78296920104406 -0.03831480828148686 0.0)
(9.206881641330353 -0.04137838915876588 0.0)
(9.54012221926554 -0.04378735466477348 0.0)
(9.783049087652083 -0.04552004422680168 0.0)
(9.936204432523335 -0.04656350408940332 0.0)
(10.000000000000005 -0.04691207722522037 0.0)
(9.974906678587773 -0.04656350408940491 0.0)
(9.861395356792375 -0.04552004422680492 0.0)
(9.659877780734465 -0.043787354664777046 0.0)
(9.370896136447415 -0.041378389158771525 0.0)
(8.994808576733725 -0.038314808281492946 0.0)
(8.532501314923858 -0.03463026729350658 0.0)
(7.984159049547758 -0.03041189303552619 0.0)
(7.354761758971084 -0.025709305336459713 0.0)
(6.641475312863353 -0.019884535639271755 0.0)
(5.814990914513529 -0.01260156092237177 0.0)
(4.872174954302048 -0.005635400026991992 0.0)
(3.824841104631121 -0.001193934488947849 0.0)
(2.6622236395835484 0.0003167854967061142 0.0)
(1.3851065091684638 0.0002414968928184989 0.0)
(0.026956238077692575 2.4814377028986106e-05 0.0)
(-0.026935834640369635 2.4883083989593474e-05 0.0)
(1.1927497877530133 0.00024246855056033826 0.0)
(2.3157445562735406 0.00032070780652866454 0.0)
(3.3754961703308264 -0.0011849190659503227 0.0)
(4.372487976500363 -0.005619816662111628 0.0)
(5.295484029487959 -0.01257741863068704 0.0)
(6.157240734478301 -0.01985067470610533 0.0)
(6.955927546770673 -0.02567021201219177 0.0)
(7.660442726378017 -0.030373725145587237 0.0)
(8.267495861627689 -0.034594377410343685 0.0)
(8.782957199710335 -0.03828111225685898 0.0)
(9.206876744136824 -0.04134688737876428 0.0)
(9.54011920514717 -0.04375776391696242 0.0)
(9.78304721207808 -0.04549192398332889 0.0)
(9.93620372410482 -0.04653630249340893 0.0)
(10.000000000000005 -0.04688518922429838 0.0)
(9.974907387006288 -0.046536302493410515 0.0)
(9.861397232366379 -0.0454919239833321 0.0)
(9.659880794852835 -0.04375776391696596 0.0)
(9.370901033640944 -0.041346887378769875 0.0)
(8.99482057806745 -0.03828111225686501 0.0)
(8.532504138372301 -0.03459437741035159 0.0)
(7.9840017180664224 -0.030373725145596282 0.0)
(7.355183564340443 -0.025670212012199465 0.0)
(6.642759265521714 -0.019850674706112355 0.0)
(5.815627081623152 -0.012577418630694195 0.0)
(4.871956467944073 -0.005619816662115821 0.0)
(3.8245038296691547 -0.0011849190659518984 0.0)
(2.662033221504236 0.0003207078065281611 0.0)
(1.3850279900247766 0.0002424685505601084 0.0)
(0.02693583464036732 2.488308398957142e-05 0.0)
(-0.026920117592599668 2.4949751611222233e-05 0.0)
(1.1928120119361885 0.00024338361491833385 0.0)
(2.3159137031073294 0.00032423182297426623 0.0)
(3.3758516302943176 -0.0011773013685570366 0.0)
(4.3728430580207895 -0.0056073950621966335 0.0)
(5.295063981759968 -0.012558402624203387 0.0)
(6.15598848063281 -0.019822859191755176 0.0)
(6.955352194986007 -0.025636573388520757 0.0)
(7.660541871348588 -0.030340191835950717 0.0)
(8.267484333023901 -0.034562662480345854 0.0)
(8.782934090296173 -0.03825118948860325 0.0)
(9.206865655128196 -0.04131880011343582 0.0)
(9.540112276657569 -0.0437312972897461 0.0)
(9.783043177609041 -0.045466715011951354 0.0)
(9.93620201073041 -0.04651188181786859 0.0)
(10.000000000000005 -0.0468610387813589 0.0)
(9.974909100380696 -0.04651188181787016 0.0)
(9.861401266835417 -0.04546671501195455 0.0)
(9.659887723342434 -0.04373129728974962 0.0)
(9.370912122649573 -0.0413188001134414 0.0)
(8.99484368748161 -0.03825118948860924 0.0)
(8.53251566697609 -0.034562662480353716 0.0)
(7.983902573095852 -0.030340191835959707 0.0)
(7.355758916125111 -0.025636573388528396 0.0)
(6.644011519367208 -0.01982285919176216 0.0)
(5.816047129351142 -0.012558402624210513 0.0)
(4.871601386423645 -0.005607395062200809 0.0)
(3.8241483697056626 -0.0011773013685585994 0.0)
(2.6618640746704467 0.0003242318229737693 0.0)
(1.3849657658416017 0.0002433836149181059 0.0)
(0.02692011759259734 2.494975161120033e-05 0.0)
(-0.026909777512710436 2.5011450640565206e-05 0.0)
(1.1928552071420786 0.0002442018796388903 0.0)
(2.3160541466931637 0.000327202707207817 0.0)
(3.3762096569988342 -0.001171416104453674 0.0)
(4.373319133071264 -0.005598681009618374 0.0)
(5.294878509542323 -0.0125453484314497 0.0)
(6.154822947343223 -0.01980231125902771 0.0)
(6.954648576690873 -0.025609867485022888 0.0)
(7.660578473559768 -0.030312766498885476 0.0)
(8.26746460581053 -0.03453651599950841 0.0)
(8.782900888186958 -0.03822635472841469 0.0)
(9.206848861535217 -0.041295361465834846 0.0)
(9.540101738221894 -0.04370911767830508 0.0)
(9.783037161512159 -0.04544552494875293 0.0)
(9.936199367682644 -0.046491315062589154 0.0)
(10.000000000000005 -0.04684068702268272 0.0)
(9.974911743428462 -0.046491315062590736 0.0)
(9.8614072829323 -0.045445524948756116 0.0)
(9.659898261778109 -0.043709117678308575 0.0)
(9.370928916242551 -0.0412953614658404 0.0)
(8.994876889590827 -0.03822635472842066 0.0)
(8.532535394189463 -0.034536515999516244 0.0)
(7.983865970884672 -0.03031276649889443 0.0)
(7.356462534420247 -0.025609867485030493 0.0)
(6.6451770526567975 -0.01980231125903468 0.0)
(5.816232601568787 -0.01254534843145682 0.0)
(4.871125311373169 -0.005598681009622544 0.0)
(3.8237903430011446 -0.0011714161044552303 0.0)
(2.6617236310846124 0.0003272027072073247 0.0)
(1.3849225706357113 0.00024420187963866387 0.0)
(0.026909777512708108 2.5011450640543438e-05 0.0)
(-0.026905268724895636 2.5065470135148254e-05 0.0)
(1.1928774754523608 0.0002448873916671595 0.0)
(2.316159716196816 0.00032948992401117365 0.0)
(3.376554519405972 -0.0011675218613781512 0.0)
(4.373895283785022 -0.005594057383905229 0.0)
(5.294935762144953 -0.01253882962977361 0.0)
(6.153795346010002 -0.019789933746495594 0.0)
(6.953847607585926 -0.025591267710240787 0.0)
(7.66055092477736 -0.030292654153528924 0.0)
(8.267437546765237 -0.034517086796365726 0.0)
(8.782859052222625 -0.03820769917022208 0.0)
(9.206827101237643 -0.04127760128725713 0.0)
(9.540088052879732 -0.04369219961418961 0.0)
(9.783029428123722 -0.04542928484634439 0.0)
(9.936195911092204 -0.04647550589317182 0.0)
(10.000000000000005 -0.04682502816731356 0.0)
(9.974915200018904 -0.046475505893173404 0.0)
(9.861415016320736 -0.045429284846347576 0.0)
(9.659911947120271 -0.04369219961419311 0.0)
(9.370950676540126 -0.04127760128726267 0.0)
(8.99491872555516 -0.03820769917022804 0.0)
(8.532562453234753 -0.03451708679637353 0.0)
(7.983893519667081 -0.030292654153537872 0.0)
(7.357263503525196 -0.025591267710248385 0.0)
(6.64620465399002 -0.019789933746502564 0.0)
(5.816175348966156 -0.012538829629780743 0.0)
(4.870549160659408 -0.005594057383909406 0.0)
(3.8234454805940064 -0.0011675218613797066 0.0)
(2.6616180615809597 0.00032948992401068386 0.0)
(1.3849003023254292 0.000244887391666934 0.0)
(0.026905268724893315 2.506547013512658e-05 0.0)
(-0.026906789337043244 2.5109436577205258e-05 0.0)
(1.1928778384382197 0.0002454100308587279 0.0)
(2.3162257730874303 0.0003309929772623417 0.0)
(3.376871064892469 -0.00116578974524689 0.0)
(4.374546195153742 -0.005593727338712354 0.0)
(5.2952332239932405 -0.01253913264339495 0.0)
(6.152950827555784 -0.019786270499415465 0.0)
(6.952984480788307 -0.025581591304251052 0.0)
(7.660460435444463 -0.030280738499541538 0.0)
(8.267404344812974 -0.034505228554559134 0.0)
(8.78281042059891 -0.03819604250512299 0.0)
(9.206801330343138 -0.041266299927458075 0.0)
(9.540071821939977 -0.04368128644618622 0.0)
(9.783020317234671 -0.045418708265115175 0.0)
(9.93619179283535 -0.046465148935598714 0.0)
(10.000000000000005 -0.04681475023670928 0.0)
(9.974919318275756 -0.04646514893560028 0.0)
(9.861424127209787 -0.04541870826511836 0.0)
(9.659928178060026 -0.04368128644618972 0.0)
(9.37097644743463 -0.04126629992746361 0.0)
(8.994967357178874 -0.038196042505128966 0.0)
(8.532595655187016 -0.03450522855456694 0.0)
(7.983984008999978 -0.030280738499550486 0.0)
(7.358126630322818 -0.025581591304258664 0.0)
(6.647049172444239 -0.019786270499422463 0.0)
(5.815877887117866 -0.01253913264340211 0.0)
(4.869898249290687 -0.0055937273387165485 0.0)
(3.823128935107509 -0.0011657897452484502 0.0)
(2.661552004690346 0.0003309929772618521 0.0)
(1.3848999393395702 0.00024541003085850303 0.0)
(0.026906789337040958 2.510943657718366e-05 0.0)
(-0.026914272536237394 2.5141418161706574e-05 0.0)
(1.192856280150721 0.00024574683340365953 0.0)
(2.3162494149460797 0.00033164582555122296 0.0)
(3.377145385028752 -0.0011662958620738807 0.0)
(4.375243267322689 -0.005597705375621718 0.0)
(5.2957578251577635 -0.01254624415844955 0.0)
(6.1523264985764445 -0.019791482474162316 0.0)
(6.952097120510455 -0.02558126343063039 0.0)
(7.660310981496821 -0.030277543088960444 0.0)
(8.26736645878678 -0.03450146230353961 0.0)
(8.782757130100391 -0.03819189690565666 0.0)
(9.206772681177663 -0.04126195394751196 0.0)
(9.54005375856043 -0.0436768576789319 0.0)
(9.783010229160803 -0.04541425992069518 0.0)
(9.936187193860755 -0.04646069925563807 0.0)
(10.000000000000005 -0.04681030482433769 0.0)
(9.974923917250353 -0.04646069925563965 0.0)
(9.861434215283655 -0.04541425992069836 0.0)
(9.659946241439572 -0.0436768576789354 0.0)
(9.371005096600108 -0.04126195394751751 0.0)
(8.995020647677395 -0.03819189690566263 0.0)
(8.53263354121321 -0.03450146230354744 0.0)
(7.9841334629476215 -0.03027754308896942 0.0)
(7.359013990600672 -0.025581263430638036 0.0)
(6.647673501423578 -0.019791482474169356 0.0)
(5.815353285953341 -0.012546244158456756 0.0)
(4.869201177121738 -0.005597705375625942 0.0)
(3.8228546149712255 -0.0011662958620754522 0.0)
(2.6615283628316964 0.00033164582555073144 0.0)
(1.3849214976270694 0.00024574683340343467 0.0)
(0.02691427253623515 2.514141816168501e-05 0.0)
(-0.026927389524395603 2.516000967633787e-05 0.0)
(1.1928137478215772 0.0002458830008142929 0.0)
(2.316229602992748 0.00033141978391835623 0.0)
(3.377365426689887 -0.0011690179740116607 0.0)
(4.375955872216017 -0.005605816706969142 0.0)
(5.296486515623082 -0.012559851707976057 0.0)
(6.15194979094516 -0.019805340666100794 0.0)
(6.951224515739602 -0.025590298495545866 0.0)
(7.660109129667473 -0.030283208322280746 0.0)
(8.267325553329337 -0.03450595352548676 0.0)
(8.782701522214081 -0.03819544452187943 0.0)
(9.206742412533131 -0.04126475430182691 0.0)
(9.540034656412944 -0.04367910790435759 0.0)
(9.782999607153629 -0.045416135265200185 0.0)
(9.936182316238948 -0.046462352364086905 0.0)
(10.000000000000005 -0.04681188725348574 0.0)
(9.97492879487216 -0.04646235236408849 0.0)
(9.86144483729083 -0.04541613526520338 0.0)
(9.659965343587059 -0.043679107904361116 0.0)
(9.371035365244637 -0.04126475430183249 0.0)
(8.995076255563704 -0.03819544452188545 0.0)
(8.532674446670654 -0.03450595352549463 0.0)
(7.98433531477697 -0.030283208322289763 0.0)
(7.359886595371528 -0.02559029849555357 0.0)
(6.648050209054863 -0.01980534066610791 0.0)
(5.81462459548802 -0.012559851707983325 0.0)
(4.868488572228408 -0.005605816706973404 0.0)
(3.82263457331009 -0.0011690179740132477 0.0)
(2.6615481747850285 0.0003314197839178605 0.0)
(1.3849640299562131 0.0002458830008140675 0.0)
(0.026927389524393414 2.5160009676316297e-05 0.0)
(-0.02694556396505506 2.5164394243958458e-05 0.0)
(1.1927521102435206 0.000245812550143716 0.0)
(2.3161672077284186 0.0003303247842195581 0.0)
(3.377521521647839 -0.0011738364764416465 0.0)
(4.376652699278387 -0.005617704935694477 0.0)
(5.297387278063252 -0.012579357401142584 0.0)
(6.151837256506081 -0.019827236171629976 0.0)
(6.950405007132992 -0.025608299514774276 0.0)
(7.659863748956523 -0.030297485279514588 0.0)
(8.267283425751609 -0.034518504884324716 0.0)
(8.782646040248771 -0.038206529478024685 0.0)
(9.206711854358414 -0.041274577947957414 0.0)
(9.54001535481093 -0.04368793825167478 0.0)
(9.78298891792471 -0.0454242518994235 0.0)
(9.936177374283709 -0.046470035626384264 0.0)
(10.000000000000005 -0.04681942799511166 0.0)
(9.974933736827397 -0.046470035626385846 0.0)
(9.861455526519748 -0.04542425189942671 0.0)
(9.659984645189073 -0.04368793825167832 0.0)
(9.371065923419355 -0.04127457794796302 0.0)
(8.995131737529015 -0.03820652947803074 0.0)
(8.532716574248383 -0.03451850488433263 0.0)
(7.98458069548792 -0.030297485279523674 0.0)
(7.360706103978139 -0.025608299514782062 0.0)
(6.648162743493941 -0.019827236171637175 0.0)
(5.813723833047847 -0.012579357401149925 0.0)
(4.867791745166036 -0.005617704935698784 0.0)
(3.822478478352138 -0.001173836476443254 0.0)
(2.6616105700493584 0.0003303247842190563 0.0)
(1.38502566753427 0.0002458125501434896 0.0)
(0.02694556396505294 2.5164394243936845e-05 0.0)
(-0.02696799730654238 2.5154379214688432e-05 0.0)
(1.192674075658968 0.00024553857686550806 0.0)
(2.3160649706868575 0.00032840893873834853 0.0)
(3.3776068113757227 -0.0011805396531822654 0.0)
(4.3773031312034885 -0.005632847714776433 0.0)
(5.298420534624551 -0.012603904193476054 0.0)
(6.151993839816583 -0.019856206942293602 0.0)
(6.949674602399551 -0.02563447555646266 0.0)
(7.6595856209435 -0.030319746657280083 0.0)
(8.26724192706229 -0.034538564896308174 0.0)
(8.782593121980517 -0.03822466472139876 0.0)
(9.2066823493238 -0.04129099325286435 0.0)
(9.539996701831472 -0.043702960731576986 0.0)
(9.78297863113921 -0.045438253193306306 0.0)
(9.936172585135509 -0.04648341145404091 0.0)
(10.000000000000005 -0.04683259572282378 0.0)
(9.974938525975597 -0.04648341145404252 0.0)
(9.861465813305248 -0.04543825319330955 0.0)
(9.660003298168533 -0.043702960731580566 0.0)
(9.371095428453968 -0.04129099325287 0.0)
(8.995184655797269 -0.03822466472140486 0.0)
(8.5327580729377 -0.034538564896316175 0.0)
(7.984858823500943 -0.030319746657289245 0.0)
(7.361436508711581 -0.02563447555647053 0.0)
(6.648006160183437 -0.0198562069423009 0.0)
(5.812690576486545 -0.012603904193483475 0.0)
(4.867141313240934 -0.005632847714780793 0.0)
(3.822393188624254 -0.0011805396531838971 0.0)
(2.6617128070909195 0.0003284089387378388 0.0)
(1.385103702118823 0.0002455385768652802 0.0)
(0.026967997306540335 2.5154379214666738e-05 0.0)
(-0.026993703868873262 2.513040463059194e-05 0.0)
(1.1925830727648044 0.00024507311886429374 0.0)
(2.315927383976634 0.0003257564262202316 0.0)
(3.377617548398929 -0.0011888329789106501 0.0)
(4.377878589202463 -0.0056505796982050825 0.0)
(5.299540885903965 -0.012632413543828422 0.0)
(6.152412660892467 -0.019890980055429237 0.0)
(6.94906539418703 -0.025667676493226942 0.0)
(7.659286966064475 -0.030349014331364246 0.0)
(8.267202880637873 -0.034565252161209356 0.0)
(8.782545092541213 -0.03824905342258526 0.0)
(9.206655193826535 -0.041313278958081054 0.0)
(9.539979517052359 -0.04372351528378018 0.0)
(9.782969198779666 -0.045457523955610056 0.0)
(9.93616815922076 -0.04650189213766002 0.0)
(10.000000000000005 -0.04685081187075611 0.0)
(9.974942951890348 -0.04650189213766164 0.0)
(9.861475245664792 -0.04545752395561331 0.0)
(9.660020482947644 -0.0437235152837838 0.0)
(9.371122583951234 -0.04131327895808676 0.0)
(8.995232685236573 -0.038249053422591425 0.0)
(8.532797119362119 -0.034565252161217426 0.0)
(7.985157478379969 -0.0303490143313735 0.0)
(7.362045716924103 -0.025667676493234915 0.0)
(6.6475873391075515 -0.019890980055436644 0.0)
(5.811570225207128 -0.01263241354383593 0.0)
(4.866565855241958 -0.005650579698209496 0.0)
(3.8223824516010487 -0.0011888329789123088 0.0)
(2.661850393801144 0.00032575642621971264 0.0)
(1.385194705012987 0.000245073118864064 0.0)
(0.026993703868871295 2.513040463057013e-05 0.0)
(-0.027021554152727705 2.5093523891033916e-05 0.0)
(1.1924831000617144 0.0002444366275131149 0.0)
(2.3157604929060867 0.0003224837932126188 0.0)
(3.3775532609522996 -0.001198352060066506 0.0)
(4.378353788703607 -0.005670121775068314 0.0)
(5.300699105715901 -0.012663632803501582 0.0)
(6.153075317501868 -0.019930027644061325 0.0)
(6.94860414998977 -0.025706443536645095 0.0)
(7.65898090666846 -0.03038400233371152 0.0)
(8.26716800210681 -0.034597394089431466 0.0)
(8.782504062256557 -0.03827862398667193 0.0)
(9.206631581029487 -0.04134045587049086 0.0)
(9.53996455554135 -0.043748698778864024 0.0)
(9.782961035286698 -0.04548121746429396 0.0)
(9.936164291006056 -0.046524665669812816 0.0)
(10.000000000000005 -0.04687327605469402 0.0)
(9.974946820105052 -0.04652466566981444 0.0)
(9.86148340915776 -0.045481217464297244 0.0)
(9.660035444458654 -0.04374869877886769 0.0)
(9.371146196748281 -0.04134045587049662 0.0)
(8.995273715521229 -0.03827862398667817 0.0)
(8.532831997893181 -0.03459739408943962 0.0)
(7.985463537775986 -0.030384002333720864 0.0)
(7.362506961121363 -0.025706443536653186 0.0)
(6.646924682498148 -0.019930027644068836 0.0)
(5.8104120053951895 -0.01266363280350918 0.0)
(4.8660906557408135 -0.005670121775072783 0.0)
(3.822446739047678 -0.0011983520600681928 0.0)
(2.6620172848716916 0.00032248379321208963 0.0)
(1.385294677716077 0.000244436627512883 0.0)
(0.027021554152725814 2.509352389101197e-05 0.0)
(-0.027050324467583795 2.504535746823913e-05 0.0)
(1.1923785501673767 0.0002436570690775144 0.0)
(2.3155716303635376 0.00031873483322275174 0.0)
(3.3774167737086302 -0.001208678645638512 0.0)
(4.378707850310192 -0.005690615302259978 0.0)
(5.301844304000725 -0.012696190255339523 0.0)
(6.153952693725664 -0.019971634028580907 0.0)
(6.948311136033979 -0.02574907333375163 0.0)
(7.658680890445394 -0.030423173355507507 0.0)
(8.267138823967949 -0.034633578423450426 0.0)
(8.782471833922191 -0.03831207713717063 0.0)
(9.206612548435762 -0.04137132988628123 0.0)
(9.539952474679867 -0.04377740470012647 0.0)
(9.782954499349254 -0.04550829266993251 0.0)
(9.936161150453678 -0.0465507314231595 0.0)
(10.000000000000005 -0.046899001239492324 0.0)
(9.97494996065743 -0.046550731423161136 0.0)
(9.861489945095204 -0.045508292669935835 0.0)
(9.660047525320138 -0.04377740470013016 0.0)
(9.371165229342006 -0.04137132988628704 0.0)
(8.995305943855593 -0.038312077137176936 0.0)
(8.532861176032043 -0.03463357842345865 0.0)
(7.985763553999052 -0.030423173355516947 0.0)
(7.362799975077155 -0.025749073333759833 0.0)
(6.646047306274348 -0.01997163402858853 0.0)
(5.809266807110362 -0.012696190255347205 0.0)
(4.865736594134227 -0.005690615302264502 0.0)
(3.822583226291348 -0.0012086786456402265 0.0)
(2.662206147414241 0.00031873483322221197 0.0)
(1.385399227610415 0.0002436570690772801 0.0)
(0.02705032446758198 2.504535746821703e-05 0.0)
(-0.02707875069844057 2.4988021706707214e-05 0.0)
(1.19227401681288 0.0002427686959289906 0.0)
(2.3153690946235916 0.00031467426869405683 0.0)
(3.377214083667711 -0.0012193590043485878 0.0)
(4.378925217202964 -0.0057111598316871215 0.0)
(5.302926162840885 -0.012728655384470659 0.0)
(6.155006239257697 -0.020013971100568916 0.0)
(6.9481992268168185 -0.025793692809250705 0.0)
(7.658400099559255 -0.03046480629371585 0.0)
(8.26711662825533 -0.034672215289826794 0.0)
(8.78244982359217 -0.03834794300384924 0.0)
(9.20659893230271 -0.04140454445768074 0.0)
(9.53994380527886 -0.0438083717619032 0.0)
(9.782949878144468 -0.04553755993752264 0.0)
(9.93615887555375 -0.046578944116183955 0.0)
(10.000000000000005 -0.046926857107593895 0.0)
(9.974952235557357 -0.04657894411618561 0.0)
(9.86149456629999 -0.04553755993752599 0.0)
(9.660056194721143 -0.043808371761906946 0.0)
(9.37117884547506 -0.04140454445768661 0.0)
(8.995327954185614 -0.03834794300385562 0.0)
(8.532883371744662 -0.034672215289835114 0.0)
(7.986044344885191 -0.03046480629372539 0.0)
(7.362911884294315 -0.02579369280925901 0.0)
(6.644993760742311 -0.020013971100576643 0.0)
(5.8081849482702 -0.01272865538447842 0.0)
(4.865519227241456 -0.005711159831691696 0.0)
(3.8227859163322684 -0.0012193590043503297 0.0)
(2.6624086831541875 0.00031467426869350633 0.0)
(1.385503760964912 0.00024276869592875386 0.0)
(0.027078750698438826 2.4988021706684937e-05 0.0)
)
