(
(0.019647802015682617 -6.29453361737051e-05 0.0)
(1.36792449016504 -0.0008188815646295464 0.0)
(2.6517521347187505 -0.0029159962516046873 0.0)
(3.8378301636762098 -0.005651184481788382 0.0)
(4.908034062991213 -0.0077116293112809 0.0)
(5.860659014360372 -0.009176992764760887 0.0)
(6.6803175295195905 -0.011559863161999038 0.0)
(7.376232181791933 -0.015280389537208398 0.0)
(7.996350674500148 -0.01905804159841253 0.0)
(8.543598895426655 -0.02226981688414039 0.0)
(9.00384615841901 -0.025007855220852117 0.0)
(9.37782807920536 -0.027278190045069966 0.0)
(9.6649323459787 -0.029060540689489694 0.0)
(9.864692067715053 -0.030341154806022643 0.0)
(9.976534075001553 -0.03111259365433163 0.0)
(9.999999999999996 -0.03136995885779856 0.0)
(9.934577036109577 -0.031112593654329942 0.0)
(9.779752376729379 -0.03034115480601938 0.0)
(9.535067654021306 -0.029060540689485374 0.0)
(9.199949698572434 -0.02727819004506432 0.0)
(8.773931619358766 -0.02500785522084606 0.0)
(8.256401104573367 -0.022269816884132782 0.0)
(7.648093769944303 -0.019058041598404296 0.0)
(6.934878929319149 -0.015280389537201216 0.0)
(6.119682470480379 -0.011559863161991884 0.0)
(5.250452096750726 -0.009176992764753604 0.0)
(4.336410381453211 -0.007711629311276787 0.0)
(3.3621698363237904 -0.005651184481786999 0.0)
(2.326025643059019 -0.0029159962516044895 0.0)
(1.2098532876127215 -0.0008188815646293961 0.0)
(-0.019647802015687627 -6.294533617369015e-05 0.0)
(0.019674189048203842 -6.296075475394284e-05 0.0)
(1.368012834131801 -0.0008188890202312982 0.0)
(2.6518279253407138 -0.002914737554519692 0.0)
(3.8375405194645356 -0.005644631967303963 0.0)
(4.90689931104278 -0.00769464413140598 0.0)
(5.85930510427913 -0.009148948859689294 0.0)
(6.680654310825611 -0.011529214590394127 0.0)
(7.377586983881706 -0.015256576153280424 0.0)
(7.996721462649292 -0.019040035337920428 0.0)
(8.543666221427557 -0.02225427408027287 0.0)
(9.003935845053608 -0.024994374123039516 0.0)
(9.377877265918892 -0.027266444527913925 0.0)
(9.664963404283657 -0.029050139461591133 0.0)
(9.864709293178493 -0.030331707515554033 0.0)
(9.976542019342364 -0.031103722436295424 0.0)
(9.999999999999996 -0.031361275677557136 0.0)
(9.934569091768765 -0.03110372243629372 0.0)
(9.779735151265939 -0.030331707515550747 0.0)
(9.53503659571635 -0.02905013946158678 0.0)
(9.1999005118589 -0.027266444527908232 0.0)
(8.773841932724169 -0.024994374123033396 0.0)
(8.256333778572467 -0.022254274080265177 0.0)
(7.647722981795158 -0.019040035337912105 0.0)
(6.933524127229374 -0.015256576153273131 0.0)
(6.11934568917436 -0.011529214590386845 0.0)
(5.251806006831972 -0.0091489488596819 0.0)
(4.337545133401647 -0.007694644131401798 0.0)
(3.362459480535465 -0.0056446319673025495 0.0)
(2.3259498524370548 -0.0029147375545194856 0.0)
(1.2097649436459603 -0.0008188890202311469 0.0)
(-0.019674189048208956 -6.296075475392786e-05 0.0)
(0.019707923521987473 -6.295302860225645e-05 0.0)
(1.368129251253748 -0.0008185659360020525 0.0)
(2.651969675917303 -0.002912124820165827 0.0)
(3.837361213011364 -0.005634911148606921 0.0)
(4.905821528567414 -0.007672095785232534 0.0)
(5.857713969181125 -0.009112259806854267 0.0)
(6.680559323031368 -0.011486573732212227 0.0)
(7.378818997814145 -0.015219094601730217 0.0)
(7.997151469948169 -0.019008764782751788 0.0)
(8.543733617855874 -0.022226279918037176 0.0)
(9.004022821393253 -0.024969219813932277 0.0)
(9.37792553952421 -0.027243799082608117 0.0)
(9.664993912612847 -0.029029509218339866 0.0)
(9.864726144231556 -0.030312546232315395 0.0)
(9.976549844293967 -0.03108545866398508 0.0)
(9.999999999999996 -0.031343309539296454 0.0)
(9.93456126681716 -0.031085458663983368 0.0)
(9.779718300212876 -0.030312546232312082 0.0)
(9.535006087387162 -0.02902950921833547 0.0)
(9.199852238253584 -0.02724379908260236 0.0)
(8.773754956384524 -0.02496921981392608 0.0)
(8.256266382144148 -0.022226279918029387 0.0)
(7.6472929744962785 -0.019008764782743347 0.0)
(6.932292113296933 -0.015219094601722782 0.0)
(6.119440676968606 -0.011486573732204795 0.0)
(5.253397141929982 -0.009112259806846748 0.0)
(4.338622915877014 -0.007672095785228272 0.0)
(3.362638786988636 -0.005634911148605471 0.0)
(2.3258081018604653 -0.0029121248201656085 0.0)
(1.2096485265240127 -0.0008185659360018988 0.0)
(-0.019707923521992705 -6.295302860224136e-05 0.0)
(0.01974752320597094 -6.292249719161639e-05 0.0)
(1.3682686263755222 -0.0008179265076717757 0.0)
(2.652171158187507 -0.002908272847310738 0.0)
(3.8373001227142165 -0.005622449140687066 0.0)
(4.904848071355336 -0.0076449750058403855 0.0)
(5.855955520631665 -0.009068537656116654 0.0)
(6.680036739726765 -0.011433814148752603 0.0)
(7.379874091150963 -0.015169591753362327 0.0)
(7.997621802662743 -0.01896560390389285 0.0)
(8.543798123435849 -0.022187064409708072 0.0)
(9.004103265856699 -0.024933497527854072 0.0)
(9.377970778967407 -0.0272112487085906 0.0)
(9.665022530486098 -0.028999556414882405 0.0)
(9.864741880469797 -0.030284512868037673 0.0)
(9.976557206042303 -0.031058604814143298 0.0)
(9.999999999999996 -0.03131684984226355 0.0)
(9.934553905068825 -0.03105860481414156 0.0)
(9.779702563974634 -0.030284512868034318 0.0)
(9.53497746951391 -0.028999556414877947 0.0)
(9.199806998810386 -0.027211248708584768 0.0)
(8.773674511921078 -0.02493349752784777 0.0)
(8.256201876564173 -0.022187064409700172 0.0)
(7.646822641781704 -0.01896560390388427 0.0)
(6.931237019960113 -0.015169591753354732 0.0)
(6.119963260273212 -0.011433814148745001 0.0)
(5.255155590479448 -0.009068537656109 0.0)
(4.339596373089094 -0.0076449750058360365 0.0)
(3.3626998772857832 -0.005622449140685574 0.0)
(2.32560661959026 -0.0029082728473105056 0.0)
(1.2095091514022382 -0.0008179265076716193 0.0)
(-0.019747523205976298 -6.292249719160117e-05 0.0)
(0.01979124816248559 -6.287050201635058e-05 0.0)
(1.3684248356092523 -0.0008169988305514994 0.0)
(2.6524235193889756 -0.0029033508845946934 0.0)
(3.837359932768988 -0.0056077935013738 0.0)
(4.904021711335556 -0.007614473430659964 0.0)
(5.85410702164302 -0.009019703478792449 0.0)
(6.679109522266167 -0.01137325399959154 0.0)
(7.3807059050211805 -0.01511024267277114 0.0)
(7.998111795233985 -0.018912449111400078 0.0)
(8.543856903910305 -0.0221383506129788 0.0)
(9.004173643861394 -0.02488877683670309 0.0)
(9.378010996510115 -0.027170223609746472 0.0)
(9.665048000486417 -0.028961597122605553 0.0)
(9.864755810471697 -0.030248839157461623 0.0)
(9.97656378112562 -0.031024340795804385 0.0)
(9.999999999999996 -0.03128305917713941 0.0)
(9.93454732998551 -0.031024340795802633 0.0)
(9.779688633972734 -0.030248839157458227 0.0)
(9.534951999513591 -0.02896159712260104 0.0)
(9.199766781267677 -0.027170223609740557 0.0)
(8.773604133916383 -0.024888776836696692 0.0)
(8.256143096089719 -0.022138350612970776 0.0)
(7.646332649210461 -0.018912449111391352 0.0)
(6.930405206089894 -0.015110242672763372 0.0)
(6.1208904777338144 -0.011373253999583765 0.0)
(5.257004089468096 -0.009019703478784656 0.0)
(4.340422733108876 -0.007614473430655525 0.0)
(3.3626400672310113 -0.005607793501372263 0.0)
(2.3253542583887907 -0.0029033508845944453 0.0)
(1.2093529421685076 -0.0008169988305513398 0.0)
(-0.019791248162491063 -6.287050201633514e-05 0.0)
(0.019837177196934695 -6.27993276493377e-05 0.0)
(1.368591015406985 -0.0008158236650767514 0.0)
(2.6527156712321975 -0.00289757519405496 0.0)
(3.837538015231291 -0.00559158817264681 0.0)
(4.903378757255558 -0.007581931243103643 0.0)
(5.85224969187902 -0.00896790295929368 0.0)
(6.677818410888496 -0.011307554186891515 0.0)
(7.381277891045101 -0.015043655049981761 0.0)
(7.99859991828473 -0.018851635929611667 0.0)
(8.54390737657273 -0.022082278922958276 0.0)
(9.004230863126562 -0.024837022685834327 0.0)
(9.378044425067081 -0.027122526353865663 0.0)
(9.665069203508581 -0.028917299203367403 0.0)
(9.864767322178459 -0.030207092538166756 0.0)
(9.976569280646782 -0.030984172107249915 0.0)
(9.999999999999996 -0.03124342224393131 0.0)
(9.934541830464346 -0.03098417210724814 0.0)
(9.779677122265973 -0.030207092538163317 0.0)
(9.534930796491425 -0.02891729920336282 0.0)
(9.19973335271071 -0.027122526353859658 0.0)
(8.773546914651215 -0.02483702268582781 0.0)
(8.256092623427294 -0.022082278922950112 0.0)
(7.645844526159715 -0.018851635929602782 0.0)
(6.929833220065974 -0.015043655049973813 0.0)
(6.122181589111489 -0.011307554186883563 0.0)
(5.258861419232101 -0.008967902959285746 0.0)
(4.341065687188874 -0.007581931243099116 0.0)
(3.3624619847687076 -0.005591588172645228 0.0)
(2.3250621065455683 -0.0028975751940546945 0.0)
(1.2091867623707746 -0.0008158236650765881 0.0)
(-0.0198371771969403 -6.279932764932201e-05 0.0)
(0.01988329227156937 -6.271210136205447e-05 0.0)
(1.3687598641324248 -0.0008144526458685875 0.0)
(2.6530347770996583 -0.0028911995489675256 0.0)
(3.8378265454835243 -0.005574545187003552 0.0)
(4.902947459341368 -0.0075487782873583965 0.0)
(5.850465139011606 -0.008915412117680745 0.0)
(6.676220134665667 -0.011239601440228156 0.0)
(7.381564917203251 -0.014972754623320938 0.0)
(7.999064724581124 -0.018785836378480827 0.0)
(8.543947323746673 -0.022021313027125733 0.0)
(9.004272409542372 -0.024780509057955404 0.0)
(9.37806959584867 -0.027070252671111895 0.0)
(9.665085207930593 -0.02886860902669852 0.0)
(9.864775909786744 -0.030161107280231605 0.0)
(9.976573462966893 -0.030939863687168424 0.0)
(9.999999999999996 -0.0311996806169707 0.0)
(9.934537648144236 -0.03093986368716663 0.0)
(9.779668534657688 -0.030161107280228125 0.0)
(9.534914792069415 -0.028868609026693866 0.0)
(9.199708181929122 -0.0270702526711058 0.0)
(8.773505368235405 -0.024780509057948777 0.0)
(8.256052676253349 -0.02202131302711743 0.0)
(7.645379719863319 -0.018785836378471782 0.0)
(6.929546193907824 -0.014972754623312812 0.0)
(6.123779865334324 -0.011239601440220034 0.0)
(5.260645972099519 -0.00891541211767268 0.0)
(4.341496985103065 -0.007548778287353784 0.0)
(3.3621734545164728 -0.0055745451870019246 0.0)
(2.3247430006781067 -0.002891199548967243 0.0)
(1.2090179136453343 -0.0008144526458684201 0.0)
(-0.01988329227157509 -6.271210136203852e-05 0.0)
(0.019927567174375316 -6.261265571798813e-05 0.0)
(1.3689239628814764 -0.0008129460130028057 0.0)
(2.653366816063329 -0.00288450408351362 0.0)
(3.8382128460342564 -0.005557413382053927 0.0)
(4.902746768034296 -0.007516471243648052 0.0)
(5.848831773029024 -0.008864537305504837 0.0)
(6.674384918930945 -0.011172381478973816 0.0)
(7.381554372091341 -0.014900656627827483 0.0)
(7.999485791384843 -0.018717941569907363 0.0)
(8.543974990226396 -0.0219581316554101 0.0)
(9.004296457635322 -0.024721719058486566 0.0)
(9.378085402896787 -0.02701569937147338 0.0)
(9.665095310547423 -0.02881766594988557 0.0)
(9.864781195972757 -0.030112903891762185 0.0)
(9.97657614432246 -0.030893362366478334 0.0)
(9.999999999999996 -0.03115375622332318 0.0)
(9.93453496678867 -0.03089336236647652 0.0)
(9.779663248471675 -0.030112903891758663 0.0)
(9.534904689452585 -0.028817665949880854 0.0)
(9.199692374881005 -0.027015699371467194 0.0)
(8.773481320142455 -0.024721719058479828 0.0)
(8.256025009773627 -0.021958131655401673 0.0)
(7.6449586530596 -0.018717941569898172 0.0)
(6.929556739019735 -0.01490065662781919 0.0)
(6.12561508106905 -0.011172381478965541 0.0)
(5.262279338082105 -0.008864537305496656 0.0)
(4.341697676410136 -0.007516471243643364 0.0)
(3.3617871539657393 -0.0055574133820522585 0.0)
(2.324410961714435 -0.002884504083513321 0.0)
(1.2088538148962822 -0.0008129460130026342 0.0)
(-0.01992756717438113 -6.261265571797191e-05 0.0)
(0.019968056547121877 -6.250536017680833e-05 0.0)
(1.3690761014553168 -0.0008113699651712212 0.0)
(2.6536971989385947 -0.002877782984196279 0.0)
(3.838679943544005 -0.005540945497965674 0.0)
(4.902785501343222 -0.007486429624369177 0.0)
(5.84742136104439 -0.008817513868940129 0.0)
(6.6723933997062845 -0.011108847825250569 0.0)
(7.381246719042298 -0.014830528917523827 0.0)
(7.999844617790852 -0.018650934677569963 0.0)
(8.543989160397391 -0.02189551088169752 0.0)
(9.0043019507762 -0.024663235812451202 0.0)
(9.378091151678655 -0.026961263427133782 0.0)
(9.665099067468574 -0.028766708318525996 0.0)
(9.864782948471154 -0.03006460034146224 0.0)
(9.976577206899622 -0.030846711328139008 0.0)
(9.999999999999996 -0.03110766689682932 0.0)
(9.934533904211508 -0.030846711328137166 0.0)
(9.779661495973277 -0.030064600341458685 0.0)
(9.534900932531434 -0.028766708318521225 0.0)
(9.199686626099137 -0.026961263427127527 0.0)
(8.773475827001576 -0.024663235812444367 0.0)
(8.256010839602633 -0.021895510881688975 0.0)
(7.64459982665359 -0.018650934677560627 0.0)
(6.929864392068781 -0.014830528917515382 0.0)
(6.127606600293717 -0.011108847825242156 0.0)
(5.263689750066741 -0.00881751386893185 0.0)
(4.3416589431012085 -0.007486429624364426 0.0)
(3.3613200564559893 -0.005540945497963969 0.0)
(2.3240805788391685 -0.002877782984195964 0.0)
(1.2087016763224416 -0.000811369965171046 0.0)
(-0.019968056547127775 -6.250536017679178e-05 0.0)
(0.020002981360843785 -6.239492910830279e-05 0.0)
(1.3692095951633405 -0.0008097937510322563 0.0)
(2.6540114093063343 -0.0028713315638236037 0.0)
(3.8392073146027226 -0.005525865103438485 0.0)
(4.903061957397412 -0.007459973403313296 0.0)
(5.846295873980035 -0.008776407931762329 0.0)
(6.670333080703033 -0.011051792031571474 0.0)
(7.380655475768259 -0.014765452775705689 0.0)
(8.000125437623325 -0.018587759861732275 0.0)
(8.543989211648269 -0.021836202148223446 0.0)
(9.004288647606447 -0.024607628966688035 0.0)
(9.378086589603315 -0.026909336653899652 0.0)
(9.6650963136218 -0.02871797511771738 0.0)
(9.864781090280363 -0.030018318998963105 0.0)
(9.976576604010681 -0.0308019603334294 0.0)
(9.999999999999996 -0.031063437718177222 0.0)
(9.934534507100446 -0.03080196033342755 0.0)
(9.779663354164068 -0.030018318998959514 0.0)
(9.534903686378208 -0.02871797511771256 0.0)
(9.199691188174477 -0.026909336653893327 0.0)
(8.77348913017133 -0.024607628966681117 0.0)
(8.256010788351754 -0.021836202148214797 0.0)
(7.644319006821117 -0.018587759861722827 0.0)
(6.930455635342821 -0.014765452775697116 0.0)
(6.129666919296973 -0.011051792031562953 0.0)
(5.264815237131098 -0.00877640793175397 0.0)
(4.341382487047017 -0.007459973403308494 0.0)
(3.36079268539727 -0.005525865103436748 0.0)
(2.3237663684714285 -0.002871331563823274 0.0)
(1.2085681826144177 -0.0008097937510320774 0.0)
(-0.020002981360849745 -6.239492910828597e-05 0.0)
(0.020030807083119242 -6.228621465159377e-05 0.0)
(1.3693185785362372 -0.0008082866265515747 0.0)
(2.654295641337821 -0.0028654332860042287 0.0)
(3.8397717874908865 -0.0055128348034190824 0.0)
(4.903563989223607 -0.007438265018433315 0.0)
(5.8455047636785435 -0.008743025613649839 0.0)
(6.6682944885689475 -0.011003721025130168 0.0)
(7.379806620417039 -0.014708287528991122 0.0)
(8.000315912172567 -0.01853119290822715 0.0)
(8.543975141727161 -0.02178281137223447 0.0)
(9.004257132643003 -0.024557341784270048 0.0)
(9.378071917120014 -0.02686220061918954 0.0)
(9.665087170006093 -0.028673607595148396 0.0)
(9.864775703045888 -0.029976093381784866 0.0)
(9.97657436214548 -0.030761075659187433 0.0)
(9.999999999999996 -0.031023012036561857 0.0)
(9.93453674896565 -0.03076107565918557 0.0)
(9.779668741398543 -0.02997609338178124 0.0)
(9.534912829993914 -0.02867360759514353 0.0)
(9.199705860657778 -0.02686220061918316 0.0)
(8.773520645134774 -0.02455734178426306 0.0)
(8.256024858272863 -0.02178281137222574 0.0)
(7.644128532271875 -0.018531192908217607 0.0)
(6.931304490694045 -0.014708287528982452 0.0)
(6.131705511431064 -0.01100372102512157 0.0)
(5.265606347432589 -0.008743025613641433 0.0)
(4.34088045522082 -0.007438265018428482 0.0)
(3.3602282125091043 -0.005512834803417325 0.0)
(2.323482136439941 -0.002865433286003888 0.0)
(1.2084591992415208 -0.0008082866265513923 0.0)
(-0.020030807083125237 -6.228621465157671e-05 0.0)
(0.020050311102617176 -6.218399352102158e-05 0.0)
(1.3693982630439812 -0.0008069148120216509 0.0)
(2.6545374063975786 -0.002860347310274943 0.0)
(3.840348560302466 -0.005502427125452063 0.0)
(4.904269538461805 -0.007422258296446493 0.0)
(5.84508279007927 -0.008718833672589297 0.0)
(6.666367195312899 -0.010966746958006266 0.0)
(7.378737450139832 -0.014661544913739902 0.0)
(8.00040767233535 -0.018483719265505297 0.0)
(8.54394756884066 -0.02173768444675188 0.0)
(9.004208790595708 -0.024514583791994893 0.0)
(9.378047778910824 -0.026821926394135675 0.0)
(9.665072038375198 -0.028635555178592616 0.0)
(9.864767023472954 -0.02993977880629674 0.0)
(9.976570579807468 -0.030725853703202896 0.0)
(9.999999999999996 -0.030988166082476714 0.0)
(9.93454053130366 -0.03072585370320102 0.0)
(9.779677420971478 -0.029939778806293102 0.0)
(9.53492796162481 -0.02863555517858772 0.0)
(9.199729998866967 -0.02682192639412926 0.0)
(8.773568987182069 -0.024514583791987857 0.0)
(8.256052431159363 -0.021737684446743098 0.0)
(7.644036772109092 -0.01848371926549569 0.0)
(6.932373660971255 -0.01466154491373117 0.0)
(6.133632804687116 -0.010966746957997623 0.0)
(5.266028321031862 -0.008718833672580873 0.0)
(4.340174905982619 -0.007422258296441645 0.0)
(3.359651439697524 -0.00550242712545029 0.0)
(2.323240371380183 -0.0028603473102745943 0.0)
(1.2083795147337768 -0.0008069148120214662 0.0)
(-0.020050311102623185 -6.218399352100427e-05 0.0)
(0.020060636448402457 -6.209275712605527e-05 0.0)
(1.3694451474950806 -0.0008057385824632664 0.0)
(2.6547260817711793 -0.0028562971051047633 0.0)
(3.8409122906952953 -0.005495099363866983 0.0)
(4.905147604569246 -0.0074126565434334615 0.0)
(5.845048493930187 -0.008704895058213003 0.0)
(6.664635882674679 -0.01094249440306704 0.0)
(7.377494942322628 -0.014627278714952969 0.0)
(8.000396686337991 -0.018447424838577326 0.0)
(8.543907704490953 -0.02170280416632401 0.0)
(9.004145745525681 -0.0244812336978196 0.0)
(9.378015235564497 -0.02679028355450731 0.0)
(9.665051583585296 -0.028605489821618587 0.0)
(9.864755432926119 -0.02991097086851006 0.0)
(9.976565423185662 -0.030697842053785 0.0)
(9.999999999999996 -0.030960430923395423 0.0)
(9.934545687925466 -0.030697842053783123 0.0)
(9.779689011518311 -0.029910970868506408 0.0)
(9.534948416414712 -0.028605489821613678 0.0)
(9.199762542213294 -0.026790283554500867 0.0)
(8.773632032252097 -0.024481233697812542 0.0)
(8.256092295509069 -0.021702804166315193 0.0)
(7.644047758106452 -0.018447424838567685 0.0)
(6.933616168788463 -0.014627278714944209 0.0)
(6.13536411732534 -0.010942494403058394 0.0)
(5.266062617180944 -0.008704895058204586 0.0)
(4.339296839875175 -0.007412656543428618 0.0)
(3.3590877093046934 -0.005495099363865205 0.0)
(2.323051696006582 -0.0028562971051044085 0.0)
(1.2083326302826773 -0.0008057385824630797 0.0)
(-0.020060636448408452 -6.20927571260378e-05 0.0)
(0.02006132944367096 -6.20165142269774e-05 0.0)
(1.3694571718725272 -0.0008048096192513654 0.0)
(2.6548533774078775 -0.0028534606290992245 0.0)
(3.841438209387229 -0.005491173487102133 0.0)
(4.906159606927545 -0.007409881642855701 0.0)
(5.845403382141341 -0.008701822207736671 0.0)
(6.663176621364259 -0.010932028973207731 0.0)
(7.37613369048581 -0.014606994526716783 0.0)
(8.000283436885114 -0.018423904338163686 0.0)
(8.543857300244643 -0.02167970310666119 0.0)
(9.00407076751796 -0.024458756843869958 0.0)
(9.377975716976136 -0.026768662428788777 0.0)
(9.66502670438243 -0.028584732541008722 0.0)
(9.864741440672805 -0.02989093533650852 0.0)
(9.976559118852588 -0.03067827149156331 0.0)
(9.999999999999996 -0.030941025191467974 0.0)
(9.93455199225854 -0.030678271491561427 0.0)
(9.779703003771624 -0.029890935336504866 0.0)
(9.534973295617577 -0.028584732541003813 0.0)
(9.199802060801657 -0.026768662428782335 0.0)
(8.773707010259818 -0.024458756843862894 0.0)
(8.256142699755381 -0.021679703106652373 0.0)
(7.644161007559329 -0.018423904338154044 0.0)
(6.934977420625285 -0.01460699452670803 0.0)
(6.1368233786357616 -0.010932028973199117 0.0)
(5.265707728969787 -0.008701822207728293 0.0)
(4.338284837516873 -0.00740988164285088 0.0)
(3.3585617906127583 -0.005491173487100362 0.0)
(2.322924400369884 -0.002853460629098868 0.0)
(1.2083206059052307 -0.0008048096192511774 0.0)
(-0.020061329443676907 -6.20165142269598e-05 0.0)
(0.020052359639478382 -6.195861479729102e-05 0.0)
(1.369433807847174 -0.0008041687393299885 0.0)
(2.6549137001702783 -0.0028519625118248243 0.0)
(3.8419032084730853 -0.005490821991000372 0.0)
(4.907261080004485 -0.0074140555187680625 0.0)
(5.846131861573985 -0.008709750136588616 0.0)
(6.662053528653979 -0.01093581050027039 0.0)
(7.374713505544748 -0.014601583599153565 0.0)
(8.000072899950498 -0.018414191212023007 0.0)
(8.543798570772093 -0.021669396286062806 0.0)
(9.003987150969037 -0.024448140821988276 0.0)
(9.377930959520214 -0.026758013009689417 0.0)
(9.664998493913263 -0.028574195373698656 0.0)
(9.864725661507027 -0.02988055253491431 0.0)
(9.976551943809111 -0.03066800191123851 0.0)
(9.999999999999996 -0.03093080153905348 0.0)
(9.934559167302018 -0.03066800191123663 0.0)
(9.779718782937403 -0.029880552534910662 0.0)
(9.535001506086745 -0.028574195373693753 0.0)
(9.199846818257578 -0.026758013009682988 0.0)
(8.77379062680874 -0.024448140821981226 0.0)
(8.25620142922793 -0.021669396286054018 0.0)
(7.644371544493946 -0.018414191212013396 0.0)
(6.93639760556635 -0.01460158359914486 0.0)
(6.1379464713460425 -0.010935810500261841 0.0)
(5.264979249537139 -0.008709750136580303 0.0)
(4.33718336443993 -0.007414055518763282 0.0)
(3.358096791526901 -0.005490821990998615 0.0)
(2.322864077607483 -0.0028519625118244704 0.0)
(1.2083439699305845 -0.0008041687393298003 0.0)
(-0.020052359639484266 -6.195861479727336e-05 0.0)
(0.02003412115261116 -6.192160283201252e-05 0.0)
(1.3693760819915513 -0.0008038441017904245 0.0)
(2.654904399586559 -0.002851868577813872 0.0)
(3.842286856743723 -0.005494060319657367 0.0)
(4.908403627088152 -0.007424994778698846 0.0)
(5.847201924174564 -0.008728330506078815 0.0)
(6.661315951182887 -0.010953672830873994 0.0)
(7.373296787827598 -0.014611283678521433 0.0)
(7.999774326141879 -0.018418712237148246 0.0)
(8.54373409653889 -0.021672336567370165 0.0)
(9.003898569837098 -0.024449852080754564 0.0)
(9.377882929757464 -0.026758803213201888 0.0)
(9.6649681916942 -0.02857434130354278 0.0)
(9.86470878873646 -0.029880278665034666 0.0)
(9.976544213313511 -0.03066748453938241 0.0)
(9.999999999999996 -0.03093020917473539 0.0)
(9.934566897797618 -0.03066748453938053 0.0)
(9.77973565570797 -0.02988027866503104 0.0)
(9.535031808305808 -0.028574341303537906 0.0)
(9.199894848020328 -0.026758803213195494 0.0)
(8.773879207940679 -0.024449852080747562 0.0)
(8.256265903461134 -0.02167233656736142 0.0)
(7.644670118302566 -0.0184187122371387 0.0)
(6.937814323283504 -0.014611283678512811 0.0)
(6.138684048817135 -0.010953672830865546 0.0)
(5.263909186936556 -0.00872833050607059 0.0)
(4.336040817356261 -0.007424994778694122 0.0)
(3.357713143256263 -0.005494060319655632 0.0)
(2.3228733781912028 -0.002851868577813524 0.0)
(1.2084016957862072 -0.0008038441017902367 0.0)
(-0.02003412115261696 -6.192160283199486e-05 0.0)
(0.020007415348815862 -6.190710456918479e-05 0.0)
(1.369286530674149 -0.0008038499706122538 0.0)
(2.654825884307353 -0.0028531829543549615 0.0)
(3.8425722973959955 -0.005500746186836285 0.0)
(4.9095370467499215 -0.007442218771579504 0.0)
(5.8485665533500315 -0.008756746928763692 0.0)
(6.660996296755704 -0.010984831126890032 0.0)
(7.371945785319039 -0.014635668561078757 0.0)
(7.9994008342461855 -0.018437268767966388 0.0)
(8.543666710424885 -0.0216883947600017 0.0)
(9.003808916215029 -0.024463815430589293 0.0)
(9.377833738027794 -0.026770998319229498 0.0)
(9.664937129149308 -0.028585163918650725 0.0)
(9.864691563719775 -0.02989012576021109 0.0)
(9.976536267029624 -0.03067674210836785 0.0)
(9.999999999999996 -0.030939274125918136 0.0)
(9.934574844081503 -0.030676742108365993 0.0)
(9.779752880724656 -0.029890125760207484 0.0)
(9.5350628708507 -0.028585163918645892 0.0)
(9.19994403975 -0.026770998319223152 0.0)
(8.773968861562748 -0.024463815430582354 0.0)
(8.256333289575139 -0.021688394759993037 0.0)
(7.64504361019826 -0.018437268767956934 0.0)
(6.939165325792065 -0.01463566856107025 0.0)
(6.139003703244316 -0.010984831126881712 0.0)
(5.262544557761084 -0.00875674692875558 0.0)
(4.334907397694487 -0.00744221877157485 0.0)
(3.3574277026039905 -0.005500746186834582 0.0)
(2.322951893470409 -0.0028531829543546224 0.0)
(1.2084912471036098 -0.0008038499706120678 0.0)
(-0.02000741534882156 -6.190710456916716e-05 0.0)
(0.01997341563225437 -6.191575703595262e-05 0.0)
(1.3691690886160244 -0.0008041860879301827 0.0)
(2.6546816041503893 -0.002855847890147461 0.0)
(3.84274698868984 -0.005510585827764732 0.0)
(4.910611538603389 -0.007464970706673265 0.0)
(5.850165789790938 -0.008793750839016857 0.0)
(6.661108610403169 -0.011027916349794048 0.0)
(7.370719858597709 -0.01467366681969685 0.0)
(7.99896883481403 -0.01846904546446149 0.0)
(8.54359937325265 -0.021716865296350828 0.0)
(9.003722129318962 -0.02448941734744596 0.0)
(9.37778554572581 -0.0267940624971237 0.0)
(9.664906671109984 -0.02860618769311406 0.0)
(9.864674743292694 -0.02990966115709626 0.0)
(9.976528454102628 -0.030695367857549866 0.0)
(9.999999999999996 -0.030957598095230614 0.0)
(9.9345826570085 -0.030695367857548023 0.0)
(9.779769701151737 -0.02990966115709269 0.0)
(9.535093328890024 -0.02860618769310927 0.0)
(9.199992232051983 -0.026794062497117424 0.0)
(8.774055648458814 -0.024489417347439105 0.0)
(8.256400626747373 -0.02171686529634226 0.0)
(7.645475609630417 -0.018469045464452154 0.0)
(6.940391252513399 -0.014673666819688486 0.0)
(6.138891389596849 -0.011027916349785881 0.0)
(5.260945321320173 -0.00879375083900887 0.0)
(4.333832905841019 -0.00746497070666869 0.0)
(3.3572530113101458 -0.005510585827763065 0.0)
(2.3230961736273734 -0.002855847890147134 0.0)
(1.2086086891617351 -0.0008041860879299984 0.0)
(-0.01997341563225995 -6.19157570359351e-05 0.0)
(0.019933615888271677 -6.19471800587555e-05 0.0)
(1.369028916006357 -0.0008048376853641699 0.0)
(2.654477898521812 -0.0028597462927880107 0.0)
(3.8428032550093945 -0.005523146906621425 0.0)
(4.911579891442238 -0.007492250905575596 0.0)
(5.851929365973788 -0.008837716352718518 0.0)
(6.661647957269084 -0.011081035413713828 0.0)
(7.369672872640972 -0.014723608880407885 0.0)
(7.99849730911014 -0.01851264611672339 0.0)
(8.543535043694344 -0.021756497233135726 0.0)
(9.003642022406344 -0.024525532929935256 0.0)
(9.377740470333098 -0.026826982349102555 0.0)
(9.664878155846752 -0.028636488880744767 0.0)
(9.86465906651401 -0.029938026506090055 0.0)
(9.97652111781824 -0.030722543405584245 0.0)
(9.999999999999996 -0.030984375960983985 0.0)
(9.934589993292889 -0.030722543405582416 0.0)
(9.779785377930422 -0.02993802650608652 0.0)
(9.535121844153254 -0.028636488880740038 0.0)
(9.200037307444696 -0.02682698234909635 0.0)
(8.774135755371434 -0.024525532929928498 0.0)
(8.25646495630568 -0.021756497233127278 0.0)
(7.645947135334309 -0.018512646116714188 0.0)
(6.941438238470137 -0.014723608880399676 0.0)
(6.138352042730931 -0.011081035413705828 0.0)
(5.259181745137317 -0.00883771635271067 0.0)
(4.332864553002167 -0.007492250905571108 0.0)
(3.357196744990592 -0.0055231469066198 0.0)
(2.3232998792559516 -0.0028597462927876975 0.0)
(1.2087488617714028 -0.0008048376853639886 0.0)
(-0.01993361588827713 -6.194718005873814e-05 0.0)
(0.0198897648448068 -6.199999296745826e-05 0.0)
(1.3688721717731769 -0.0008057761329150305 0.0)
(2.6542237178742716 -0.002864706873596511 0.0)
(3.8427386241155133 -0.005537877512581248 0.0)
(4.9123995576142825 -0.007522860726254445 0.0)
(5.8537797935874805 -0.008886711705629267 0.0)
(6.662590639438868 -0.011141854364159322 0.0)
(7.3688508300963615 -0.01478330038043063 0.0)
(7.998006975111313 -0.01856615499185683 0.0)
(8.54347654827307 -0.02180554921555867 0.0)
(9.00357211522836 -0.024570575325434198 0.0)
(9.37770049237995 -0.026868311437095272 0.0)
(9.664852836268116 -0.02867473610279282 0.0)
(9.864645222192697 -0.029973975485650627 0.0)
(9.976514580519375 -0.030757074708606606 0.0)
(9.999999999999996 -0.03101843115274577 0.0)
(9.934596530591753 -0.030757074708604806 0.0)
(9.779799222251734 -0.029973975485647134 0.0)
(9.535147163731892 -0.028674736102788145 0.0)
(9.200077285397844 -0.02686831143708915 0.0)
(8.774205662549418 -0.024570575325427543 0.0)
(8.256523451726954 -0.021805549215550345 0.0)
(7.6464374693331365 -0.01856615499184778 0.0)
(6.942260281014748 -0.014783300380422595 0.0)
(6.137409360561143 -0.011141854364151495 0.0)
(5.2573313175236205 -0.008886711705621558 0.0)
(4.332044886830122 -0.007522860726250047 0.0)
(3.3572613758844736 -0.005537877512579668 0.0)
(2.323554059903493 -0.0028647068735962134 0.0)
(1.2089056060045833 -0.0008057761329148524 0.0)
(-0.01988976484481213 -6.199999296744109e-05 0.0)
(0.019843789236486376 -6.207187525947096e-05 0.0)
(1.3687057429713352 -0.0008069601969142203 0.0)
(2.65393023044041 -0.0028705116737273613 0.0)
(3.8425559357714354 -0.005554130409767207 0.0)
(4.913034522487459 -0.0075554552291882664 0.0)
(5.8556357682279305 -0.00893858413157666 0.0)
(6.663895237182569 -0.011207700927713072 0.0)
(7.368289850009403 -0.014850118584456604 0.0)
(7.997519377196416 -0.018627221007780168 0.0)
(8.543426457170623 -0.021861865989250037 0.0)
(9.00351547937852 -0.02462256545348729 0.0)
(9.377667368424488 -0.02691623383658488 0.0)
(9.664831824870037 -0.02871924884629273 0.0)
(9.86463381862291 -0.030015928563382876 0.0)
(9.976509129442986 -0.030797444524335395 0.0)
(9.999999999999996 -0.031058267347692157 0.0)
(9.934601981668143 -0.030797444524333608 0.0)
(9.779810625821522 -0.030015928563379424 0.0)
(9.535168175129972 -0.028719248846288126 0.0)
(9.200110409353305 -0.026916233836578846 0.0)
(8.774262298399258 -0.024622565453480752 0.0)
(8.2565735428294 -0.021861865989241846 0.0)
(7.646925067248035 -0.018627221007771276 0.0)
(6.942821261101706 -0.014850118584448749 0.0)
(6.136104762817437 -0.011207700927705426 0.0)
(5.255475342883165 -0.008938584131569094 0.0)
(4.331409921956944 -0.007555455229183956 0.0)
(3.357444064228553 -0.005554130409765672 0.0)
(2.323847547337355 -0.002870511673727081 0.0)
(1.2090720348064254 -0.000806960196914046 0.0)
(-0.01984378923649158 -6.207187525945406e-05 0.0)
(0.019797709147430006 -6.215966855838755e-05 0.0)
(1.3685369421779114 -0.0008083378517557991 0.0)
(2.6536103315211523 -0.002876905640882395 0.0)
(3.8422632169687803 -0.0055711914756107865 0.0)
(4.913456886866877 -0.007588602271548105 0.0)
(5.857415741764847 -0.0089910544510625 0.0)
(6.6655044288620235 -0.011275681926835418 0.0)
(7.368014580818834 -0.01492112762284135 0.0)
(7.9970559395257945 -0.01869316103547086 0.0)
(8.543386971298407 -0.021922973098202465 0.0)
(9.003474603332453 -0.024679218962981142 0.0)
(9.377642553872718 -0.026968643925009358 0.0)
(9.664816044854907 -0.028768071302728886 0.0)
(9.864625356856639 -0.03006204239780223 0.0)
(9.976505004099396 -0.030841879076921964 0.0)
(9.999999999999996 -0.031102134216295475 0.0)
(9.934606107011733 -0.030841879076920205 0.0)
(9.779819087587793 -0.030062042397798826 0.0)
(9.5351839551451 -0.028768071302724345 0.0)
(9.200135223905075 -0.026968643925003415 0.0)
(8.774303174445325 -0.02467921896297471 0.0)
(8.256613028701617 -0.021922973098194413 0.0)
(7.6473885049186565 -0.018693161035462126 0.0)
(6.943096530292275 -0.014921127622833676 0.0)
(6.134495571137978 -0.011275681926827942 0.0)
(5.253695369346246 -0.008991054451055061 0.0)
(4.330987557577527 -0.007588602271543879 0.0)
(3.357736783031209 -0.005571191475609296 0.0)
(2.324167446256614 -0.002876905640882132 0.0)
(1.2092408355998496 -0.0008083378517556289 0.0)
(-0.0197977091474351 -6.21596685583709e-05 0.0)
(0.019753549252449678 -6.225951538726688e-05 0.0)
(1.3683731861909563 -0.0008098485658063764 0.0)
(2.6532780768897712 -0.002883607835842252 0.0)
(3.841873329236223 -0.005588311078091157 0.0)
(4.913648092834397 -0.00762084543293347 0.0)
(5.8590415054173866 -0.009041817214240312 0.0)
(6.667347509538768 -0.011342810400792642 0.0)
(7.368037117349297 -0.014993207488345615 0.0)
(7.996637024702862 -0.018761077790746043 0.0)
(8.543359825593411 -0.02198618560784088 0.0)
(9.003451283108843 -0.02473804660235325 0.0)
(9.377627139030647 -0.027023238898964883 0.0)
(9.664806189567724 -0.02881905830268364 0.0)
(9.864620208688416 -0.03011029083138719 0.0)
(9.976502385748656 -0.030888425993416388 0.0)
(9.999999999999996 -0.031148104328601458 0.0)
(9.934608725362473 -0.03088842599341465 0.0)
(9.779824235756015 -0.030110290831383828 0.0)
(9.535193810432283 -0.02881905830267916 0.0)
(9.200150638747145 -0.02702323889895903 0.0)
(8.774326494668934 -0.02473804660234693 0.0)
(8.256640174406613 -0.02198618560783296 0.0)
(7.647807419741591 -0.018761077790737456 0.0)
(6.943073993761811 -0.014993207488338108 0.0)
(6.132652490461227 -0.011342810400785322 0.0)
(5.252069605693702 -0.009041817214232991 0.0)
(4.330796351610007 -0.00762084543292932 0.0)
(3.3581266707637676 -0.005588311078089709 0.0)
(2.324499700887996 -0.0028836078358420057 0.0)
(1.209404591586805 -0.0008098485658062101 0.0)
(-0.019753549252454674 -6.225951538725055e-05 0.0)
(0.019713249856542592 -6.236702865911265e-05 0.0)
(1.3682216701489538 -0.0008114259610543427 0.0)
(2.6529480652069273 -0.0028903237764217144 0.0)
(3.841403403527452 -0.005604737013194758 0.0)
(4.913599739149609 -0.007650768007820287 0.0)
(5.860441626104908 -0.009088641998163912 0.0)
(6.669343497619688 -0.01140613684724714 0.0)
(7.368356469386872 -0.015063191123545525 0.0)
(7.996281039078553 -0.018827987135629113 0.0)
(8.543346212788249 -0.02204872607613579 0.0)
(9.003446543355654 -0.024796463592751727 0.0)
(9.377621801198238 -0.027077619955174537 0.0)
(9.664802692031776 -0.028869969570657055 0.0)
(9.864618600319334 -0.030158553916234048 0.0)
(9.976501389436308 -0.030935040087463075 0.0)
(9.999999999999996 -0.03119415784197532 0.0)
(9.934609721674821 -0.03093504008746135 0.0)
(9.779825844125098 -0.030158553916230714 0.0)
(9.53519730796823 -0.02886996957065263 0.0)
(9.200155976579556 -0.02707761995516876 0.0)
(8.774331234422124 -0.02479646359274551 0.0)
(8.256653787211775 -0.02204872607612798 0.0)
(7.6481634053659 -0.018827987135620665 0.0)
(6.942754641724234 -0.015063191123538166 0.0)
(6.130656502380302 -0.01140613684723995 0.0)
(5.250669485006179 -0.009088641998156689 0.0)
(4.330844705294797 -0.0076507680078162 0.0)
(3.35859659647254 -0.005604737013193346 0.0)
(2.3248297125708404 -0.0028903237764214846 0.0)
(1.209556107628808 -0.0008114259610541803 0.0)
(-0.019713249856547505 -6.236702865909659e-05 0.0)
(0.019678581641439246 -6.247748443744992e-05 0.0)
(1.3680890513895987 -0.0008130007296382656 0.0)
(2.6526347965822255 -0.002896758376478188 0.0)
(3.8408740875184066 -0.005619747555383537 0.0)
(4.9133139503849605 -0.0076770552530098304 0.0)
(5.861554585085849 -0.00912947140749122 0.0)
(6.671404693040065 -0.011462878817994156 0.0)
(7.3689586051872675 -0.015128003575541834 0.0)
(7.996003624009943 -0.0188909491959131 0.0)
(8.543346731004677 -0.022107846589324867 0.0)
(9.003460592328967 -0.024851903198489338 0.0)
(9.377626774910077 -0.027129397689515788 0.0)
(9.664805705922396 -0.02891856815867391 0.0)
(9.864620602418189 -0.030204711060689438 0.0)
(9.976502058938493 -0.030979673221047686 0.0)
(9.999999999999996 -0.031238271249291943 0.0)
(9.934609052172636 -0.030979673221045976 0.0)
(9.779823842026243 -0.030204711060686146 0.0)
(9.535194294077613 -0.02891856815866954 0.0)
(9.200151002867715 -0.02712939768951008 0.0)
(8.77431718544881 -0.024851903198483204 0.0)
(8.256653268995347 -0.02210784658931716 0.0)
(7.6484408204345105 -0.01889094919590477 0.0)
(6.942152505923835 -0.015128003575534604 0.0)
(6.12859530695992 -0.011462878817987075 0.0)
(5.249556526025236 -0.00912947140748407 0.0)
(4.331130494059447 -0.007677055253005792 0.0)
(3.359125912481587 -0.005619747555382155 0.0)
(2.325142981195543 -0.0028967583764779713 0.0)
(1.2096887263881633 -0.0008130007296381069 0.0)
(-0.01967858164144409 -6.247748443743413e-05 0.0)
(0.019651067865087562 -6.258602949745165e-05 0.0)
(1.3679811569385576 -0.0008145036791075254 0.0)
(2.6523520354659262 -0.0029026289114569594 0.0)
(3.8403086383861678 -0.005632683168894731 0.0)
(4.912803283575935 -0.00769855215503963 0.0)
(5.862331480978689 -0.009162511472671683 0.0)
(6.673440530643978 -0.011510543174645572 0.0)
(7.3698170680049895 -0.015184797103764858 0.0)
(7.995816968607631 -0.018947197533854963 0.0)
(8.543361357473211 -0.0221609495002165 0.0)
(9.0034928127426 -0.024901929504713857 0.0)
(9.377641841630368 -0.02717629708306638 0.0)
(9.664815098814739 -0.028962718733685357 0.0)
(9.864626127016416 -0.03024673420426811 0.0)
(9.97650436483851 -0.03102036429593452 0.0)
(9.999999999999996 -0.03127850628813702 0.0)
(9.93460674627262 -0.031020364295932832 0.0)
(9.779818317428015 -0.03024673420426484 0.0)
(9.53518490118527 -0.02896271873368103 0.0)
(9.200135936147424 -0.02717629708306072 0.0)
(8.774284965035179 -0.024901929504707793 0.0)
(8.256638642526811 -0.022160949500208877 0.0)
(7.648627475836823 -0.018947197533846723 0.0)
(6.941294043106111 -0.015184797103757725 0.0)
(6.126559469356002 -0.011510543174638567 0.0)
(5.248779630132396 -0.009162511472664584 0.0)
(4.331641160868474 -0.007698552155035622 0.0)
(3.359691361613827 -0.005632683168893371 0.0)
(2.3254257423118427 -0.002902628911456754 0.0)
(1.2097966208392046 -0.0008145036791073699 0.0)
(-0.019651067865092377 -6.258602949743614e-05 0.0)
(0.01963191743248541 -6.2687894567759e-05 0.0)
(1.3679027274806221 -0.0008158687726120109 0.0)
(2.652112205864183 -0.0029076774407909003 0.0)
(3.839731900931146 -0.005642975486535692 0.0)
(4.912090176487883 -0.007714314179361964 0.0)
(5.862738178399187 -0.00918631047368637 0.0)
(6.67536155945157 -0.011547035632569596 0.0)
(7.37089413855434 -0.015231076304485301 0.0)
(7.995729274168517 -0.01899426070038895 0.0)
(8.543389449533585 -0.02220570156405515 0.0)
(9.00354178889052 -0.02494434444705032 0.0)
(9.377666339354985 -0.027216257462273703 0.0)
(9.664830458002303 -0.029000481400196582 0.0)
(9.864634931373281 -0.03028277692692038 0.0)
(9.97650820581933 -0.03105532542073528 0.0)
(9.999999999999996 -0.031313095104511635 0.0)
(9.934602905291799 -0.0310553254207336 0.0)
(9.77980951307115 -0.03028277692691713 0.0)
(9.535169541997705 -0.029000481400192284 0.0)
(9.200111438422807 -0.027216257462268086 0.0)
(8.774235988887257 -0.024944344447044305 0.0)
(8.256610550466437 -0.022205701564047584 0.0)
(7.648715170275937 -0.01899426070038078 0.0)
(6.940216972556756 -0.015231076304478227 0.0)
(6.124638440548407 -0.011547035632562633 0.0)
(5.248372932711899 -0.009186310473679288 0.0)
(4.332354267956529 -0.007714314179357971 0.0)
(3.3602680990688505 -0.0056429754865343455 0.0)
(2.3256655719135866 -0.0029076774407907034 0.0)
(1.20987505029714 -0.000815868772611858 0.0)
(-0.019631917432490213 -6.26878945677437e-05 0.0)
(0.0196219717786066 -6.277860388353949e-05 0.0)
(1.3678572090626915 -0.000817036030440503 0.0)
(2.6519258454509402 -0.0029116821413371023 0.0)
(3.839169215942004 -0.00565017228269854 0.0)
(4.911205961741661 -0.00772364877146392 0.0)
(5.8627568078067185 -0.009199822725969734 0.0)
(6.677083372971459 -0.011570752779926119 0.0)
(7.372142492325827 -0.015264807754288911 0.0)
(7.995744393825825 -0.019030070826077206 0.0)
(8.54342977287206 -0.022240136457027333 0.0)
(9.003605368850387 -0.02497728439052841 0.0)
(9.377699191698724 -0.027247523041180843 0.0)
(9.664851108630486 -0.029030196935725932 0.0)
(9.864646628641449 -0.030311255577351214 0.0)
(9.976513413115285 -0.03108302046758578 0.0)
(9.999999999999996 -0.03134051792910273 0.0)
(9.934597697995844 -0.031083020467584103 0.0)
(9.779797815802983 -0.030311255577347977 0.0)
(9.535148891369522 -0.029030196935721647 0.0)
(9.200078586079067 -0.027247523041175246 0.0)
(8.77417240892739 -0.024977284390522415 0.0)
(8.256570227127964 -0.022240136457019794 0.0)
(7.648700050618628 -0.019030070826069063 0.0)
(6.938968618785266 -0.015264807754281864 0.0)
(6.1229166270285145 -0.011570752779919159 0.0)
(5.248354303304369 -0.009199822725962642 0.0)
(4.333238482702754 -0.007723648771459923 0.0)
(3.3608307840579936 -0.005650172282697199 0.0)
(2.3258519323268296 -0.0029116821413369097 0.0)
(1.2099205687150707 -0.0008170360304403521 0.0)
(-0.019621971778611424 -6.277860388352435e-05 0.0)
(0.019621667897287514 -6.285417184340573e-05 0.0)
(1.3678466016807758 -0.0008179541654194559 0.0)
(2.6518011425618195 -0.0029144670538799565 0.0)
(3.838645306767761 -0.0056539573433260475 0.0)
(4.910189490115592 -0.007726145786445692 0.0)
(5.862386550659197 -0.009202454525876409 0.0)
(6.6785303178675495 -0.011580652528649583 0.0)
(7.373507278938529 -0.015284509354981258 0.0)
(7.995861663249471 -0.019053054479509748 0.0)
(8.543480555754908 -0.022262741172932705 0.0)
(9.003680759035085 -0.024999302014293623 0.0)
(9.377738955189706 -0.02726872006744938 0.0)
(9.664876143348463 -0.029050559694005284 0.0)
(9.864660704864352 -0.030330918855760895 0.0)
(9.976519757927315 -0.03110223256679407 0.0)
(9.999999999999996 -0.03135956985316642 0.0)
(9.934591353183814 -0.031102232566792395 0.0)
(9.779783739580077 -0.03033091885575765 0.0)
(9.535123856651545 -0.029050559694001 0.0)
(9.200038822588086 -0.02726872006744379 0.0)
(8.774097018742694 -0.024999302014287628 0.0)
(8.256519444245116 -0.022262741172925166 0.0)
(7.648582781194982 -0.019053054479501605 0.0)
(6.9376038321725595 -0.015284509354974201 0.0)
(6.121469682132422 -0.01158065252864259 0.0)
(5.248724560451893 -0.009202454525869276 0.0)
(4.334254954328825 -0.007726145786441671 0.0)
(3.361354693232238 -0.0056539573433247 0.0)
(2.3259766352159503 -0.0029144670538797657 0.0)
(1.2099311760969862 -0.0008179541654193058 0.0)
(-0.019621667897292378 -6.285417184339073e-05 0.0)
(0.01963101914051737 -6.291127812944891e-05 0.0)
(1.3678713714038306 -0.0008185828363775745 0.0)
(2.651743576413631 -0.0029159098144571844 0.0)
(3.8381831930190686 -0.005654164359778812 0.0)
(4.909085423513344 -0.00772169551003714 0.0)
(5.861643675378319 -0.00919409023693324 0.0)
(6.679638818028218 -0.011576299901892162 0.0)
(7.374928532165491 -0.015289315454270987 0.0)
(7.99607592983552 -0.019062201801002158 0.0)
(8.543539566875165 -0.02227252250190854 0.0)
(9.003764646937816 -0.025009429904237816 0.0)
(9.377783882692878 -0.027278917182523937 0.0)
(9.664904462176526 -0.029060674972688442 0.0)
(9.864676541558515 -0.030340902793669047 0.0)
(9.976526961475987 -0.031112117573868475 0.0)
(9.999999999999996 -0.03136941377001385 0.0)
(9.934584149635143 -0.031112117573866793 0.0)
(9.779767902885917 -0.030340902793665796 0.0)
(9.535095537823482 -0.02906067497268415 0.0)
(9.199993895084914 -0.027278917182518327 0.0)
(8.774013130839961 -0.0250094299042318 0.0)
(8.25646043312486 -0.02227252250190097 0.0)
(7.648368514608931 -0.01906220180099398 0.0)
(6.936182578945594 -0.015289315454263881 0.0)
(6.120361181971751 -0.011576299901885098 0.0)
(5.249467435732774 -0.009194090236926042 0.0)
(4.335359020931077 -0.007721695510033077 0.0)
(3.3618168069809307 -0.005654164359777451 0.0)
(2.3260342013641386 -0.002915909814456991 0.0)
(1.209906406373931 -0.0008185828363774249 0.0)
(-0.019631019140522298 -6.291127812943399e-05 0.0)
(0.019649614631776263 -6.294741359593329e-05 0.0)
(1.3679304298955401 -0.0008188944206630803 0.0)
(2.651755676357612 -0.0029159470308084776 0.0)
(3.8378031791286316 -0.005650784236132626 0.0)
(4.907942272601587 -0.007710493479242105 0.0)
(5.860560822544875 -0.009175097370694352 0.0)
(6.680360167984349 -0.011557886146110667 0.0)
(7.37634380474003 -0.015279014880947808 0.0)
(7.996377779102171 -0.019057110873982614 0.0)
(8.543604213392163 -0.022269050670254073 0.0)
(9.003853346677603 -0.02500722305940529 0.0)
(9.377832000175948 -0.027277666343823236 0.0)
(9.664934820837178 -0.02906009832493547 0.0)
(9.864693442888562 -0.030340768715109084 0.0)
(9.976534707250552 -0.03111224115968226 0.0)
(9.999999999999996 -0.03136961715594768 0.0)
(9.934576403860577 -0.03111224115968057 0.0)
(9.77975100155587 -0.030340768715105826 0.0)
(9.53506517916283 -0.02906009832493115 0.0)
(9.199945777601846 -0.02727766634381759 0.0)
(8.773924431100173 -0.02500722305939923 0.0)
(8.256395786607861 -0.022269050670246458 0.0)
(7.64806666534228 -0.019057110873974374 0.0)
(6.934767306371053 -0.01527901488094062 0.0)
(6.11963983201562 -0.011557886146103502 0.0)
(5.250550288566222 -0.009175097370687063 0.0)
(4.336502171842837 -0.007710493479237985 0.0)
(3.3621968208713686 -0.005650784236131242 0.0)
(2.326022101420157 -0.002915947030808279 0.0)
(1.2098473478822214 -0.0008188944206629301 0.0)
(-0.01964961463178128 -6.294741359591834e-05 0.0)
)
