(
(-0.02087723993872076 -5.401041752358534e-05 0.0)
(1.2291642429608634 -0.0008635258174442569 0.0)
(2.4157442418533788 -0.0041501710678261096 0.0)
(3.5501891674075297 -0.011622977590699484 0.0)
(4.600761415581034 -0.02379188688899678 0.0)
(5.537683324008997 -0.03997430032372099 0.0)
(6.3691432129105126 -0.058289010389350304 0.0)
(7.119417081965592 -0.075964390411364 0.0)
(7.789922730012407 -0.09157196799118854 0.0)
(8.374026877203537 -0.10529676751198042 0.0)
(8.868282792230533 -0.11717569816629916 0.0)
(9.272881456260578 -0.12704642659109108 0.0)
(9.58830849363461 -0.13480534532145483 0.0)
(9.814558695491963 -0.14038488416180248 0.0)
(9.95177054899364 -0.14374573771854005 0.0)
(10.000000000000005 -0.14486796530597157 0.0)
(9.959340562117491 -0.14374573771854035 0.0)
(9.829885748952488 -0.14038488416180323 0.0)
(9.611691506365407 -0.13480534532145452 0.0)
(9.304896321517207 -0.12704642659109255 0.0)
(8.909494985547257 -0.11717569816630069 0.0)
(8.425973122796481 -0.10529676751198304 0.0)
(7.854521714432032 -0.09157196799119229 0.0)
(7.191694029145495 -0.07596439041136677 0.0)
(6.430856787089499 -0.05828901038935192 0.0)
(5.573427787102098 -0.0399743003237228 0.0)
(4.643683028863349 -0.023791886888998085 0.0)
(3.6498108325924252 -0.011622977590700176 0.0)
(2.56203353592438 -0.004150171067826711 0.0)
(1.3486135348169124 -0.000863525817444446 0.0)
(0.0208772399387076 -5.401041752360297e-05 0.0)
(-0.02084733167103832 -5.392852491205868e-05 0.0)
(1.2292769569183475 -0.0008623296761045824 0.0)
(2.415992596086889 -0.004145109959575844 0.0)
(3.5505525512264438 -0.011610684136667297 0.0)
(4.600825864409534 -0.02376961594815415 0.0)
(5.536654926788088 -0.0399394851725472 0.0)
(6.367621635893954 -0.05824174769397815 0.0)
(7.119141777442066 -0.07591191294990869 0.0)
(7.790183553436384 -0.09152167920862421 0.0)
(8.374035549564159 -0.10524973082485267 0.0)
(8.868284189602571 -0.11713173735483842 0.0)
(9.27288429884785 -0.12700548326703878 0.0)
(9.588310384862691 -0.13476699982288098 0.0)
(9.814559493118372 -0.14034852311824905 0.0)
(9.951771109842953 -0.1437106128096563 0.0)
(10.000000000000005 -0.14483326081676534 0.0)
(9.959340001268178 -0.14371061280965655 0.0)
(9.82988495132608 -0.1403485231182498 0.0)
(9.611689615137326 -0.13476699982288057 0.0)
(9.304893478929932 -0.12700548326704014 0.0)
(8.909493588175216 -0.1171317373548399 0.0)
(8.42596445043586 -0.10524973082485521 0.0)
(7.854260891008055 -0.09152167920862787 0.0)
(7.191969333669022 -0.07591191294991134 0.0)
(6.432378364106061 -0.058241747693979655 0.0)
(5.57445618432301 -0.039939485172548944 0.0)
(4.643618580034849 -0.023769615948155406 0.0)
(3.6494474487735102 -0.011610684136667965 0.0)
(2.5617851816908694 -0.004145109959576433 0.0)
(1.3485008208594278 -0.0008623296761047684 0.0)
(0.020847331671025104 -5.3928524912076095e-05 0.0)
(-0.02082187280876891 -5.3844968100757235e-05 0.0)
(1.2293746557693896 -0.0008611436205071742 0.0)
(2.4162266407464714 -0.0041402953173274625 0.0)
(3.5509582619855706 -0.011599541398798695 0.0)
(4.601068938091855 -0.023750237493408276 0.0)
(5.535850060665929 -0.03990942733154048 0.0)
(6.366061192734861 -0.0581997709214704 0.0)
(7.11865507709931 -0.07586369091182076 0.0)
(7.790383355620727 -0.09147470801679507 0.0)
(8.37403350625945 -0.10520559200755317 0.0)
(8.86827140799748 -0.11709031980732765 0.0)
(9.272879345728263 -0.12696678066169895 0.0)
(9.588307352687021 -0.13473065825315395 0.0)
(9.814557562507598 -0.14031399664468117 0.0)
(9.951770410618845 -0.1436772198413735 0.0)
(10.000000000000005 -0.14480025460914064 0.0)
(9.959340700492287 -0.14367721984137374 0.0)
(9.829886881936854 -0.14031399664468192 0.0)
(9.611692647312996 -0.13473065825315347 0.0)
(9.304898432049521 -0.1269667806617003 0.0)
(8.90950636978031 -0.11709031980732904 0.0)
(8.42596649374057 -0.10520559200755562 0.0)
(7.854061088823712 -0.09147470801679865 0.0)
(7.192456034011781 -0.07586369091182332 0.0)
(6.433938807265158 -0.058199770921471834 0.0)
(5.575261050445169 -0.039909427331542166 0.0)
(4.643375506352526 -0.023750237493409498 0.0)
(3.6490417380143825 -0.011599541398799339 0.0)
(2.5615511370312865 -0.004140295317328041 0.0)
(1.3484031220083856 -0.0008611436205073576 0.0)
(0.020821872808755654 -5.384496810077445e-05 0.0)
(-0.020801981967744985 -5.376341842310674e-05 0.0)
(1.22945304680521 -0.0008600197637651552 0.0)
(2.4164360923379578 -0.004135938687653217 0.0)
(3.551388473496381 -0.011590038968610555 0.0)
(4.601479956415088 -0.023734602978608816 0.0)
(5.535304089987469 -0.039885447487245394 0.0)
(6.364530446450893 -0.05816492445441673 0.0)
(7.117978365659988 -0.07582184308523408 0.0)
(7.790513357622984 -0.09143311824393872 0.0)
(8.37402083706848 -0.10516629043896436 0.0)
(8.8682450090156 -0.11705326533503321 0.0)
(9.272866814532826 -0.12693201929674583 0.0)
(9.588299530335854 -0.1346979173943625 0.0)
(9.814552988487147 -0.14028282177118293 0.0)
(9.951768482043942 -0.14364702603962737 0.0)
(10.000000000000005 -0.14477039691547727 0.0)
(9.959342629067189 -0.14364702603962756 0.0)
(9.829891455957304 -0.14028282177118367 0.0)
(9.611700469664163 -0.13469791739436202 0.0)
(9.304910963244959 -0.12693201929674713 0.0)
(8.909532768762189 -0.11705326533503455 0.0)
(8.425979162931538 -0.10516629043896676 0.0)
(7.853931086821454 -0.0914331182439422 0.0)
(7.193132745451104 -0.07582184308523657 0.0)
(6.435469553549129 -0.058164924454418114 0.0)
(5.575807021123628 -0.03988544748724705 0.0)
(4.642964488029291 -0.023734602978610016 0.0)
(3.648611526503571 -0.011590038968611185 0.0)
(2.5613416854397997 -0.0041359386876537885 0.0)
(1.348324730972565 -0.0008600197637653363 0.0)
(0.0208019819677317 -5.376341842312376e-05 0.0)
(-0.02078853311513186 -5.368745902275222e-05 0.0)
(1.229508685667107 -0.0008590074860877322 0.0)
(2.416611747941598 -0.004132231492890767 0.0)
(3.5518242830521394 -0.011582594365501147 0.0)
(4.6020408599860465 -0.023723399355733515 0.0)
(5.535041003705494 -0.039868599270150386 0.0)
(6.363096655233348 -0.05813873938282965 0.0)
(7.11714137658674 -0.07578820818709041 0.0)
(7.790567847393009 -0.09139873726858809 0.0)
(8.373998098652322 -0.10513355295810986 0.0)
(8.868206152579901 -0.11702220204367847 0.0)
(9.272847255859341 -0.1269027265229614 0.0)
(9.58828726150899 -0.1346702158199442 0.0)
(9.81454597203111 -0.14025636826466312 0.0)
(9.9517654088563 -0.1436213580648285 0.0)
(10.000000000000005 -0.14474499962821175 0.0)
(9.959345702254831 -0.14362135806482876 0.0)
(9.82989847241334 -0.1402563682646638 0.0)
(9.611712738491027 -0.13467021581994373 0.0)
(9.304930521918443 -0.1269027265229627 0.0)
(8.909571625197888 -0.11702220204367977 0.0)
(8.426001901347696 -0.1051335529581122 0.0)
(7.853876597051429 -0.09139873726859156 0.0)
(7.193969734524356 -0.07578820818709289 0.0)
(6.4369033447666775 -0.058138739382831005 0.0)
(5.576070107405603 -0.039868599270152044 0.0)
(4.6424035844583305 -0.023723399355734708 0.0)
(3.6481757169478115 -0.01158259436550177 0.0)
(2.561166029836159 -0.004132231492891334 0.0)
(1.3482690921106681 -0.0008590074860879113 0.0)
(0.020788533115118576 -5.368745902276908e-05 0.0)
(-0.020782117168909382 -5.362042741678148e-05 0.0)
(1.229539127685277 -0.0008581512651041411 0.0)
(2.4167458895715215 -0.004129336620395854 0.0)
(3.5522465419782567 -0.011577534691711579 0.0)
(4.602727003727967 -0.023717118891475073 0.0)
(5.535072361349932 -0.03985962296009168 0.0)
(6.361822817245276 -0.05812236623085047 0.0)
(7.116180885648212 -0.07576426407328092 0.0)
(7.790544430749993 -0.09137307572790192 0.0)
(8.373966290095385 -0.10510881799000688 0.0)
(8.86815654597108 -0.11699849479745686 0.0)
(9.272821529080142 -0.1268801894112361 0.0)
(9.588271085276233 -0.13464877068640052 0.0)
(9.814536821429732 -0.14023579844380277 0.0)
(9.951761326086158 -0.14360134372083144 0.0)
(10.000000000000005 -0.14472517865768347 0.0)
(9.959349785024973 -0.1436013437208317 0.0)
(9.829907623014721 -0.14023579844380346 0.0)
(9.611728914723784 -0.13464877068640005 0.0)
(9.304956248697643 -0.12688018941123735 0.0)
(8.909621231806709 -0.11699849479745814 0.0)
(8.426033709904633 -0.10510881799000919 0.0)
(7.853900013694446 -0.09137307572790536 0.0)
(7.194930225462886 -0.07576426407328338 0.0)
(6.438177182754751 -0.05812236623085184 0.0)
(5.576038749761164 -0.039859622960093335 0.0)
(4.641717440716408 -0.023717118891476267 0.0)
(3.647753458021693 -0.011577534691712198 0.0)
(2.5610318882062355 -0.004129336620396417 0.0)
(1.348238650092498 -0.000858151265104319 0.0)
(0.02078211716889611 -5.36204274167982e-05 0.0)
(-0.020783016034016923 -5.356526885132999e-05 0.0)
(1.229543035293134 -0.0008574887215979892 0.0)
(2.4168326232899147 -0.004127381265569886 0.0)
(3.552636696990021 -0.01157508226005175 0.0)
(4.603508239740092 -0.023716037537943217 0.0)
(5.535396785123252 -0.039858912959711536 0.0)
(6.360764902597453 -0.05811652440482333 0.0)
(7.115139095059077 -0.07575106280436185 0.0)
(7.790444136578389 -0.09135726114303148 0.0)
(8.373926809007468 -0.1050931723439025 0.0)
(8.86809836881278 -0.11698318524939619 0.0)
(9.272790764582838 -0.12686539820102863 0.0)
(9.588251712391658 -0.1346345242536665 0.0)
(9.81452593874369 -0.14022201610889914 0.0)
(9.95175641312297 -0.14358786240129617 0.0)
(10.000000000000005 -0.14471180490107605 0.0)
(9.95935469798816 -0.14358786240129642 0.0)
(9.82991850570076 -0.14022201610889984 0.0)
(9.611748287608359 -0.13463452425366598 0.0)
(9.304987013194944 -0.12686539820102988 0.0)
(8.90967940896501 -0.11698318524939749 0.0)
(8.42607319099255 -0.10509317234390482 0.0)
(7.85400030786605 -0.09135726114303493 0.0)
(7.195972016052024 -0.0757510628043643 0.0)
(6.439235097402576 -0.05811652440482471 0.0)
(5.575714325987842 -0.039858912959713236 0.0)
(4.640936204704279 -0.02371603753794443 0.0)
(3.6473633030099277 -0.011575082260052376 0.0)
(2.5609451544878423 -0.004127381265570447 0.0)
(1.3482347424846413 -0.0008574887215981661 0.0)
(0.020783016034003687 -5.3565268851346635e-05 0.0)
(-0.02079119021596608 -5.352440689285397e-05 0.0)
(1.2295202367975375 -0.0008570489665188473 0.0)
(2.416868138175866 -0.004126451343126691 0.0)
(3.5529776053899833 -0.011575344825882199 0.0)
(4.604350241941283 -0.023720202807833855 0.0)
(5.5360000204383715 -0.039866500465127776 0.0)
(6.359969394124105 -0.05812147058389654 0.0)
(7.1140617791919185 -0.07574918441993848 0.0)
(7.790271371620617 -0.09135198837790402 0.0)
(8.373881390115345 -0.10508730346086367 0.0)
(8.8680341773029 -0.11697694607303025 0.0)
(9.272756314103162 -0.12685900279105575 0.0)
(9.588229994064372 -0.13462810248393337 0.0)
(9.814513802138306 -0.14021562683053382 0.0)
(9.95175088583335 -0.1435815064507397 0.0)
(10.000000000000005 -0.14470546597678813 0.0)
(9.959360225277782 -0.14358150645073994 0.0)
(9.829930642306147 -0.1402156268305345 0.0)
(9.611770005935645 -0.1346281024839329 0.0)
(9.305021463674622 -0.12685900279105705 0.0)
(8.90974360047489 -0.11697694607303155 0.0)
(8.426118609884673 -0.10508730346086602 0.0)
(7.854173072823824 -0.09135198837790749 0.0)
(7.197049331919185 -0.075749184419941 0.0)
(6.440030605875925 -0.05812147058389797 0.0)
(5.57511109067272 -0.03986650046512952 0.0)
(4.640094202503087 -0.023720202807835097 0.0)
(3.647022394609965 -0.011575344825882836 0.0)
(2.5609096396018916 -0.004126451343127254 0.0)
(1.3482575409802378 -0.0008570489665190242 0.0)
(0.0207911902159529 -5.352440689287057e-05 0.0)
(-0.020806280556156256 -5.349963694105401e-05 0.0)
(1.2294717339226753 -0.0008568513219003841 0.0)
(2.416850873770259 -0.004126587712157181 0.0)
(3.5532542882867233 -0.011578310852540687 0.0)
(4.605216014295217 -0.023729431686808137 0.0)
(5.536855562239132 -0.03988205209523333 0.0)
(6.359471245012209 -0.058136987442010374 0.0)
(7.112996273335046 -0.07575871145278597 0.0)
(7.790033726852854 -0.09135748910817297 0.0)
(8.373832029042045 -0.10509146920887427 0.0)
(8.86796679189895 -0.11698005140635423 0.0)
(9.272719691332163 -0.12686128418393164 0.0)
(9.588206884557945 -0.1346297875380149 0.0)
(9.814500944873812 -0.1402169113419093 0.0)
(9.95174498707629 -0.14358255513800156 0.0)
(10.000000000000005 -0.14470644040555625 0.0)
(9.95936612403484 -0.1435825551380018 0.0)
(9.82994349957064 -0.14021691134191 0.0)
(9.611793115442072 -0.1346297875380145 0.0)
(9.30505808644562 -0.12686128418393294 0.0)
(8.909810985878838 -0.11698005140635559 0.0)
(8.426167970957975 -0.10509146920887667 0.0)
(7.854410717591587 -0.0913574891081765 0.0)
(7.1981148377760595 -0.07575871145278854 0.0)
(6.44052875498782 -0.05813698744201189 0.0)
(5.574255548871956 -0.039882052095235154 0.0)
(4.639228430149151 -0.023729431686809428 0.0)
(3.6467457117132245 -0.011578310852541341 0.0)
(2.5609269040074985 -0.004126587712157749 0.0)
(1.3483060438551002 -0.0008568513219005617 0.0)
(0.020806280556143145 -5.3499636941070596e-05 0.0)
(-0.020827624012646498 -5.349204734229683e-05 0.0)
(1.2293996577961352 -0.0008569044718855541 0.0)
(2.4167815886394926 -0.004127784380855637 0.0)
(3.553454588739936 -0.01158385001824203 0.0)
(4.606067516348548 -0.02374331867480769 0.0)
(5.537925819583978 -0.03990488453985228 0.0)
(6.359292343022403 -0.05816239319680663 0.0)
(7.111989393866523 -0.07577922530251018 0.0)
(7.789741643951438 -0.09137352164181363 0.0)
(8.373780894622824 -0.10510548655258778 0.0)
(8.867899173392304 -0.116992364806703 0.0)
(9.272682505407401 -0.12687214213942702 0.0)
(9.58818339926181 -0.13463950537771757 0.0)
(9.814487931874893 -0.1402258132039457 0.0)
(9.951738976032386 -0.14359096238568203 0.0)
(10.000000000000005 -0.144714685372763 0.0)
(9.959372135078747 -0.14359096238568228 0.0)
(9.82995651256956 -0.14022581320394645 0.0)
(9.611816600738207 -0.1346395053777171 0.0)
(9.305095272370384 -0.12687214213942838 0.0)
(8.909878604385485 -0.11699236480670441 0.0)
(8.426219105377195 -0.10510548655259026 0.0)
(7.854702800493003 -0.09137352164181721 0.0)
(7.199121717244585 -0.07577922530251283 0.0)
(6.440707656977626 -0.058162393196808264 0.0)
(5.573185291527107 -0.03990488453985419 0.0)
(4.638376928095818 -0.023743318674809038 0.0)
(3.646545411260012 -0.011583850018242709 0.0)
(2.5609961891382653 -0.004127784380856212 0.0)
(1.3483781199816405 -0.0008569044718857328 0.0)
(0.020827624012633456 -5.3492047342313476e-05 0.0)
(-0.020854282793005358 -5.350197156966708e-05 0.0)
(1.2293071753110583 -0.0008572060811612442 0.0)
(2.416663327045458 -0.00412998876978869 0.0)
(3.553569705914146 -0.011591718942178931 0.0)
(4.606867334658832 -0.023761253602985356 0.0)
(5.539163767323156 -0.03993399458313885 0.0)
(6.359440548780827 -0.05819657156589808 0.0)
(7.111085381228162 -0.07580982462808329 0.0)
(7.789407956504707 -0.09139938153862852 0.0)
(8.373730233610516 -0.1051287395955654 0.0)
(8.867834292816438 -0.11701334524579193 0.0)
(9.27264639021038 -0.12689109957884145 0.0)
(9.588160570076914 -0.134656829018943 0.0)
(9.814475334908911 -0.14024194128511067 0.0)
(9.951733116815909 -0.14360635879469869 0.0)
(10.000000000000005 -0.144729838609633 0.0)
(9.959377994295222 -0.14360635879469894 0.0)
(9.82996910953554 -0.14024194128511147 0.0)
(9.611839429923103 -0.13465682901894258 0.0)
(9.305131387567405 -0.12689109957884287 0.0)
(8.909943484961353 -0.1170133452457934 0.0)
(8.426269766389503 -0.10512873959556794 0.0)
(7.855036487939735 -0.09139938153863218 0.0)
(7.200025729882948 -0.07580982462808605 0.0)
(6.4405594512192 -0.05819657156589981 0.0)
(5.571947343787924 -0.039933994583140855 0.0)
(4.637577109785532 -0.023761253602986764 0.0)
(3.6464302940858024 -0.01159171894217964 0.0)
(2.5611144507323003 -0.004129988769789275 0.0)
(1.348470602466718 -0.0008572060811614246 0.0)
(0.020854282792992413 -5.3501971569683804e-05 0.0)
(-0.020885085559194737 -5.352897357076994e-05 0.0)
(1.2291983499786463 -0.0008577428975676589 0.0)
(2.416501285186245 -0.004133104022139439 0.0)
(3.553594581771319 -0.011601571878229392 0.0)
(4.607580326672741 -0.023782448443408006 0.0)
(5.54051501229777 -0.03996810318304634 0.0)
(6.359909350397591 -0.05823802081427437 0.0)
(7.110323956081448 -0.07584916495111947 0.0)
(7.789047326128607 -0.09143393256206094 0.0)
(8.37368227195732 -0.10516020664163897 0.0)
(8.867775000905159 -0.11704207088151009 0.0)
(9.272612932576783 -0.12691732354696875 0.0)
(9.588139400075876 -0.13468099729258848 0.0)
(9.814463707463508 -0.1402645869470233 0.0)
(9.951727666870111 -0.14362806787500615 0.0)
(10.000000000000005 -0.1447512343106604 0.0)
(9.95938344424102 -0.14362806787500645 0.0)
(9.829980736980943 -0.1402645869470241 0.0)
(9.61186059992414 -0.13468099729258812 0.0)
(9.305164845201 -0.12691732354697022 0.0)
(8.91000277687263 -0.11704207088151161 0.0)
(8.426317728042699 -0.1051602066416416 0.0)
(7.855397118315837 -0.09143393256206471 0.0)
(7.200787155029663 -0.07584916495112237 0.0)
(6.440090649602433 -0.05823802081427625 0.0)
(5.570596098813307 -0.039968103183048456 0.0)
(4.636864117771622 -0.023782448443409484 0.0)
(3.646405418228629 -0.011601571878230129 0.0)
(2.561276492591514 -0.004133104022140035 0.0)
(1.34857942779913 -0.0008577428975678414 0.0)
(0.02088508555918189 -5.35289735707868e-05 0.0)
(-0.020918678894020347 -5.357186692707574e-05 0.0)
(1.2290779633849156 -0.0008584913343739786 0.0)
(2.416302582884699 -0.004136993259418786 0.0)
(3.553528123311801 -0.011612975906408788 0.0)
(4.608175164825567 -0.02380597193356235 0.0)
(5.541920183275667 -0.040005711670094736 0.0)
(6.3606781495873035 -0.05828491973779115 0.0)
(7.10973857405434 -0.07589551772979565 0.0)
(7.788675598262107 -0.09147565660335054 0.0)
(8.373639117010534 -0.1051985050863713 0.0)
(8.867723902836577 -0.11707727956197608 0.0)
(9.272583602573826 -0.1269496618106248 0.0)
(9.588120819429815 -0.13471094828892466 0.0)
(9.814453560427363 -0.14029275518072817 0.0)
(9.951722865655643 -0.14365513576933148 0.0)
(10.000000000000005 -0.14477793238788422 0.0)
(9.95938824545549 -0.14365513576933178 0.0)
(9.829990884017088 -0.14029275518072898 0.0)
(9.611879180570204 -0.13471094828892435 0.0)
(9.305194175203958 -0.12694966181062634 0.0)
(8.910053874941212 -0.11707727956197769 0.0)
(8.426360882989485 -0.10519850508637403 0.0)
(7.855768846182337 -0.09147565660335445 0.0)
(7.201372537056771 -0.07589551772979866 0.0)
(6.439321850412718 -0.058284919737793144 0.0)
(5.569190927835407 -0.04000571167009695 0.0)
(4.636269279618795 -0.0238059719335639 0.0)
(3.646471876688148 -0.011612975906409563 0.0)
(2.5614751948930605 -0.0041369932594193925 0.0)
(1.3486998143928612 -0.0008584913343741635 0.0)
(0.02091867889400759 -5.357186692709276e-05 0.0)
(-0.02095358676780721 -5.362876698297956e-05 0.0)
(1.2289513050965533 -0.0008594185066361596 0.0)
(2.416075950756435 -0.004141485595655831 0.0)
(3.55337325059872 -0.011625429954582002 0.0)
(4.608625713017099 -0.02383079049432602 0.0)
(5.543317539614766 -0.04004516759616592 0.0)
(6.361713166720046 -0.058335207683548204 0.0)
(7.109354955762184 -0.07594684630781677 0.0)
(7.788309105947606 -0.0915227203844551 0.0)
(8.37360266491957 -0.10524195216616589 0.0)
(8.867683243766345 -0.11711742428218269 0.0)
(9.272559688908178 -0.12698669348566574 0.0)
(9.588105644538322 -0.13474536601596637 0.0)
(9.814445339642681 -0.14032520832556863 0.0)
(9.951718924129082 -0.14368637316391725 0.0)
(10.000000000000005 -0.14480875977663404 0.0)
(9.959392186982049 -0.14368637316391755 0.0)
(9.829999104801772 -0.1403252083255695 0.0)
(9.611894355461695 -0.13474536601596612 0.0)
(9.305218088869607 -0.12698669348566732 0.0)
(8.910094534011444 -0.11711742428218438 0.0)
(8.42639733508045 -0.10524195216616873 0.0)
(7.856135338496839 -0.09152272038445912 0.0)
(7.201756155348928 -0.07594684630781992 0.0)
(6.438286833279972 -0.058335207683550334 0.0)
(5.5677935714963045 -0.04004516759616823 0.0)
(4.635818731427263 -0.02383079049432763 0.0)
(3.6466267494012294 -0.011625429954582812 0.0)
(2.561701827021325 -0.004141485595656453 0.0)
(1.3488264726812238 -0.0008594185066363476 0.0)
(0.02095358676779455 -5.362876698299678e-05 0.0)
(-0.020988275392443294 -5.369717365412071e-05 0.0)
(1.2288239402470356 -0.0008604836761012157 0.0)
(2.415831346602557 -0.004146383645814821 0.0)
(3.553136768455758 -0.011638386814656338 0.0)
(4.608912174984056 -0.023855813643543316 0.0)
(5.544645684033918 -0.04008473734005089 0.0)
(6.362968925036515 -0.05838667509120819 0.0)
(7.109189956690925 -0.07600089540136755 0.0)
(7.787963952186924 -0.0915730560089336 0.0)
(8.373574517322616 -0.10528863889582077 0.0)
(8.867654810179626 -0.11716074115656672 0.0)
(9.27254224230256 -0.12702679146803778 0.0)
(9.588094542158371 -0.13478273822175274 0.0)
(9.8144394063157 -0.14036052044973182 0.0)
(9.951716015473897 -0.1437204075447926 0.0)
(10.000000000000005 -0.14484236197784534 0.0)
(9.959395095637236 -0.14372040754479296 0.0)
(9.830005038128752 -0.14036052044973268 0.0)
(9.611905457841646 -0.13478273822175255 0.0)
(9.305235535475225 -0.1270267914680394 0.0)
(8.910122967598163 -0.11716074115656852 0.0)
(8.426425482677402 -0.10528863889582372 0.0)
(7.856480492257521 -0.09157305600893774 0.0)
(7.2019211544201855 -0.07600089540137084 0.0)
(6.437031074963498 -0.05838667509121045 0.0)
(5.566465427077149 -0.040084737340053314 0.0)
(4.635532269460306 -0.023855813643544988 0.0)
(3.646863231544193 -0.011638386814657179 0.0)
(2.561946431175204 -0.004146383645815455 0.0)
(1.348953837530742 -0.0008604836761014065 0.0)
(0.02098827539243071 -5.369717365413814e-05 0.0)
(-0.02102122061322312 -5.377408127651572e-05 0.0)
(1.2287014650148425 -0.0008616400411715245 0.0)
(2.4155795178820956 -0.004151472198532495 0.0)
(3.5528290674756438 -0.011651277185904035 0.0)
(4.609021964111678 -0.0238799419098162 0.0)
(5.545846260297117 -0.04012268227959415 0.0)
(6.364390248813633 -0.05843706057703549 0.0)
(7.109250826597899 -0.07605529019215744 0.0)
(7.787655302404865 -0.09162445182153288 0.0)
(8.373555910973591 -0.10533651394584587 0.0)
(8.867639851396202 -0.11720532692091373 0.0)
(9.272532029328906 -0.12706819392575266 0.0)
(9.588088000108225 -0.13482142283993215 0.0)
(9.814436021145953 -0.1403971400030836 0.0)
(9.951714267491072 -0.14375574350352605 0.0)
(10.000000000000005 -0.1448772625722704 0.0)
(9.959396843620059 -0.14375574350352635 0.0)
(9.8300084232985 -0.1403971400030845 0.0)
(9.611911999891792 -0.134821422839932 0.0)
(9.305245748448879 -0.12706819392575436 0.0)
(8.910137926381587 -0.11720532692091559 0.0)
(8.426444089026427 -0.1053365139458489 0.0)
(7.856789142039582 -0.09162445182153713 0.0)
(7.20186028451321 -0.07605529019216084 0.0)
(6.435609751186377 -0.058437060577037854 0.0)
(5.565264850813947 -0.040122682279596644 0.0)
(4.635422480332685 -0.023879941909817928 0.0)
(3.6471709325243076 -0.011651277185904908 0.0)
(2.562198259895666 -0.004151472198533141 0.0)
(1.3490763127629353 -0.0008616400411717186 0.0)
(0.02102122061321061 -5.377408127653335e-05 0.0)
(-0.02105097487741721 -5.385611066993505e-05 0.0)
(1.2285892607376148 -0.0008628367932814071 0.0)
(2.4153315294883204 -0.004156527672111683 0.0)
(3.5524636674765215 -0.011663534688994738 0.0)
(4.608950256466549 -0.023902115141266052 0.0)
(5.546866517279751 -0.040157335183570474 0.0)
(6.365914687684869 -0.05848415029496047 0.0)
(7.109534890970751 -0.07610764067259153 0.0)
(7.787396718108192 -0.09167464958427331 0.0)
(8.37354766340143 -0.10538347377412799 0.0)
(8.86763902467765 -0.11724922255830567 0.0)
(9.272529498726591 -0.1271090817105621 0.0)
(9.588086305833599 -0.1348597201391532 0.0)
(9.814435332871605 -0.14043345798944332 0.0)
(9.951713756983779 -0.14379082844273605 0.0)
(10.000000000000005 -0.144911928091639 0.0)
(9.959397354127354 -0.14379082844273636 0.0)
(9.830009111572846 -0.1404334579894443 0.0)
(9.611913694166418 -0.13485972013915312 0.0)
(9.305248279051193 -0.12710908171056384 0.0)
(8.910138753100139 -0.11724922255830761 0.0)
(8.426452336598588 -0.10538347377413111 0.0)
(7.857047726336255 -0.09167464958427766 0.0)
(7.201576220140357 -0.07610764067259507 0.0)
(6.434085312315137 -0.05848415029496295 0.0)
(5.564244593831312 -0.040157335183573034 0.0)
(4.635494187977813 -0.02390211514126783 0.0)
(3.647536332523431 -0.011663534688995635 0.0)
(2.562446248289442 -0.004156527672112342 0.0)
(1.3491885170401632 -0.0008628367932816042 0.0)
(0.021050974877404764 -5.385611066995291e-05 0.0)
(-0.02107623083709076 -5.3939657612900407e-05 0.0)
(1.2284922574660218 -0.0008640213493325512 0.0)
(2.415098277577572 -0.004161327938292045 0.0)
(3.552056623465872 -0.011674620751667109 0.0)
(4.608700202751414 -0.023921359086667756 0.0)
(5.54766162675651 -0.04018717346677483 0.0)
(6.3674752605951035 -0.05852587520892574 0.0)
(7.11002966854062 -0.07615564665833209 0.0)
(7.787199561017835 -0.09172144369929429 0.0)
(8.373550136989365 -0.10542745505172299 0.0)
(8.867652366348473 -0.11729049937474034 0.0)
(9.272534761685655 -0.1271476582880036 0.0)
(9.588089533777822 -0.13489594740615113 0.0)
(9.814437371734176 -0.14046787866293223 0.0)
(9.95171450638277 -0.14382412079437984 0.0)
(10.000000000000005 -0.1449448353964488 0.0)
(9.959396604728362 -0.1438241207943802 0.0)
(9.830007072710275 -0.14046787866293325 0.0)
(9.611910466222195 -0.13489594740615105 0.0)
(9.30524301609213 -0.12714765828800545 0.0)
(8.910125411429316 -0.11729049937474234 0.0)
(8.426449863010655 -0.1054274550517262 0.0)
(7.8572448834266115 -0.09172144369929873 0.0)
(7.201081442570486 -0.07615564665833571 0.0)
(6.432524739404898 -0.05852587520892829 0.0)
(5.563449484354552 -0.04018717346677744 0.0)
(4.635744241692951 -0.02392135908666956 0.0)
(3.647943376534082 -0.011674620751668027 0.0)
(2.5626795002001908 -0.004161327938292714 0.0)
(1.3492855203117564 -0.000864021349332751 0.0)
(0.021076230837078356 -5.393965761291847e-05 0.0)
(-0.02109587879158019 -5.402105120558271e-05 0.0)
(1.2284147173463549 -0.0008651416620991537 0.0)
(2.414890010812086 -0.0041656620821594525 0.0)
(3.551625820212857 -0.0116840482726087 0.0)
(4.608282789869053 -0.023936828202266152 0.0)
(5.548196653071597 -0.04021088608963081 0.0)
(6.369003398825649 -0.05856040200254521 0.0)
(7.110713419686254 -0.07619719885419014 0.0)
(7.787072493855657 -0.0917627781187892 0.0)
(8.373563223052468 -0.10546652532175485 0.0)
(8.867679290200059 -0.11732734374241738 0.0)
(9.272547586961304 -0.1271822286738383 0.0)
(9.588097542110926 -0.13492851288108992 0.0)
(9.81444204814977 -0.14049888964212806 0.0)
(9.951716482760828 -0.14385415775343285 0.0)
(10.000000000000005 -0.14497453859992876 0.0)
(9.959394628350305 -0.14385415775343327 0.0)
(9.830002396294681 -0.1404988896421291 0.0)
(9.61190245788909 -0.1349285128810899 0.0)
(9.30523019081648 -0.12718222867384016 0.0)
(8.91009848757773 -0.1173273437424194 0.0)
(8.426436776947552 -0.10546652532175808 0.0)
(7.8573719505887905 -0.0917627781187937 0.0)
(7.2003976914248495 -0.07619719885419382 0.0)
(6.430996601174349 -0.05856040200254783 0.0)
(5.562914458039465 -0.04021088608963347 0.0)
(4.6361616545753135 -0.023936828202267977 0.0)
(3.648374179787098 -0.011684048272609635 0.0)
(2.562887766965677 -0.00416566208216013 0.0)
(1.3493630604314233 -0.0008651416620993555 0.0)
(0.021095878791567806 -5.4021051205600954e-05 0.0)
(-0.021109055445710144 -5.4096715162424843e-05 0.0)
(1.2283600473496166 -0.0008661485070878039 0.0)
(2.4147158800525252 -0.004169339669361466 0.0)
(3.551190186424282 -0.011691403023796504 0.0)
(4.607716358177882 -0.023947842803421795 0.0)
(5.548448088147529 -0.04022743116287116 0.0)
(6.370431958778305 -0.058586213631672254 0.0)
(7.111556101633203 -0.07623047153269726 0.0)
(7.7870210997203 -0.09179683668398465 0.0)
(8.373586346613065 -0.10549896790803537 0.0)
(8.867718613247627 -0.11735813678722593 0.0)
(9.272567411034387 -0.12721127390855733 0.0)
(9.58810997896141 -0.13495598569657763 0.0)
(9.814449156645242 -0.14052512836133793 0.0)
(9.951719599279514 -0.14387961955086537 0.0)
(10.000000000000005 -0.14499973259765836 0.0)
(9.959391511831617 -0.14387961955086578 0.0)
(9.829995287799209 -0.14052512836133896 0.0)
(9.611890021038608 -0.1349559856965776 0.0)
(9.305210366743397 -0.12721127390855919 0.0)
(8.910059164530162 -0.117358136787228 0.0)
(8.426413653386954 -0.10549896790803866 0.0)
(7.857423344724147 -0.0917968366839892 0.0)
(7.199555009477898 -0.07623047153270099 0.0)
(6.429568041221691 -0.058586213631674884 0.0)
(5.562663022963534 -0.040227431162873833 0.0)
(4.636728086266486 -0.023947842803423634 0.0)
(3.6488098135756744 -0.01169140302379745 0.0)
(2.563061897725238 -0.004169339669362148 0.0)
(1.3494177304281618 -0.0008661485070880079 0.0)
(0.02110905544569777 -5.409671516244326e-05 0.0)
(-0.021115181841404172 -5.4163324947586494e-05 0.0)
(1.2283306495754476 -0.000866997645371672 0.0)
(2.414583536285901 -0.004172199113444383 0.0)
(3.550768863051847 -0.011696361850918461 0.0)
(4.607025795650154 -0.02395391892871056 0.0)
(5.548404884387058 -0.04023608172624605 0.0)
(6.371698172142228 -0.058602175980544055 0.0)
(7.1125206884783605 -0.07625400275323051 0.0)
(7.787047636776048 -0.0918221229238343 0.0)
(8.373618491664208 -0.10552335734267546 0.0)
(8.867768607708408 -0.11738152551911138 0.0)
(9.272593362871403 -0.12723351779768385 0.0)
(9.588126297876814 -0.13497715874736183 0.0)
(9.814458384886308 -0.14054544193924215 0.0)
(9.9517237190047 -0.14389938744187925 0.0)
(10.000000000000005 -0.14501931041146854 0.0)
(9.95938739210643 -0.1438993874418796 0.0)
(9.829986059558143 -0.14054544193924318 0.0)
(9.611873702123203 -0.1349771587473618 0.0)
(9.305184414906382 -0.12723351779768577 0.0)
(8.910009170069381 -0.11738152551911349 0.0)
(8.42638150833581 -0.10552335734267877 0.0)
(7.857396807668398 -0.09182212292383886 0.0)
(7.198590422632738 -0.07625400275323424 0.0)
(6.428301827857765 -0.058602175980546685 0.0)
(5.562706226724006 -0.04023608172624871 0.0)
(4.637418648794217 -0.023953918928712386 0.0)
(3.64923113694811 -0.01169636185091941 0.0)
(2.5631942414918627 -0.004172199113445069 0.0)
(1.3494471282023308 -0.0008669976453718771 0.0)
(0.021115181841391776 -5.4163324947605034e-05 0.0)
(-0.02111398879604339 -5.421795384896679e-05 0.0)
(1.228327815708263 -0.0008676517673680189 0.0)
(2.4144987944552025 -0.004174114775666405 0.0)
(3.5503803622737475 -0.011698706872182758 0.0)
(4.606241444339989 -0.023954789604303205 0.0)
(5.548068940084381 -0.04023645768982654 0.0)
(6.372746403818678 -0.05860758769275348 0.0)
(7.113564798040412 -0.07626675859700875 0.0)
(7.787150939033221 -0.09183752580721903 0.0)
(8.373658245811159 -0.1055386219985362 0.0)
(8.867827076917255 -0.1173964822799832 0.0)
(9.272624302196109 -0.12724798298542375 0.0)
(9.588145781833848 -0.13499110172832607 0.0)
(9.814469327400936 -0.1405589378343902 0.0)
(9.9517286609232 -0.14391259286150765 0.0)
(10.000000000000005 -0.14503241182803706 0.0)
(9.959382450187933 -0.143912592861508 0.0)
(9.829975117043517 -0.14055893783439122 0.0)
(9.611854218166169 -0.13499110172832604 0.0)
(9.305153475581676 -0.12724798298542567 0.0)
(8.909950700860534 -0.11739648227998528 0.0)
(8.42634175418886 -0.10553862199853951 0.0)
(7.857293505411224 -0.09183752580722361 0.0)
(7.197546313070683 -0.07626675859701249 0.0)
(6.427253596181313 -0.05860758769275607 0.0)
(5.5630421710266855 -0.040236457689829155 0.0)
(4.638203000104385 -0.023954789604305016 0.0)
(3.64961963772621 -0.011698706872183696 0.0)
(2.5632789833225607 -0.004174114775667091 0.0)
(1.349449962069515 -0.0008676517673682249 0.0)
(0.02111398879603096 -5.421795384898541e-05 0.0)
(-0.021105528729858346 -5.425820157257984e-05 0.0)
(1.228351670263003 -0.0008680821321530079 0.0)
(2.4144653779614407 -0.0041750024853341025 0.0)
(3.550041754103432 -0.011698335051645128 0.0)
(4.605397767209024 -0.023950416574307045 0.0)
(5.5474550160175635 -0.0402285425344607 0.0)
(6.37353059642548 -0.05860221098756649 0.0)
(7.1146425540553455 -0.07626817859559261 0.0)
(7.787326467579626 -0.09184236855962173 0.0)
(8.373703862329426 -0.10554409117456501 0.0)
(8.867891451844098 -0.11740234989713128 0.0)
(9.27265886959118 -0.127254033897891 0.0)
(9.588167574743089 -0.13499720201039467 0.0)
(9.81448150339505 -0.14056502306183935 0.0)
(9.951734207896152 -0.14391865558777073 0.0)
(10.000000000000005 -0.14503846119508823 0.0)
(9.95937690321498 -0.1439186555877711 0.0)
(9.8299629410494 -0.14056502306184038 0.0)
(9.611832425256928 -0.13499720201039464 0.0)
(9.305118908186605 -0.12725403389789292 0.0)
(8.909886325933691 -0.11740234989713333 0.0)
(8.426296137670592 -0.1055440911745683 0.0)
(7.85711797686482 -0.09184236855962626 0.0)
(7.196468557055748 -0.07626817859559629 0.0)
(6.42646940357451 -0.05860221098756902 0.0)
(5.563656095093506 -0.04022854253446327 0.0)
(4.639046677235351 -0.02395041657430882 0.0)
(3.6499582458965265 -0.011698335051646056 0.0)
(2.5633123998163225 -0.004175002485334787 0.0)
(1.3494261075147749 -0.0008680821321532139 0.0)
(0.02110552872984586 -5.425820157259851e-05 0.0)
(-0.021090173362679945 -5.4282299707081215e-05 0.0)
(1.2284011651141726 -0.0008682698302853166 0.0)
(2.4144847550642172 -0.004174823238108696 0.0)
(3.549767916364437 -0.011695262726419775 0.0)
(4.6045318338869325 -0.02394099198165989 0.0)
(5.546590086886959 -0.040212684037594947 0.0)
(6.3740162939741305 -0.05858628210757261 0.0)
(7.115706601895563 -0.07625820035684207 0.0)
(7.787566510012051 -0.09183643839936136 0.0)
(8.373753336912653 -0.10553952456517274 0.0)
(8.867958903972424 -0.11739887055819259 0.0)
(9.272695546228514 -0.12725140466906168 0.0)
(9.58819071906397 -0.13499519155833378 0.0)
(9.814494377877748 -0.1405634302478281 0.0)
(9.951740116199714 -0.1439173092355679 0.0)
(10.000000000000005 -0.14503719271450088 0.0)
(9.959370994911417 -0.1439173092355683 0.0)
(9.829950066566703 -0.14056343024782914 0.0)
(9.611809280936047 -0.1349951915583337 0.0)
(9.30508223154927 -0.12725140466906354 0.0)
(8.909818873805365 -0.11739887055819465 0.0)
(8.426246663087367 -0.10553952456517597 0.0)
(7.856877934432394 -0.09183643839936582 0.0)
(7.195404509215527 -0.07625820035684569 0.0)
(6.42598370602586 -0.058586282107575056 0.0)
(5.564521024224113 -0.04021268403759745 0.0)
(4.639912610557444 -0.02394099198166162 0.0)
(3.650232083635522 -0.011695262726420682 0.0)
(2.5632930227135455 -0.004174823238109375 0.0)
(1.349376612663605 -0.0008682698302855219 0.0)
(0.02109017336266739 -5.428229970709989e-05 0.0)
(-0.021068597381250165 -5.4289189424527226e-05 0.0)
(1.2284741255485598 -0.0008682066146523951 0.0)
(2.4145560743690857 -0.004173584909785344 0.0)
(3.5495708809860425 -0.011689624888856434 0.0)
(4.603681691899705 -0.023926929925720843 0.0)
(5.5455121560962235 -0.04018957899256927 0.0)
(6.374182155802898 -0.058560500938617685 0.0)
(7.116710189245587 -0.07623726230631318 0.0)
(7.787860519305163 -0.09181999588683083 0.0)
(8.373804495738161 -0.1055251228188217 0.0)
(8.868026469579112 -0.1173861971389549 0.0)
(9.272732720603768 -0.12724021082244044 0.0)
(9.588214197877376 -0.13498515870772887 0.0)
(9.814507385167813 -0.14055422937769016 0.0)
(9.951746126233838 -0.14390861296115198 0.0)
(10.000000000000005 -0.14502866212099141 0.0)
(9.959364984877293 -0.14390861296115234 0.0)
(9.829937059276638 -0.14055422937769113 0.0)
(9.611785802122641 -0.1349851587077288 0.0)
(9.305045057174016 -0.1272402108224423 0.0)
(8.909751308198675 -0.1173861971389569 0.0)
(8.426195504261859 -0.10552512281882485 0.0)
(7.856583925139281 -0.09181999588683522 0.0)
(7.194400921865501 -0.07623726230631672 0.0)
(6.425817844197094 -0.05856050093862004 0.0)
(5.565598955014853 -0.04018957899257168 0.0)
(4.640762752544674 -0.023926929925722516 0.0)
(3.6504291190139164 -0.01168962488885732 0.0)
(2.563221703408677 -0.004173584909786017 0.0)
(1.3493036522292177 -0.0008682066146525994 0.0)
(0.021068597381237533 -5.428918942454585e-05 0.0)
(-0.021041748794720885 -5.4278568003337674e-05 0.0)
(1.228567345818155 -0.0008678952628335045 0.0)
(2.4146762022362647 -0.00417134191024512 0.0)
(3.549459305342309 -0.011681669255223513 0.0)
(4.60288469493097 -0.023908848267502055 0.0)
(5.544268585952284 -0.04016024259279261 0.0)
(6.374020894246464 -0.0585260002581003 0.0)
(7.117609220313268 -0.0762062844236411 0.0)
(7.788195577228496 -0.09179376347595002 0.0)
(8.37385509098075 -0.1055015187218993 0.0)
(8.868091179955014 -0.1173648864862741 0.0)
(9.272768759342899 -0.12722094419516936 0.0)
(9.588236979567197 -0.13496754428368102 0.0)
(9.814519953748713 -0.1405378247208268 0.0)
(9.951751973928618 -0.14389294886291132 0.0)
(10.000000000000005 -0.1450132442332323 0.0)
(9.959359137182513 -0.14389294886291168 0.0)
(9.829924490695738 -0.14053782472082776 0.0)
(9.61176302043282 -0.13496754428368088 0.0)
(9.305009018434884 -0.1272209441951711 0.0)
(8.909686597822773 -0.11736488648627602 0.0)
(8.426144909019268 -0.1055015187219024 0.0)
(7.856248867215947 -0.09179376347595432 0.0)
(7.193501890797819 -0.0762062844236445 0.0)
(6.425979105753529 -0.05852600025810254 0.0)
(5.566842525158796 -0.04016024259279491 0.0)
(4.64155974951341 -0.023908848267503672 0.0)
(3.65054069465765 -0.011681669255224368 0.0)
(2.5631015755414976 -0.0041713419102457835 0.0)
(1.3492104319596223 -0.000867895262833707 0.0)
(0.021041748794708163 -5.42785680033562e-05 0.0)
(-0.021010807280866108 -5.425090212932827e-05 0.0)
(1.2286767299948536 -0.0008673494550579648 0.0)
(2.4148398604670382 -0.004168192792784368 0.0)
(3.5494380918629 -0.011671745381508418 0.0)
(4.60217586156947 -0.023887541481986217 0.0)
(5.542914016652217 -0.040125963826001705 0.0)
(6.373539594842598 -0.058484295962805175 0.0)
(7.118364193318223 -0.07616662782031798 0.0)
(7.788556961949872 -0.09175889377086217 0.0)
(8.373902899578024 -0.10546974939524187 0.0)
(8.868150191844597 -0.11733587495124226 0.0)
(9.272802078969642 -0.1271944513276033 0.0)
(9.588258063147661 -0.13494312223175814 0.0)
(9.814531531379998 -0.14051493706784915 0.0)
(9.951757402347043 -0.143871005192666 0.0)
(10.000000000000005 -0.14499161648500547 0.0)
(9.959353708764088 -0.14387100519266635 0.0)
(9.829912913064453 -0.14051493706785012 0.0)
(9.611741936852356 -0.13494312223175794 0.0)
(9.304975698808141 -0.12719445132760498 0.0)
(8.909627585933192 -0.11733587495124412 0.0)
(8.426097100421995 -0.10546974939524488 0.0)
(7.855887482494571 -0.09175889377086639 0.0)
(7.192746917792863 -0.07616662782032127 0.0)
(6.426460405157398 -0.05848429596280728 0.0)
(5.568197094458867 -0.04012596382600392 0.0)
(4.642268582874912 -0.023887541481987764 0.0)
(3.6505619081370586 -0.011671745381509242 0.0)
(2.562937917310723 -0.004168192792785019 0.0)
(1.3491010477829233 -0.0008673494550581652 0.0)
(0.021010807280853288 -5.425090212934667e-05 0.0)
(-0.020977132353198702 -5.420740739038972e-05 0.0)
(1.2287974719380443 -0.0008665931731209061 0.0)
(2.415039858218151 -0.004164275923863168 0.0)
(3.549508172629292 -0.011660289304566975 0.0)
(4.601586336656333 -0.023863945750349214 0.0)
(5.541507965492953 -0.040088248838498146 0.0)
(6.372759405006595 -0.05843722046317172 0.0)
(7.118941936127799 -0.07612003493494414 0.0)
(7.7889287948857655 -0.09171691888261659 0.0)
(8.37394582090768 -0.10543121072494235 0.0)
(8.868200912373391 -0.11730043724763359 0.0)
(9.272831215480554 -0.12716189626787586 0.0)
(9.588276522244815 -0.1349129656122428 0.0)
(9.814541609361733 -0.14048657206035733 0.0)
(9.951762172974341 -0.14384374611514178 0.0)
(10.000000000000005 -0.14496472916000114 0.0)
(9.959348938136792 -0.14384374611514208 0.0)
(9.82990283508272 -0.14048657206035825 0.0)
(9.611723477755202 -0.1349129656122426 0.0)
(9.304946562297228 -0.1271618962678775 0.0)
(8.909576865404398 -0.11730043724763536 0.0)
(8.426054179092338 -0.10543121072494525 0.0)
(7.855515649558676 -0.09171691888262067 0.0)
(7.192169174983286 -0.07612003493494732 0.0)
(6.427240594993405 -0.0584372204631737 0.0)
(5.569603145618134 -0.04008824883850025 0.0)
(4.64285810778805 -0.0238639457503507 0.0)
(3.650491827370666 -0.011660289304567764 0.0)
(2.56273791955961 -0.004164275923863805 0.0)
(1.348980305839732 -0.0008665931731211036 0.0)
(0.020977132353185785 -5.4207407390407946e-05 0.0)
(-0.020942203626433835 -5.4149994865779594e-05 0.0)
(1.2289242664676348 -0.0008656596466670639 0.0)
(2.4152674079543037 -0.004159763403536204 0.0)
(3.5496664684208192 -0.011647804383461696 0.0)
(4.601142022837739 -0.023839097825872024 0.0)
(5.540112211790133 -0.040048754757835196 0.0)
(6.371714604852529 -0.05838684217053164 0.0)
(7.119317063779892 -0.07606855297366368 0.0)
(7.789294738377225 -0.0916696831110118 0.0)
(8.373981969085017 -0.10538759602966927 0.0)
(8.868241112974152 -0.11726013044331318 0.0)
(9.27285488867065 -0.12712470942575363 0.0)
(9.588291545799697 -0.13487839945182667 0.0)
(9.814549744885833 -0.14045397600488815 0.0)
(9.951766076197874 -0.143812369344336 0.0)
(10.000000000000005 -0.14493376363809102 0.0)
(9.959345034913259 -0.1438123693443363 0.0)
(9.82989469955862 -0.14045397600488901 0.0)
(9.61170845420032 -0.13487839945182642 0.0)
(9.304922889107132 -0.1271247094257552 0.0)
(8.909536664803637 -0.11726013044331488 0.0)
(8.426018030915001 -0.10538759602967206 0.0)
(7.855149706067215 -0.09166968311101577 0.0)
(7.191794047331193 -0.07606855297366669 0.0)
(6.428285395147474 -0.05838684217053348 0.0)
(5.570998899320958 -0.0400487547578372 0.0)
(4.643302421606644 -0.023839097825873432 0.0)
(3.650333531579138 -0.01164780438346245 0.0)
(2.5625103698234564 -0.004159763403536829 0.0)
(1.3488535113101414 -0.0008656596466672587 0.0)
(0.020942203626420828 -5.414999486579763e-05 0.0)
(-0.02090755580492526 -5.4081187156796035e-05 0.0)
(1.2290515424639583 -0.0008645898931409817 0.0)
(2.4155125115563814 -0.004154853503691223 0.0)
(3.5499060240099953 -0.011634839182785425 0.0)
(4.600862442450028 -0.02381408948089816 0.0)
(5.538788082407998 -0.04000921688166483 0.0)
(6.370451100987764 -0.05833537461489906 0.0)
(7.119473093851748 -0.07601444395967162 0.0)
(7.789638713536709 -0.0916192619094368 0.0)
(8.374009755825252 -0.105340821659342 0.0)
(8.868269027306026 -0.1172167255455237 0.0)
(9.272872058383266 -0.12708452472304807 0.0)
(9.588302473704793 -0.13484094252436135 0.0)
(9.814555580492254 -0.14041858111248615 0.0)
(9.95176894051714 -0.1437782535181557 0.0)
(10.000000000000005 -0.14490008048765807 0.0)
(9.959342170593992 -0.14377825351815596 0.0)
(9.829888863952197 -0.140418581112487 0.0)
(9.611697526295224 -0.13484094252436105 0.0)
(9.304905719394517 -0.1270845247230496 0.0)
(8.909508750471762 -0.11721672554552529 0.0)
(8.425990244174766 -0.1053408216593447 0.0)
(7.854805730907731 -0.09161926190944066 0.0)
(7.191638017259337 -0.0760144439596745 0.0)
(6.429548899012243 -0.05833537461490077 0.0)
(5.572323028703095 -0.040009216881666726 0.0)
(4.643582001994356 -0.023814089480899515 0.0)
(3.650093975989961 -0.011634839182786145 0.0)
(2.5622652662213783 -0.0041548535036918365 0.0)
(1.3487262353138174 -0.0008645898931411736 0.0)
(0.020907555804912176 -5.408118715681386e-05 0.0)
(-0.02087471125056367 -5.400400754829161e-05 0.0)
(1.2291737076525817 -0.000863430915555537 0.0)
(2.415764399620512 -0.004149761956345006 0.0)
(3.550216313762487 -0.01162196336973671 0.0)
(4.600759879743956 -0.02379001953635432 0.0)
(5.537593757169175 -0.039971372431933445 0.0)
(6.369024409460603 -0.05828507918651123 0.0)
(7.119403170667457 -0.07596008534405314 0.0)
(7.789945606724996 -0.09156787069324575 0.0)
(8.374027960229856 -0.10529294279422152 0.0)
(8.86828342886434 -0.11717212968606694 0.0)
(9.272881970212639 -0.1270431078020803 0.0)
(9.588308825807944 -0.13480224061871415 0.0)
(9.814558859775127 -0.14038194256997036 0.0)
(9.951770640079193 -0.14374289762359005 0.0)
(10.000000000000005 -0.14486515968471075 0.0)
(9.95934047103194 -0.14374289762359035 0.0)
(9.829885584669324 -0.14038194256997116 0.0)
(9.611691174192073 -0.1348022406187138 0.0)
(9.304895807565144 -0.12704310780208172 0.0)
(8.909494348913448 -0.11717212968606847 0.0)
(8.425972039770162 -0.10529294279422412 0.0)
(7.854498837719444 -0.0915678706932495 0.0)
(7.19170794044363 -0.0759600853440559 0.0)
(6.430975590539409 -0.05828507918651283 0.0)
(5.573517353941921 -0.039971372431935256 0.0)
(4.643684564700427 -0.02379001953635562 0.0)
(3.6497836862374684 -0.011621963369737403 0.0)
(2.5620133781572467 -0.004149761956345607 0.0)
(1.3486040701251938 -0.0008634309155557258 0.0)
(0.020874711250550505 -5.400400754830923e-05 0.0)
)
