(
(0.014551314365755597 -7.203990000232731e-05 0.0)
(1.352587651983755 -0.0009715670707561649 0.0)
(2.6310765140992154 -0.0036895149817238156 0.0)
(3.8210523536811936 -0.007915193912654859 0.0)
(4.898040653344882 -0.012492059141785174 0.0)
(5.849594633704482 -0.017337785723635937 0.0)
(6.660587761627142 -0.023490975668218225 0.0)
(7.356058500690543 -0.03078248391957491 0.0)
(7.9829117390251785 -0.03770984172543957 0.0)
(8.533116948951474 -0.04370658574537283 0.0)
(8.99536001338955 -0.04885714038235314 0.0)
(9.371322189785651 -0.05313304657485653 0.0)
(9.660198056686141 -0.056492430090862 0.0)
(9.861602003601856 -0.05890739702791271 0.0)
(9.975010060074396 -0.06036218269775795 0.0)
(9.999999999999998 -0.06084776146876763 0.0)
(9.936101051036736 -0.060362182697756395 0.0)
(9.782842440842575 -0.05890739702790976 0.0)
(9.539801943313869 -0.05649243009085781 0.0)
(9.206455587992142 -0.05313304657485144 0.0)
(8.78241776438823 -0.0488571403823477 0.0)
(8.266883051048554 -0.04370658574536613 0.0)
(7.6615327054192734 -0.03770984172543254 0.0)
(6.955052610420548 -0.030782483919568743 0.0)
(6.1394122383728345 -0.02349097566821191 0.0)
(5.2615164774066 -0.017337785723629533 0.0)
(4.346403791099518 -0.01249205914178163 0.0)
(3.378947646318794 -0.007915193912653726 0.0)
(2.346701263678551 -0.003689514981723761 0.0)
(1.2251901257940077 -0.0009715670707560591 0.0)
(-0.014551314365762964 -7.203990000231637e-05 0.0)
(0.014549676634151817 -7.211498506494863e-05 0.0)
(1.3525725413221705 -0.0009724884232075812 0.0)
(2.6309474953057497 -0.0036923743654443024 0.0)
(3.8205410219812164 -0.007919324720483067 0.0)
(4.897077512714821 -0.012495423757260076 0.0)
(5.849291305586881 -0.017341844165720717 0.0)
(6.6620233616160185 -0.02350246205636836 0.0)
(7.357360206280026 -0.030803465321837843 0.0)
(7.983010741070577 -0.037733824742768075 0.0)
(8.533164530364443 -0.04373006392648158 0.0)
(8.995431169118975 -0.04887992504797782 0.0)
(9.371359624785145 -0.05315491977635205 0.0)
(9.66022162082133 -0.056513397866153094 0.0)
(9.86161526496436 -0.05892761440722063 0.0)
(9.975016028498993 -0.060381918037554716 0.0)
(9.999999999999998 -0.06086732650968631 0.0)
(9.93609508261214 -0.06038191803755316 0.0)
(9.782829179480073 -0.05892761440721768 0.0)
(9.539778379178681 -0.0565133978661489 0.0)
(9.206418152992649 -0.053154919776346975 0.0)
(8.782346608658804 -0.04887992504797238 0.0)
(8.266835469635584 -0.043730063926474876 0.0)
(7.661433703373874 -0.037733824742761046 0.0)
(6.953750904831062 -0.030803465321831678 0.0)
(6.1379766383839565 -0.023502462056362024 0.0)
(5.261819805524203 -0.017341844165714285 0.0)
(4.347366931729582 -0.012495423757256511 0.0)
(3.3794589780187727 -0.007919324720481931 0.0)
(2.3468302824720166 -0.0036923743654442487 0.0)
(1.2252052364555919 -0.0009724884232074764 0.0)
(-0.01454967663415922 -7.211498506493783e-05 0.0)
(0.014557360743830254 -7.21727050964193e-05 0.0)
(1.3525915284308867 -0.0009731358722492005 0.0)
(2.6308825447913673 -0.003693954728198251 0.0)
(3.8200861550629894 -0.007920023491229139 0.0)
(4.896023557012573 -0.012492094850643544 0.0)
(5.848625881635623 -0.017335300092919975 0.0)
(6.663140998268515 -0.02350024594153607 0.0)
(7.3587248008606165 -0.03081018321703386 0.0)
(7.983204129144472 -0.03774458717122738 0.0)
(8.533220368667125 -0.04374129737203065 0.0)
(8.995510992712278 -0.04889136298607319 0.0)
(9.371402290127172 -0.05316630050194368 0.0)
(9.660248509698343 -0.05652459465847431 0.0)
(9.861630312598798 -0.05893860515572064 0.0)
(9.975022865051411 -0.060392764139725 0.0)
(9.999999999999998 -0.060878116328959585 0.0)
(9.93608824605972 -0.06039276413972344 0.0)
(9.782814131845635 -0.058938605155717694 0.0)
(9.539751490301667 -0.0565245946584701 0.0)
(9.20637548765062 -0.05316630050193858 0.0)
(8.782266785065502 -0.048891362986067735 0.0)
(8.2667796313329 -0.043741297372023945 0.0)
(7.661240315299979 -0.037744587171220326 0.0)
(6.952386310250467 -0.030810183217027654 0.0)
(6.136859001731458 -0.023500245941529666 0.0)
(5.262485229475464 -0.017335300092913473 0.0)
(4.348420887431832 -0.012492094850639944 0.0)
(3.379913844937 -0.007920023491227992 0.0)
(2.346895232986399 -0.0036939547281981963 0.0)
(1.2251862493468755 -0.0009731358722490962 0.0)
(-0.014557360743837719 -7.217270509640856e-05 0.0)
(0.014574029069069327 -7.221052398415228e-05 0.0)
(1.3526437790510824 -0.0009734809701546085 0.0)
(2.630884516362846 -0.0036941866317374457 0.0)
(3.819707738946745 -0.00791725952218486 0.0)
(4.894925095123541 -0.012482218688002245 0.0)
(5.847627599361766 -0.01731844103982052 0.0)
(6.663891564674781 -0.02348442469575281 0.0)
(7.360092326642901 -0.03080234243313809 0.0)
(7.983483406128689 -0.0377416561294003 0.0)
(8.533282010426657 -0.04373979250497365 0.0)
(8.9955959768668 -0.04889095163456443 0.0)
(9.371448311174662 -0.053166688703369366 0.0)
(9.660277541869121 -0.056525528501254994 0.0)
(9.861646485339643 -0.05893988636003066 0.0)
(9.975030269346044 -0.06039424444638182 0.0)
(9.999999999999998 -0.06087965684166801 0.0)
(9.936080841765088 -0.06039424444638025 0.0)
(9.78279795910479 -0.0589398863600277 0.0)
(9.53972245813089 -0.056525528501250775 0.0)
(9.206329466603131 -0.05316668870336424 0.0)
(8.782181800910978 -0.048890951634558935 0.0)
(8.26671798957337 -0.04373979250496688 0.0)
(7.660961038315761 -0.03774165612939319 0.0)
(6.95101878446818 -0.030802342433131808 0.0)
(6.136108435325192 -0.023484424695746315 0.0)
(5.2634835117493255 -0.01731844103981394 0.0)
(4.349519349320868 -0.01248221868799859 0.0)
(3.3802922610532455 -0.007917259522183693 0.0)
(2.34689326141492 -0.003694186631737386 0.0)
(1.2251339987266796 -0.0009734809701545038 0.0)
(-0.014574029069076871 -7.221052398414156e-05 0.0)
(0.01459894923415186 -7.22267800354083e-05 0.0)
(1.352726997386096 -0.0009735085539531806 0.0)
(2.630953323392942 -0.0036930598866446304 0.0)
(3.8194224005443367 -0.0079111542570935 0.0)
(4.893830391453547 -0.012466229209854709 0.0)
(5.846340321462118 -0.017292007762372788 0.0)
(6.664242082320047 -0.02345569347561415 0.0)
(7.361402697045822 -0.030780287479850607 0.0)
(7.983836301103465 -0.03772516040190254 0.0)
(8.533346747216891 -0.043725615446415976 0.0)
(8.99568238753427 -0.04887870906748433 0.0)
(9.371495665846977 -0.053156067323768666 0.0)
(9.66030744171319 -0.05651615836315179 0.0)
(9.861663072586246 -0.05893140172637721 0.0)
(9.97503791605173 -0.06038629391555882 0.0)
(9.999999999999998 -0.06087188036050146 0.0)
(9.936073195059402 -0.06038629391555725 0.0)
(9.782781371858187 -0.05893140172637422 0.0)
(9.539692558286822 -0.05651615836314753 0.0)
(9.206282111930816 -0.05315606732376348 0.0)
(8.782095390243509 -0.04887870906747878 0.0)
(8.266653252783135 -0.043725615446409134 0.0)
(7.660608143340983 -0.037725160401895344 0.0)
(6.949708414065256 -0.03078028747984422 0.0)
(6.1357579176799275 -0.02345569347560753 0.0)
(5.264770789648979 -0.017292007762366106 0.0)
(4.350614052990864 -0.012466229209850988 0.0)
(3.3805775994556537 -0.0079111542570923 0.0)
(2.3468244543848233 -0.003693059886644562 0.0)
(1.2250507803916657 -0.0009735085539530746 0.0)
(-0.014598949234159504 -7.222678003539753e-05 0.0)
(0.014631026292614287 -7.222075898903474e-05 0.0)
(1.3528375269745305 -0.0009732174116632706 0.0)
(2.6310859426266324 -0.0036906240000378603 0.0)
(3.819242677103156 -0.007901975950133897 0.0)
(4.892787545279148 -0.012444828964618817 0.0)
(5.844820608572581 -0.01725716169042952 0.0)
(6.664177150100233 -0.02341531467837069 0.0)
(7.36259833679113 -0.030744987411470456 0.0)
(7.984247308509211 -0.03769582478082225 0.0)
(8.5334117346217 -0.043699389110374444 0.0)
(8.99576642798804 -0.04885517320083321 0.0)
(9.371542273466451 -0.05313490304712995 0.0)
(9.660336895486102 -0.05649689595089075 0.0)
(9.861679345525342 -0.0589135240540408 0.0)
(9.975045469186213 -0.06036926187903528 0.0)
(9.999999999999998 -0.06085512856981571 0.0)
(9.93606564192492 -0.0603692618790337 0.0)
(9.782765098919091 -0.05891352405403778 0.0)
(9.53966310451391 -0.05649689595088645 0.0)
(9.20623550431134 -0.053134903047124725 0.0)
(8.78201134978974 -0.04885517320082759 0.0)
(8.266588265378326 -0.04369938911036752 0.0)
(7.6601971359352365 -0.03769582478081494 0.0)
(6.948512774319945 -0.030744987411463937 0.0)
(6.135822849899743 -0.02341531467836393 0.0)
(5.26629050253852 -0.017257161690422712 0.0)
(4.351656899165266 -0.01244482896461502 0.0)
(3.3807573228968346 -0.007901975950132664 0.0)
(2.3466918351511326 -0.0036906240000377805 0.0)
(1.2249402508032305 -0.0009732174116631624 0.0)
(-0.014631026292622043 -7.222075898902389e-05 0.0)
(0.014668850837191086 -7.219272539879412e-05 0.0)
(1.3529705113484787 -0.0009726203355444671 0.0)
(2.631276547017408 -0.0036869860003183085 0.0)
(3.8191764653424123 -0.007890127879322629 0.0)
(4.891842377353414 -0.012418958239919585 0.0)
(5.843135234097285 -0.017215433896642804 0.0)
(6.6636996210182895 -0.023365062474502405 0.0)
(7.363626711655779 -0.030697993248422623 0.0)
(7.9846983694324365 -0.037654938219681695 0.0)
(8.533474117213405 -0.043662265834075016 0.0)
(8.99584440564432 -0.04882137815753411 0.0)
(9.371586086179551 -0.053104125793049795 0.0)
(9.66036460904296 -0.056468587619627066 0.0)
(9.861694589153753 -0.05888703885523764 0.0)
(9.97505259687858 -0.06034389669333681 0.0)
(9.999999999999998 -0.06083013751264698 0.0)
(9.936058514232553 -0.06034389669333522 0.0)
(9.78274985529068 -0.058887038855234594 0.0)
(9.539635390957052 -0.05646858761962271 0.0)
(9.206191691598242 -0.053104125793044486 0.0)
(8.781933372133459 -0.04882137815752838 0.0)
(8.26652588278662 -0.043662265834067966 0.0)
(7.65974607501201 -0.037654938219674264 0.0)
(6.947484399455296 -0.030697993248415944 0.0)
(6.13630037898169 -0.023365062474495487 0.0)
(5.26797587701382 -0.017215433896635865 0.0)
(4.352602067091002 -0.012418958239915708 0.0)
(3.380823534657578 -0.007890127879321354 0.0)
(2.346501230760356 -0.0036869860003182157 0.0)
(1.2248072664292822 -0.0009726203355443565 0.0)
(-0.01466885083719896 -7.21927253987831e-05 0.0)
(0.014710760926591604 -7.214391100935556e-05 0.0)
(1.353120107417837 -0.0009717435600291108 0.0)
(2.631516761757039 -0.00368230573453812 0.0)
(3.8192266744857424 -0.007876130627215702 0.0)
(4.891036416625865 -0.012389753748071154 0.0)
(5.84135825030737 -0.017168657823932794 0.0)
(6.662830476828461 -0.023307144853913445 0.0)
(7.3644426367295726 -0.030641369828258026 0.0)
(7.985169665081366 -0.037604297199177565 0.0)
(8.533531154015055 -0.04361587674636316 0.0)
(8.995912894307548 -0.04877880882996326 0.0)
(9.371625178935815 -0.053065087857767076 0.0)
(9.660389364700775 -0.05643247718564782 0.0)
(9.861708133694338 -0.058853109841149824 0.0)
(9.975058985951069 -0.06031131285831873 0.0)
(9.999999999999998 -0.06079800525032741 0.0)
(9.936052125160064 -0.06031131285831709 0.0)
(9.782736310750096 -0.058853109841146736 0.0)
(9.539610635299237 -0.056432477185643405 0.0)
(9.206152598841978 -0.0530650878577617 0.0)
(8.78186488347023 -0.04877880882995744 0.0)
(8.26646884598497 -0.043615876746355996 0.0)
(7.659274779363079 -0.03760429719916998 0.0)
(6.946668474381501 -0.03064136982825118 0.0)
(6.137169523171522 -0.023307144853906354 0.0)
(5.26975286080374 -0.017168657823925723 0.0)
(4.353408027818552 -0.012389753748067186 0.0)
(3.380773325514247 -0.007876130627214385 0.0)
(2.346261016020724 -0.0036823057345380123 0.0)
(1.2246576703599232 -0.000971743560028997 0.0)
(-0.014710760926599599 -7.214391100934435e-05 0.0)
(0.01475491510815992 -7.20764606356876e-05 0.0)
(1.3532797422049962 -0.0009706256090293307 0.0)
(2.6317960322493277 -0.003676788845013372 0.0)
(3.8193910984352435 -0.007860599207463449 0.0)
(4.890405075536407 -0.012358498681017228 0.0)
(5.839567734619664 -0.017118888727359963 0.0)
(6.661607906136394 -0.0232441066108952 0.0)
(7.365010261757462 -0.030577605080469084 0.0)
(7.985640487587397 -0.03754612679310566 0.0)
(8.53358033893393 -0.043562260098886495 0.0)
(8.995968884711159 -0.04872933563649577 0.0)
(9.371657834071051 -0.05301950449674024 0.0)
(9.660410074741232 -0.05639015127535988 0.0)
(9.86171938402476 -0.058813227790585 0.0)
(9.975064355679521 -0.06027294204808124 0.0)
(9.999999999999998 -0.06076014361567899 0.0)
(9.936046755431612 -0.060272942048079606 0.0)
(9.782725060419674 -0.05881322779058187 0.0)
(9.53958992525878 -0.0563901512753554 0.0)
(9.206119943706742 -0.053019504496734766 0.0)
(8.78180889306662 -0.048729335636489846 0.0)
(8.266419661066095 -0.04356226009887921 0.0)
(7.658803956857047 -0.037546126793097934 0.0)
(6.946100849353611 -0.030577605080462072 0.0)
(6.138392093863594 -0.02324410661088794 0.0)
(5.27154337649145 -0.01711888872735276 0.0)
(4.354039368908011 -0.012358498681013177 0.0)
(3.380608901564745 -0.007860599207462087 0.0)
(2.345981745528435 -0.003676788845013248 0.0)
(1.2244980355727637 -0.0009706256090292134 0.0)
(-0.014754915108168034 -7.207646063567615e-05 0.0)
(0.014799373327935716 -7.199333792381224e-05 0.0)
(1.353442401649452 -0.0009693156032668239 0.0)
(2.6321020878597525 -0.0036706777337769184 0.0)
(3.8196625127033794 -0.007844216042235851 0.0)
(4.889976094057505 -0.012326566329224634 0.0)
(5.837842359017829 -0.01706831336997773 0.0)
(6.660085626461669 -0.02317871753052068 0.0)
(7.365304646334163 -0.030509500711419335 0.0)
(7.986090149870961 -0.03748298290268904 0.0)
(8.533619510874676 -0.04350377170904627 0.0)
(8.99600991673925 -0.048675132338743946 0.0)
(9.371682616778358 -0.05296937855946039 0.0)
(9.660425829203044 -0.056343469611828255 0.0)
(9.861727845826081 -0.05876914504788284 0.0)
(9.975068470127894 -0.06023047020582882 0.0)
(9.999999999999998 -0.060718216179662284 0.0)
(9.936042640983239 -0.060230470205827155 0.0)
(9.782716598618352 -0.05876914504787967 0.0)
(9.539574170796968 -0.0563434696118237 0.0)
(9.206095160999434 -0.05296937855945485 0.0)
(8.781767861038528 -0.04867513233873791 0.0)
(8.26638048912535 -0.043503771709038845 0.0)
(7.658354294573482 -0.037482982902681164 0.0)
(6.94580646477691 -0.03050950071141215 0.0)
(6.139914373538324 -0.023178717530513263 0.0)
(5.273268752093289 -0.017068313369970396 0.0)
(4.354468350386913 -0.0123265663292205 0.0)
(3.3803374872966083 -0.007844216042234448 0.0)
(2.345675689918009 -0.003670677733776778 0.0)
(1.2243353761283076 -0.0009693156032667027 0.0)
(-0.01479937332794394 -7.199333792380054e-05 0.0)
(0.014842182173076061 -7.189819513362059e-05 0.0)
(1.3536009387927923 -0.0009678711019982068 0.0)
(2.632421481064705 -0.0036642409118765257 0.0)
(3.8200289918437464 -0.00782770097784086 0.0)
(4.889768320850541 -0.012295359741812544 0.0)
(5.836257933349325 -0.017019153940464472 0.0)
(6.65833052398826 -0.023113850689355616 0.0)
(7.365312855739936 -0.030440049102491408 0.0)
(7.986498894593951 -0.037417639954954125 0.0)
(8.53364694869388 -0.043442981449690575 0.0)
(8.996034187519573 -0.048618580530448874 0.0)
(9.371698438150917 -0.05291691248790882 0.0)
(9.660435935863978 -0.056294483301946814 0.0)
(9.861733147302235 -0.05872279852811057 0.0)
(9.975071148514854 -0.06018576346660996 0.0)
(9.999999999999998 -0.0606740651571118 0.0)
(9.936039962596277 -0.06018576346660827 0.0)
(9.782711297142198 -0.058722798528107356 0.0)
(9.539564064136034 -0.05629448330194221 0.0)
(9.206079339626877 -0.05291691248790318 0.0)
(8.781743590258206 -0.048618580530442726 0.0)
(8.266353051306146 -0.043442981449683025 0.0)
(7.657945549850491 -0.0374176399549461 0.0)
(6.945798255371138 -0.030440049102484056 0.0)
(6.141669476011738 -0.02311385068934804 0.0)
(5.274853177761797 -0.017019153940457027 0.0)
(4.354676123593876 -0.012295359741808341 0.0)
(3.3799710081562395 -0.007827700977839419 0.0)
(2.345356296713056 -0.0036642409118763687 0.0)
(1.224176838984967 -0.0009678711019980817 0.0)
(-0.014842182173084383 -7.189819513360862e-05 0.0)
(0.014881460701242051 -7.179521266525486e-05 0.0)
(1.353748387802974 -0.0009663555739665824 0.0)
(2.6327401783110727 -0.003657761201490665 0.0)
(3.820474433433372 -0.007811779655994534 0.0)
(4.889790885090121 -0.012266250079141016 0.0)
(5.8348840743794 -0.01697357041421836 0.0)
(6.65641971470798 -0.02305235621773025 0.0)
(7.36503452926851 -0.030372301830323453 0.0)
(7.986848762261016 -0.03735296899948285 0.0)
(8.533661446823961 -0.04338256033360286 0.0)
(8.996040630638442 -0.04856216499460843 0.0)
(9.37170460302656 -0.05286441154528551 0.0)
(9.660439950655844 -0.05624534471455383 0.0)
(9.861735055516057 -0.05867622461255841 0.0)
(9.975072273156977 -0.060140786162757295 0.0)
(9.999999999999998 -0.060629630463186375 0.0)
(9.936038837954156 -0.06014078616275559 0.0)
(9.782709388928376 -0.05867622461255516 0.0)
(9.539560049344168 -0.056245344714549166 0.0)
(9.206073174751234 -0.05286441154527979 0.0)
(8.781737147139337 -0.04856216499460218 0.0)
(8.266338553176064 -0.0433825603335952 0.0)
(7.657595682183425 -0.037352968999474684 0.0)
(6.946076581842566 -0.030372301830315956 0.0)
(6.143580285292022 -0.023052356217722548 0.0)
(5.276227036731724 -0.01697357041421082 0.0)
(4.354653559354296 -0.012266250079136747 0.0)
(3.379525566566613 -0.007811779655993055 0.0)
(2.3450375994666874 -0.0036577612014904925 0.0)
(1.2240293899747852 -0.0009663555739664534 0.0)
(-0.014881460701250456 -7.17952126652426e-05 0.0)
(0.014915483085764117 -7.16889153799739e-05 0.0)
(1.3538782700402399 -0.0009648356087010797 0.0)
(2.63304417662489 -0.0036515233092393956 0.0)
(3.82097926558372 -0.007797151630451565 0.0)
(4.8900427953448355 -0.01224051636653321 0.0)
(5.833781146957789 -0.01693356564798995 0.0)
(6.65443715608488 -0.022996936070226858 0.0)
(7.364481896075857 -0.03030923558611441 0.0)
(7.987124380326931 -0.037291811559746445 0.0)
(8.53366236824361 -0.04332516315408672 0.0)
(8.996028962997002 -0.04850836452665813 0.0)
(9.37170084053193 -0.05281418252696157 0.0)
(9.66043769717603 -0.05619821290928286 0.0)
(9.861733486624123 -0.05863146967387118 0.0)
(9.975071794639545 -0.06009751451471844 0.0)
(9.999999999999998 -0.060586864477046136 0.0)
(9.936039316471588 -0.06009751451471672 0.0)
(9.78271095782031 -0.0586314696738679 0.0)
(9.539562302823981 -0.05619821290927814 0.0)
(9.206076937245863 -0.05281418252695579 0.0)
(8.781748814780777 -0.048508364526651804 0.0)
(8.266337631756418 -0.043325163154078965 0.0)
(7.65732006411751 -0.03729181155973815 0.0)
(6.946629215035222 -0.030309235586106795 0.0)
(6.145562843915129 -0.022996936070219045 0.0)
(5.277329964153336 -0.016933565647982332 0.0)
(4.35440164909958 -0.012240516366528892 0.0)
(3.3790207344162635 -0.007797151630450055 0.0)
(2.3447336011528694 -0.00365152330923921 0.0)
(1.2238995077375188 -0.0009648356087009474 0.0)
(-0.01491548308577258 -7.168891537996139e-05 0.0)
(0.014942754445308544 -7.158397378602763e-05 0.0)
(1.3539848787166977 -0.0009633779906947675 0.0)
(2.6333201188763975 -0.0036458013166963373 0.0)
(3.821521306893668 -0.007784459629893093 0.0)
(4.890512983138951 -0.012219289296242612 0.0)
(5.83299761169765 -0.01690089737802067 0.0)
(6.652469958117867 -0.022950025306738436 0.0)
(7.363679237853446 -0.030253621385258396 0.0)
(7.987313638638108 -0.03723685478176255 0.0)
(8.533649672467329 -0.043273311838204924 0.0)
(8.995999697250072 -0.04845954302073453 0.0)
(9.371687315984158 -0.05276843240411079 0.0)
(9.660429274438318 -0.0561551587714323 0.0)
(9.861728509560674 -0.05859050016217795 0.0)
(9.97506973398774 -0.06005784979954498 0.0)
(9.999999999999998 -0.0605476462578839 0.0)
(9.936041377123393 -0.06005784979954325 0.0)
(9.78271593488376 -0.05859050016217464 0.0)
(9.539570725561692 -0.05615515877142755 0.0)
(9.206090461793634 -0.052768432404104955 0.0)
(8.781778080527708 -0.04845954302072815 0.0)
(8.266350327532699 -0.04327331183819708 0.0)
(7.657130805806333 -0.037236854781754175 0.0)
(6.947431873257636 -0.030253621385250676 0.0)
(6.147530041882146 -0.022950025306730546 0.0)
(5.278113499413476 -0.016900897378012994 0.0)
(4.353931461305462 -0.012219289296238263 0.0)
(3.378478693106314 -0.007784459629891561 0.0)
(2.3444576589013613 -0.0036458013166961404 0.0)
(1.2237928990610607 -0.000963377990694632 0.0)
(-0.014942754445317043 -7.158397378601485e-05 0.0)
(0.014962076526228498 -7.148499882506876e-05 0.0)
(1.3540635296421388 -0.0009620467650162059 0.0)
(2.633555880667886 -0.003640846637745743 0.0)
(3.822076741059694 -0.0077742613176043 0.0)
(4.891180789280977 -0.012203501546903972 0.0)
(5.832567895704874 -0.01687700098832804 0.0)
(6.650604555886726 -0.022913685100391854 0.0)
(7.362661821935149 -0.030207902813997704 0.0)
(7.987408221530592 -0.0371905133658152 0.0)
(8.533623917324302 -0.043229284637917996 0.0)
(8.99595411928103 -0.04841784560449153 0.0)
(9.371664623627131 -0.05272917135343372 0.0)
(9.660415052522394 -0.056118074021053975 0.0)
(9.861720343008772 -0.058555116202870884 0.0)
(9.975066181742829 -0.06002353481225711 0.0)
(9.999999999999998 -0.060513698982501966 0.0)
(9.936044929368302 -0.06002353481225538 0.0)
(9.782724101435662 -0.05855511620286756 0.0)
(9.539584947477616 -0.0561180740210492 0.0)
(9.20611315415066 -0.052729171353427855 0.0)
(8.781823658496748 -0.04841784560448509 0.0)
(8.266376082675723 -0.0432292846379101 0.0)
(7.657036222913849 -0.037190513365806754 0.0)
(6.948449289175936 -0.030207902813989922 0.0)
(6.149395444113291 -0.022913685100383916 0.0)
(5.278543215406251 -0.016877000988320352 0.0)
(4.353263655163433 -0.012203501546899606 0.0)
(3.377923258940286 -0.007774261317602754 0.0)
(2.3442218971098727 -0.0036408466377455375 0.0)
(1.2237142481356196 -0.0009620467650160678 0.0)
(-0.01496207652623701 -7.148499882505577e-05 0.0)
(0.014972600351637102 -7.13963392758123e-05 0.0)
(1.3541107670387873 -0.0009609004232863026 0.0)
(2.633741103057551 -0.003636876971916371 0.0)
(3.8226211633206812 -0.00776700478876987 0.0)
(4.892016871590751 -0.01219384680334035 0.0)
(5.832510879914042 -0.01686292644255797 0.0)
(6.648922911752837 -0.022889512173371446 0.0)
(7.361474351715107 -0.030174088662713774 0.0)
(7.987403973205122 -0.037154823468941896 0.0)
(8.5335862344484 -0.043195016027861084 0.0)
(8.995894231702458 -0.04838510438611553 0.0)
(9.371633760521503 -0.05269812443367107 0.0)
(9.660395656313227 -0.0560885880942349 0.0)
(9.861709345791766 -0.05852687250238884 0.0)
(9.97506129398396 -0.05999607729061876 0.0)
(9.999999999999998 -0.06048651423207583 0.0)
(9.936049817127174 -0.05999607729061701 0.0)
(9.782735098652667 -0.0585268725023855 0.0)
(9.539604343686785 -0.0560885880942301 0.0)
(9.20614401725629 -0.052698124433665165 0.0)
(8.78188354607532 -0.04838510438610906 0.0)
(8.266413765551626 -0.043195016027853146 0.0)
(7.657040471239319 -0.03715482346893342 0.0)
(6.949636759395982 -0.030174088662705965 0.0)
(6.151077088247183 -0.02288951217336351 0.0)
(5.278600231197081 -0.01686292644255029 0.0)
(4.352427572853657 -0.012193846803335988 0.0)
(3.377378836679298 -0.007767004788768321 0.0)
(2.3440366747202073 -0.003636876971916161 0.0)
(1.2236670107389713 -0.0009609004232861626 0.0)
(-0.0149726003516456 -7.139633927579914e-05 0.0)
(0.014973863523898697 -7.13218906766545e-05 0.0)
(1.3541245153818524 -0.0009599893336634965 0.0)
(2.6338676477124463 -0.0036340667390624675 0.0)
(3.8231306527584734 -0.007763008881991345 0.0)
(4.8929844941411496 -0.012190749277321083 0.0)
(5.832829069494696 -0.016859292150502928 0.0)
(6.647498914082961 -0.022878568639867373 0.0)
(7.3601690024623725 -0.030153664663352786 0.0)
(7.987301080325348 -0.03713135323991843 0.0)
(8.533538279556248 -0.04317201170806741 0.0)
(8.995822665864994 -0.04836275795484364 0.0)
(9.371596082735671 -0.05267665578967845 0.0)
(9.66037193804476 -0.0560679965486565 0.0)
(9.861696001107257 -0.05850701003726059 0.0)
(9.975055285470312 -0.059976683667898587 0.0)
(9.999999999999998 -0.060467286454806125 0.0)
(9.936055825640821 -0.05997668366789684 0.0)
(9.782748443337177 -0.05850701003725725 0.0)
(9.539628061955252 -0.056067996548651695 0.0)
(9.206181695042122 -0.05267665578967256 0.0)
(8.781955111912785 -0.04836275795483716 0.0)
(8.266461720443777 -0.043172011708059475 0.0)
(7.6571433641190945 -0.03713135323990996 0.0)
(6.95094210864872 -0.030153664663344983 0.0)
(6.152501085917061 -0.022878568639859462 0.0)
(5.278282041616425 -0.01685929215049528 0.0)
(4.351459950303255 -0.012190749277316741 0.0)
(3.3768693472415046 -0.007763008881989799 0.0)
(2.343910130065312 -0.003634066739062256 0.0)
(1.2236532623959062 -0.0009599893336633556 0.0)
(-0.014973863523907154 -7.132189067664121e-05 0.0)
(0.014965810541535016 -7.12649241628425e-05 0.0)
(1.3541041705942922 -0.0009593535277590226 0.0)
(2.6339299544919417 -0.0036325394156744564 0.0)
(3.8235828233392595 -0.007762449170102267 0.0)
(4.894041141367525 -0.012194345068472695 0.0)
(5.833508483778772 -0.01686625779630707 0.0)
(6.646395130729584 -0.022881335338721175 0.0)
(7.358803128835041 -0.03014752820908201 0.0)
(7.987104063816169 -0.03712113391767053 0.0)
(8.533482159698078 -0.043161282446263514 0.0)
(8.99574256624061 -0.04835178817198428 0.0)
(9.371553245762616 -0.052665708714397144 0.0)
(9.660344939854319 -0.05605720413916034 0.0)
(9.861680895296265 -0.05849640152786654 0.0)
(9.975048420204983 -0.0599662060643993 0.0)
(9.999999999999998 -0.06045686048404985 0.0)
(9.93606269090615 -0.05996620606439755 0.0)
(9.782763549148168 -0.0584964015278632 0.0)
(9.53965506014569 -0.056057204139155555 0.0)
(9.206224532015177 -0.05266570871439127 0.0)
(8.78203521153717 -0.04835178817197783 0.0)
(8.26651784030195 -0.043161282446255604 0.0)
(7.657340380628274 -0.037121133917662086 0.0)
(6.9523079822760545 -0.030147528209074247 0.0)
(6.15360486927044 -0.022881335338713327 0.0)
(5.277602627332345 -0.016866257796299487 0.0)
(4.3504033030768765 -0.012194345068468391 0.0)
(3.376417176660718 -0.007762449170100733 0.0)
(2.3438478232858166 -0.0036325394156742465 0.0)
(1.2236736071834666 -0.0009593535277588812 0.0)
(-0.014965810541543414 -7.126492416282912e-05 0.0)
(0.014948795237858603 -7.12279427387759e-05 0.0)
(1.354050626588852 -0.0009590209417211494 0.0)
(2.633925285750134 -0.0036323621095478483 0.0)
(3.8239578075149416 -0.007765350245819078 0.0)
(4.89514038612383 -0.012204476184310292 0.0)
(5.834519270545583 -0.016883517322237043 0.0)
(6.645660059913936 -0.02289769070624675 0.0)
(7.357436744821504 -0.03015594892447576 0.0)
(7.986821580222566 -0.037124614520522035 0.0)
(8.533420340677788 -0.043163299666584436 0.0)
(8.995657452260264 -0.04835267702972766 0.0)
(9.371507131780564 -0.0526657642022879 0.0)
(9.660315847993003 -0.05605668506447551 0.0)
(9.86166469208049 -0.05849551309270173 0.0)
(9.975040999835173 -0.059965104846850414 0.0)
(9.999999999999998 -0.06045569441788828 0.0)
(9.93607011127596 -0.059965104846848666 0.0)
(9.782779752363941 -0.058495513092698403 0.0)
(9.539684152007009 -0.05605668506447075 0.0)
(9.206270645997227 -0.05266576420228205 0.0)
(8.782120325517516 -0.048352677029721264 0.0)
(8.26657965932224 -0.04316329966657657 0.0)
(7.657622864221878 -0.037124614520513646 0.0)
(6.953674366289595 -0.030155948924468084 0.0)
(6.154339940086087 -0.022897690706239 0.0)
(5.276591840565531 -0.01688351732222955 0.0)
(4.349304058320568 -0.012204476184306043 0.0)
(3.3760421924850355 -0.007765350245817567 0.0)
(2.343852492027625 -0.0036323621095476427 0.0)
(1.2237271511889072 -0.0009590209417210082 0.0)
(-0.014948795237866921 -7.122794273876252e-05 0.0)
(0.014923565234184389 -7.121257130057255e-05 0.0)
(1.3539662359911748 -0.0009590061887719317 0.0)
(2.6338538466229964 -0.003633542611189473 0.0)
(3.8242391291668545 -0.007771584641182149 0.0)
(4.8962339296064865 -0.012220697482138328 0.0)
(5.835817017673775 -0.016910312376298905 0.0)
(6.6453259993028855 -0.022926916117516325 0.0)
(7.356129886835586 -0.030178556818704926 0.0)
(7.986466041356855 -0.03714164211715124 0.0)
(8.533355538710033 -0.04317797473605966 0.0)
(8.99557106367654 -0.048365385473290654 0.0)
(9.371459766953528 -0.052676819815314316 0.0)
(9.660285940703973 -0.056066462131794066 0.0)
(9.861648103399594 -0.05850438376798194 0.0)
(9.975033350398355 -0.05997342840073641 0.0)
(9.999999999999998 -0.060463839491135256 0.0)
(9.936077760712777 -0.05997342840073468 0.0)
(9.78279634104484 -0.058504383767978646 0.0)
(9.539714059296038 -0.056066462131789334 0.0)
(9.206318010824265 -0.05267681981530851 0.0)
(8.782206714101239 -0.04836538547328431 0.0)
(8.266644461289992 -0.04317797473605186 0.0)
(7.65797840308759 -0.03714164211714294 0.0)
(6.954981224275516 -0.03017855681869735 0.0)
(6.154674000697137 -0.022926916117508692 0.0)
(5.275294093437334 -0.01691031237629151 0.0)
(4.34821051483791 -0.012220697482134146 0.0)
(3.3757608708331217 -0.007771584641180667 0.0)
(2.343923931154763 -0.0036335426111892763 0.0)
(1.2238115417865845 -0.000959006188771792 0.0)
(-0.014923565234192606 -7.121257130055922e-05 0.0)
(0.01489122909071682 -7.121948524110592e-05 0.0)
(1.3538547067697349 -0.0009593099171289688 0.0)
(2.6337187760150815 -0.0036360290515168653 0.0)
(3.824414427536277 -0.0077808784282647325 0.0)
(4.897273723515446 -0.012242296227806263 0.0)
(5.837344704528698 -0.016945465632837338 0.0)
(6.645407626908534 -0.022967727461425082 0.0)
(7.35493997582636 -0.030214358542257028 0.0)
(7.986053068946353 -0.037171468546113355 0.0)
(8.533290601074729 -0.043204662858983715 0.0)
(8.995487196245765 -0.048389355116912544 0.0)
(9.371413232405352 -0.052698389790065664 0.0)
(9.660256532058797 -0.05608610575466464 0.0)
(9.861631858129861 -0.05852262379246383 0.0)
(9.97502580799679 -0.059990811004327044 0.0)
(9.999999999999998 -0.06048093782417333 0.0)
(9.936085303114341 -0.05999081100432534 0.0)
(9.782812586314572 -0.058522623792460565 0.0)
(9.539743467941214 -0.05608610575465995 0.0)
(9.206364545372441 -0.05269838979005991 0.0)
(8.782290581532015 -0.04838935511690627 0.0)
(8.266709398925297 -0.04320466285897603 0.0)
(7.658391375498093 -0.037171468546105174 0.0)
(6.956171135284745 -0.030214358542249593 0.0)
(6.154592373091487 -0.022967727461417595 0.0)
(5.273766406582406 -0.01694546563283006 0.0)
(4.347170720928948 -0.012242296227802154 0.0)
(3.375585572463699 -0.007780878428263286 0.0)
(2.3440590017626786 -0.0036360290515166796 0.0)
(1.223923071008025 -0.0009593099171288309 0.0)
(-0.01489122909072493 -7.121948524109268e-05 0.0)
(0.014853207598442568 -7.124838077447762e-05 0.0)
(1.3537209393144847 -0.0009599187815239075 0.0)
(2.633526008681796 -0.0036397121808908525 0.0)
(3.824476000333556 -0.007792823255064922 0.0)
(4.8982140812085975 -0.012268323411943234 0.0)
(5.8390352073447715 -0.016987432522071105 0.0)
(6.645901356163222 -0.02301833156218393 0.0)
(7.35391929430669 -0.030261781032896604 0.0)
(7.985600808243268 -0.03721278328868572 0.0)
(8.53322838101277 -0.043242191408059884 0.0)
(8.995409534949415 -0.0484235327783038 0.0)
(9.371369572778953 -0.052729526381312536 0.0)
(9.660228914219541 -0.05611475282823531 0.0)
(9.861616670058728 -0.058549431732840836 0.0)
(9.975018704029804 -0.06001648889782113 0.0)
(9.999999999999998 -0.06050623814752932 0.0)
(9.936092407081327 -0.06001648889781944 0.0)
(9.782827774385705 -0.05854943173283761 0.0)
(9.539771085780469 -0.056114752828230675 0.0)
(9.20640820499884 -0.05272952638130687 0.0)
(8.782368242828365 -0.04842353277829761 0.0)
(8.266771618987258 -0.043242191408052306 0.0)
(7.65884363620118 -0.03721278328867765 0.0)
(6.957191816804416 -0.03026178103288932 0.0)
(6.154098643836795 -0.023018331562176603 0.0)
(5.2720759037663285 -0.016987432522063958 0.0)
(4.346230363235795 -0.012268323411939211 0.0)
(3.375523999666421 -0.007792823255063515 0.0)
(2.3442517690959646 -0.0036397121808906807 0.0)
(1.2240568384632755 -0.0009599187815237724 0.0)
(-0.014853207598450557 -7.124838077446456e-05 0.0)
(0.014811171352173807 -7.129798828381422e-05 0.0)
(1.3535708111226874 -0.0009608060295691203 0.0)
(2.6332840144671072 -0.0036444301693448374 0.0)
(3.824421142162623 -0.007806894287745561 0.0)
(4.899013685089241 -0.012297635447693658 0.0)
(5.840814248520943 -0.017034369095663533 0.0)
(6.646785493506752 -0.023076504968183104 0.0)
(7.353112689155266 -0.030318740633141945 0.0)
(7.985129130755504 -0.03726377105066286 0.0)
(8.533171612359846 -0.043288911447498295 0.0)
(8.995341492082774 -0.04846641675354915 0.0)
(9.371330706398439 -0.05276886150419832 0.0)
(9.660204300663539 -0.056151144652501726 0.0)
(9.861603206522254 -0.058583629697256535 0.0)
(9.97501235063271 -0.060049333841554905 0.0)
(9.999999999999998 -0.06053862881128059 0.0)
(9.936098760478423 -0.06004933384155324 0.0)
(9.78284123792218 -0.05858362969725334 0.0)
(9.539795699336473 -0.05615114465249715 0.0)
(9.206447071379355 -0.052768861504192736 0.0)
(8.782436285695006 -0.04846641675354307 0.0)
(8.26682838764018 -0.04328891144749083 0.0)
(7.6593153136889445 -0.03726377105065494 0.0)
(6.957998421955841 -0.030318740633134823 0.0)
(6.153214506493262 -0.023076504968175943 0.0)
(5.270296862590151 -0.017034369095656525 0.0)
(4.345430759355149 -0.012297635447689718 0.0)
(3.3755788578373545 -0.0078068942877441965 0.0)
(2.344493763310654 -0.0036444301693446804 0.0)
(1.2242069666550732 -0.0009608060295689885 0.0)
(-0.01481117135218167 -7.129798828380133e-05 0.0)
(0.014766967347668443 -7.136612810590981e-05 0.0)
(1.3534109185524392 -0.0009619326772086751 0.0)
(2.6330034261540924 -0.003649975717097467 0.0)
(3.824252263391149 -0.007822473270872887 0.0)
(4.899637402025696 -0.012328944417831503 0.0)
(5.842603660242597 -0.017084213046439006 0.0)
(6.648021191561733 -0.023139691646388235 0.0)
(7.3525556011268005 -0.0303827346423629 0.0)
(7.984658761128965 -0.03732219152306299 0.0)
(8.533122789426717 -0.04334277018423791 0.0)
(8.995286057324922 -0.04851612279923034 0.0)
(9.371298340981468 -0.05281466684538501 0.0)
(9.660183772865409 -0.056193682237282556 0.0)
(9.8615920590836 -0.0586237150897179 0.0)
(9.975007026962151 -0.060087902688788844 0.0)
(9.999999999999998 -0.06057668662891897 0.0)
(9.936104084148981 -0.06008790268878719 0.0)
(9.782852385360833 -0.05862371508971474 0.0)
(9.539816227134603 -0.056193682237278046 0.0)
(9.206479436796325 -0.052814666845379506 0.0)
(8.782491720452859 -0.048516122799224376 0.0)
(8.26687721057331 -0.04334277018423057 0.0)
(7.6597856833154845 -0.03732219152305523 0.0)
(6.958555509984307 -0.030382734642355958 0.0)
(6.151978808438276 -0.023139691646381248 0.0)
(5.268507450868494 -0.01708421304643213 0.0)
(4.344807042418695 -0.012328944417827654 0.0)
(3.37574773660883 -0.007822473270871566 0.0)
(2.34477435162367 -0.0036499757170973266 0.0)
(1.2243668592253218 -0.0009619326772085467 0.0)
(-0.014766967347676189 -7.136612810589717e-05 0.0)
(0.014722537828015506 -7.144980630163978e-05 0.0)
(1.3532482869907614 -0.0009632492216064332 0.0)
(2.6326965722799036 -0.0036561051629257846 0.0)
(3.8239767842433965 -0.007838875692429227 0.0)
(4.90005782703683 -0.012360874663487065 0.0)
(5.844324819032319 -0.017134774322387372 0.0)
(6.649554156016273 -0.02320511528975575 0.0)
(7.352272507650099 -0.030450951280868048 0.0)
(7.9842103665445245 -0.037385477817206074 0.0)
(8.533084057403741 -0.04340140116391817 0.0)
(8.995245666377704 -0.04857046692263478 0.0)
(9.371273898605251 -0.05286492980197935 0.0)
(9.660168232779048 -0.056240496558922874 0.0)
(9.861583717540828 -0.058667926631414326 0.0)
(9.975002966930475 -0.060130500794935204 0.0)
(9.999999999999998 -0.060618739409562215 0.0)
(9.936108144180658 -0.06013050079493357 0.0)
(9.782860726903605 -0.058667926631411224 0.0)
(9.539831767220964 -0.05624049655891842 0.0)
(9.206503879172542 -0.05286492980197393 0.0)
(8.782532111400077 -0.048570466922628924 0.0)
(8.266915942596286 -0.04340140116391097 0.0)
(7.6602340778999265 -0.03738547781719846 0.0)
(6.9588386034610075 -0.03045095128086128 0.0)
(6.15044584398373 -0.023205115289748928 0.0)
(5.266786292078768 -0.017134774322380628 0.0)
(4.344386617407561 -0.012360874663483295 0.0)
(3.376023215756583 -0.007838875692427952 0.0)
(2.3450812054978596 -0.0036561051629256606 0.0)
(1.2245294907870001 -0.0009632492216063087 0.0)
(-0.01472253782802314 -7.144980630162741e-05 0.0)
(0.014679834945027033 -7.154534620416875e-05 0.0)
(1.3530900621709478 -0.0009646978162101072 0.0)
(2.632376935442399 -0.003662549190193597 0.0)
(3.8236068087691444 -0.007855380860018784 0.0)
(4.9002564874168 -0.01239202322808097 0.0)
(5.84590210032166 -0.017183831353542713 0.0)
(6.6513170312167205 -0.023269901303085264 0.0)
(7.352275847334624 -0.03052039323436028 0.0)
(7.983803648639907 -0.03745084924910647 0.0)
(8.533057118105152 -0.04346222824855426 0.0)
(8.995222093945447 -0.048627061342399844 0.0)
(9.371258453223081 -0.05291744191162205 0.0)
(9.660158363207422 -0.05628953068177416 0.0)
(9.861578548406065 -0.05871432174808642 0.0)
(9.975000348928043 -0.06017525647714092 0.0)
(9.999999999999998 -0.06066293943096226 0.0)
(9.93611076218309 -0.0601752564771393 0.0)
(9.782865896038368 -0.05871432174808336 0.0)
(9.53984163679259 -0.05628953068176978 0.0)
(9.206519324554712 -0.052917441911616715 0.0)
(8.782555683832333 -0.048627061342394085 0.0)
(8.266942881894876 -0.043462228248547195 0.0)
(7.660640795804545 -0.037450849249099014 0.0)
(6.958835263776481 -0.030520393234353665 0.0)
(6.148682968783278 -0.02326990130307859 0.0)
(5.265209010789424 -0.01718383135353608 0.0)
(4.34418795702759 -0.01239202322807727 0.0)
(3.3763931912308367 -0.00785538086001755 0.0)
(2.3454008423353647 -0.0036625491901934896 0.0)
(1.2246877156068139 -0.0009646978162099867 0.0)
(-0.014679834945034574 -7.154534620415664e-05 0.0)
(0.014640734985258823 -7.164854996496485e-05 0.0)
(1.3529431962021174 -0.0009662148124229406 0.0)
(2.63205855989946 -0.003669024660131773 0.0)
(3.823158593013879 -0.00787126356677302 0.0)
(4.90022465439195 -0.012421021500669642 0.0)
(5.847266201256321 -0.017229228663703362 0.0)
(6.653232359651857 -0.02333120310747373 0.0)
(7.352565473440746 -0.03058800935044361 0.0)
(7.983456477855772 -0.03751543351764015 0.0)
(8.533043155194443 -0.0435225788073273 0.0)
(8.995216375757701 -0.04868341940325761 0.0)
(9.371252683476795 -0.05296989588828363 0.0)
(9.660154597801451 -0.05633863013618374 0.0)
(9.861576778801636 -0.058760861923185075 0.0)
(9.974999287985096 -0.0602202032526081 0.0)
(9.999999999999998 -0.06070734462504044 0.0)
(9.936111823126035 -0.060220203252606505 0.0)
(9.782867665642796 -0.05876086192318204 0.0)
(9.53984540219856 -0.05633863013617941 0.0)
(9.206525094300998 -0.05296989588827838 0.0)
(8.782561402020079 -0.04868341940325195 0.0)
(8.266956844805582 -0.043522578807320335 0.0)
(7.66098796658868 -0.03751543351763281 0.0)
(6.9585456376703565 -0.03058800935043714 0.0)
(6.146767640348137 -0.023331203107467186 0.0)
(5.263844909854761 -0.01722922866369682 0.0)
(4.344219790052441 -0.012421021500666008 0.0)
(3.3768414069861032 -0.007871263566771822 0.0)
(2.3457192178783046 -0.00366902466013168 0.0)
(1.2248345815756447 -0.0009662148124228237 0.0)
(-0.014640734985266284 -7.164854996495302e-05 0.0)
(0.014606955929411738 -7.175488299958466e-05 0.0)
(1.3528141421062567 -0.0009677335562066075 0.0)
(2.6317554344899916 -0.0036752470524377637 0.0)
(3.8226518307579003 -0.007885825955613747 0.0)
(4.899963726647155 -0.012446595350206386 0.0)
(5.848357185736785 -0.017268971578112885 0.0)
(6.655215985294236 -0.023386327213784797 0.0)
(7.35312866032722 -0.03065082870067752 0.0)
(7.983184108241245 -0.0375763929082013 0.0)
(8.53304278217637 -0.04357980114709301 0.0)
(8.995228763061172 -0.04873706483511815 0.0)
(9.371256842878491 -0.05301998700019141 0.0)
(9.660157102006185 -0.05638563758194976 0.0)
(9.861578486480726 -0.05880550226655929 0.0)
(9.974999830717524 -0.06026336624225051 0.0)
(9.999999999999998 -0.06075000390880598 0.0)
(9.936111280393607 -0.06026336624224893 0.0)
(9.782865957963708 -0.05880550226655629 0.0)
(9.539842897993827 -0.05638563758194547 0.0)
(9.206520934899302 -0.05301998700018621 0.0)
(8.782549014716606 -0.04873706483511257 0.0)
(8.266957217823656 -0.04357980114708616 0.0)
(7.661260336203207 -0.037576392908194076 0.0)
(6.95798245078388 -0.030650828700671182 0.0)
(6.144784014705753 -0.023386327213778365 0.0)
(5.262753925374295 -0.017268971578106418 0.0)
(4.3444807177972375 -0.0124465953502028 0.0)
(3.3773481692420835 -0.007885825955612576 0.0)
(2.346022343287774 -0.003675247052437685 0.0)
(1.2249636356715057 -0.0009677335562064941 0.0)
(-0.014606955929419137 -7.17548829995731e-05 0.0)
(0.014579981967402659 -7.185967322901777e-05 0.0)
(1.3527085702842399 -0.0009691873167377167 0.0)
(2.6314808779899335 -0.003680942966577192 0.0)
(3.82210878820764 -0.00789842818181644 0.0)
(4.899485168870168 -0.012467621108528587 0.0)
(5.84912711790088 -0.017301313865819734 0.0)
(6.6571807512620715 -0.023432851569633876 0.0)
(7.353940662592574 -0.030706091117737498 0.0)
(7.982998507218901 -0.03763104897669071 0.0)
(8.533056015440664 -0.043631381022927414 0.0)
(8.995258711580412 -0.048785640555847054 0.0)
(9.371270748671666 -0.05306551433552725 0.0)
(9.660165765791449 -0.056428487597902956 0.0)
(9.861583596411034 -0.0588462813631884 0.0)
(9.975001953278657 -0.060302848943267734 0.0)
(9.999999999999998 -0.06078904291137315 0.0)
(9.936109157832474 -0.060302848943266166 0.0)
(9.7828608480334 -0.058846281363185426 0.0)
(9.539834234208563 -0.05642848759789871 0.0)
(9.206507029106128 -0.05306551433552211 0.0)
(8.782519066197368 -0.048785640555841545 0.0)
(8.266943984559363 -0.04363138102292063 0.0)
(7.661445937225552 -0.03763104897668358 0.0)
(6.957170448518523 -0.03070609111773125 0.0)
(6.142819248737912 -0.023432851569627513 0.0)
(5.261983993210199 -0.017301313865813316 0.0)
(4.344959275574227 -0.012467621108525033 0.0)
(3.3778912117923454 -0.00789842818181529 0.0)
(2.3462968997878324 -0.0036809429665771234 0.0)
(1.2250692074935228 -0.0009691873167376066 0.0)
(-0.014579981967410026 -7.185967322900646e-05 0.0)
(0.0145609982857748 -7.195831636229124e-05 0.0)
(1.352631119368788 -0.0009705122184381114 0.0)
(2.6312469539096113 -0.0036858621345031498 0.0)
(3.821553325659288 -0.007908516526616869 0.0)
(4.8988100080142125 -0.012483174942281107 0.0)
(5.849542168337868 -0.017324834465870624 0.0)
(6.659040329333175 -0.02346873197993884 0.0)
(7.354965802342785 -0.03075136847211765 0.0)
(7.982907829758114 -0.03767700023544943 0.0)
(8.533082273541899 -0.043675052109449046 0.0)
(8.995304905432269 -0.04882701223714227 0.0)
(9.371293789861209 -0.053104477506466394 0.0)
(9.66018020848637 -0.05646529743273423 0.0)
(9.861591884071576 -0.05888140745416979 0.0)
(9.975005562407043 -0.060336916558008616 0.0)
(9.999999999999998 -0.06082274633038901 0.0)
(9.93610554870409 -0.06033691655800706 0.0)
(9.782852560372858 -0.05888140745416684 0.0)
(9.539819791513642 -0.05646529743273001 0.0)
(9.206483987916585 -0.053104477506461294 0.0)
(8.78247287234551 -0.0488270122371368 0.0)
(8.266917726458129 -0.043675052109442315 0.0)
(7.661536614686339 -0.037677000235442376 0.0)
(6.956145308768309 -0.030751368472111466 0.0)
(6.140959670666804 -0.023468731979932527 0.0)
(5.261568942773212 -0.017324834465864226 0.0)
(4.345634436430186 -0.012483174942277566 0.0)
(3.3784466743406987 -0.007908516526615733 0.0)
(2.3465308238681546 -0.00368586213450309 0.0)
(1.2251466584089745 -0.0009705122184380037 0.0)
(-0.014560998285782153 -7.195831636228011e-05 0.0)
(0.014550838992769223 -7.204647820059146e-05 0.0)
(1.3525851924114343 -0.000971650047550915 0.0)
(2.631063940445163 -0.003689788416976335 0.0)
(3.8210098491210296 -0.007915647726600614 0.0)
(4.8979679094121265 -0.012492573444463796 0.0)
(5.849584100490859 -0.017338499926129035 0.0)
(6.660713013049105 -0.02349239192511227 0.0)
(7.356159036812669 -0.030784671359699096 0.0)
(7.982916060060622 -0.037712227670233044 0.0)
(8.533120402747146 -0.043708895579010136 0.0)
(8.995365314943406 -0.04885936208301503 0.0)
(9.371324954059402 -0.05313516454255891 0.0)
(9.660199795505353 -0.056494449729642786 0.0)
(9.861602985317706 -0.05890933716332709 0.0)
(9.975010499524183 -0.0603640722178064 0.0)
(9.999999999999998 -0.06084963329928065 0.0)
(9.93610061158695 -0.06036407221780485 0.0)
(9.782841459126727 -0.05890933716332414 0.0)
(9.539800204494659 -0.056494449729638595 0.0)
(9.20645282371839 -0.05313516454255383 0.0)
(8.782412462834374 -0.04885936208300959 0.0)
(8.266879597252881 -0.04370889557900345 0.0)
(7.66152838438383 -0.037712227670226015 0.0)
(6.954952074298422 -0.030784671359692938 0.0)
(6.1392869869508715 -0.023492391925105955 0.0)
(5.261527010620222 -0.01733849992612263 0.0)
(4.3464765350322745 -0.012492573444460251 0.0)
(3.378990150878958 -0.007915647726599482 0.0)
(2.346713837332604 -0.00368978841697628 0.0)
(1.2251925853663284 -0.0009716500475508092 0.0)
(-0.01455083899277659 -7.204647820058055e-05 0.0)
)
