(
(-0.027672904767173056 1.9786083560667656e-05 0.0)
(1.1912968185143251 0.00016565734873914215 0.0)
(2.3162714474480874 -2.2947300596280874e-05 0.0)
(3.3819661677771498 -0.0020833878944080185 0.0)
(4.387315567535496 -0.00735446139250897 0.0)
(5.312776357815311 -0.015365556093671207 0.0)
(6.162967350293653 -0.023794600494612444 0.0)
(6.95294086139867 -0.03071757602413901 0.0)
(7.661922329555837 -0.03641082613717147 0.0)
(8.270245892467285 -0.041513736232428364 0.0)
(8.784956190336692 -0.045963064835025415 0.0)
(9.208540346180806 -0.0496620885903144 0.0)
(9.541362667413283 -0.052570713954641024 0.0)
(9.783878232169897 -0.05466281910451751 0.0)
(9.936617586500539 -0.0559227882889493 0.0)
(10.000000000000005 -0.05634367958263768 0.0)
(9.97449352461057 -0.05592278828895093 0.0)
(9.860566212274563 -0.05466281910452081 0.0)
(9.658637332586721 -0.05257071395464465 0.0)
(9.369237431596963 -0.049662088590320216 0.0)
(8.992821587441094 -0.04596306483503174 0.0)
(8.529754107532707 -0.041513736232436656 0.0)
(7.982522114888609 -0.03641082613718105 0.0)
(7.358170249712461 -0.030717576024147344 0.0)
(6.637032649706354 -0.023794600494620118 0.0)
(5.79833475329577 -0.01536555609367891 0.0)
(4.85712887690892 -0.007354461392513535 0.0)
(3.8180338322228273 -0.00208338789440978 0.0)
(2.661506330329691 -2.294730059686868e-05 0.0)
(1.3864809592634666 0.00016565734873889731 0.0)
(0.02767290476717045 1.978608356064471e-05 0.0)
(-0.027697440824887568 1.9717520176952976e-05 0.0)
(1.191204175775481 0.0001646593260097903 0.0)
(2.316065446359303 -2.7149812339532996e-05 0.0)
(3.38165844629096 -0.0020935407747966392 0.0)
(4.387243930486158 -0.0073727739083998 0.0)
(5.313612998732997 -0.015394159727781053 0.0)
(6.164242060374306 -0.023833547729990707 0.0)
(6.953191874314129 -0.03076098142041427 0.0)
(7.661710571210069 -0.036452497030029875 0.0)
(8.270239717577342 -0.041552732791132516 0.0)
(8.784956436874435 -0.04599952774802075 0.0)
(9.208538749253142 -0.049696061433597144 0.0)
(9.54136157870264 -0.052602540677950976 0.0)
(9.783877837988623 -0.05469300527768292 0.0)
(9.936617243702608 -0.0559519522631347 0.0)
(10.000000000000005 -0.05637249577421789 0.0)
(9.974493867408501 -0.05595195226313634 0.0)
(9.860566606455835 -0.05469300527768624 0.0)
(9.658638421297365 -0.05260254067795463 0.0)
(9.369239028524628 -0.049696061433603014 0.0)
(8.992821340903351 -0.04599952774802713 0.0)
(8.52976028242265 -0.04155273279114089 0.0)
(7.982733873234379 -0.03645249703003954 0.0)
(7.357919236797 -0.030760981420422693 0.0)
(6.635757939625697 -0.023833547729998465 0.0)
(5.797498112378083 -0.015394159727788816 0.0)
(4.857200513958259 -0.007372773908404401 0.0)
(3.818341553709018 -0.0020935407747984225 0.0)
(2.6617123314184763 -2.7149812340130398e-05 0.0)
(1.3865736020023107 0.00016465932600954306 0.0)
(0.027697440824885018 1.9717520176929848e-05 0.0)
(-0.027718149172844025 1.9647932868048244e-05 0.0)
(1.1911245017724963 0.00016367492263232334 0.0)
(2.315872422016927 -3.112538233642353e-05 0.0)
(3.3813171502147674 -0.002102683754450389 0.0)
(4.387024169123484 -0.007388585703789815 0.0)
(5.31425941861211 -0.015418658340912121 0.0)
(6.165542396122573 -0.023867896230002805 0.0)
(6.953617314921912 -0.03080062140592889 0.0)
(7.6615506536215285 -0.03649119127805587 0.0)
(8.270242483558931 -0.041589115667302515 0.0)
(8.784968469833341 -0.04603368506940151 0.0)
(9.208543641674018 -0.04972799326693901 0.0)
(9.541364588781411 -0.05263253450317458 0.0)
(9.783879713998939 -0.054721507954072296 0.0)
(9.936617950266585 -0.05597952342299655 0.0)
(10.000000000000005 -0.05639974895804549 0.0)
(9.974493160844524 -0.0559795234229982 0.0)
(9.86056473044552 -0.05472150795407564 0.0)
(9.658635411218594 -0.052632534503178265 0.0)
(9.369234136103753 -0.04972799326694492 0.0)
(8.992809307944444 -0.04603368506940795 0.0)
(8.529757516441062 -0.04158911566731093 0.0)
(7.982893790822919 -0.036491191278065604 0.0)
(7.357493796189215 -0.03080062140593739 0.0)
(6.6344576038774274 -0.023867896230010625 0.0)
(5.796851692498969 -0.015418658340919923 0.0)
(4.8574202753209335 -0.007388585703794444 0.0)
(3.818682849785212 -0.0021026837544521905 0.0)
(2.6619053557608527 -3.112538233702924e-05 0.0)
(1.3866532760052956 0.0001636749226320739 0.0)
(0.02771814917284151 1.9647932868024947e-05 0.0)
(-0.027734119924118072 1.958037917300036e-05 0.0)
(1.1910612972353023 0.00016274739149023208 0.0)
(2.315700855557435 -3.469933131438889e-05 0.0)
(3.380957275473776 -0.002110415107569892 0.0)
(4.386665939359709 -0.0074012020373164416 0.0)
(5.314687214945755 -0.015437975508822368 0.0)
(6.166811223164571 -0.023896136784397008 0.0)
(6.954198490140034 -0.03083475427223867 0.0)
(7.6614496032764965 -0.03652520872678031 0.0)
(8.270254068879883 -0.04162128626392002 0.0)
(8.78499176050721 -0.046064035988955275 0.0)
(9.20855480847941 -0.0497564810640006 0.0)
(9.54137156539224 -0.05265937755650364 0.0)
(9.783883777772383 -0.05474707477822928 0.0)
(9.936619675147341 -0.05600429034221053 0.0)
(10.000000000000005 -0.05642424167908133 0.0)
(9.974491435963767 -0.05600429034221218 0.0)
(9.860560666672077 -0.05474707477823265 0.0)
(9.658628434607765 -0.05265937755650734 0.0)
(9.369222969298358 -0.04975648106400654 0.0)
(8.992786017270575 -0.046064035988961756 0.0)
(8.529745931120111 -0.04162128626392849 0.0)
(7.98299484116795 -0.036525208726790104 0.0)
(7.356912620971091 -0.030834754272247227 0.0)
(6.633188776835427 -0.02389613678440487 0.0)
(5.796423896165325 -0.015437975508830196 0.0)
(4.857778505084711 -0.00740120203732109 0.0)
(3.819042724526204 -0.0021104151075717055 0.0)
(2.6620769222203444 -3.469933131500124e-05 0.0)
(1.3867164805424899 0.00016274739148998074 0.0)
(0.02773411992411557 1.9580379172976907e-05 0.0)
(-0.027744651353116382 1.951782727758373e-05 0.0)
(1.191017339255634 0.0001619174866050298 0.0)
(2.3155582852971865 -3.7714626493692114e-05 0.0)
(3.380594634305733 -0.002116395132643187 0.0)
(4.386184981155288 -0.0074100685703654525 0.0)
(5.3148775911456605 -0.015451262470493584 0.0)
(6.167992791561328 -0.02391702855487787 0.0)
(6.954909864192641 -0.03086188028364228 0.0)
(7.661411860142268 -0.03655305471173941 0.0)
(8.270273964502387 -0.041647831063824095 0.0)
(8.785025285546444 -0.04608924694280229 0.0)
(9.208571759020323 -0.049780273123095964 0.0)
(9.54138220199561 -0.05268189040328286 0.0)
(9.783889850754182 -0.0547685823906736 0.0)
(9.936622342556774 -0.05602516480765617 0.0)
(10.000000000000005 -0.056444897771971314 0.0)
(9.974488768554336 -0.056025164807657825 0.0)
(9.860554593690276 -0.05476858239067697 0.0)
(9.658617798004395 -0.05268189040328659 0.0)
(9.369206018757446 -0.04978027312310193 0.0)
(8.992752492231341 -0.0460892469428088 0.0)
(8.529726035497607 -0.041647831063832595 0.0)
(7.98303258430218 -0.03655305471174923 0.0)
(7.356201246918482 -0.030861880283650864 0.0)
(6.632007208438667 -0.023917028554885752 0.0)
(5.796233519965419 -0.01545126247050142 0.0)
(4.858259463289133 -0.007410068570370104 0.0)
(3.819405365694248 -0.0021163951326450075 0.0)
(2.662219492480593 -3.771462649430916e-05 0.0)
(1.3867604385221581 0.00016191748660477693 0.0)
(0.027744651353113887 1.9517827277560142e-05 0.0)
(-0.027749280728115482 1.94630255976475e-05 0.0)
(1.190994559266699 0.00016122167247910416 0.0)
(2.3154509755125914 -4.0038781320481267e-05 0.0)
(3.3802451605001287 -0.0021203610783087005 0.0)
(4.385602426933837 -0.007414795723695533 0.0)
(5.3148221824298885 -0.015457935421137744 0.0)
(6.16903518535911 -0.023929653595270873 0.0)
(6.955720180605283 -0.030880807572824267 0.0)
(7.66143908258311 -0.03657350573129687 0.0)
(8.27030129624919 -0.041667583737069316 0.0)
(8.785067571922148 -0.046108210207752666 0.0)
(9.208593748520997 -0.04979832406467481 0.0)
(9.541396031238628 -0.05269908387021087 0.0)
(9.783897666108627 -0.0547850857862615 0.0)
(9.936625835293789 -0.05604122963351054 0.0)
(10.000000000000005 -0.056460809645783094 0.0)
(9.974485275817319 -0.056041229633512206 0.0)
(9.86054677833583 -0.05478508578626487 0.0)
(9.658603968761375 -0.052699083870214596 0.0)
(9.369184029256774 -0.04979832406468078 0.0)
(8.992710205855637 -0.046108210207759175 0.0)
(8.529698703750803 -0.04166758373707783 0.0)
(7.983005361861338 -0.0365735057313067 0.0)
(7.355390930505838 -0.030880807572832864 0.0)
(6.630964814640883 -0.02392965359527875 0.0)
(5.796288928681193 -0.015457935421145569 0.0)
(4.858842017510586 -0.00741479572370018 0.0)
(3.819754839499853 -0.002120361078310522 0.0)
(2.6623268022651887 -4.003878132110086e-05 0.0)
(1.3867832185110929 0.00016122167247885021 0.0)
(0.027749280728112974 1.946302559762381e-05 0.0)
(-0.027747804642847113 1.9418382018751227e-05 0.0)
(1.1909939581795368 0.00016069052191219235 0.0)
(2.3153836411992668 -4.156967668358832e-05 0.0)
(3.3799242092966377 -0.002122138688169382 0.0)
(4.3849438730620935 -0.007415175794837446 0.0)
(5.31452342335604 -0.01545770116351136 0.0)
(6.169892603681447 -0.023933457184398006 0.0)
(6.956593835557221 -0.03089070450932448 0.0)
(7.661530074494775 -0.03658566320506739 0.0)
(8.270334863213339 -0.04167967638732978 0.0)
(8.785116761648338 -0.046120092572636766 0.0)
(9.208619810802999 -0.0498098407633874 0.0)
(9.54141244548966 -0.05271020250780539 0.0)
(9.783906880443345 -0.054795859835982966 0.0)
(9.936629999893915 -0.056051778960715386 0.0)
(10.000000000000005 -0.056471278161891306 0.0)
(9.974481111217194 -0.05605177896071705 0.0)
(9.860537564001115 -0.05479585983598634 0.0)
(9.658587554510344 -0.05271020250780913 0.0)
(9.36915796697477 -0.04980984076339337 0.0)
(8.992661016129448 -0.04612009257264329 0.0)
(8.529665136786655 -0.04167967638733829 0.0)
(7.982914369949672 -0.036585663205077223 0.0)
(7.3545172755538974 -0.030890704509333063 0.0)
(6.630107396318545 -0.023933457184405853 0.0)
(5.796587687755042 -0.015457701163519154 0.0)
(4.859500571382331 -0.007415175794842075 0.0)
(3.8200757907033447 -0.0021221386881711993 0.0)
(2.6623941365785133 -4.156967668420819e-05 0.0)
(1.3867838195982551 0.00016069052191193786 0.0)
(0.02774780464284457 1.941838201872747e-05 0.0)
(-0.027740287953797547 1.9385858098078503e-05 0.0)
(1.191015562404817 0.00016034737268849202 0.0)
(2.315359240903755 -4.2240047841452265e-05 0.0)
(3.379645882703977 -0.0021216498572999994 0.0)
(4.384238255192391 -0.007411192084160536 0.0)
(5.313994440851259 -0.015450569990465976 0.0)
(6.170527373135858 -0.023928272199511495 0.0)
(6.957492442248173 -0.03089113623985903 0.0)
(7.661680837859128 -0.03658899295589498 0.0)
(8.27037319052384 -0.041683577685675904 0.0)
(8.785170693418431 -0.046124371948079786 0.0)
(9.20864880073734 -0.04981431719656154 0.0)
(9.54143072353654 -0.05271475778347151 0.0)
(9.78391708889732 -0.054800431147803794 0.0)
(9.93663465337224 -0.056056349271132754 0.0)
(10.000000000000005 -0.0564758433528498 0.0)
(9.97447645773887 -0.05605634927113442 0.0)
(9.860527355547138 -0.054800431147807166 0.0)
(9.658569276463465 -0.05271475778347524 0.0)
(9.369128977040429 -0.049814317196567495 0.0)
(8.992607084359355 -0.04612437194808628 0.0)
(8.529626809476154 -0.04168357768568439 0.0)
(7.982763606585317 -0.03658899295590479 0.0)
(7.353618668862943 -0.03089113623986758 0.0)
(6.629472626864133 -0.0239282721995193 0.0)
(5.797116670259826 -0.015450569990473725 0.0)
(4.860206189252036 -0.007411192084165135 0.0)
(3.820354117296006 -0.002121649857301806 0.0)
(2.6624185368740245 -4.224004784207013e-05 0.0)
(1.3867622153729746 0.00016034737268823748 0.0)
(0.027740287953794955 1.938585809805471e-05 0.0)
(-0.027727060930532222 1.9366882877202845e-05 0.0)
(1.1910584226924052 0.00016020730215711876 0.0)
(2.315378846730403 -4.2020439911805924e-05 0.0)
(3.3794224098834444 -0.0021189160640346628 0.0)
(4.383516576883032 -0.007403019628623951 0.0)
(5.3132584774390565 -0.01543685523269909 0.0)
(6.170911603113795 -0.023914326459361594 0.0)
(6.958376517544093 -0.030882083794978064 0.0)
(7.661884748409756 -0.03658334868061989 0.0)
(8.270414594148784 -0.04167911621619559 0.0)
(8.785226997569117 -0.04612086030615365 0.0)
(9.208679444559339 -0.049811556677912955 0.0)
(9.541450062275327 -0.05271254954673009 0.0)
(9.783927842929764 -0.054798598866645565 0.0)
(9.93663959126344 -0.05605473975368407 0.0)
(10.000000000000005 -0.05647430463251962 0.0)
(9.97447151984767 -0.056054739753685724 0.0)
(9.860516601514695 -0.05479859886664892 0.0)
(9.658549937724677 -0.05271254954673379 0.0)
(9.36909833321843 -0.04981155667791888 0.0)
(8.992550780208669 -0.046120860306160104 0.0)
(8.529585405851208 -0.04167911621620405 0.0)
(7.982559696034689 -0.03658334868062965 0.0)
(7.352734593567021 -0.03088208379498655 0.0)
(6.629088396886197 -0.02391432645936933 0.0)
(5.797852633672031 -0.015436855232706777 0.0)
(4.860927867561395 -0.007403019628628512 0.0)
(3.8205775901165384 -0.002118916064036452 0.0)
(2.6623989310473766 -4.20204399124196e-05 0.0)
(1.3867193550853862 0.0001602073021568647 0.0)
(0.027727060930529575 1.936688287717906e-05 0.0)
(-0.027708704744255266 1.9362290092615354e-05 0.0)
(1.1911206558396752 0.0001602764647609693 0.0)
(2.315441597235055 -4.09205020653166e-05 0.0)
(3.379263609821942 -0.002114057426248116 0.0)
(4.382810547358659 -0.007391017510972886 0.0)
(5.312347870005359 -0.015417159491576541 0.0)
(6.171028411252955 -0.023892232714257482 0.0)
(6.95920721679385 -0.030863944922548656 0.0)
(7.662132846690106 -0.03656897837837179 0.0)
(8.27045725488864 -0.04166648800769579 0.0)
(8.78528320019902 -0.04610971194198021 0.0)
(9.20871039583552 -0.04980168049958082 0.0)
(9.54146961199722 -0.05270367482346369 0.0)
(9.783938670028164 -0.05479044349959032 0.0)
(9.936644596605607 -0.05604702112762149 0.0)
(10.000000000000007 -0.056466729609457075 0.0)
(9.974466514505503 -0.05604702112762313 0.0)
(9.860505774416294 -0.05479044349959365 0.0)
(9.658530388002784 -0.05270367482346736 0.0)
(9.36906738194225 -0.04980168049958672 0.0)
(8.992494577578766 -0.04610971194198663 0.0)
(8.529542745111351 -0.04166648800770419 0.0)
(7.982311597754339 -0.03656897837838148 0.0)
(7.351903894317263 -0.030863944922557066 0.0)
(6.628971588747038 -0.023892232714265122 0.0)
(5.798763241105731 -0.015417159491584155 0.0)
(4.86163389708577 -0.0073910175109774025 0.0)
(3.820736390178041 -0.0021140574262498847 0.0)
(2.662336180542724 -4.092050206592409e-05 0.0)
(1.3866571219381163 0.00016027646476071632 0.0)
(0.02770870474425255 1.936229009259161e-05 0.0)
(-0.02768602593220999 1.9372281542868534e-05 0.0)
(1.1911995274359881 0.00016055182162175993 0.0)
(2.3155447352753353 -3.8988563558679635e-05 0.0)
(3.379176459903656 -0.0021072874235960747 0.0)
(4.3821511882649276 -0.007375713082299676 0.0)
(5.311302628974894 -0.015392348161930915 0.0)
(6.170872665217399 -0.023862961722939658 0.0)
(6.959948040592128 -0.030837516611441244 0.0)
(7.662414231715624 -0.03654651345394173 0.0)
(8.270499298308545 -0.04164624792055531 0.0)
(8.785336831867403 -0.04609141669428591 0.0)
(9.20874029462343 -0.04978512260277311 0.0)
(9.541488513723204 -0.052688523552776784 0.0)
(9.783949094469625 -0.05477632337854661 0.0)
(9.936649449473165 -0.05603353253525337 0.0)
(10.000000000000007 -0.0564534511163174 0.0)
(9.974461661637942 -0.05603353253525501 0.0)
(9.860495349974835 -0.05477632337854994 0.0)
(9.658511486276801 -0.05268852355278043 0.0)
(9.369037483154338 -0.04978512260277895 0.0)
(8.992440945910383 -0.046091416694292266 0.0)
(8.529500701691449 -0.041646247920563643 0.0)
(7.98203021272882 -0.03654651345395134 0.0)
(7.351163070518983 -0.030837516611449563 0.0)
(6.629127334782595 -0.0238629617229472 0.0)
(5.7998084821362 -0.015392348161938449 0.0)
(4.8622932561795045 -0.007375713082304138 0.0)
(3.820823540096327 -0.002107287423597819 0.0)
(2.6622330425024434 -3.8988563559279206e-05 0.0)
(1.3865782503418032 0.00016055182162150842 0.0)
(0.027686025932207196 1.937228154284487e-05 0.0)
(-0.027660020959907956 1.9396418221917105e-05 0.0)
(1.1912915720076935 0.00016102127406277862 0.0)
(2.31568372915444 -3.630951023549502e-05 0.0)
(3.379164789336559 -0.0020989035176096986 0.0)
(4.381567470634152 -0.007357778791201557 0.0)
(5.310168680326325 -0.015363511408195795 0.0)
(6.170451208202999 -0.023827799599216864 0.0)
(6.960566438496531 -0.03080396007329665 0.0)
(7.662716539943066 -0.036516940975010743 0.0)
(8.270538877097541 -0.04161928526717493 0.0)
(8.78538553609687 -0.046066778422784206 0.0)
(9.208767827225028 -0.04976261051118372 0.0)
(9.541505936946018 -0.052667761453784906 0.0)
(9.783958658223257 -0.05475685891580111 0.0)
(9.936653936639994 -0.0560148666406517 0.0)
(10.000000000000007 -0.05643505258579687 0.0)
(9.974457174471116 -0.056014866640653325 0.0)
(9.8604857862212 -0.054756858915804396 0.0)
(9.658494063053986 -0.05266776145378852 0.0)
(9.36900995055274 -0.04976261051118952 0.0)
(8.992392241680916 -0.04606677842279051 0.0)
(8.529461122902452 -0.04161928526718318 0.0)
(7.981727904501377 -0.03651694097502027 0.0)
(7.350544672614579 -0.030803960073304857 0.0)
(6.6295487917969975 -0.023827799599224302 0.0)
(5.8009424307847715 -0.015363511408203238 0.0)
(4.862876973810281 -0.007357778791205966 0.0)
(3.8208352106634234 -0.002098903517611416 0.0)
(2.6620940486233384 -3.6309510236085276e-05 0.0)
(1.3864862057700973 0.00016102127406252895 0.0)
(0.027660020959905086 1.9396418221893557e-05 0.0)
(-0.02763183243825736 1.943363960824048e-05 0.0)
(1.1913927452847017 0.00016166419520260593 0.0)
(2.315852471735603 -3.3001054797593985e-05 0.0)
(3.3792291109040193 -0.0020892740817801078 0.0)
(4.381085041951147 -0.0073380026376195255 0.0)
(5.308995847688771 -0.015331916264574951 0.0)
(6.169782558259935 -0.023788291302478202 0.0)
(6.961035239234467 -0.030764749721010985 0.0)
(7.663026488501976 -0.03648156030220177 0.0)
(8.270574252236049 -0.04158678473721737 0.0)
(8.785427172912684 -0.04603687968805046 0.0)
(9.208791783908168 -0.049735133364932405 0.0)
(9.541521116121126 -0.05264230077513456 0.0)
(9.783966941075226 -0.05473290534423758 0.0)
(9.93665786094819 -0.055991843589076974 0.0)
(10.000000000000007 -0.056412342415667366 0.0)
(9.97445325016292 -0.055991843589078584 0.0)
(9.860477503369232 -0.054732905344240856 0.0)
(9.658478883878878 -0.05264230077513813 0.0)
(9.3689859938696 -0.04973513336493815 0.0)
(8.992350604865102 -0.04603687968805669 0.0)
(8.529425747763945 -0.04158678473722555 0.0)
(7.981417955942466 -0.0364815603022112 0.0)
(7.350075871876643 -0.03076474972101909 0.0)
(6.630217441740065 -0.02378829130248553 0.0)
(5.802115263422329 -0.015331916264582308 0.0)
(4.863359402493286 -0.007338002637623877 0.0)
(3.8207708890959626 -0.0020892740817817965 0.0)
(2.6619253060421744 -3.3001054798173945e-05 0.0)
(1.3863850324930889 0.00016166419520235848 0.0)
(0.027631832438254407 1.943363960821707e-05 0.0)
(-0.027602698919330083 1.9482310262218218e-05 0.0)
(1.191498601898312 0.0001624523362625489 0.0)
(2.3160435487785143 -2.920856472426971e-05 0.0)
(3.3793665984340353 -0.002078822215901099 0.0)
(4.380725099249666 -0.007317253549562524 0.0)
(5.307835663182688 -0.015298950963877402 0.0)
(6.1688960946434435 -0.023746172755003975 0.0)
(6.9613338445591575 -0.030721608385730393 0.0)
(7.663330458819712 -0.03644192599755088 0.0)
(8.2706038694052 -0.04155017434451097 0.0)
(8.785459912869328 -0.04600303418579068 0.0)
(9.208811112060022 -0.0497038984595574 0.0)
(9.541533384303346 -0.05261326021246665 0.0)
(9.783973579092168 -0.05470551513996874 0.0)
(9.936661049970828 -0.05596547497129591 0.0)
(10.000000000000007 -0.0563863184492573 0.0)
(9.974450061140281 -0.05596547497129751 0.0)
(9.86047086535229 -0.054705515139971975 0.0)
(9.658466615696659 -0.05261326021247018 0.0)
(9.368966665717748 -0.04970389845956309 0.0)
(8.992317864908458 -0.04600303418579683 0.0)
(8.529396130594794 -0.041550174344519054 0.0)
(7.981113985624729 -0.036441925997560215 0.0)
(7.3497772665519525 -0.03072160838573838 0.0)
(6.631103905356559 -0.023746172755011192 0.0)
(5.8032754479284145 -0.015298950963884672 0.0)
(4.863719345194767 -0.00731725354956682 0.0)
(3.820633401565946 -0.002078822215902759 0.0)
(2.6617342289992627 -2.9208564724838855e-05 0.0)
(1.3862791758794784 0.00016245233626230383 0.0)
(0.027602698919327054 1.948231026219497e-05 0.0)
(-0.027573900476649527 1.954029168435497e-05 0.0)
(1.1916044907025816 0.00016335106776629686 0.0)
(2.3162485647074735 -2.5098675091179562e-05 0.0)
(3.3795712109760645 -0.0020680071558382466 0.0)
(4.380503457753517 -0.007296443204000395 0.0)
(5.306739103192776 -0.015266063941107485 0.0)
(6.167830766943094 -0.0237032945687165 0.0)
(6.961449134298919 -0.03067643161880224 0.0)
(7.66361509499661 -0.03639977951989556 0.0)
(8.270626427280764 -0.0415110626827344 0.0)
(8.785482317433006 -0.045966729025455545 0.0)
(9.208824962436955 -0.049670278199658274 0.0)
(9.541542202451192 -0.0525819157549766 0.0)
(9.78397828061176 -0.054675891778461175 0.0)
(9.936663363588092 -0.055936919376133785 0.0)
(10.000000000000007 -0.05635812413204126 0.0)
(9.974447747523017 -0.05593691937613537 0.0)
(9.860466163832697 -0.054675891778464394 0.0)
(9.658457797548813 -0.05258191575498008 0.0)
(9.368952815340814 -0.04967027819966391 0.0)
(8.99229546034478 -0.04596672902546164 0.0)
(8.52937357271923 -0.0415110626827424 0.0)
(7.9808293494478315 -0.03639977951990479 0.0)
(7.349661976812192 -0.030676431618810115 0.0)
(6.632169233056912 -0.023703294568723613 0.0)
(5.804372007918329 -0.015266063941114676 0.0)
(4.863940986690916 -0.007296443204004639 0.0)
(3.8204287890239166 -0.00206800715583988 0.0)
(2.661529213070303 -2.5098675091737845e-05 0.0)
(1.3861732870752084 0.00016335106776605435 0.0)
(0.02757390047664643 1.954029168433189e-05 0.0)
(-0.027546702461101812 1.9605036277036066e-05 0.0)
(1.191705759137169 0.00016432090109575804 0.0)
(2.3164585114976286 -2.085196692997094e-05 0.0)
(3.3798339582293377 -0.002057304095545121 0.0)
(4.380429855984558 -0.007276485969445685 0.0)
(5.305754348558892 -0.015234700191880604 0.0)
(6.166633383709079 -0.02366154073267782 0.0)
(6.961376042833501 -0.0306312044047168 0.0)
(7.663867890639782 -0.03635697270835916 0.0)
(8.270640934710956 -0.04147116824675336 0.0)
(8.785493402188175 -0.04592955938937179 0.0)
(9.208832726478745 -0.049635749797948436 0.0)
(9.541547183111382 -0.05254964462078346 0.0)
(9.783980839057836 -0.05464533685602513 0.0)
(9.93666470014387 -0.05590743148420104 0.0)
(10.000000000000007 -0.05632899827073763 0.0)
(9.97444641096724 -0.05590743148420261 0.0)
(9.860463605386622 -0.05464533685602832 0.0)
(9.658452816888623 -0.052549644620786894 0.0)
(9.368945051299024 -0.049635749797954015 0.0)
(8.99228437558961 -0.04592955938937781 0.0)
(8.529359065289036 -0.04147116824676129 0.0)
(7.980576553804658 -0.03635697270836831 0.0)
(7.34973506827761 -0.03063120440472458 0.0)
(6.63336661629093 -0.023661540732684835 0.0)
(5.805356762552214 -0.015234700191887725 0.0)
(4.864014588459875 -0.007276485969449884 0.0)
(3.820166041770642 -0.002057304095546729 0.0)
(2.6613192662801475 -2.0851966930518795e-05 0.0)
(1.3860720186406208 0.00016432090109551808 0.0)
(0.02754670246109866 1.960503627701317e-05 0.0)
(-0.027522299903732738 1.9673699281305986e-05 0.0)
(1.1917979576523239 0.0001653192235486958 0.0)
(2.316664164471107 -1.665503282811434e-05 0.0)
(3.3801432955602295 -0.0020471833079103055 0.0)
(4.380507527869866 -0.007258258730274 0.0)
(5.304924667598092 -0.015206237781959427 0.0)
(6.165356555770149 -0.023622745834056987 0.0)
(6.96111778166818 -0.030587913944520134 0.0)
(7.664077738371147 -0.03631538641592775 0.0)
(8.270646754265837 -0.04143224392510006 0.0)
(8.785492680090972 -0.04589315844334899 0.0)
(9.208834063047599 -0.049601830369231104 0.0)
(9.541548107442818 -0.05251786474448529 0.0)
(9.783981142016955 -0.0546151929000538 0.0)
(9.936665000912345 -0.05587830693952262 0.0)
(10.000000000000007 -0.05630022060240787 0.0)
(9.974446110198764 -0.055878306939524176 0.0)
(9.860463302427505 -0.054615192900056966 0.0)
(9.658451892557187 -0.0525178647444887 0.0)
(9.36894371473017 -0.04960183036923664 0.0)
(8.992285097686812 -0.04589315844335496 0.0)
(8.529353245734155 -0.04143224392510792 0.0)
(7.980366706073293 -0.03631538641593682 0.0)
(7.349993329442934 -0.030587913944527822 0.0)
(6.634643444229863 -0.023622745834063926 0.0)
(5.806186443513016 -0.015206237781966489 0.0)
(4.863936916574566 -0.007258258730278163 0.0)
(3.81985670443975 -0.002047183307911892 0.0)
(2.661113613306669 -1.665503282865264e-05 0.0)
(1.3859798201254658 0.0001653192235484583 0.0)
(0.027522299903729536 1.9673699281283272e-05 0.0)
(-0.027501765008269893 1.9743263770372522e-05 0.0)
(1.1918770352139625 0.00016630217066290743 0.0)
(2.3168564876124846 -1.2692278391971395e-05 0.0)
(3.3804856312523364 -0.002038089481827017 0.0)
(4.380733060648897 -0.007242562358028753 0.0)
(5.304286514973935 -0.015181927297565389 0.0)
(6.164056384610052 -0.02358861444972615 0.0)
(6.960685698326082 -0.03054846234183563 0.0)
(7.664235417865292 -0.0362768478682108 0.0)
(8.27064363024481 -0.04139599998125791 0.0)
(8.78548018286903 -0.045859125578361755 0.0)
(9.208828913417127 -0.04957001027115028 0.0)
(9.541544934832068 -0.052487972475706995 0.0)
(9.783979176177645 -0.054586784380825745 0.0)
(9.936664252678304 -0.055850825421309834 0.0)
(10.000000000000007 -0.05627305556515111 0.0)
(9.974446858432806 -0.05585082542131139 0.0)
(9.860465268266813 -0.054586784380828896 0.0)
(9.658455065167937 -0.052487972475710375 0.0)
(9.368948864360643 -0.049570010271155776 0.0)
(8.992297594908756 -0.04585912557836768 0.0)
(8.529356369755183 -0.0413959999812657 0.0)
(7.980209026579147 -0.03627684786821979 0.0)
(7.350425412785033 -0.030548462341843243 0.0)
(6.635943615389964 -0.023588614449733026 0.0)
(5.806824596137174 -0.015181927297572409 0.0)
(4.8637113837955335 -0.007242562358032887 0.0)
(3.8195143687476416 -0.002038089481828585 0.0)
(2.6609212901652906 -1.269227839250146e-05 0.0)
(1.3859007425638268 0.00016630217066267207 0.0)
(0.027501765008266663 1.9743263770349977e-05 0.0)
(-0.027486000040452385 1.981067320785073e-05 0.0)
(1.191939517298695 0.00016722655354044533 0.0)
(2.3170270305947755 -9.137819801811875e-06 0.0)
(3.380845923701633 -0.00203042218337667 0.0)
(4.381096544823942 -0.007230086522590697 0.0)
(5.303867929945258 -0.015162836896907983 0.0)
(6.162789997370964 -0.023560646250271194 0.0)
(6.960098777758786 -0.03051458302791057 0.0)
(7.664334000973712 -0.0362430503784907 0.0)
(8.270631699911645 -0.041364028907812905 0.0)
(8.785456459627415 -0.045828956136236255 0.0)
(9.20881750385267 -0.049541687620602404 0.0)
(9.541537804677844 -0.05246128122605234 0.0)
(9.783975027915293 -0.05456135951670393 0.0)
(9.936662488317777 -0.055826194417196974 0.0)
(10.000000000000005 -0.05624869674100738 0.0)
(9.974448622793332 -0.0558261944171985 0.0)
(9.860469416529165 -0.054561359516707056 0.0)
(9.65846219532216 -0.05246128122605571 0.0)
(9.368960273925099 -0.04954168762060787 0.0)
(8.99232131815037 -0.045828956136242126 0.0)
(8.529368300088349 -0.041364028907820656 0.0)
(7.9801104434707275 -0.03624305037849963 0.0)
(7.3510123333523305 -0.030514583027918128 0.0)
(6.637210002629055 -0.02356064625027803 0.0)
(5.807243181165851 -0.015162836896914979 0.0)
(4.863347899620487 -0.007230086522594815 0.0)
(3.819154076298344 -0.002030422183378226 0.0)
(2.660750747182999 -9.137819802335362e-06 0.0)
(1.3858382604790942 0.00016722655354021182 0.0)
(0.027486000040449134 1.9810673207828342e-05 0.0)
(-0.027475697684124913 1.98729657463799e-05 0.0)
(1.1919826585580262 0.00016805175648878113 0.0)
(2.3171683000713372 -6.1478334653891705e-06 0.0)
(3.381208342317034 -0.0020245182996262456 0.0)
(4.381582009565325 -0.0072213793893450865 0.0)
(5.303687304372443 -0.015149805377267197 0.0)
(6.161613036791382 -0.023540070107209803 0.0)
(6.959382808182278 -0.030487764597818375 0.0)
(7.664369156134976 -0.036215478946634995 0.0)
(8.270611487463354 -0.0413377354552428 0.0)
(8.785422552721965 -0.045803975707066034 0.0)
(9.208800335669618 -0.04951810686303773 0.0)
(9.54152703026608 -0.05243896376020091 0.0)
(9.783968879496955 -0.0545400354297044 0.0)
(9.936659785353541 -0.05580549616844357 0.0)
(10.000000000000005 -0.05622821441214637 0.0)
(9.974451325757569 -0.055805496168445094 0.0)
(9.860475564947505 -0.05454003542970752 0.0)
(9.658472969733925 -0.052438963760204245 0.0)
(9.36897744210815 -0.04951810686304317 0.0)
(8.992355225055821 -0.04580397570707189 0.0)
(8.52938851253664 -0.04133773545525051 0.0)
(7.9800752883094646 -0.0362154789466439 0.0)
(7.351728302928841 -0.030487764597825897 0.0)
(6.638386963208639 -0.023540070107216617 0.0)
(5.807423806738666 -0.015149805377274186 0.0)
(4.862862434879102 -0.007221379389349199 0.0)
(3.8187916576829424 -0.0020245182996277956 0.0)
(2.6606094777064375 -6.147833465908046e-06 0.0)
(1.385795119219763 0.0001680517564885492 0.0)
(0.027475697684121662 1.987296574635764e-05 0.0)
(-0.027471310605976882 1.9927404365778028e-05 0.0)
(1.1920045634439453 0.00016874152160003115 0.0)
(2.317274088919815 -3.853693912300296e-06 0.0)
(3.3815569630876037 -0.0020206372364268894 0.0)
(4.382168124440441 -0.007216823533797482 0.0)
(5.303752574612712 -0.015143405319775557 0.0)
(6.160577216365985 -0.02352779009862509 0.0)
(6.958569247989921 -0.03046918540431436 0.0)
(7.664339338695611 -0.036195345010918915 0.0)
(8.270583880997936 -0.04131827490975101 0.0)
(8.785379951960072 -0.04578528188520845 0.0)
(9.208778163206526 -0.04950030409380386 0.0)
(9.541513085004715 -0.05242200066677352 0.0)
(9.783961001072884 -0.0545237490611986 0.0)
(9.9366562625489 -0.05578964011823349 0.0)
(10.000000000000005 -0.05621250853462685 0.0)
(9.974454848562209 -0.055789640118235014 0.0)
(9.860483443371574 -0.05452374906120171 0.0)
(9.65848691499529 -0.05242200066677686 0.0)
(9.368999614571242 -0.0495003040938093 0.0)
(8.992397825817713 -0.04578528188521428 0.0)
(8.529416119002056 -0.04131827490975872 0.0)
(7.980105105748829 -0.036195345010927804 0.0)
(7.352541863121201 -0.030469185404321874 0.0)
(6.639422783634038 -0.02352779009863191 0.0)
(5.807358536498395 -0.01514340531978256 0.0)
(4.862276320003985 -0.007216823533801601 0.0)
(3.8184430369123716 -0.0020206372364284385 0.0)
(2.66050368885796 -3.853693912816715e-06 0.0)
(1.3857732143338441 0.00016874152159980025 0.0)
(0.027471310605973645 1.992740436575587e-05 0.0)
(-0.027473031566196186 1.997159713270141e-05 0.0)
(1.192004269495839 0.00016926554185709667 0.0)
(2.317339748971741 -2.3562014374982727e-06 0.0)
(3.381876468254468 -0.002018949520595376 0.0)
(4.382829136633946 -0.007216619131905944 0.0)
(5.304060872811119 -0.015143917931250672 0.0)
(6.159728048149283 -0.023524345785628644 0.0)
(6.957693843528199 -0.030459661783171412 0.0)
(7.6642458587793545 -0.03618353321964384 0.0)
(8.27055009349298 -0.04130650233210438 0.0)
(8.785330529141282 -0.04577369604299652 0.0)
(9.208751960680859 -0.0494890615340117 0.0)
(9.541496581623024 -0.052411137273062305 0.0)
(9.783951738806623 -0.05451321600442359 0.0)
(9.936652074689443 -0.05577932295240514 0.0)
(10.000000000000005 -0.056202269195973945 0.0)
(9.974459036421665 -0.05577932295240667 0.0)
(9.860492705637837 -0.05451321600442671 0.0)
(9.65850341837698 -0.05241113727306564 0.0)
(9.36902581709691 -0.04948906153401714 0.0)
(8.992447248636504 -0.04577369604300236 0.0)
(8.529449906507011 -0.04130650233211209 0.0)
(7.980198585665087 -0.03618353321965273 0.0)
(7.353417267582924 -0.030459661783178948 0.0)
(6.640271951850741 -0.023524345785635493 0.0)
(5.807050238299986 -0.015143917931257703 0.0)
(4.861615307810478 -0.007216619131910081 0.0)
(3.8181235317455067 -0.0020189495205969296 0.0)
(2.660438028806033 -2.356201438014502e-06 0.0)
(1.3857735082819505 0.0001692655418568663 0.0)
(0.027473031566192983 1.997159713267932e-05 0.0)
(-0.027480784948939196 2.0003602297819815e-05 0.0)
(1.1919817896292497 0.0001696007927685502 0.0)
(2.3173623952445563 -1.7211531207408446e-06 0.0)
(3.3821528193451127 -0.0020195293072777522 0.0)
(4.383536002479343 -0.007220775164715642 0.0)
(5.304598652908839 -0.01515132068848212 0.0)
(6.159102843039211 -0.023529888505032324 0.0)
(6.956795058467655 -0.030459612184879598 0.0)
(7.664092823722709 -0.036180562561309325 0.0)
(8.270511609509642 -0.04130293498782739 0.0)
(8.785276455813833 -0.04576972724114136 0.0)
(9.208722879383657 -0.04948487316117084 0.0)
(9.541478245249404 -0.0524068508967129 0.0)
(9.783941499665204 -0.054508899062624405 0.0)
(9.936647405782054 -0.05577499798835029 0.0)
(10.000000000000005 -0.056197946293995715 0.0)
(9.974463705329054 -0.05577499798835182 0.0)
(9.860502944779254 -0.05450889906262753 0.0)
(9.6585217547506 -0.05240685089671624 0.0)
(9.369054898394111 -0.04948487316117629 0.0)
(8.992501321963953 -0.045769727241147216 0.0)
(8.529488390490352 -0.041302934987835126 0.0)
(7.980351620721732 -0.03618056256131824 0.0)
(7.354316052643471 -0.03045961218488716 0.0)
(6.640897156960813 -0.02352988850503922 0.0)
(5.806512458202263 -0.015151320688489196 0.0)
(4.860908441965078 -0.007220775164719809 0.0)
(3.8178471806548617 -0.002019529307279318 0.0)
(2.660415382533218 -1.721153121259161e-06 0.0)
(1.38579598814854 0.00016960079276831982 0.0)
(0.027480784948936035 2.0003602297797758e-05 0.0)
(-0.0274942300847526 2.0022013612729727e-05 0.0)
(1.1919381115683891 0.00016973254402266662 0.0)
(2.3173410327024637 -1.9764518232782705e-06 0.0)
(3.382373873998185 -0.002022351121707886 0.0)
(4.384257663584562 -0.007229109023748168 0.0)
(5.3053422858322214 -0.015165288327860111 0.0)
(6.158729071404523 -0.023544174719885656 0.0)
(6.955912383779568 -0.0304690387886971 0.0)
(7.6638869576060955 -0.036186563561207925 0.0)
(8.270470119963742 -0.0413077296195013 0.0)
(8.785220107860807 -0.04577354986153575 0.0)
(9.208692197093919 -0.049487923004721476 0.0)
(9.541458881550568 -0.0524093298732604 0.0)
(9.78393073353777 -0.054510987914326056 0.0)
(9.936642460969983 -0.055776855257077214 0.0)
(10.000000000000005 -0.05619972976909657 0.0)
(9.974468650141125 -0.055776855257078754 0.0)
(9.860513710906687 -0.05451098791432919 0.0)
(9.658541118449437 -0.052409329873263764 0.0)
(9.36908558068385 -0.04948792300472696 0.0)
(8.992557669916978 -0.04577354986154165 0.0)
(8.529529880036252 -0.04130772961950906 0.0)
(7.980557486838347 -0.03618656356121688 0.0)
(7.35519872733156 -0.030469038788704734 0.0)
(6.6412709285955005 -0.02354417471989263 0.0)
(5.805768825278879 -0.01516528832786725 0.0)
(4.860186780859857 -0.007229109023752374 0.0)
(3.817626126001789 -0.002022351121709467 0.0)
(2.6604367450753115 -1.976451823800866e-06 0.0)
(1.3858396662094008 0.0001697325440224357 0.0)
(0.027494230084749494 2.0022013612707664e-05 0.0)
(-0.027512776218965928 2.0026022117936562e-05 0.0)
(1.191875154447345 0.00016965500671037222 0.0)
(2.31727659997648 -3.1108801871768422e-06 0.0)
(3.3825299194766365 -0.002027290978522079 0.0)
(4.38496241148088 -0.007241254534483995 0.0)
(5.30625909771105 -0.015185207136863452 0.0)
(6.158623156087053 -0.023566576720043874 0.0)
(6.955084602574924 -0.030487527406897686 0.0)
(7.663637305810055 -0.036201272546382605 0.0)
(8.270427447830023 -0.04132067555978186 0.0)
(8.78516396110818 -0.045784995945232866 0.0)
(9.208661261935323 -0.04949807706011754 0.0)
(9.541439341332017 -0.052418465281010476 0.0)
(9.783919913468267 -0.05451939077920624 0.0)
(9.936637457519225 -0.05578481315359584 0.0)
(10.000000000000005 -0.05620754125864334 0.0)
(9.974473653591884 -0.05578481315359738 0.0)
(9.860524530976193 -0.05451939077920939 0.0)
(9.658560658667987 -0.052418465281013855 0.0)
(9.369116515842446 -0.04949807706012305 0.0)
(8.992613816669605 -0.04578499594523879 0.0)
(8.52957255216997 -0.041320675559789695 0.0)
(7.980807138634388 -0.03620127254639165 0.0)
(7.356026508536206 -0.030487527406905388 0.0)
(6.64137684391297 -0.02356657672005093 0.0)
(5.804852013400048 -0.015185207136870667 0.0)
(4.859482032963538 -0.007241254534488246 0.0)
(3.8174700805233375 -0.002027290978523681 0.0)
(2.6605011778012955 -3.1108801877057025e-06 0.0)
(1.3859026233304452 0.00016965500671014028 0.0)
(0.027512776218962892 2.002602211791445e-05 0.0)
(-0.027535608468371043 2.001545168705488e-05 0.0)
(1.191795684486839 0.0001693715876793187 0.0)
(2.3171719281227094 -5.07459350550487e-06 0.0)
(3.382614099427622 -0.0020341318294491294 0.0)
(4.385619280835033 -0.0072566780454009746 0.0)
(5.307308805508628 -0.01521020191946497 0.0)
(6.158789750812082 -0.02359611020260333 0.0)
(6.9543480860454725 -0.03051426568342157 0.0)
(7.663354837577781 -0.03622404323093414 0.0)
(8.27038546804398 -0.04134120398773711 0.0)
(8.78511048254154 -0.04580356257225505 0.0)
(9.208631433142143 -0.04951488917674124 0.0)
(9.541420483155207 -0.052433855726859324 0.0)
(9.78390951487075 -0.05453373845075471 0.0)
(9.936632615272254 -0.055798522022491685 0.0)
(10.000000000000005 -0.05622103754007607 0.0)
(9.974478495838856 -0.05579852202249324 0.0)
(9.860534929573708 -0.05453373845075789 0.0)
(9.658579516844798 -0.052433855726862745 0.0)
(9.369146344635627 -0.04951488917674679 0.0)
(8.992667295236245 -0.04580356257226104 0.0)
(8.529614531956014 -0.04134120398774501 0.0)
(7.981089606866662 -0.03622404323094325 0.0)
(7.356763025065658 -0.03051426568342937 0.0)
(6.641210249187939 -0.023596110202610484 0.0)
(5.803802305602466 -0.015210201919472265 0.0)
(4.858825163609384 -0.007256678045405279 0.0)
(3.817385900572352 -0.0020341318294507557 0.0)
(2.660605849655066 -5.074593506041723e-06 0.0)
(1.3859820932909515 0.00016937158767908525 0.0)
(0.027535608468368084 2.0015451687032687e-05 0.0)
(-0.027561723625699513 1.9990766765479567e-05 0.0)
(1.1917031934515496 0.00016889473984323008 0.0)
(2.317031616230915 -7.78130980756705e-06 0.0)
(3.382622715138097 -0.0020425731000142853 0.0)
(4.386199410009308 -0.007274701875645931 0.0)
(5.308445286984716 -0.015239174450643813 0.0)
(6.159221535712171 -0.02363147752037034 0.0)
(6.953735195380099 -0.0305480787873146 0.0)
(7.663051964046639 -0.03625387511264112 0.0)
(8.270346025120606 -0.04136841292179838 0.0)
(8.785062021911271 -0.045828433958977656 0.0)
(9.208604021336981 -0.049537620660945025 0.0)
(9.541403135613928 -0.05245482498277239 0.0)
(9.783899994640572 -0.05455340051853197 0.0)
(9.936628146988541 -0.055817379521145134 0.0)
(10.000000000000005 -0.05623962561147934 0.0)
(9.974482964122567 -0.0558173795211467 0.0)
(9.860544449803886 -0.05455340051853516 0.0)
(9.658596864386077 -0.05245482498277585 0.0)
(9.369173756440787 -0.04953762066095063 0.0)
(8.992715755866515 -0.04582843395898371 0.0)
(8.529653974879388 -0.04136841292180634 0.0)
(7.981392480397805 -0.03625387511265031 0.0)
(7.357375915731033 -0.0305480787873225 0.0)
(6.640778464287848 -0.023631477520377604 0.0)
(5.802665824126374 -0.015239174450651198 0.0)
(4.858245034435108 -0.007274701875650292 0.0)
(3.817377284861877 -0.0020425731000159393 0.0)
(2.6607461615468617 -7.781309808113265e-06 0.0)
(1.386074584326241 0.00016889473984299473 0.0)
(0.02756172362569663 1.999076676545726e-05 0.0)
(-0.027589974238714645 1.995305196350485e-05 0.0)
(1.19160174522836 0.0001682454150236556 0.0)
(2.316861829348928 -1.1112100930848257e-05 0.0)
(3.3825553880495063 -0.0020522438962317815 0.0)
(4.3866773091891025 -0.0072945340910915675 0.0)
(5.30961860722239 -0.015270851730383733 0.0)
(6.1598995389487365 -0.0236711246981049 0.0)
(6.953272859873388 -0.030587481032651038 0.0)
(7.662741992925496 -0.036289457433197204 0.0)
(8.270310852109796 -0.04140110685118034 0.0)
(8.78502070848881 -0.04585851730216899 0.0)
(9.20858023094441 -0.04956527273289907 0.0)
(9.541388060927405 -0.05248045169800701 0.0)
(9.783891771079231 -0.0545775130672506 0.0)
(9.936624248996301 -0.05584055708556417 0.0)
(10.000000000000005 -0.05626248874700163 0.0)
(9.974486862114809 -0.055840557085565755 0.0)
(9.860552673365227 -0.05457751306725382 0.0)
(9.6586119390726 -0.052480451698010515 0.0)
(9.36919754683336 -0.04956527273290473 0.0)
(8.992757069288977 -0.04585851730217511 0.0)
(8.529689147890195 -0.0414011068511884 0.0)
(7.981702451518949 -0.036289457433206496 0.0)
(7.3578382512377445 -0.030587481032659052 0.0)
(6.640100461051279 -0.023671124698112275 0.0)
(5.8014925038886975 -0.015270851730391204 0.0)
(4.857767135255313 -0.007294534091095983 0.0)
(3.8174446119504686 -0.002052243896233464 0.0)
(2.660915948428849 -1.1112100931404786e-05 0.0)
(1.3861760325494308 0.00016824541502341808 0.0)
(0.027589974238711845 1.9953051963482406e-05 0.0)
(-0.027619119027163592 1.9903964400532224e-05 0.0)
(1.191495797266603 0.0001674521433652613 0.0)
(2.3166700276017274 -1.4920618006901668e-05 0.0)
(3.3824150763909504 -0.0020627193010080438 0.0)
(4.38703198035875 -0.007315303300473214 0.0)
(5.310777212676935 -0.0153038419169649 0.0)
(6.160793970299937 -0.02371330971134981 0.0)
(6.952981393701685 -0.030630741156855174 0.0)
(7.662438543778339 -0.03632922677053319 0.0)
(8.270281494449302 -0.04143784926443782 0.0)
(8.78498835751036 -0.04589249079476516 0.0)
(9.208561107270752 -0.04959663041114974 0.0)
(9.541375921449786 -0.052509609881578545 0.0)
(9.783885205514967 -0.05460501663563258 0.0)
(9.93662109256618 -0.05586703633597039 0.0)
(10.000000000000005 -0.056288622382294984 0.0)
(9.97449001854493 -0.055867036335972 0.0)
(9.860559238929492 -0.05460501663563583 0.0)
(9.658624078550218 -0.05250960988158209 0.0)
(9.369216670507019 -0.04959663041115546 0.0)
(8.992789420267426 -0.04589249079477135 0.0)
(8.52971850555069 -0.04143784926444596 0.0)
(7.982005900666107 -0.03632922677054258 0.0)
(7.358129717409447 -0.0306307411568633 0.0)
(6.639206029700076 -0.023713309711357298 0.0)
(5.80033389843415 -0.015303841916972462 0.0)
(4.857412464085664 -0.007315303300477685 0.0)
(3.817584923609025 -0.002062719301009754 0.0)
(2.66110775017605 -1.4920618007469025e-05 0.0)
(1.3862819805111883 0.00016745214336502133 0.0)
(0.02761911902716087 1.9903964400509618e-05 0.0)
(-0.027647877422360797 1.9845660894275545e-05 0.0)
(1.1913900047258914 0.00016654977977346736 0.0)
(2.316464638407193 -1.9039521762890582e-05 0.0)
(3.382207945200014 -0.0020735390442214135 0.0)
(4.387247839915909 -0.007336096942726835 0.0)
(5.3118701963442865 -0.015336695481942783 0.0)
(6.161865530088516 -0.0237561790277984 0.0)
(6.9528736033553535 -0.030675958389211635 0.0)
(7.662154949605548 -0.03637143573272248 0.0)
(8.270259242061014 -0.04147702576715062 0.0)
(8.784966390418727 -0.04592886170365423 0.0)
(9.208547490575244 -0.04963031589668196 0.0)
(9.541367250567511 -0.05254101837624424 0.0)
(9.783880586426662 -0.05463470276719955 0.0)
(9.936618816385941 -0.05589565382254336 0.0)
(10.000000000000005 -0.05631687825323477 0.0)
(9.974492294725168 -0.05589565382254497 0.0)
(9.860563858017796 -0.054634702767202836 0.0)
(9.658632749432494 -0.05254101837624781 0.0)
(9.369230287202525 -0.04963031589668773 0.0)
(8.992811387359058 -0.045928861703660485 0.0)
(8.52974075793898 -0.041477025767158844 0.0)
(7.9822894948388985 -0.036371435732731966 0.0)
(7.358237507755779 -0.03067595838921987 0.0)
(6.638134469911495 -0.023756179027805992 0.0)
(5.799240914766797 -0.015336695481950421 0.0)
(4.857196604528506 -0.0073360969427313585 0.0)
(3.8177920547999626 -0.0020735390442231517 0.0)
(2.6613131393705847 -1.9039521763468794e-05 0.0)
(1.3863877730518999 0.0001665497797732249 0.0)
(0.027647877422358143 1.9845660894252763e-05 0.0)
(-0.02767498583303329 1.978070319413648e-05 0.0)
(1.1912890159369227 0.0001655779724536698 0.0)
(2.316254686190785 -2.328783510309831e-05 0.0)
(3.38194309544229 -0.0020842277261492567 0.0)
(4.387315403386539 -0.007356001383252702 0.0)
(5.312849534521659 -0.015367968899776147 0.0)
(6.163067135937726 -0.02379784904811311 0.0)
(6.952954224945013 -0.030721145967253272 0.0)
(7.661903671016256 -0.03641422973518559 0.0)
(8.270245072674166 -0.04151691501546094 0.0)
(8.784955772407733 -0.04596603195763831 0.0)
(9.208539979150578 -0.04966484911088728 0.0)
(9.541362429263282 -0.052573297150208684 0.0)
(9.783878116768607 -0.05466526710763972 0.0)
(9.936617520466783 -0.055925152145277275 0.0)
(10.000000000000005 -0.05634601484854454 0.0)
(9.974493590644325 -0.0559251521452789 0.0)
(9.860566327675851 -0.05466526710764302 0.0)
(9.658637570736722 -0.0525732971502123 0.0)
(9.369237798627193 -0.04966484911089311 0.0)
(8.992822005370053 -0.04596603195764464 0.0)
(8.529754927325827 -0.041516915015469245 0.0)
(7.982540773428191 -0.036414229735195175 0.0)
(7.3581568861661175 -0.030721145967261613 0.0)
(6.636932864062281 -0.02379784904812079 0.0)
(5.7982615765894225 -0.015367968899783858 0.0)
(4.857129041057876 -0.007356001383257271 0.0)
(3.818056904557687 -0.002084227726151021 0.0)
(2.6615230915869934 -2.3287835103686923e-05 0.0)
(1.386488761840869 0.0001655779724534248 0.0)
(0.027674985833030692 1.978070319411352e-05 0.0)
)
