(
(4.1360169120317e-05 -8.045309393858332e-05 0.0)
(1.30544315273149 -0.001155025888260851 0.0)
(2.557390383588788 -0.004837916481093521 0.0)
(3.7406427053335274 -0.011790316847074668 0.0)
(4.818047701167785 -0.021432484566229877 0.0)
(5.758949863497475 -0.03333806295945298 0.0)
(6.56345628528532 -0.04729069520844276 0.0)
(7.278623919897499 -0.06177887555658651 0.0)
(7.924818690087004 -0.0749848800658471 0.0)
(8.484494526605285 -0.08654544983224201 0.0)
(8.9564138198908 -0.09652417324408949 0.0)
(9.341211757922625 -0.10481650854050252 0.0)
(9.638220876068246 -0.11133524924494974 0.0)
(9.847222640472692 -0.11602328763573148 0.0)
(9.96790969421845 -0.11884754036946886 0.0)
(10.000000000000002 -0.11979052081035259 0.0)
(9.943201416892686 -0.11884754036946775 0.0)
(9.797221803971746 -0.11602328763572958 0.0)
(9.561779123931771 -0.11133524924494624 0.0)
(9.236566019855168 -0.10481650854049925 0.0)
(8.821363957886986 -0.09652417324408591 0.0)
(8.315505473394744 -0.08654544983223797 0.0)
(7.719625754357443 -0.07498488006584335 0.0)
(7.032487191213604 -0.06177887555658289 0.0)
(6.236543714714697 -0.04729069520843854 0.0)
(5.352161247613607 -0.033338062959448966 0.0)
(4.42639674327658 -0.021432484566227785 0.0)
(3.4593572946664315 -0.011790316847074071 0.0)
(2.4203873941889684 -0.004837916481093729 0.0)
(1.2723346250462748 -0.001155025888260852 0.0)
(-4.1360169132739264e-05 -8.045309393858289e-05 0.0)
(9.303598406162381e-07 -8.051869591937069e-05 0.0)
(1.3052964967190002 -0.0011560961031821216 0.0)
(2.5571283900295514 -0.0048431085107617745 0.0)
(3.740465414253171 -0.011804726314034288 0.0)
(4.818573581956628 -0.021461219994287177 0.0)
(5.7605697844135415 -0.03338375114917376 0.0)
(6.564649303160362 -0.04734890033287266 0.0)
(7.278174172051791 -0.06183824694146896 0.0)
(7.92439374428227 -0.07503929880913275 0.0)
(8.484452104874828 -0.0865956811460681 0.0)
(8.956366427588272 -0.09657058203418437 0.0)
(9.341183902323174 -0.10485931500432034 0.0)
(9.638203200532589 -0.11137503150153981 0.0)
(9.847213062952795 -0.11606079725735445 0.0)
(9.967905103802364 -0.11888364368023423 0.0)
(10.000000000000002 -0.11982614988156577 0.0)
(9.943206007308774 -0.11888364368023314 0.0)
(9.797231381491645 -0.1160607972573526 0.0)
(9.561796799467428 -0.11137503150153637 0.0)
(9.236593875454618 -0.10485931500431712 0.0)
(8.821411350189514 -0.09657058203418087 0.0)
(8.315547895125201 -0.08659568114606414 0.0)
(7.720050700162178 -0.07503929880912914 0.0)
(7.0329369390593115 -0.06183824694146549 0.0)
(6.235350696839651 -0.04734890033286861 0.0)
(5.350541326697536 -0.033383751149169874 0.0)
(4.425870862487736 -0.021461219994285154 0.0)
(3.4595345857467885 -0.011804726314033733 0.0)
(2.420649387748206 -0.0048431085107619965 0.0)
(1.272481281058765 -0.0011560961031821262 0.0)
(-9.303598529320811e-07 -8.051869591937047e-05 0.0)
(-3.928394771730656e-05 -8.059769859527186e-05 0.0)
(1.3051488815161434 -0.0011573273016682033 0.0)
(2.5568453136276053 -0.004848775789780851 0.0)
(3.7401933554404567 -0.011819732392339051 0.0)
(4.818909763414214 -0.021490220038157752 0.0)
(5.762111026054317 -0.033429614940591865 0.0)
(6.56609933537738 -0.047408528273267234 0.0)
(7.27797740870024 -0.061900828582686765 0.0)
(7.9239931270836115 -0.07509756215146236 0.0)
(8.48441926882382 -0.08664971573920092 0.0)
(8.956333161263258 -0.0966207122118107 0.0)
(9.341163516447972 -0.10490571671927586 0.0)
(9.63819022878967 -0.11141827649165446 0.0)
(9.847206127805105 -0.11610165674133428 0.0)
(9.967901706260553 -0.11892302364944267 0.0)
(10.000000000000002 -0.11986502945495876 0.0)
(9.943209404850583 -0.11892302364944161 0.0)
(9.797238316639334 -0.11610165674133249 0.0)
(9.561809771210347 -0.11141827649165108 0.0)
(9.23661426132982 -0.10490571671927272 0.0)
(8.821444616514528 -0.09662071221180732 0.0)
(8.31558073117621 -0.08664971573919711 0.0)
(7.720451317360837 -0.0750975621514589 0.0)
(7.033133702410863 -0.06190082858268346 0.0)
(6.233900664622628 -0.047408528273263334 0.0)
(5.349000085056757 -0.03342961494058809 0.0)
(4.425534681030151 -0.021490220038155806 0.0)
(3.459806644559504 -0.011819732392338538 0.0)
(2.420932464150153 -0.0048487757897810865 0.0)
(1.2726288962616221 -0.0011573273016682118 0.0)
(3.928394770508868e-05 -8.059769859527188e-05 0.0)
(-7.751581044935279e-05 -8.068663073323907e-05 0.0)
(1.3050067930648788 -0.0011586653871100319 0.0)
(2.5565535922421776 -0.0048546693082786455 0.0)
(3.7398384826618982 -0.011834675742361094 0.0)
(4.819041474342322 -0.021518210488968022 0.0)
(5.763505869081726 -0.03347363916261781 0.0)
(6.567742670173519 -0.047466959087011776 0.0)
(7.278042275264542 -0.06196387075741472 0.0)
(7.92363444087783 -0.07515711010816374 0.0)
(8.48439746120827 -0.08670517943047178 0.0)
(8.956315482577217 -0.0966723611486742 0.0)
(9.341151496015081 -0.10495367487890349 0.0)
(9.638182530794143 -0.11146308410954257 0.0)
(9.847202139747328 -0.11614407079669527 0.0)
(9.967899650874793 -0.11896394999329084 0.0)
(10.000000000000002 -0.11990545123320485 0.0)
(9.943211460236343 -0.11896394999328978 0.0)
(9.797242304697113 -0.11614407079669348 0.0)
(9.561817469205874 -0.11146308410953924 0.0)
(9.23662628176271 -0.10495367487890044 0.0)
(8.821462295200568 -0.0966723611486709 0.0)
(8.31560253879176 -0.08670517943046807 0.0)
(7.720810003566619 -0.07515711010816041 0.0)
(7.03306883584656 -0.061963870757411554 0.0)
(6.232257329826484 -0.047466959087008 0.0)
(5.347605242029346 -0.033473639162614144 0.0)
(4.425402970102043 -0.021518210488966138 0.0)
(3.4601615173380633 -0.011834675742360612 0.0)
(2.4212241855355816 -0.004854669308278897 0.0)
(1.2727709847128872 -0.0011586653871100438 0.0)
(7.751581043722008e-05 -8.068663073323934e-05 0.0)
(-0.00011208539025029242 -8.078158481782676e-05 0.0)
(1.3048764744718113 -0.0011600515664812515 0.0)
(2.5562660435772546 -0.004860530115834251 0.0)
(3.7394163883781637 -0.011848899780638524 0.0)
(4.81896292760373 -0.02154396149751646 0.0)
(5.764693026644938 -0.033513889471475836 0.0)
(6.5695071024242315 -0.04752162543104649 0.0)
(7.278365921626533 -0.06202460350782765 0.0)
(7.923333445680609 -0.07521532625095935 0.0)
(8.484387640214909 -0.08675963524675413 0.0)
(8.956314168299276 -0.09672325948497812 0.0)
(9.341148369180333 -0.1050010822894062 0.0)
(9.638180444781849 -0.11150748559044736 0.0)
(9.847201274007423 -0.1161861758274391 0.0)
(9.967899027954973 -0.1190046244831026 0.0)
(10.000000000000002 -0.11994563915731744 0.0)
(9.943212083156165 -0.11900462448310158 0.0)
(9.797243170437017 -0.11618617582743737 0.0)
(9.561819555218168 -0.11150748559044406 0.0)
(9.236629408597459 -0.1050010822894032 0.0)
(8.82146360947851 -0.0967232594849749 0.0)
(8.31561235978512 -0.08675963524675054 0.0)
(7.72111099876384 -0.0752153262509561 0.0)
(7.032745189484567 -0.06202460350782461 0.0)
(6.2304928975757665 -0.047521625431042824 0.0)
(5.346418084466131 -0.03351388947147224 0.0)
(4.4254815168406365 -0.02154396149751463 0.0)
(3.460583611621799 -0.011848899780638076 0.0)
(2.4215117342005046 -0.0048605301158345165 0.0)
(1.2729013033059549 -0.0011600515664812665 0.0)
(0.00011208539023822832 -8.078158481782727e-05 0.0)
(-0.00014147376302693106 -8.087838874027175e-05 0.0)
(1.3047636516975094 -0.0011614249335962338 0.0)
(2.5559953019951185 -0.004866100699285724 0.0)
(3.738945618639881 -0.011861779528951582 0.0)
(4.818677574398435 -0.021566341611597588 0.0)
(5.76562033721247 -0.03354859734223055 0.0)
(6.57131510620436 -0.04757012536622374 0.0)
(7.278934127357162 -0.06208035834797987 0.0)
(7.92310336667026 -0.07526965266903814 0.0)
(8.48439023736022 -0.08681069049910468 0.0)
(8.9563292761764 -0.09677117084094114 0.0)
(9.341154273331124 -0.10504585595589587 0.0)
(9.638184062408353 -0.11154953001452807 0.0)
(9.847203568624419 -0.11622612181554394 0.0)
(9.967899864871047 -0.11904325995620753 0.0)
(10.000000000000002 -0.11998382744343279 0.0)
(9.94321124624009 -0.11904325995620653 0.0)
(9.797240875820021 -0.11622612181554223 0.0)
(9.561815937591664 -0.11154953001452482 0.0)
(9.236623504446667 -0.10504585595589293 0.0)
(8.821448501601386 -0.09677117084093798 0.0)
(8.31560976263981 -0.08681069049910115 0.0)
(7.72134107777419 -0.075269652669035 0.0)
(7.032176983753936 -0.06208035834797693 0.0)
(6.228684893795634 -0.04757012536622017 0.0)
(5.345490773898598 -0.033548597342227024 0.0)
(4.425766870045933 -0.0215663416115958 0.0)
(3.461054381360084 -0.011861779528951158 0.0)
(2.4217824757826416 -0.004866100699286 0.0)
(1.273014126080257 -0.0011614249335962518 0.0)
(0.0001414737630149161 -8.087838874027251e-05 0.0)
(-0.0001643896574439717 -8.097278911331958e-05 0.0)
(1.3046732819682723 -0.001162725145216451 0.0)
(2.5557532633855797 -0.004871136297387294 0.0)
(3.7384468582081007 -0.011872749074722222 0.0)
(4.818197952624237 -0.021584367489941948 0.0)
(5.76624705645445 -0.033576237774537276 0.0)
(6.573087241135454 -0.047610327894119966 0.0)
(7.279721926536127 -0.06212868551219565 0.0)
(7.922954313097579 -0.07531770235897713 0.0)
(8.484405138530388 -0.08685610191313804 0.0)
(8.956360142396106 -0.09681399007923358 0.0)
(9.341168949049871 -0.10508602860537807 0.0)
(9.63819322472176 -0.1115873700267087 0.0)
(9.847208922777043 -0.11626215360737154 0.0)
(9.967902124850458 -0.11907815884059901 0.0)
(10.000000000000002 -0.12001833816812245 0.0)
(9.943208986260679 -0.11907815884059801 0.0)
(9.797235521667398 -0.11626215360736983 0.0)
(9.561806775278257 -0.11158737002670548 0.0)
(9.236608828727922 -0.10508602860537515 0.0)
(8.821417635381678 -0.0968139900792305 0.0)
(8.315594861469641 -0.08685610191313459 0.0)
(7.721490131346871 -0.07531770235897407 0.0)
(7.031389184574968 -0.062128685512192805 0.0)
(6.226912758864536 -0.047610327894116455 0.0)
(5.344864054656618 -0.03357623777453378 0.0)
(4.426246491820133 -0.021584367489940182 0.0)
(3.461553141791865 -0.01187274907472182 0.0)
(2.422024514392181 -0.004871136297387581 0.0)
(1.2731044958094941 -0.001162725145216472 0.0)
(0.0001643896574319841 -8.097278911332056e-05 0.0)
(-0.00017982619102417362 -8.106063815727911e-05 0.0)
(1.304609335964676 -0.0011638950724219804 0.0)
(2.555550562482345 -0.004875415655170751 0.0)
(3.7379420217037396 -0.0118813264361775 0.0)
(4.817545135984452 -0.021597247108432492 0.0)
(5.7665456474739365 -0.03359559629836717 0.0)
(6.5747456428506705 -0.04764046658920787 0.0)
(7.280694704708743 -0.06216746159329144 0.0)
(7.922892834103864 -0.07535736410530482 0.0)
(8.484431688995256 -0.08689387419439946 0.0)
(8.956405410753172 -0.09684983580086048 0.0)
(9.34119175151234 -0.1051198351251283 0.0)
(9.638207529146788 -0.11161934300608035 0.0)
(9.847217101213623 -0.11629268803190727 0.0)
(9.967905708593843 -0.11910778774314261 0.0)
(10.000000000000002 -0.12004765499327916 0.0)
(9.943205402517293 -0.11910778774314161 0.0)
(9.797227343230816 -0.1162926880319056 0.0)
(9.561792470853229 -0.11161934300607719 0.0)
(9.236586026265453 -0.10511983512512545 0.0)
(8.821372367024614 -0.09684983580085743 0.0)
(8.315568311004773 -0.08689387419439606 0.0)
(7.721551610340585 -0.07535736410530182 0.0)
(7.030416406402349 -0.062167461593288634 0.0)
(6.225254357149317 -0.047640466589204386 0.0)
(5.3445654636371325 -0.0335955962983637 0.0)
(4.42689930845992 -0.02159724710843074 0.0)
(3.4620579782962273 -0.011881326436177108 0.0)
(2.422227215295416 -0.004875415655171044 0.0)
(1.2731684418130906 -0.0011638950724220036 0.0)
(0.00017982619101219056 -8.106063815728027e-05 0.0)
(-0.0001871051107223628 -8.113807594587408e-05 0.0)
(1.3045746233571325 -0.0011648833107517325 0.0)
(2.555396105592271 -0.004878750745483949 0.0)
(3.7374532907192264 -0.011887134739746912 0.0)
(4.816747808047939 -0.021604414560195344 0.0)
(5.76650299072779 -0.033605822335598584 0.0)
(6.576217444212603 -0.04765921721236245 0.0)
(7.281809719781752 -0.06219498284120269 0.0)
(7.922921630963628 -0.07538689524344667 0.0)
(8.484468722175974 -0.08692234769795275 0.0)
(8.956463092238803 -0.09687713301039144 0.0)
(9.341221678820046 -0.10514579011851606 0.0)
(9.638226347173164 -0.1116440441184224 0.0)
(9.84722774458862 -0.11631638346239824 0.0)
(9.967910458638075 -0.11913084482406504 0.0)
(10.000000000000002 -0.12007048979123915 0.0)
(9.943200652473061 -0.11913084482406404 0.0)
(9.79721669985582 -0.11631638346239659 0.0)
(9.561773652826853 -0.11164404411841923 0.0)
(9.236556098957745 -0.10514579011851323 0.0)
(8.821314685538981 -0.09687713301038842 0.0)
(8.315531277824055 -0.08692234769794935 0.0)
(7.7215228134808225 -0.0753868952434437 0.0)
(7.029301391329336 -0.0621949828411999 0.0)
(6.223782555787381 -0.04765921721235897 0.0)
(5.344608120383281 -0.0336058223355951 0.0)
(4.427696636396436 -0.021604414560193585 0.0)
(3.4625467092807414 -0.01188713473974652 0.0)
(2.42238167218549 -0.004878750745484246 0.0)
(1.273203154420634 -0.0011648833107517575 0.0)
(0.00018710511071036114 -8.113807594587538e-05 0.0)
(-0.000185906594123408 -8.120170000434203e-05 0.0)
(1.3045706693541126 -0.0011656464388214293 0.0)
(2.555296679268537 -0.0048809950305599035 0.0)
(3.7370021391999133 -0.011889918779197607 0.0)
(4.815841001945556 -0.021605554920512533 0.0)
(5.766120960475398 -0.03360646657286358 0.0)
(6.577437976961994 -0.047665755895505604 0.0)
(7.283017980032709 -0.06221004002264488 0.0)
(7.9230394383955325 -0.07540499822921844 0.0)
(8.484514610902327 -0.08694027135014253 0.0)
(8.956530652434045 -0.09689468231837853 0.0)
(9.34125741602184 -0.1051627531706152 0.0)
(9.63824885197124 -0.1116603880420479 0.0)
(9.847240385251606 -0.1163321987649782 0.0)
(9.9679161662749 -0.11914631699741234 0.0)
(10.000000000000002 -0.12008583924275511 0.0)
(9.943194944836238 -0.11914631699741136 0.0)
(9.797204059192833 -0.11633219876497655 0.0)
(9.561751148028778 -0.11166038804204474 0.0)
(9.236520361755952 -0.10516275317061237 0.0)
(8.821247125343739 -0.09689468231837547 0.0)
(8.315485389097702 -0.08694027135013913 0.0)
(7.721405006048917 -0.07540499822921544 0.0)
(7.028093131078376 -0.06221004002264209 0.0)
(6.222562023037989 -0.04766575589550209 0.0)
(5.344990150635676 -0.03360646657286004 0.0)
(4.428603442498821 -0.021605554920510753 0.0)
(3.462997860800056 -0.011889918779197208 0.0)
(2.4224810985092238 -0.004880995030560202 0.0)
(1.2732071084236536 -0.0011656464388214547 0.0)
(0.00018590659411136552 -8.120170000434344e-05 0.0)
(-0.00017628330185404323 -8.124871480795082e-05 0.0)
(1.3045976476872754 -0.001166150926179791 0.0)
(2.555256652121913 -0.004882049900618181 0.0)
(3.7366083899181994 -0.011889556228929376 0.0)
(4.8148645610784895 -0.021600618084037945 0.0)
(5.7654163424271445 -0.0335975007035553 0.0)
(6.578353613122735 -0.047659795340862204 0.0)
(7.284266396716636 -0.06221197155261181 0.0)
(7.923241080156544 -0.07541087765054376 0.0)
(8.484567338907633 -0.08694685761848202 0.0)
(8.956605122867519 -0.09690171264033429 0.0)
(9.341297392890453 -0.10516997895594953 0.0)
(9.638274054721355 -0.11166765665485316 0.0)
(9.847254467794977 -0.1163394390441851 0.0)
(9.967922580721197 -0.11915352444419318 0.0)
(10.000000000000002 -0.1200930289210085 0.0)
(9.943188530389941 -0.11915352444419221 0.0)
(9.797189976649463 -0.11633943904418342 0.0)
(9.56172594527866 -0.11166765665484997 0.0)
(9.236480384887338 -0.10516997895594667 0.0)
(8.821172654910265 -0.09690171264033123 0.0)
(8.315432661092396 -0.08694685761847859 0.0)
(7.721203364287904 -0.07541087765054076 0.0)
(7.0268447143944455 -0.06221197155260896 0.0)
(6.2216463868772465 -0.04765979534085861 0.0)
(5.345694768683932 -0.03359750070355172 0.0)
(4.429579883365891 -0.02160061808403613 0.0)
(3.46339161008177 -0.011889556228928963 0.0)
(2.422521125655848 -0.004882049900618476 0.0)
(1.2731801300904908 -0.0011661509261798168 0.0)
(0.00017628330184193936 -8.124871480795228e-05 0.0)
(-0.0001586580637712686 -8.1277054612241e-05 0.0)
(1.3046543729780167 -0.0011663746065752251 0.0)
(2.555277782871993 -0.004881869006598249 0.0)
(3.7362893434971807 -0.011886063018737741 0.0)
(4.8138613884720876 -0.02158982096633459 0.0)
(5.76442009621101 -0.03357931867156859 0.0)
(6.578924121317033 -0.047641597444298744 0.0)
(7.285500116688356 -0.06220069256321034 0.0)
(7.923517696476576 -0.07540427517640573 0.0)
(8.4846245894198 -0.08694181711438963 0.0)
(8.956683231444616 -0.09689791507677362 0.0)
(9.341339852915416 -0.10516714998673062 0.0)
(9.638300848060783 -0.11166553058728902 0.0)
(9.847269373457538 -0.11633778617539627 0.0)
(9.967929420137931 -0.11915215048238166 0.0)
(10.000000000000002 -0.12009174292468998 0.0)
(9.943181690973207 -0.11915215048238066 0.0)
(9.797175070986903 -0.11633778617539459 0.0)
(9.561699151939234 -0.1116655305872858 0.0)
(9.236437924862376 -0.1051671499867277 0.0)
(8.82109454633317 -0.09689791507677054 0.0)
(8.315375410580229 -0.08694181711438614 0.0)
(7.720926747967871 -0.07540427517640265 0.0)
(7.025610994422723 -0.06220069256320741 0.0)
(6.221075878682949 -0.04764159744429507 0.0)
(5.34669101490007 -0.033579318671564926 0.0)
(4.430583055972296 -0.02158982096633272 0.0)
(3.4637106565027898 -0.011886063018737307 0.0)
(2.4224999949057677 -0.004881869006598539 0.0)
(1.273123404799749 -0.00116637460657525 0.0)
(0.00015865806375908563 -8.127705461224246e-05 0.0)
(-0.00013380530059197955 -8.128547421805829e-05 0.0)
(1.3047383528208376 -0.0011663076519003678 0.0)
(2.555359143072277 -0.00488046029665241 0.0)
(3.7360590182529165 -0.011879592633887876 0.0)
(4.812875561695424 -0.02157363797300159 0.0)
(5.763175995063149 -0.03355271936212585 0.0)
(6.579124434458546 -0.04761196178809811 0.0)
(7.286664932549337 -0.06217669863260045 0.0)
(7.923857133340583 -0.07538548090743909 0.0)
(8.484683846956063 -0.0869253713083938 0.0)
(8.956761546217354 -0.09688345648569197 0.0)
(9.341382930480908 -0.10515439056269048 0.0)
(9.638328054739201 -0.11165410325487472 0.0)
(9.847284447311747 -0.11632731278264248 0.0)
(9.967936384013644 -0.11914225548134617 0.0)
(10.000000000000002 -0.12008203775812513 0.0)
(9.943174727097494 -0.11914225548134517 0.0)
(9.797159997132693 -0.11632731278264077 0.0)
(9.561671945260816 -0.11165410325487148 0.0)
(9.236394847296884 -0.10515439056268754 0.0)
(8.82101623156043 -0.0968834564856888 0.0)
(8.315316153043966 -0.08692537130839023 0.0)
(7.720587311103864 -0.07538548090743592 0.0)
(7.02444617856174 -0.06217669863259741 0.0)
(6.220875565541437 -0.04761196178809432 0.0)
(5.347935116047935 -0.03355271936212208 0.0)
(4.4315688827489605 -0.02157363797299965 0.0)
(3.4639409817470534 -0.011879592633887411 0.0)
(2.4224186347054832 -0.004880460296652691 0.0)
(1.273039424956928 -0.0011663076519003914 0.0)
(0.00013380530057970308 -8.128547421805972e-05 0.0)
(-0.00010281699726342878 -8.127360368332633e-05 0.0)
(1.3048458972950816 -0.0011659530040211425 0.0)
(2.555497157904408 -0.004877885666918518 0.0)
(3.7359275342552727 -0.011870429371252844 0.0)
(4.811950396173548 -0.02155278015516003 0.0)
(5.7617387025119795 -0.033518871500221925 0.0)
(6.578945751154298 -0.04757219050877688 0.0)
(7.2877096644216195 -0.062141044010197474 0.0)
(7.924244476513741 -0.07535532062943905 0.0)
(8.484742507848685 -0.08689824279912324 0.0)
(8.956836626177893 -0.09685897215113015 0.0)
(9.341424732837512 -0.1051322613095788 0.0)
(9.638354479344935 -0.11163387675369087 0.0)
(9.847299027040025 -0.11630847904764079 0.0)
(9.967943166368377 -0.11912427420932985 0.0)
(10.000000000000002 -0.12006433984857774 0.0)
(9.943167944742761 -0.11912427420932882 0.0)
(9.797145417404415 -0.11630847904763902 0.0)
(9.561645520655082 -0.11163387675368759 0.0)
(9.236353044940282 -0.1051322613095758 0.0)
(8.820941151599891 -0.09685897215112693 0.0)
(8.315257492151344 -0.08689824279911959 0.0)
(7.7201999679307045 -0.0753553206294358 0.0)
(7.023401446689455 -0.06214104401019431 0.0)
(6.221054248845688 -0.04757219050877294 0.0)
(5.349372408599109 -0.03351887150021804 0.0)
(4.432494048270839 -0.02155278015515803 0.0)
(3.4640724657446977 -0.011870429371252348 0.0)
(2.422280619873351 -0.004877885666918789 0.0)
(1.2729318804826837 -0.0011659530040211644 0.0)
(0.00010281699725104864 -8.127360368332763e-05 0.0)
(-6.705472314237404e-05 -8.124196457762467e-05 0.0)
(1.304972281093297 -0.0011653262455165521 0.0)
(2.555685763249154 -0.004874258241916933 0.0)
(3.7359006686705616 -0.011858975847829122 0.0)
(4.811126541986946 -0.021528163967167592 0.0)
(5.760171370562749 -0.03347926229898597 0.0)
(6.578395922421786 -0.04752403108358891 0.0)
(7.2885884086980175 -0.06209529529488152 0.0)
(7.9246627068456466 -0.07531511952984431 0.0)
(8.484797994645362 -0.08686162356364512 0.0)
(8.95690517245012 -0.09682553786995604 0.0)
(9.34146342326615 -0.10510173454629292 0.0)
(9.638378960829149 -0.1116057397991961 0.0)
(9.847312472035787 -0.11628211249025182 0.0)
(9.967949469197869 -0.11909899673052925 0.0)
(10.000000000000002 -0.12003942680981587 0.0)
(9.94316164191327 -0.11909899673052819 0.0)
(9.797131972408653 -0.11628211249025003 0.0)
(9.561621039170868 -0.11160573979919276 0.0)
(9.236314354511642 -0.10510173454628984 0.0)
(8.820872605327663 -0.09682553786995271 0.0)
(8.315202005354667 -0.08686162356364138 0.0)
(7.719781737598797 -0.07531511952984092 0.0)
(7.022522702413056 -0.062095295294878214 0.0)
(6.221604077578203 -0.04752403108358483 0.0)
(5.350939740548344 -0.03347926229898196 0.0)
(4.433317902457443 -0.021528163967165507 0.0)
(3.464099331329408 -0.011858975847828588 0.0)
(2.4220920145286047 -0.00487425824191719 0.0)
(1.2728054966844677 -0.0011653262455165714 0.0)
(6.705472312988461e-05 -8.124196457762584e-05 0.0)
(-2.8089807128463018e-05 -8.119194706537578e-05 0.0)
(1.3051119511426033 -0.0011644549150086664 0.0)
(2.5559166721327107 -0.004869737404066034 0.0)
(3.735979601923427 -0.011845735310482311 0.0)
(4.8104401977813795 -0.0215008709992906 0.0)
(5.758542864913952 -0.03343563211425729 0.0)
(6.577499106729633 -0.04746959954957178 0.0)
(7.289262554962644 -0.06204146260150867 0.0)
(7.925093448060647 -0.0752666439714252 0.0)
(8.484847869357758 -0.08681712258417333 0.0)
(8.956964173236237 -0.09678462268331811 0.0)
(9.341497301780175 -0.10506415156296452 0.0)
(9.638400423520217 -0.11157092867769584 0.0)
(9.847324191550515 -0.11624937160877098 0.0)
(9.967955015567325 -0.11906753369111904 0.0)
(10.000000000000002 -0.1200083932751856 0.0)
(9.943156095543813 -0.11906753369111799 0.0)
(9.797120252893926 -0.11624937160876916 0.0)
(9.5615995764798 -0.11157092867769246 0.0)
(9.236280475997617 -0.10506415156296138 0.0)
(8.820813604541547 -0.0967846226833147 0.0)
(8.315152130642272 -0.08681712258416949 0.0)
(7.719350996383796 -0.07526664397142167 0.0)
(7.02184855614843 -0.0620414626015052 0.0)
(6.222500893270359 -0.047469599549567545 0.0)
(5.352568246197145 -0.033435632114253155 0.0)
(4.434004246663011 -0.02150087099928844 0.0)
(3.464020398076542 -0.011845735310481735 0.0)
(2.4218611056450476 -0.004869737404066277 0.0)
(1.2726658266351611 -0.0011644549150086822 0.0)
(2.8089807115863427e-05 -8.119194706537675e-05 0.0)
(1.2365703652952257e-05 -8.112574882456339e-05 0.0)
(1.3052587705965526 -0.0011633772971659472 0.0)
(2.5561797388411693 -0.004864521790710352 0.0)
(3.736160865831142 -0.011831289524200555 0.0)
(4.809921520265609 -0.021472100454606506 0.0)
(5.756924739124531 -0.03338989797653372 0.0)
(6.576294708518675 -0.04741128752875054 0.0)
(7.289702482461945 -0.061981911240141574 0.0)
(7.925517774177773 -0.07521202388153515 0.0)
(8.484889940582253 -0.08676669515233364 0.0)
(8.957011036149641 -0.09673802432966502 0.0)
(9.341524879819655 -0.1050211636871249 0.0)
(9.638417924386758 -0.11153097292618365 0.0)
(9.84733367065017 -0.11621169497763283 0.0)
(9.967959561779416 -0.1190312675194909 0.0)
(10.000000000000002 -0.11997260280142437 0.0)
(9.94315154933172 -0.11903126751948982 0.0)
(9.79711077379427 -0.11621169497763098 0.0)
(9.56158207561326 -0.11153097292618021 0.0)
(9.236252897958137 -0.10502116368712168 0.0)
(8.820766741628145 -0.09673802432966153 0.0)
(8.315110059417776 -0.08676669515232965 0.0)
(7.7189266702666695 -0.07521202388153149 0.0)
(7.0214086286491275 -0.06198191124013795 0.0)
(6.223705291481322 -0.04741128752874614 0.0)
(5.35418637198657 -0.03338989797652947 0.0)
(4.43452292417878 -0.02147210045460427 0.0)
(3.4638391341688264 -0.01183128952419994 0.0)
(2.421598038936588 -0.004864521790710581 0.0)
(1.2725190071812114 -0.00116337729716596 0.0)
(-1.2365703665658032e-05 -8.112574882456414e-05 0.0)
(5.2534268069401796e-05 -8.104627848478254e-05 0.0)
(1.3054062884769373 -0.001162140740544958 0.0)
(2.556463404704628 -0.004858840566359042 0.0)
(3.7364364959892145 -0.011816273210405253 0.0)
(4.809593299180786 -0.021443116458214506 0.0)
(5.755388090681396 -0.033344069360158574 0.0)
(6.574835646842915 -0.047351657144641235 0.0)
(7.289888861586428 -0.06191925778865258 0.0)
(7.9259170410837205 -0.07515365916699927 0.0)
(8.48492235978621 -0.0867125569572267 0.0)
(8.957043702119648 -0.09668779025540702 0.0)
(9.341544945655992 -0.10497465972739438 0.0)
(9.638430694472712 -0.11148762812728401 0.0)
(9.847340492840457 -0.11617073803908211 0.0)
(9.967962908081903 -0.1189917916848791 0.0)
(10.000000000000002 -0.11993362795647243 0.0)
(9.943148203029233 -0.11899179168487799 0.0)
(9.797103951603981 -0.1161707380390802 0.0)
(9.561569305527305 -0.11148762812728051 0.0)
(9.236232832121802 -0.10497465972739108 0.0)
(8.820734075658136 -0.09668779025540342 0.0)
(8.315077640213818 -0.0867125569572226 0.0)
(7.718527403360721 -0.07515365916699547 0.0)
(7.021222249524645 -0.06191925778864882 0.0)
(6.225164353157085 -0.0473516571446367 0.0)
(5.355723020429708 -0.0333440693601542 0.0)
(4.434851145263604 -0.021443116458212192 0.0)
(3.463563504010753 -0.011816273210404604 0.0)
(2.421314373073128 -0.004858840566359257 0.0)
(1.2723714893008262 -0.0011621407405449672 0.0)
(-5.253426808220507e-05 -8.104627848478305e-05 0.0)
(9.065095288673825e-05 -8.095702782737634e-05 0.0)
(1.3055480231179697 -0.001160799577181408 0.0)
(2.5567552059639986 -0.004852943353616594 0.0)
(3.73679438171275 -0.011801346158453007 0.0)
(4.809469955960912 -0.021415192513891332 0.0)
(5.754000437105918 -0.03330015989069429 0.0)
(6.573186030203112 -0.04729332844723093 0.0)
(7.289813503178333 -0.06185625512507888 0.0)
(7.926273705721082 -0.07509411426659905 0.0)
(8.484943702529119 -0.08665708673210244 0.0)
(8.9570607358633 -0.09663612765386637 0.0)
(9.341556617633042 -0.10492668298268694 0.0)
(9.638438172683866 -0.1114427987721635 0.0)
(9.847344358366817 -0.11612830036607012 0.0)
(9.967964907444374 -0.11895084068323748 0.0)
(10.000000000000002 -0.11989318122371444 0.0)
(9.943146203666764 -0.11895084068323634 0.0)
(9.797100086077624 -0.1161283003660682 0.0)
(9.561561827316151 -0.11144279877215992 0.0)
(9.23622116014475 -0.10492668298268355 0.0)
(8.820717041914486 -0.09663612765386267 0.0)
(8.31505629747091 -0.08665708673209824 0.0)
(7.718170738723359 -0.07509411426659511 0.0)
(7.021297607932741 -0.06185625512507496 0.0)
(6.226813969796893 -0.04729332844722625 0.0)
(5.357110674005188 -0.03330015989068984 0.0)
(4.434974488483477 -0.021415192513888962 0.0)
(3.463205618287216 -0.01180134615845232 0.0)
(2.4210225718137575 -0.004852943353616793 0.0)
(1.2722297546597936 -0.001160799577181414 0.0)
(-9.065095289962609e-05 -8.095702782737658e-05 0.0)
(0.00012504098070659233 -8.086191836295172e-05 0.0)
(1.3056777469588188 -0.0011594127353399032 0.0)
(2.557042321405779 -0.004847089265222264 0.0)
(3.7372187981577896 -0.01178716423569832 0.0)
(4.80955691008142 -0.021389555548665146 0.0)
(5.7528227493575645 -0.03326009886989906 0.0)
(6.571418339736527 -0.04723886429277449 0.0)
(7.2894797183482485 -0.06179567147119776 0.0)
(7.926572096898189 -0.07503600547432378 0.0)
(8.484953031049898 -0.08660272173717297 0.0)
(8.95706138894906 -0.09658530648524069 0.0)
(9.341559382905492 -0.10487934146339399 0.0)
(9.6384400304413 -0.11139845458067309 0.0)
(9.847345097385091 -0.1160862465923115 0.0)
(9.9679654720185 -0.11891021382666041 0.0)
(10.000000000000002 -0.11985303975859264 0.0)
(9.943145639092638 -0.11891021382665927 0.0)
(9.79709934705935 -0.11608624659230954 0.0)
(9.561559969558717 -0.11139845458066948 0.0)
(9.2362183948723 -0.10487934146339055 0.0)
(8.820716388828725 -0.09658530648523689 0.0)
(8.315046968950131 -0.08660272173716865 0.0)
(7.71787234754625 -0.07503600547431973 0.0)
(7.021631392762828 -0.061795671471193706 0.0)
(6.228581660263482 -0.0472388642927697 0.0)
(5.358288361753544 -0.033260098869894505 0.0)
(4.434887534362969 -0.02138955554866272 0.0)
(3.4627812018421746 -0.011787164235697605 0.0)
(2.4207354563719763 -0.004847089265222448 0.0)
(1.2721000308189443 -0.0011594127353399056 0.0)
(-0.0001250409807195481 -8.086191836295175e-05 0.0)
(0.00015419331662133712 -8.076512902737772e-05 0.0)
(1.305789760171241 -0.001158041150313804 0.0)
(2.5573121357027206 -0.004841535519110347 0.0)
(3.7376910972421866 -0.011774350569881948 0.0)
(4.809850340937331 -0.021367332003886477 0.0)
(5.751906772881479 -0.033225646505737005 0.0)
(6.5696102445283655 -0.04719065773657938 0.0)
(7.288902172990966 -0.061740168761926104 0.0)
(7.9267991038526135 -0.07498188598419896 0.0)
(8.484949935470413 -0.08655185067085751 0.0)
(8.957045632681535 -0.09653755973870468 0.0)
(9.341553119972327 -0.10483471526926448 0.0)
(9.638436186118554 -0.1113565439554615 0.0)
(9.847342677424168 -0.11604642448368997 0.0)
(9.967964576997927 -0.11887169618490116 0.0)
(10.000000000000002 -0.11981496730364775 0.0)
(9.94314653411321 -0.11887169618490002 0.0)
(9.797101767020273 -0.11604642448368799 0.0)
(9.561563813881463 -0.11135654395545787 0.0)
(9.236224657805465 -0.10483471526926096 0.0)
(8.82073214509625 -0.09653755973870082 0.0)
(8.315050064529617 -0.08655185067085311 0.0)
(7.717645340591827 -0.07498188598419482 0.0)
(7.022208938120113 -0.061740168761921954 0.0)
(6.2303897554716485 -0.04719065773657451 0.0)
(5.359204338229631 -0.0332256465057324 0.0)
(4.434594103507056 -0.021367332003884004 0.0)
(3.4623089027577767 -0.011774350569881202 0.0)
(2.420465642075034 -0.00484153551911052 0.0)
(1.271988017606522 -0.001158041150313803 0.0)
(-0.0001541933166343412 -8.076512902737748e-05 0.0)
(0.00017682706032357028 -8.06709125669883e-05 0.0)
(1.3058791410996045 -0.0011567450870399126 0.0)
(2.557552793708227 -0.0048365261367247095 0.0)
(3.738190527008219 -0.011763468170037915 0.0)
(4.810337355713654 -0.021349498341456066 0.0)
(5.751292754008288 -0.03319831657206063 0.0)
(6.567841188974257 -0.04715082688653342 0.0)
(7.288106243392894 -0.06169218568476996 0.0)
(7.926944752314073 -0.07493413370761191 0.0)
(8.484934551804761 -0.08650670871474399 0.0)
(8.957014159362297 -0.09649498531895095 0.0)
(9.34153810401537 -0.10479476519362708 0.0)
(9.638426808628134 -0.11131890837272722 0.0)
(9.847337204812703 -0.1160105837508059 0.0)
(9.967962261708223 -0.11883698015267265 0.0)
(10.000000000000002 -0.11978063669289842 0.0)
(9.943148849402915 -0.11883698015267148 0.0)
(9.797107239631735 -0.11601058375080392 0.0)
(9.561573191371883 -0.11131890837272353 0.0)
(9.236239673762421 -0.10479476519362353 0.0)
(8.820763618415487 -0.09649498531894704 0.0)
(8.315065448195268 -0.08650670871473953 0.0)
(7.7174996921303665 -0.0749341337076077 0.0)
(7.023004867718188 -0.06169218568476574 0.0)
(6.232158811025762 -0.04715082688652848 0.0)
(5.359818357102822 -0.03319831657205599 0.0)
(4.43410708873073 -0.02134949834145358 0.0)
(3.461809472991743 -0.011763468170037155 0.0)
(2.4202249840695274 -0.004836526136724873 0.0)
(1.2718986366781582 -0.001156745087039909 0.0)
(-0.00017682706033660085 -8.067091256698784e-05 0.0)
(0.00019194772652227947 -8.058340868068887e-05 0.0)
(1.305941962509435 -0.0011555814921674035 0.0)
(2.557753721349808 -0.00483228122116297 0.0)
(3.7386951434256486 -0.011754995188906584 0.0)
(4.8109965558720855 -0.021336838139875358 0.0)
(5.751007671603965 -0.03317930989615696 0.0)
(6.566188902138853 -0.04712112183731913 0.0)
(7.287126901244461 -0.061653830528357045 0.0)
(7.927002642755629 -0.07489484679223553 0.0)
(8.48490755598307 -0.08646927932379915 0.0)
(8.956968351871412 -0.09645945386809579 0.0)
(9.341514994808303 -0.10476124656971873 0.0)
(9.638412309999817 -0.11128720147112318 0.0)
(9.847328920007236 -0.11598029916989346 0.0)
(9.967958627878978 -0.11880759108891974 0.0)
(10.000000000000002 -0.11975155635057493 0.0)
(9.943152483232158 -0.11880759108891857 0.0)
(9.797115524437205 -0.11598029916989144 0.0)
(9.5615876900002 -0.11128720147111949 0.0)
(9.236262782969488 -0.10476124656971515 0.0)
(8.820809425906372 -0.09645945386809182 0.0)
(8.31509244401696 -0.08646927932379464 0.0)
(7.717441801688811 -0.07489484679223125 0.0)
(7.023984209866624 -0.06165383052835277 0.0)
(6.23381109786117 -0.04712112183731418 0.0)
(5.360103439507144 -0.033179309896152295 0.0)
(4.433447888572297 -0.021336838139872857 0.0)
(3.461304856574312 -0.011754995188905814 0.0)
(2.420024056427946 -0.004832281221163128 0.0)
(1.2718358152683276 -0.0011555814921673977 0.0)
(-0.0001919477265353136 -8.058340868068822e-05 0.0)
(0.00019889094080717033 -8.050646212915957e-05 0.0)
(1.3059754641429133 -0.0011546014919262381 0.0)
(2.557906090234478 -0.00482898728624906 0.0)
(3.739182774572263 -0.011749303913777985 0.0)
(4.811798977363637 -0.021329907665240615 0.0)
(5.751064051667812 -0.033169461596593466 0.0)
(6.564725982482927 -0.047102847774455156 0.0)
(7.286007177048012 -0.061626788548091324 0.0)
(7.926970231577186 -0.07486575143325809 0.0)
(8.484870134152354 -0.08644120707698598 0.0)
(8.95691022290623 -0.09643252657308679 0.0)
(9.341484807727406 -0.10473563214455338 0.0)
(9.638393327276802 -0.1112628163938998 0.0)
(9.847318187026959 -0.11595690139003385 0.0)
(9.967953835174006 -0.11878482029533798 0.0)
(10.000000000000002 -0.11972900401371799 0.0)
(9.94315727593713 -0.11878482029533681 0.0)
(9.797126257417482 -0.11595690139003181 0.0)
(9.561606672723213 -0.11126281639389608 0.0)
(9.236292970050386 -0.10473563214454977 0.0)
(8.820867554871555 -0.09643252657308282 0.0)
(8.315129865847675 -0.08644120707698144 0.0)
(7.717474212867255 -0.07486575143325379 0.0)
(7.025103934063075 -0.061626788548087036 0.0)
(6.2352740175170975 -0.0471028477744502 0.0)
(5.360047059443295 -0.03316946159658882 0.0)
(4.432645467080743 -0.02132990766523812 0.0)
(3.460817225427697 -0.011749303913777211 0.0)
(2.4198716875432753 -0.0048289872862492126 0.0)
(1.2718023136348495 -0.001154601491926231 0.0)
(-0.000198890940820185 -8.050646212915878e-05 0.0)
(0.00019735163104481638 -8.044345380310486e-05 0.0)
(1.3059781739995535 -0.0011538481457341531 0.0)
(2.5580032055521973 -0.00482678906145701 0.0)
(3.739631994827575 -0.011746644408869375 0.0)
(4.812709363255958 -0.021329011429928338 0.0)
(5.751459416962968 -0.03316920438963601 0.0)
(6.563516708019826 -0.047096807626832285 0.0)
(7.284796269436264 -0.06161224791911381 0.0)
(7.926848942866631 -0.07484812602752457 0.0)
(8.484823930559397 -0.08642372541747272 0.0)
(8.956842326547134 -0.09641538657000456 0.0)
(9.341448869137787 -0.10471904736911251 0.0)
(9.638370694525214 -0.111246824576739 0.0)
(9.847305477459392 -0.11594141846686905 0.0)
(9.967948094175993 -0.11876966827893938 0.0)
(10.000000000000002 -0.11971397059075072 0.0)
(9.943163016935145 -0.11876966827893821 0.0)
(9.797138966985049 -0.11594141846686704 0.0)
(9.561629305474803 -0.11124682457673528 0.0)
(9.236328908640004 -0.1047190473691089 0.0)
(8.820935451230651 -0.0964153865700006 0.0)
(8.315176069440632 -0.0864237254174682 0.0)
(7.717595501577811 -0.07484812602752026 0.0)
(7.026314841674828 -0.06161224791910953 0.0)
(6.236483291980201 -0.04709680762682736 0.0)
(5.359651694148138 -0.03316920438963142 0.0)
(4.43173508118842 -0.02132901142992587 0.0)
(3.4603680051723833 -0.011746644408868608 0.0)
(2.419774572225556 -0.004826789061457163 0.0)
(1.2717996037782093 -0.001153848145734145 0.0)
(-0.00019735163105778926 -8.0443453803104e-05 0.0)
(0.00018739743169008785 -8.039715217310116e-05 0.0)
(1.3059499730132125 -0.001153354554244621 0.0)
(2.558040800233572 -0.004825783132762646 0.0)
(3.7400230662753935 -0.01174713352796101 0.0)
(4.813687712858442 -0.021334188812878546 0.0)
(5.752176395861664 -0.033178549576487776 0.0)
(6.562614212057152 -0.0471032667874869 0.0)
(7.283547383474382 -0.06161084753006041 0.0)
(7.9266441058280135 -0.07484274500311815 0.0)
(8.484770975305544 -0.08641760245739659 0.0)
(8.956767646035932 -0.0964087869592278 0.0)
(9.341408758115326 -0.104712220948088 0.0)
(9.638345406186751 -0.11123992867083059 0.0)
(9.84729134973968 -0.11593453069171773 0.0)
(9.967941657133888 -0.11876280079160469 0.0)
(10.000000000000002 -0.11970711662277549 0.0)
(9.943169453977248 -0.11876280079160352 0.0)
(9.797153094704761 -0.11593453069171572 0.0)
(9.561654593813266 -0.1112399286708269 0.0)
(9.236369019662465 -0.10471222094808445 0.0)
(8.821010131741854 -0.09640878695922386 0.0)
(8.315229024694485 -0.0864176024573921 0.0)
(7.717800338616428 -0.0748427450031139 0.0)
(7.027563727636713 -0.061610847530056176 0.0)
(6.237385787942874 -0.04710326678748206 0.0)
(5.358934715249438 -0.03317854957648324 0.0)
(4.430756731585932 -0.021334188812876114 0.0)
(3.4599769337245645 -0.011747133527960257 0.0)
(2.419736977544182 -0.004825783132762802 0.0)
(1.2718278047645506 -0.0011533545542446134 0.0)
(-0.00018739743170299866 -8.039715217310021e-05 0.0)
(0.00016946571205193834 -8.036959164806432e-05 0.0)
(1.305892100283638 -0.001153142404964692 0.0)
(2.55801722243708 -0.004826013698832504 0.0)
(3.7403388059517444 -0.011750749780054822 0.0)
(4.8146910392794 -0.02134521232935615 0.0)
(5.753183485622767 -0.03319708654673502 0.0)
(6.562058148616438 -0.04712194145271657 0.0)
(7.282315392926758 -0.0616226489114642 0.0)
(7.926364720626072 -0.07484984479240693 0.0)
(8.48471359514777 -0.08642310722842171 0.0)
(8.95668946269766 -0.09641301771558042 0.0)
(9.341366237064971 -0.10471545282193111 0.0)
(9.638318573384742 -0.11124243166966453 0.0)
(9.847276424613982 -0.11593654070081925 0.0)
(9.967934806879548 -0.11876451957816363 0.0)
(10.000000000000002 -0.11970874326060611 0.0)
(9.94317630423159 -0.11876451957816246 0.0)
(9.797168019830458 -0.11593654070081724 0.0)
(9.561681426615275 -0.11124243166966087 0.0)
(9.23641154071282 -0.10471545282192758 0.0)
(8.821088315080125 -0.0964130177155765 0.0)
(8.315286404852259 -0.08642310722841728 0.0)
(7.71807972381837 -0.07484984479240274 0.0)
(7.028795718184339 -0.06162264891146006 0.0)
(6.23794185138359 -0.04712194145271181 0.0)
(5.3579276254883315 -0.033197086546730564 0.0)
(4.4297534051649725 -0.021345212329353772 0.0)
(3.459661194048213 -0.011750749780054094 0.0)
(2.4197605553406745 -0.004826013698832665 0.0)
(1.2718856774941254 -0.0011531424049646848 0.0)
(-0.0001694657120647694 -8.03695916480634e-05 0.0)
(0.00014434435908611433 -8.036198318704396e-05 0.0)
(1.305807098632692 -0.0011532210193456098 0.0)
(2.5579335081279644 -0.004827470629015282 0.0)
(3.7405653408328794 -0.011757334273649557 0.0)
(4.815675258191425 -0.021361597626214084 0.0)
(5.7544364365645935 -0.03322400081981751 0.0)
(6.561872950107976 -0.04715201109189543 0.0)
(7.281154429204195 -0.06164713353221633 0.0)
(7.926023062935459 -0.0748691134436383 0.0)
(8.484654311265237 -0.08643999786097993 0.0)
(8.956611211765171 -0.09642789294736817 0.0)
(9.341323174283882 -0.10472860098801771 0.0)
(9.638291375103417 -0.11125422359605118 0.0)
(9.847261357865017 -0.11594736017805084 0.0)
(9.967927844400611 -0.11877474911827925 0.0)
(10.000000000000002 -0.11971877903275217 0.0)
(9.943183266710525 -0.11877474911827808 0.0)
(9.797183086579421 -0.11594736017804885 0.0)
(9.5617086248966 -0.11125422359604752 0.0)
(9.23645460349391 -0.10472860098801422 0.0)
(8.821166566012614 -0.09642789294736434 0.0)
(8.315345688734793 -0.08643999786097556 0.0)
(7.718421381508984 -0.07486911344363419 0.0)
(7.0299566819069055 -0.061647133532212295 0.0)
(6.238127049892049 -0.047152011091890794 0.0)
(5.3566746745465 -0.03322400081981315 0.0)
(4.428769186252945 -0.02136159762621177 0.0)
(3.459434659167078 -0.011757334273648853 0.0)
(2.41984426964979 -0.004827470629015452 0.0)
(1.2719706791450716 -0.001153221019345604 0.0)
(-0.00014434435909885143 -8.036198318704309e-05 0.0)
(0.00011313715908371771 -8.037466109189798e-05 0.0)
(1.3056987028774114 -0.001153586943215298 0.0)
(2.5577933355598175 -0.004830089908464127 0.0)
(3.7406927173905546 -0.01176659769814265 0.0)
(4.816597124816103 -0.02138262476348446 0.0)
(5.755880196314967 -0.033258109831814264 0.0)
(6.56206675381542 -0.047192154500088804 0.0)
(7.280115502928736 -0.061683225582874285 0.0)
(7.925634144570056 -0.07489970432752811 0.0)
(8.484595728483283 -0.08646753221157714 0.0)
(8.956536331441283 -0.09645275906411979 0.0)
(9.341281461871882 -0.10475108773998383 0.0)
(9.6382650063855 -0.11127478633431777 0.0)
(9.847246811498172 -0.11596651373537663 0.0)
(9.96792107561567 -0.11879303994467329 0.0)
(10.000000000000002 -0.11973678298574549 0.0)
(9.943190035495467 -0.11879303994467215 0.0)
(9.797197632946267 -0.1159665137353747 0.0)
(9.561734993614516 -0.11127478633431416 0.0)
(9.236496315905912 -0.10475108773998039 0.0)
(8.821241446336503 -0.09645275906411604 0.0)
(8.315404271516746 -0.08646753221157288 0.0)
(7.718810299874388 -0.07489970432752412 0.0)
(7.030995608182366 -0.06168322558287037 0.0)
(6.237933246184604 -0.04719215450008431 0.0)
(5.355230914796122 -0.03325810983181003 0.0)
(4.427847319628265 -0.021382624763482214 0.0)
(3.459307282609403 -0.011766597698141984 0.0)
(2.4199844422179377 -0.004830089908464307 0.0)
(1.2720790749003528 -0.001153586943215294 0.0)
(-0.0001131371590963508 -8.037466109189722e-05 0.0)
(7.721529932089489e-05 -8.04070683186807e-05 0.0)
(1.3055716757289784 -0.0011542240985483608 0.0)
(2.5576028636588446 -0.004833756450831893 0.0)
(3.7407153389318553 -0.011778133035608833 0.0)
(4.817416134020451 -0.021407369847223676 0.0)
(5.757451328711743 -0.033297914895138836 0.0)
(6.562631044358416 -0.04724060784938097 0.0)
(7.2792442626202645 -0.061729339244760706 0.0)
(7.925215053891332 -0.0749402733366027 0.0)
(8.484540420822176 -0.08650450047122084 0.0)
(8.956468111830436 -0.09648652349415651 0.0)
(9.341242932596039 -0.10478192505108645 0.0)
(9.638240625824217 -0.11130321639536335 0.0)
(9.847233424654194 -0.1159931598005282 0.0)
(9.967914797932748 -0.11881858839189612 0.0)
(10.000000000000002 -0.11976196405882887 0.0)
(9.943196313178388 -0.11881858839189498 0.0)
(9.797211019790247 -0.1159931598005263 0.0)
(9.5617593741758 -0.11130321639535982 0.0)
(9.236534845181753 -0.10478192505108307 0.0)
(8.82130966594735 -0.09648652349415285 0.0)
(8.315459579177853 -0.08650450047121666 0.0)
(7.719229390553114 -0.07494027333659882 0.0)
(7.031866848490838 -0.06172933924475693 0.0)
(6.237368955641604 -0.047240607849376615 0.0)
(5.353659782399342 -0.033297914895134714 0.0)
(4.427028310423915 -0.021407369847221507 0.0)
(3.4592846610681027 -0.011778133035608202 0.0)
(2.420174914118911 -0.004833756450832088 0.0)
(1.272206102048786 -0.0011542240985483597 0.0)
(-7.721529933341851e-05 -8.04070683186801e-05 0.0)
(3.815712059843912e-05 -8.045778095313464e-05 0.0)
(1.3054315985279057 -0.0011551044899051068 0.0)
(2.5573704614119164 -0.004838309154954693 0.0)
(3.740632211507641 -0.011791433444423146 0.0)
(4.818096300038366 -0.021434745623722086 0.0)
(5.759080801071709 -0.03334166704813002 0.0)
(6.563541027842847 -0.04729524218824692 0.0)
(7.278578988984045 -0.061783448367934854 0.0)
(7.924784204977004 -0.07498903794282223 0.0)
(8.48449081839936 -0.08654927832221375 0.0)
(8.956409550377527 -0.09652770269019278 0.0)
(9.34120927936225 -0.10481975798629097 0.0)
(9.638219304656827 -0.11133826461431694 0.0)
(9.847221785526513 -0.11602612759415036 0.0)
(9.967909287181751 -0.11885027190791629 0.0)
(10.000000000000002 -0.11979321584171844 0.0)
(9.943201823929387 -0.11885027190791521 0.0)
(9.797222658917926 -0.11602612759414849 0.0)
(9.56178069534319 -0.11133826461431344 0.0)
(9.236568498415542 -0.10481975798628766 0.0)
(8.821368227400258 -0.0965277026901892 0.0)
(8.31550918160067 -0.08654927832220968 0.0)
(7.7196602394674425 -0.07498903794281848 0.0)
(7.0325321221270585 -0.06178344836793123 0.0)
(6.23645897215717 -0.047295242188242714 0.0)
(5.352030310039371 -0.03334166704812602 0.0)
(4.426348144405999 -0.02143474562372 0.0)
(3.4593677884923175 -0.011791433444422553 0.0)
(2.42040731636584 -0.004838309154954901 0.0)
(1.272346179249859 -0.0011551044899051083 0.0)
(-3.815712061085264e-05 -8.045778095313421e-05 0.0)
)
