(
(-0.024631836729623442 3.9202982369199024e-05 0.0)
(1.1977205265272557 0.00045709046177724085 0.0)
(2.317460738713182 0.001274203744674043 0.0)
(3.369328897940671 0.0012934111466557287 0.0)
(4.360698982775174 -0.0008369918128853978 0.0)
(5.280929383607043 -0.004810053849450233 0.0)
(6.139444461588666 -0.008618339707480856 0.0)
(6.941158946960007 -0.010967217753392348 0.0)
(7.652898020618302 -0.012582290454099615 0.0)
(8.261779650820731 -0.01410710862428674 0.0)
(8.778199869341375 -0.015464184175622965 0.0)
(9.203289196325585 -0.01659507734528515 0.0)
(9.537519545033371 -0.017485604227888706 0.0)
(9.781361236345829 -0.01812676024760912 0.0)
(9.935373274483263 -0.018512814743133554 0.0)
(10.000000000000005 -0.018641923710805298 0.0)
(9.97573783662784 -0.01851281474313524 0.0)
(9.86308320809863 -0.01812676024761246 0.0)
(9.66248045496663 -0.0174856042278927 0.0)
(9.374488581452182 -0.016595077345290997 0.0)
(8.999577908436407 -0.015464184175629291 0.0)
(8.538220349179255 -0.014107108624294882 0.0)
(7.991546423826143 -0.012582290454108774 0.0)
(7.36995216415113 -0.010967217753400324 0.0)
(6.660555538411351 -0.008618339707488445 0.0)
(5.830181727504056 -0.0048100538494578945 0.0)
(4.883745461669261 -0.0008369918128898487 0.0)
(3.830671102059315 0.0012934111466541005 0.0)
(2.6603170390646 0.0012742037446736162 0.0)
(1.380057251250537 0.0004570904617770335 0.0)
(0.024631836729624153 3.920298236917921e-05 0.0)
(-0.02465857827181784 3.916823849968449e-05 0.0)
(1.1976246184684027 0.0004564874149405461 0.0)
(2.3173015847765144 0.0012710858527052572 0.0)
(3.3692718239088832 0.0012843037728716461 0.0)
(4.361164352136982 -0.0008557355894004982 0.0)
(5.28204489973681 -0.004840009865383414 0.0)
(6.140067930649398 -0.008655748509792281 0.0)
(6.940703880324313 -0.011004269961730788 0.0)
(7.652603072836559 -0.012615684506379291 0.0)
(8.26174570571795 -0.014137773001406836 0.0)
(8.778159797905126 -0.01549238452941023 0.0)
(9.20326616757316 -0.016620986407670627 0.0)
(9.537504955008794 -0.017509606460028772 0.0)
(9.781353271843589 -0.018149337888333214 0.0)
(9.935369503450877 -0.018534512956389696 0.0)
(10.000000000000005 -0.018663326286020247 0.0)
(9.975741607660225 -0.01853451295639139 0.0)
(9.86309117260087 -0.018149337888336583 0.0)
(9.662495044991207 -0.0175096064600328 0.0)
(9.374511610204607 -0.016620986407676522 0.0)
(8.999617979872658 -0.015492384529416623 0.0)
(8.538254294282037 -0.014137773001415057 0.0)
(7.991841371607887 -0.012615684506388544 0.0)
(7.3704072307868245 -0.011004269961738868 0.0)
(6.659932069350616 -0.008655748509799978 0.0)
(5.829066211374285 -0.004840009865391159 0.0)
(4.883280092307453 -0.000855735589405003 0.0)
(3.8307281760911036 0.0012843037728699905 0.0)
(2.6604761930012675 0.001271085852704821 0.0)
(1.38015315930939 0.0004564874149403367 0.0)
(0.024658578271818627 3.916823849966455e-05 0.0)
(-0.02468628919222738 3.9122492921640194e-05 0.0)
(1.1975240003062344 0.00045574440788184734 0.0)
(2.317120734736507 0.0012674986116509863 0.0)
(3.3691448677151836 0.0012743891359624235 0.0)
(4.361514173623587 -0.0008754548287345912 0.0)
(5.28315122601687 -0.004871348742214904 0.0)
(6.140900602570502 -0.00869574126759628 0.0)
(6.9404098605937685 -0.011045164019127097 0.0)
(7.652313065413563 -0.012653218532917485 0.0)
(8.261717161431045 -0.014172433312992335 0.0)
(8.778128103271309 -0.015524419040192023 0.0)
(9.203247491191762 -0.016650543595016724 0.0)
(9.537493102019324 -0.017537082383917466 0.0)
(9.781346854600686 -0.0181752490267054 0.0)
(9.935366423543925 -0.018559455611599853 0.0)
(10.000000000000005 -0.018687942263437358 0.0)
(9.975744687567177 -0.01855945561160156 0.0)
(9.863097589843772 -0.018175249026708796 0.0)
(9.662506897980677 -0.017537082383921536 0.0)
(9.374530286586005 -0.016650543595022674 0.0)
(8.999649674506475 -0.015524419040198481 0.0)
(8.538282838568941 -0.014172433313000636 0.0)
(7.992131379030884 -0.012653218532926832 0.0)
(7.370701250517368 -0.011045164019135289 0.0)
(6.659099397429508 -0.008695741267604085 0.0)
(5.827959885094223 -0.0048713487422227305 0.0)
(4.8829302708208475 -0.0008754548287391485 0.0)
(3.8308551322848032 0.001274389135960741 0.0)
(2.6606570430412755 0.0012674986116505396 0.0)
(1.3802537774715586 0.00045574440788163564 0.0)
(0.024686289192228244 3.912249292162011e-05 0.0)
(-0.024713751923704966 3.9067755612076236e-05 0.0)
(1.1974230930187202 0.0004548940869720105 0.0)
(2.316926134813061 0.0012635996383204829 0.0)
(3.3689536075824646 0.0012641028669355368 0.0)
(4.36173307671885 -0.0008952831035866654 0.0)
(5.284199752494443 -0.00490269350702958 0.0)
(6.141905891271097 -0.008736560772279625 0.0)
(6.94028980645744 -0.011088103115512853 0.0)
(7.652040740744927 -0.01269324335725467 0.0)
(8.261695272143768 -0.014209566648361413 0.0)
(8.778106178044151 -0.015558880170170061 0.0)
(9.20323398778742 -0.016682450218584794 0.0)
(9.537484506863635 -0.017566824757724895 0.0)
(9.781342266579035 -0.01820335517470869 0.0)
(9.935364170087889 -0.01858654677412538 0.0)
(10.000000000000005 -0.018714690062042582 0.0)
(9.975746941023214 -0.0185865467741271 0.0)
(9.863102177865423 -0.018203355174712114 0.0)
(9.662515493136366 -0.017566824757729 0.0)
(9.374543789990344 -0.0166824502185908 0.0)
(8.999671599733631 -0.015558880170176589 0.0)
(8.538304727856218 -0.014209566648369797 0.0)
(7.9924037036995195 -0.01269324335726411 0.0)
(7.370821304653696 -0.011088103115521148 0.0)
(6.6580941087289105 -0.00873656077228753 0.0)
(5.826911358616647 -0.0049026935070374845 0.0)
(4.882711367725585 -0.0008952831035912719 0.0)
(3.831046392417523 0.001264102866933828 0.0)
(2.660851642964722 0.0012635996383200258 0.0)
(1.380354684759073 0.0004548940869717964 0.0)
(0.0247137519237059 3.9067755612055975e-05 0.0)
(-0.02473975980407113 3.900643162823576e-05 0.0)
(1.1973263302874693 0.0004539738137561959 0.0)
(2.3167263353708027 0.0012595602464689196 0.0)
(3.3687064471310566 0.00125389692563383 0.0)
(4.361811443221236 -0.0009143491958345241 0.0)
(5.28514440883433 -0.004932666928205113 0.0)
(6.143039626204803 -0.008776413489483706 0.0)
(6.940348992874445 -0.011131200585547717 0.0)
(7.651798064278387 -0.012734000361832816 0.0)
(8.261680999631354 -0.014247541436691477 0.0)
(8.778094985578026 -0.015594253760337977 0.0)
(9.203226250675023 -0.016715304359706782 0.0)
(9.53747954719714 -0.017597526755958093 0.0)
(9.781339709367911 -0.018232421399618566 0.0)
(9.935362842095499 -0.018614596107846795 0.0)
(10.000000000000005 -0.018742394432498925 0.0)
(9.975748269015604 -0.01861459610784853 0.0)
(9.863104735076545 -0.01823242139962201 0.0)
(9.662520452802859 -0.01759752675596224 0.0)
(9.374551527102744 -0.016715304359712836 0.0)
(8.999682792199758 -0.015594253760344564 0.0)
(8.538319000368633 -0.014247541436699934 0.0)
(7.992646380166059 -0.012734000361842343 0.0)
(7.370762118236691 -0.01113120058555611 0.0)
(6.656960373795202 -0.008776413489491697 0.0)
(5.82596670227676 -0.004932666928213085 0.0)
(4.8826330012231995 -0.0009143491958391743 0.0)
(3.831293552868932 0.0012538969256320968 0.0)
(2.661051442406981 0.0012595602464684525 0.0)
(1.3804514474903242 0.0004539738137559793 0.0)
(0.024739759804072118 3.9006431628215326e-05 0.0)
(-0.024763170094642642 3.8941215433779674e-05 0.0)
(1.1972379636898702 0.000453024023355914 0.0)
(2.316530115231702 0.0012555579195843946 0.0)
(3.3684142461390274 0.0012442197424468583 0.0)
(4.361745829849998 -0.0009318153762652269 0.0)
(5.285943688565155 -0.004959952028449875 0.0)
(6.144251993132739 -0.008813548363723054 0.0)
(6.940584819301899 -0.011172562805242947 0.0)
(7.65159569877392 -0.01277369875843359 0.0)
(8.261674971001888 -0.014284689135256209 0.0)
(8.778095017649415 -0.015628985559857936 0.0)
(9.203224619809129 -0.016747662467526733 0.0)
(9.537478440938518 -0.01762783938898242 0.0)
(9.781339295326497 -0.01826117058468764 0.0)
(9.935362497916314 -0.018642371176355182 0.0)
(10.000000000000005 -0.018769838095452237 0.0)
(9.975748613194789 -0.018642371176356923 0.0)
(9.863105149117962 -0.018261170584691105 0.0)
(9.662521559061483 -0.0176278393889866 0.0)
(9.374553157968638 -0.016747662467532835 0.0)
(8.999682760128369 -0.015628985559864583 0.0)
(8.538325028998099 -0.014284689135264735 0.0)
(7.9928487456705275 -0.012773698758443197 0.0)
(7.370526291809235 -0.01117256280525143 0.0)
(6.655748006867262 -0.008813548363731126 0.0)
(5.825167422545933 -0.004959952028457901 0.0)
(4.882698614594439 -0.000931815376269913 0.0)
(3.831585753860962 0.0012442197424451043 0.0)
(2.661247662546082 0.0012555579195839184 0.0)
(1.3805398140879235 0.00045302402335569515 0.0)
(0.024763170094643672 3.8941215433759074e-05 0.0)
(-0.024782954190079712 3.88749725089827e-05 0.0)
(1.1971618758925595 0.0004520864478237608 0.0)
(2.3163460959496964 0.0012517685125881643 0.0)
(3.368089843383401 0.0012354965150999505 0.0)
(4.361539119536631 -0.0009469142128641224 0.0)
(5.286562472797788 -0.004983349950375789 0.0)
(6.145489722870058 -0.008846333756559936 0.0)
(6.940986923958011 -0.011210372394335187 0.0)
(7.651442535801574 -0.01281059427213652 0.0)
(8.261677451142319 -0.014319377542140473 0.0)
(8.778106272849163 -0.015661549516999072 0.0)
(9.203229166847004 -0.016778102785984527 0.0)
(9.537481236694743 -0.017656430775158178 0.0)
(9.781341042647009 -0.018288339543319126 0.0)
(9.935363152672938 -0.01866865159395333 0.0)
(10.000000000000005 -0.018795815226559123 0.0)
(9.975747958438165 -0.018668651593955084 0.0)
(9.863103401797447 -0.018288339543322613 0.0)
(9.662518763305258 -0.017656430775162386 0.0)
(9.374548610930763 -0.016778102785990665 0.0)
(8.999671504928621 -0.015661549517005765 0.0)
(8.538322548857668 -0.014319377542149058 0.0)
(7.993001908642874 -0.012810594272146193 0.0)
(7.370124187153122 -0.01121037239434374 0.0)
(6.6545102771299405 -0.008846333756568063 0.0)
(5.824548638313299 -0.004983349950383858 0.0)
(4.8829053249078065 -0.0009469142128688352 0.0)
(3.83191015661659 0.0012354965150981796 0.0)
(2.661431681828088 0.0012517685125876803 0.0)
(1.3806159018852344 0.0004520864478235399 0.0)
(0.024782954190080777 3.887497250896194e-05 0.0)
(-0.024798242813422813 3.881061344677245e-05 0.0)
(1.1971014100541522 0.0004512022825133732 0.0)
(2.3161823629953835 0.001248358525091119 0.0)
(3.36774749252778 0.0012281105262440368 0.0)
(4.36120039475414 -0.0009589822903735961 0.0)
(5.2869735732850796 -0.005001832632098723 0.0)
(6.1466984318364615 -0.00887332913781227 0.0)
(6.941537639099821 -0.011242968068650406 0.0)
(7.65134530506215 -0.012843065781567933 0.0)
(8.261688331079814 -0.01435008251220642 0.0)
(8.778128256644381 -0.015690514831058672 0.0)
(9.203239692000123 -0.016805287823176116 0.0)
(9.537487811625404 -0.01768204466128327 0.0)
(9.781344874555385 -0.01831273452117496 0.0)
(9.935364777596561 -0.01869228264717065 0.0)
(10.000000000000005 -0.018819184438202557 0.0)
(9.975746333514541 -0.018692282647172407 0.0)
(9.863099569889073 -0.018312734521178462 0.0)
(9.662512188374597 -0.017682044661287498 0.0)
(9.374538085777644 -0.01680528782318228 0.0)
(8.999649521133403 -0.015690514831065403 0.0)
(8.538311668920173 -0.01435008251221505 0.0)
(7.993099139382298 -0.012843065781577661 0.0)
(7.369573472011309 -0.01124296806865901 0.0)
(6.653301568163534 -0.008873329137820438 0.0)
(5.824137537826007 -0.005001832632106814 0.0)
(4.8832440496902985 -0.0009589822903783254 0.0)
(3.832252507472212 0.0012281105262422537 0.0)
(2.661595414782401 0.0012483585250906285 0.0)
(1.3806763677236418 0.00045120228251315045 0.0)
(0.024798242813423892 3.8810613446751536e-05 0.0)
(-0.024808364210531994 3.875096606660082e-05 0.0)
(1.1970592229329684 0.0004504103760309549 0.0)
(2.316046110495235 0.0012454777857054831 0.0)
(3.367402235842448 0.001222386302717161 0.0)
(4.360744538449787 -0.0009674893595458053 0.0)
(5.287158927023706 -0.0050145879783968774 0.0)
(6.147825011571238 -0.008893348379814486 0.0)
(6.942212767311505 -0.011268917633891292 0.0)
(7.65130827869646 -0.012869686548008363 0.0)
(8.261707132769823 -0.014375454925242507 0.0)
(8.778160003107327 -0.015714608819127507 0.0)
(9.203255732812513 -0.016828023118300926 0.0)
(9.537497876840074 -0.017703555620060627 0.0)
(9.781350622684581 -0.018333283647557513 0.0)
(9.935367301291015 -0.018712226030760556 0.0)
(10.000000000000005 -0.0188389189299757 0.0)
(9.975743809820088 -0.018712226030762325 0.0)
(9.863093821759877 -0.018333283647561024 0.0)
(9.662502123159925 -0.01770355562006487 0.0)
(9.374522044965254 -0.01682802311830711 0.0)
(8.999617774670455 -0.015714608819134262 0.0)
(8.538292867230163 -0.014375454925251165 0.0)
(7.993136165747988 -0.012869686548018122 0.0)
(7.368898343799624 -0.011268917633899927 0.0)
(6.652174988428755 -0.008893348379822676 0.0)
(5.823952184087381 -0.005014587978404976 0.0)
(4.883699905994653 -0.0009674893595505403 0.0)
(3.832597764157544 0.001222386302715371 0.0)
(2.66173166728255 0.0012454777857049883 0.0)
(1.3807185548448253 0.00045041037603073074 0.0)
(0.02480836421053308 3.875096606657979e-05 0.0)
(-0.024812873665734855 3.8698651165230794e-05 0.0)
(1.1970371681539345 0.0004497455232985914 0.0)
(2.31594332513484 0.0012432528688496975 0.0)
(3.3670692432745293 0.0012185753564289232 0.0)
(4.360191580115621 -0.0009720616353245669 0.0)
(5.287110389909487 -0.005021055542689158 0.0)
(6.148819962221861 -0.008905511873697177 0.0)
(6.942982644694551 -0.01128708091363455 0.0)
(7.651333083575274 -0.01288928690368173 0.0)
(8.261733030100485 -0.014394379963837446 0.0)
(8.7782001173565 -0.015732772835448532 0.0)
(9.203276584480221 -0.01684530972408421 0.0)
(9.537510990091638 -0.017720018499314778 0.0)
(9.781358034472314 -0.018349084031447097 0.0)
(9.935370612869779 -0.0187276054689335 0.0)
(10.000000000000005 -0.018854151604413266 0.0)
(9.975740498241324 -0.01872760546893527 0.0)
(9.863086409972144 -0.01834908403145061 0.0)
(9.662489009908363 -0.017720018499319028 0.0)
(9.374501193297544 -0.01684530972409041 0.0)
(8.999577660421284 -0.015732772835455305 0.0)
(8.5382669698995 -0.014394379963846118 0.0)
(7.9931113608691735 -0.012889286903691503 0.0)
(7.368128466416575 -0.011287080913643199 0.0)
(6.651180037778131 -0.008905511873705363 0.0)
(5.824000721201601 -0.005021055542697248 0.0)
(4.884252864328821 -0.000972061635329296 0.0)
(3.832930756725464 0.0012185753564271323 0.0)
(2.6618344526429456 0.0012432528688492 0.0)
(1.3807406096238595 0.00044974552329836616 0.0)
(0.024812873665735927 3.8698651165209665e-05 0.0)
(-0.024811573041819593 3.8655967363721145e-05 0.0)
(1.1970362147636926 0.00044923693672902897 0.0)
(2.3158785231148937 0.0012417815333000354 0.0)
(3.3667631459082656 0.0012168451333872993 0.0)
(4.359565815729235 -0.0009724982202769038 0.0)
(5.286830094574425 -0.005020951152032642 0.0)
(6.149639567476952 -0.008909285177791616 0.0)
(6.9438134442452 -0.011296659846597045 0.0)
(7.651418629817597 -0.012901005644817585 0.0)
(8.26176488519047 -0.014406026096417755 0.0)
(8.778246836845174 -0.015744208786374735 0.0)
(9.20330133081912 -0.016856388098692807 0.0)
(9.537526575207808 -0.01773070995024927 0.0)
(9.781366784258191 -0.01835944143288159 0.0)
(9.935374566828141 -0.018737745217312054 0.0)
(10.000000000000005 -0.018864213165667856 0.0)
(9.975736544282961 -0.018737745217313816 0.0)
(9.863077660186267 -0.018359441432885096 0.0)
(9.662473424792191 -0.01773070995025352 0.0)
(9.374476446958647 -0.016856388098699007 0.0)
(8.99953094093261 -0.0157442087863815 0.0)
(8.538235114809517 -0.014406026096426426 0.0)
(7.99302581462685 -0.012901005644827355 0.0)
(7.367297666865924 -0.01129665984660568 0.0)
(6.650360432523038 -0.008909285177799778 0.0)
(5.824281016536665 -0.005020951152040702 0.0)
(4.884878628715208 -0.000972498220281616 0.0)
(3.833236854091728 0.0012168451333855132 0.0)
(2.6618992546628912 0.0012417815332995375 0.0)
(1.3807415630141011 0.0004492369367288033 0.0)
(0.024811573041820637 3.8655967363699936e-05 0.0)
(-0.024804519485821623 3.86247901102224e-05 0.0)
(1.197056404652466 0.00044890696268570156 0.0)
(2.3158545517176012 0.0012411284268488158 0.0)
(3.366497393101941 0.0012172716564273845 0.0)
(4.358894740232965 -0.0009687799316587202 0.0)
(5.2863303566827575 -0.005014279393161792 0.0)
(6.150247815381029 -0.008904502500018964 0.0)
(6.944668662151102 -0.011297233551988568 0.0)
(7.651561158678043 -0.012904327871369251 0.0)
(8.261801298385398 -0.014409881613223856 0.0)
(8.778298108804488 -0.0157484141971439 0.0)
(9.203328884520346 -0.016860771478613732 0.0)
(9.537543947407096 -0.0177351602100695 0.0)
(9.78137648759263 -0.01836390076659028 0.0)
(9.935378989436407 -0.018742199753902598 0.0)
(10.000000000000005 -0.018868661527145048 0.0)
(9.975732121674696 -0.01874219975390436 0.0)
(9.863067956851829 -0.018363900766593787 0.0)
(9.662456052592905 -0.017735160210073743 0.0)
(9.374448893257421 -0.016860771478619918 0.0)
(8.999479668973295 -0.01574841419715065 0.0)
(8.538198701614588 -0.014409881613232504 0.0)
(7.992883285766403 -0.012904327871378993 0.0)
(7.36644244896002 -0.011297233551997165 0.0)
(6.649752184618961 -0.00890450250002708 0.0)
(5.824780754428335 -0.005014279393169809 0.0)
(4.885549704211481 -0.0009687799316634051 0.0)
(3.833502606898053 0.0012172716564256088 0.0)
(2.6619232260601837 0.0012411284268483201 0.0)
(1.3807213731253276 0.00044890696268547566 0.0)
(0.024804519485822626 3.8624790110201164e-05 0.0)
(-0.02479202291808738 3.860648927621611e-05 0.0)
(1.1970968507134785 0.0004487700996244022 0.0)
(2.3158724642023047 0.001241322245798682 0.0)
(3.3662836615476848 0.0012198361849070998 0.0)
(4.358207839456417 -0.0009610701442694822 0.0)
(5.2856331338031985 -0.00500133341095576 0.0)
(6.150617980633943 -0.008891373982490887 0.0)
(6.945510721702047 -0.011288776822243775 0.0)
(7.651754407699235 -0.012899107610779885 0.0)
(8.261840669756102 -0.01440577710990075 0.0)
(8.778351680438352 -0.015745204289700405 0.0)
(9.203358034924678 -0.016858267266152426 0.0)
(9.537562343386842 -0.017733173742500486 0.0)
(9.781386718128864 -0.018362266097608146 0.0)
(9.935383686373259 -0.0187407733545167 0.0)
(10.000000000000005 -0.018867301235979596 0.0)
(9.975727424737846 -0.018740773354518455 0.0)
(9.863057726315594 -0.01836226609761164 0.0)
(9.662437656613157 -0.01773317374250471 0.0)
(9.374419742853089 -0.016858267266158584 0.0)
(8.99942609733943 -0.01574520428970713 0.0)
(8.538159330243884 -0.014405777109909363 0.0)
(7.992690036745211 -0.012899107610789586 0.0)
(7.365600389409073 -0.01128877682225232 0.0)
(6.649382019366047 -0.008891373982498937 0.0)
(5.825477977307896 -0.00500133341096372 0.0)
(4.88623660498803 -0.0009610701442741306 0.0)
(3.8337163384523096 0.0012198361849053393 0.0)
(2.6619053135754798 0.0012413222457981897 0.0)
(1.380680927064315 0.00044877009962417694 0.0)
(0.024792022918088328 3.8606489276194886e-05 0.0)
(-0.02477463241494128 3.8601868966868105e-05 0.0)
(1.197155775820803 0.0004488323610576608 0.0)
(2.315931473527197 0.0012423544740995578 0.0)
(3.3661313422189796 0.0012244260381367184 0.0)
(4.357535294563065 -0.0009497076120624152 0.0)
(5.284769060633543 -0.004982682028188673 0.0)
(6.150733798851681 -0.008870476468249624 0.0)
(6.946302624341873 -0.011271661230596504 0.0)
(7.651989885872718 -0.012885574231749592 0.0)
(8.26188126939658 -0.014393892930815486 0.0)
(8.77840519790718 -0.015734720101504965 0.0)
(9.203387501216676 -0.01684898549182311 0.0)
(9.537580954861355 -0.017724837829293075 0.0)
(9.78139702635585 -0.018354609250299705 0.0)
(9.935388451263883 -0.01873352869253384 0.0)
(10.000000000000005 -0.018860192060876715 0.0)
(9.97572265984722 -0.018733528692535594 0.0)
(9.863047418088609 -0.018354609250303185 0.0)
(9.662419045138645 -0.017724837829297277 0.0)
(9.37439027656109 -0.016848985491829234 0.0)
(8.999372579870604 -0.015734720101511643 0.0)
(8.538118730603406 -0.01439389293082405 0.0)
(7.992454558571727 -0.012885574231759234 0.0)
(7.364808486769246 -0.011271661230604977 0.0)
(6.64926620114831 -0.008870476468257591 0.0)
(5.826342050477554 -0.004982682028196564 0.0)
(4.886909149881384 -0.0009497076120670199 0.0)
(3.833868657781015 0.0012244260381349774 0.0)
(2.6618463042505875 0.0012423544740990716 0.0)
(1.3806220019569904 0.0004488323610574364 0.0)
(0.02477463241494216 3.860186896684691e-05 0.0)
(-0.02475311208327654 3.8611132190118505e-05 0.0)
(1.1972305909130239 0.0004490910113320039 0.0)
(2.3160289869304957 0.001244179757528311 0.0)
(3.3660471277484687 0.0012308395463622298 0.0)
(4.356906655945136 -0.0009351915839155329 0.0)
(5.28377610296809 -0.004959144752497576 0.0)
(6.150590181193638 -0.008842728155840014 0.0)
(6.947009575317328 -0.01124663880483165 0.0)
(7.652257246718347 -0.012864322366194343 0.0)
(8.261921313432905 -0.014374751245055575 0.0)
(8.778456309751297 -0.015717422288606602 0.0)
(9.20341598870138 -0.016833333979809285 0.0)
(9.53759896407649 -0.017710518735223477 0.0)
(9.78140695934895 -0.018341266652527895 0.0)
(9.935393074747703 -0.018720784085147827 0.0)
(10.000000000000005 -0.018847646365984554 0.0)
(9.9757180363634 -0.01872078408514957 0.0)
(9.863037485095509 -0.018341266652531354 0.0)
(9.662401035923509 -0.01771051873522765 0.0)
(9.374361789076385 -0.016833333979815374 0.0)
(8.999321468026487 -0.01571742228861323 0.0)
(8.538078686567081 -0.014374751245064073 0.0)
(7.992187197726098 -0.012864322366203912 0.0)
(7.364101535793789 -0.011246638804840033 0.0)
(6.649409818806355 -0.008842728155847888 0.0)
(5.827335008143011 -0.004959144752505388 0.0)
(4.887537788499314 -0.0009351915839200883 0.0)
(3.8339528722515257 0.0012308395463605122 0.0)
(2.6617487908472883 0.0012441797575278321 0.0)
(1.3805471868647692 0.00044909101133178093 0.0)
(0.024753112083277348 3.861113219009739e-05 0.0)
(-0.02472840748709617 3.863387193688427e-05 0.0)
(1.1973180087518596 0.00044953468582756414 0.0)
(2.3161607198516565 0.001246717896470344 0.0)
(3.36603471836592 0.0012387949117653872 0.0)
(4.3563495448334395 -0.0009181598675492864 0.0)
(5.282697889550093 -0.004931755768716107 0.0)
(6.150193437956967 -0.008809348255345234 0.0)
(6.9476005124958835 -0.011214808984560084 0.0)
(7.652544742889686 -0.012836285782207447 0.0)
(8.26195904240338 -0.014349193103274583 0.0)
(8.77850277020978 -0.01569407088525862 0.0)
(9.203442245690827 -0.016812000428915213 0.0)
(9.537615579740283 -0.01769084561508907 0.0)
(9.78141608067062 -0.018322824553629206 0.0)
(9.9353973536773 -0.01870309950709159 0.0)
(10.000000000000005 -0.018830215386184988 0.0)
(9.975713757433802 -0.018703099507093316 0.0)
(9.863028363773838 -0.018322824553632645 0.0)
(9.662384420259716 -0.017690845615093202 0.0)
(9.374335532086938 -0.016812000428921246 0.0)
(8.999275007568004 -0.01569407088526519 0.0)
(8.538040957596607 -0.014349193103283009 0.0)
(7.991899701554758 -0.01283628578221693 0.0)
(7.363510598615233 -0.01121480898456837 0.0)
(6.649806562043027 -0.008809348255353004 0.0)
(5.828413221561011 -0.004931755768723836 0.0)
(4.888094899611012 -0.0009181598675537889 0.0)
(3.833965281634074 0.0012387949117636952 0.0)
(2.661617057926127 0.0012467178964698743 0.0)
(1.380459769025933 0.0004495346858273429 0.0)
(0.024728407487096902 3.863387193686326e-05 0.0)
(-0.024701604101160554 3.866908906429371e-05 0.0)
(1.197414188357398 0.0004501438902986862 0.0)
(2.3163208841871215 0.0012498573697439384 0.0)
(3.366094659316901 0.0012479425901443055 0.0)
(4.355888439671019 -0.0008993608054221638 0.0)
(5.281581795104604 -0.004901718498684894 0.0)
(6.149561001313669 -0.008771803418526224 0.0)
(6.948049471179003 -0.011177570313853526 0.0)
(7.652839742330927 -0.01280269635599781 0.0)
(8.261992798566064 -0.014318341483465068 0.0)
(8.778542537895081 -0.015665691909403943 0.0)
(9.203465118500937 -0.01678592219633854 0.0)
(9.537630071790865 -0.017666682869797595 0.0)
(9.781423989546676 -0.01830009326569039 0.0)
(9.935401100044334 -0.018681251986371893 0.0)
(10.000000000000005 -0.018808665006841325 0.0)
(9.975710011066768 -0.018681251986373614 0.0)
(9.863020454897782 -0.0183000932656938 0.0)
(9.662369928209134 -0.017666682869801692 0.0)
(9.374312659276828 -0.016785922196344526 0.0)
(8.999235239882703 -0.015665691909410445 0.0)
(8.538007201433922 -0.014318341483473418 0.0)
(7.991604702113517 -0.012802696356007198 0.0)
(7.363061639932114 -0.011177570313861704 0.0)
(6.650438998686329 -0.008771803418533886 0.0)
(5.829529316006504 -0.004901718498692538 0.0)
(4.8885560047734335 -0.0008993608054266125 0.0)
(3.8339053406830925 0.0012479425901426404 0.0)
(2.6614568935906617 0.0012498573697434783 0.0)
(1.3803635894203945 0.0004501438902984671 0.0)
(0.02470160410116121 3.866908906427284e-05 0.0)
(-0.02467387961721229 3.871523619619638e-05 0.0)
(1.1975149037737276 0.000450891857415417 0.0)
(2.316502442609003 0.0012534602346369556 0.0)
(3.3662243169056842 0.0012578806492462196 0.0)
(4.355543600575141 -0.0008796203939321188 0.0)
(5.2804768587797195 -0.004870352725097476 0.0)
(6.148720659372835 -0.008731743296826468 0.0)
(6.948336724943494 -0.011136558991776605 0.0)
(7.653129283306306 -0.012765029945502958 0.0)
(8.262021098736925 -0.01428355194936002 0.0)
(8.778573865487859 -0.01563353228132375 0.0)
(9.203483602142278 -0.01675624511190992 0.0)
(9.537641803474044 -0.01763909216617268 0.0)
(9.78143033847557 -0.018274071559917754 0.0)
(9.935404149240293 -0.01865620146308027 0.0)
(10.000000000000005 -0.01878394211219662 0.0)
(9.975706961870811 -0.01865620146308197 0.0)
(9.863014105968889 -0.018274071559921144 0.0)
(9.662358196525956 -0.017639092166176734 0.0)
(9.37429417563549 -0.016756245111915855 0.0)
(8.999203912289923 -0.015633532281330187 0.0)
(8.537978901263061 -0.014283551949368286 0.0)
(7.991315161138136 -0.012765029945512256 0.0)
(7.362774386167622 -0.011136558991784675 0.0)
(6.651279340627164 -0.008731743296834026 0.0)
(5.83063425233139 -0.004870352725105038 0.0)
(4.888900843869312 -0.0008796203939365148 0.0)
(3.833775683094309 0.0012578806492445818 0.0)
(2.6612753351687792 0.0012534602346365058 0.0)
(1.3802628740040648 0.00045089185741520023 0.0)
(0.024673879617212877 3.871523619617566e-05 0.0)
(-0.024646452198355574 3.877028571204025e-05 0.0)
(1.197615729749708 0.0004517457228710147 0.0)
(2.316697417772396 0.0012573681878572521 0.0)
(3.36641799421502 0.0012681724289353566 0.0)
(4.355330179144815 -0.000859805990645962 0.0)
(5.279431629456132 -0.004839036602663224 0.0)
(6.147709335221989 -0.008690928058705536 0.0)
(6.948449652384463 -0.011093576980793279 0.0)
(7.653400643915068 -0.01272494154389129 0.0)
(8.262042699458227 -0.014246353089442356 0.0)
(8.778595376511003 -0.015599005036241521 0.0)
(9.203496884477463 -0.016724273132426446 0.0)
(9.537650259321124 -0.01760928578925582 0.0)
(9.78143484849698 -0.018245902782457593 0.0)
(9.935406367289081 -0.0186290486113815 0.0)
(10.000000000000005 -0.018757132981012305 0.0)
(9.975704743822021 -0.018629048611383193 0.0)
(9.863009595947478 -0.018245902782460948 0.0)
(9.662349740678875 -0.01760928578925984 0.0)
(9.374280893300304 -0.016724273132432327 0.0)
(8.999182401266781 -0.01559900503624789 0.0)
(8.537957300541757 -0.014246353089450542 0.0)
(7.991043800529374 -0.012724941543900494 0.0)
(7.362661458726654 -0.011093576980801245 0.0)
(6.652290664778015 -0.008690928058712993 0.0)
(5.831679481654979 -0.004839036602670708 0.0)
(4.8891142652996376 -0.000859805990650309 0.0)
(3.8335820057849723 0.0012681724289337448 0.0)
(2.661080360005386 0.0012573681878568128 0.0)
(1.3801620480280838 0.0004517457228708004 0.0)
(0.02464645219835609 3.877028571201969e-05 0.0)
(-0.024620526955197904 3.8831818836809394e-05 0.0)
(1.1977122361764112 0.000452667969379463 0.0)
(2.3168972428253167 0.001261409521089726 0.0)
(3.366667181418259 0.0012783657272404541 0.0)
(4.355257552727244 -0.0008407882041946605 0.0)
(5.278492032598127 -0.004809146104510669 0.0)
(6.14657146459415 -0.008651151051057094 0.0)
(6.948383291676748 -0.011050512831832797 0.0)
(7.653641901068503 -0.012684192562189965 0.0)
(8.262056651633797 -0.014208379353563467 0.0)
(8.778606125809505 -0.015563627238140346 0.0)
(9.203504381904986 -0.016691411048175547 0.0)
(9.537655067797655 -0.017578573376719534 0.0)
(9.781437321448818 -0.018216824617858174 0.0)
(9.935407656733696 -0.018600986477904497 0.0)
(10.000000000000005 -0.018729415557466707 0.0)
(9.975703454377406 -0.018600986477906176 0.0)
(9.86300712299564 -0.018216824617861508 0.0)
(9.662344932202345 -0.017578573376723514 0.0)
(9.37427339587278 -0.01669141104818138 0.0)
(8.999171651968277 -0.015563627238146652 0.0)
(8.537943348366188 -0.01420837935357158 0.0)
(7.990802543375938 -0.01268419256219908 0.0)
(7.36272781943437 -0.011050512831840663 0.0)
(6.653428535405857 -0.008651151051064461 0.0)
(5.8326190785129866 -0.004809146104518087 0.0)
(4.889186891717207 -0.0008407882041989641 0.0)
(3.8333328185817326 0.0012783657272388666 0.0)
(2.6608805349524647 0.0012614095210892967 0.0)
(1.3800655416013807 0.000452667969379251 0.0)
(0.024620526955198365 3.883181883678901e-05 0.0)
(-0.024597242995494747 3.889713191757312e-05 0.0)
(1.1978001827380007 0.0004536180751163829 0.0)
(2.31709313782051 0.0012654066655455526 0.0)
(3.366960929685566 0.0012880126692820996 0.0)
(4.355328912394352 -0.0008234026413228276 0.0)
(5.277699352372702 -0.004781994564445517 0.0)
(6.14535704344303 -0.008614160002827232 0.0)
(6.948140558588443 -0.011009258704816843 0.0)
(7.653842454368656 -0.012644573436106782 0.0)
(8.262062342230564 -0.01417129923820689 0.0)
(8.778605641078858 -0.015528953322746947 0.0)
(9.203505765001596 -0.016659102759019714 0.0)
(9.537656017627974 -0.017548304375783887 0.0)
(9.781437648674105 -0.018188114707475 0.0)
(9.935407960918301 -0.01857324806145601 0.0)
(10.000000000000005 -0.018702007694442812 0.0)
(9.975703150192802 -0.018573248061457683 0.0)
(9.863006795770353 -0.018188114707478314 0.0)
(9.662343982372025 -0.017548304375787832 0.0)
(9.37427201277617 -0.016659102759025497 0.0)
(8.999172136698926 -0.015528953322753194 0.0)
(8.537937657769422 -0.014171299238214934 0.0)
(7.990601990075785 -0.012644573436115816 0.0)
(7.362970552522676 -0.011009258704824625 0.0)
(6.654642956556979 -0.008614160002834527 0.0)
(5.833411758738413 -0.0047819945644528815 0.0)
(4.8891155320500985 -0.0008234026413270957 0.0)
(3.8330390703144244 0.0012880126692805325 0.0)
(2.660684639957271 0.0012654066655451324 0.0)
(1.3799775950397908 0.00045361807511617324 0.0)
(0.02459724299549516 3.88971319175529e-05 0.0)
(-0.024577623373838654 3.8963355217049574e-05 0.0)
(1.1978757052234545 0.00045455429417386346 0.0)
(2.317276495490267 0.001269183994009913 0.0)
(3.367286332255473 0.0012966893860755636 0.0)
(4.355541122732915 -0.0008084131918570631 0.0)
(5.277088417698793 -0.004758774971465892 0.0)
(6.144119431212291 -0.008581580233001965 0.0)
(6.94773211836738 -0.010971627230614211 0.0)
(7.653993491870421 -0.012607824957560694 0.0)
(8.262059521214114 -0.01413674197580524 0.0)
(8.778593943617237 -0.01549650679846957 0.0)
(9.203500972996558 -0.016628767832078114 0.0)
(9.537653067078274 -0.017519808750974416 0.0)
(9.781435815795161 -0.018161034512247008 0.0)
(9.935407266477577 -0.0185470521373088 0.0)
(10.000000000000005 -0.018676113643300633 0.0)
(9.975703844633525 -0.01854705213731046 0.0)
(9.863008628649297 -0.018161034512250308 0.0)
(9.662346932921725 -0.017519808750978333 0.0)
(9.374276804781209 -0.016628767832083863 0.0)
(8.999183834160545 -0.015496506798475772 0.0)
(8.537940478785872 -0.014136741975813225 0.0)
(7.990450952574021 -0.012607824957569663 0.0)
(7.3633789927437405 -0.01097162723062192 0.0)
(6.6558805687877225 -0.008581580233009197 0.0)
(5.834022693412322 -0.004758774971473215 0.0)
(4.888903321711535 -0.0008084131918613047 0.0)
(3.8327136677445166 0.0012966893860740139 0.0)
(2.6605012822875134 0.0012691839940095005 0.0)
(1.379902072554337 0.0004545542941736559 0.0)
(0.02457762337383904 3.896335521702953e-05 0.0)
(-0.024562530140512115 3.902757900461187e-05 0.0)
(1.197935485312926 0.0004554354907992834 0.0)
(2.317439259434022 0.0012725755375805087 0.0)
(3.3676290915343654 0.0013040146385585468 0.0)
(4.355884859608882 -0.0007964784647844701 0.0)
(5.276686071928299 -0.0047405075520082695 0.0)
(6.142913006319201 -0.008554843237064408 0.0)
(6.947175917129652 -0.010939271867356522 0.0)
(7.654088377262285 -0.012575561787469571 0.0)
(8.262048312534752 -0.014106225949247712 0.0)
(8.778571547389706 -0.015467713306225728 0.0)
(9.203490216441807 -0.016601739128544377 0.0)
(9.537646345790312 -0.017494338547913987 0.0)
(9.78143190334533 -0.01813677388641071 0.0)
(9.935405603923982 -0.0185235497064458 0.0)
(10.000000000000005 -0.018652871141275524 0.0)
(9.97570550718712 -0.018523549706447453 0.0)
(9.863012541099128 -0.01813677388641399 0.0)
(9.662353654209687 -0.017494338547917883 0.0)
(9.374287561335958 -0.0166017391285501 0.0)
(8.999206230388076 -0.015467713306231892 0.0)
(8.537951687465233 -0.014106225949255655 0.0)
(7.990356067182156 -0.012575561787478488 0.0)
(7.363935193981471 -0.01093927186736418 0.0)
(6.657086993680815 -0.008554843237071601 0.0)
(5.8344250391828165 -0.00474050755201557 0.0)
(4.888559584835566 -0.0007964784647886957 0.0)
(3.8323709084656237 0.0013040146385570087 0.0)
(2.6603385183437585 0.0012725755375801024 0.0)
(1.3798422924648654 0.00045543549079907767 0.0)
(0.02456253014051248 3.9027579004591964e-05 0.0)
(-0.024552626464575206 3.908698140452861e-05 0.0)
(1.1979768963786483 0.00045622294682502544 0.0)
(2.317574278101854 0.0012754322780375025 0.0)
(3.3679741473065885 0.0013096665685381178 0.0)
(4.356345019852775 -0.0007881228501786522 0.0)
(5.276509993398305 -0.004727994943064323 0.0)
(6.141790776866473 -0.008535123789702106 0.0)
(6.946496393340104 -0.010913614250512857 0.0)
(7.654122941453718 -0.012549201510503424 0.0)
(8.262029208681342 -0.014081091976913759 0.0)
(8.778539436445532 -0.015443837979388407 0.0)
(9.203473967960683 -0.016579204240204166 0.0)
(9.537636149085186 -0.01747301288072865 0.0)
(9.781426083230505 -0.01811639879748178 0.0)
(9.93540304630708 -0.018503773422682643 0.0)
(10.000000000000005 -0.01863330142138551 0.0)
(9.975708064804023 -0.018503773422684288 0.0)
(9.863018361213953 -0.018116398797485053 0.0)
(9.662363850914813 -0.017473012880732525 0.0)
(9.374303809817084 -0.016579204240209866 0.0)
(8.99923834133225 -0.015443837979394543 0.0)
(8.537970791318644 -0.01408109197692167 0.0)
(7.9903215029907235 -0.012549201510512305 0.0)
(7.36461471777102 -0.010913614250520487 0.0)
(6.658209223133545 -0.008535123789709283 0.0)
(5.834601117712809 -0.004727994943071617 0.0)
(4.8880994245916725 -0.0007881228501828728 0.0)
(3.8320258526933992 0.0013096665685365862 0.0)
(2.660203499675926 0.001275432278037101 0.0)
(1.3798008813991431 0.0004562229468248211 0.0)
(0.02455262646457557 3.908698140450884e-05 0.0)
(-0.024548347495430334 3.913895238402109e-05 0.0)
(1.197998118894153 0.00045688206287392854 0.0)
(2.317675619020509 0.0012776286954314724 0.0)
(3.3683063384527734 0.0013133968405508872 0.0)
(4.3569013848653135 -0.0007837134784592241 0.0)
(5.2765679186772925 -0.004721786925779878 0.0)
(6.140802051563197 -0.00852328832735645 0.0)
(6.945723404030895 -0.010895781728828048 0.0)
(7.654095665757381 -0.012529902349007374 0.0)
(8.262003049042255 -0.014062444399566429 0.0)
(8.778499021680856 -0.015425929856140165 0.0)
(9.203452941481716 -0.016562153308824736 0.0)
(9.537622924987463 -0.017456768760220318 0.0)
(9.78141861117588 -0.018100804489592594 0.0)
(9.935399706003876 -0.0184885922197482 0.0)
(10.000000000000005 -0.018618264341320783 0.0)
(9.975711405107226 -0.018488592219749845 0.0)
(9.863025833268578 -0.01810080448959586 0.0)
(9.662377075012538 -0.017456768760224194 0.0)
(9.37432483629605 -0.016562153308830423 0.0)
(8.999278756096928 -0.01542592985614629 0.0)
(8.537996950957732 -0.014062444399574327 0.0)
(7.990348778687061 -0.012529902349016242 0.0)
(7.365387707080231 -0.010895781728835664 0.0)
(6.659197948436822 -0.00852328832736363 0.0)
(5.834543192433821 -0.004721786925787182 0.0)
(4.887543059579131 -0.0007837134784634512 0.0)
(3.831693661547214 0.0013133968405493561 0.0)
(2.660102158757271 0.001277628695431073 0.0)
(1.3797796588836382 0.0004568820628737252 0.0)
(0.024548347495430712 3.91389523840014e-05 0.0)
(-0.024549881243153562 3.9181208433328604e-05 0.0)
(1.1979982203809347 0.0004573838785926226 0.0)
(2.317738829455419 0.00127906828320036 0.0)
(3.368611069101682 0.001315041553268954 0.0)
(4.3575295089856905 -0.0007834440893528199 0.0)
(5.276857302634474 -0.004722156269077162 0.0)
(6.13999027319038 -0.008519856878590538 0.0)
(6.944890912938128 -0.010886557830681242 0.0)
(7.654007748617473 -0.01251851227283074 0.0)
(8.261970983024172 -0.014051102557639583 0.0)
(8.7784520788465 -0.01541477578665454 0.0)
(9.203428060869928 -0.016551335521137096 0.0)
(9.537607254539804 -0.01744631992332635 0.0)
(9.781409815489866 -0.018090676148102815 0.0)
(9.935395729781183 -0.018478673131926183 0.0)
(10.000000000000005 -0.018608420602869807 0.0)
(9.97571538132992 -0.018478673131927827 0.0)
(9.863034628954592 -0.01809067614810608 0.0)
(9.662392745460195 -0.017446319923330227 0.0)
(9.374349716907838 -0.01655133552114279 0.0)
(8.999325698931283 -0.01541477578666067 0.0)
(8.538029016975814 -0.014051102557647488 0.0)
(7.990436695826969 -0.012518512272839614 0.0)
(7.366220198173001 -0.010886557830688872 0.0)
(6.660009726809641 -0.008519856878597746 0.0)
(5.834253808476639 -0.004722156269084496 0.0)
(4.886914935458753 -0.0007834440893570643 0.0)
(3.8313889308983042 0.001315041553267418 0.0)
(2.660038948322361 0.001279068283199961 0.0)
(1.3797795573968568 0.0004573838785924198 0.0)
(0.024549881243153975 3.918120843330899e-05 0.0)
(-0.02455716031767586 3.9211892898949854e-05 0.0)
(1.1979771963798493 0.00045770634511647424 0.0)
(2.3177611320557134 0.0012796877884912515 0.0)
(3.368874949946092 0.0013145284410244033 0.0)
(4.358201793589175 -0.0007873265193239415 0.0)
(5.2773654302681825 -0.004729086744687391 0.0)
(6.139391109804613 -0.008524980214985491 0.0)
(6.944035498197419 -0.010886347837282368 0.0)
(7.65386305295228 -0.01251553174108317 0.0)
(8.261934419549267 -0.014047564790918177 0.0)
(8.778400670524727 -0.015410865860338943 0.0)
(9.203400419333882 -0.016547226190941667 0.0)
(9.537589826273011 -0.017442125472824272 0.0)
(9.781400082638816 -0.018086458793808227 0.0)
(9.935391292346951 -0.018474451985789033 0.0)
(10.000000000000005 -0.018604202721891516 0.0)
(9.975719818764151 -0.018474451985790685 0.0)
(9.863044361805642 -0.0180864587938115 0.0)
(9.66241017372699 -0.01744212547282816 0.0)
(9.374377358443883 -0.016547226190947367 0.0)
(8.999377107253057 -0.01541086586034509 0.0)
(8.53806558045072 -0.014047564790926103 0.0)
(7.990581391492162 -0.012515531741092073 0.0)
(7.3670756129137125 -0.010886347837290035 0.0)
(6.660608890195408 -0.008524980214992747 0.0)
(5.833745680842927 -0.004729086744694768 0.0)
(4.886242650855266 -0.0007873265193282134 0.0)
(3.831125050053894 0.001314528441022857 0.0)
(2.6600166457220666 0.0012796877884908504 0.0)
(1.3798005813979421 0.00045770634511627144 0.0)
(0.024557160317676314 3.921189289893027e-05 0.0)
(-0.024569864889779393 3.922965756160108e-05 0.0)
(1.1979359706470427 0.0004578352938563611 0.0)
(2.317741546885938 0.001279459991375018 0.0)
(3.369086386544455 0.0013118800490305484 0.0)
(4.358888699720201 -0.0007951901815023628 0.0)
(5.278069975379788 -0.004742273840191197 0.0)
(6.139030887548931 -0.008538433226512992 0.0)
(6.9431947451675375 -0.0108951609753572 0.0)
(7.653667936424618 -0.012521091712876926 0.0)
(8.261894965149734 -0.014051986542399787 0.0)
(8.778347055503145 -0.015414371872202669 0.0)
(9.203371231392104 -0.01655000587468942 0.0)
(9.537571405953244 -0.017444369705195608 0.0)
(9.7813898402664 -0.018088337729541104 0.0)
(9.935386588673925 -0.01847611425077565 0.0)
(10.000000000000005 -0.018605796024359706 0.0)
(9.975724522437178 -0.0184761142507773 0.0)
(9.863054604178059 -0.01808833772954439 0.0)
(9.662428594046755 -0.01744436970519951 0.0)
(9.374406546385663 -0.016550005874695142 0.0)
(8.999430722274637 -0.015414371872208846 0.0)
(8.538105034850252 -0.014051986542407751 0.0)
(7.990776508019825 -0.01252109171288587 0.0)
(7.367916365943596 -0.010895160975364923 0.0)
(6.660969112451089 -0.008538433226520314 0.0)
(5.833041135731319 -0.004742273840198633 0.0)
(4.885555744724238 -0.0007951901815066714 0.0)
(3.8309136134555306 0.0013118800490289865 0.0)
(2.6600362308918424 0.001279459991374613 0.0)
(1.3798418071307492 0.00045783529385615775 0.0)
(0.024569864889779903 3.9229657561581486e-05 0.0)
(-0.024587436743808304 3.923372187450493e-05 0.0)
(1.1978763545657938 0.00045776505904055755 0.0)
(2.317680934482622 0.0012783949008402038 0.0)
(3.3692360887594517 0.0013072127427865027 0.0)
(4.3595600459800306 -0.0008066895609581273 0.0)
(5.2789399815460145 -0.0047611381387372516 0.0)
(6.138925433930241 -0.008559624812458111 0.0)
(6.942405594998503 -0.010912610011741914 0.0)
(7.653430972097758 -0.012534947893223066 0.0)
(8.26185435337971 -0.014064173528413677 0.0)
(8.77829358952772 -0.015425139774498496 0.0)
(9.203341779509358 -0.016559552438161766 0.0)
(9.537552802935654 -0.01745295401297566 0.0)
(9.781379538403723 -0.018096230398302764 0.0)
(9.93538182543289 -0.018483586890003543 0.0)
(10.000000000000005 -0.01861313050347878 0.0)
(9.975729285678213 -0.0184835868900052 0.0)
(9.863064906040735 -0.018096230398306063 0.0)
(9.662447197064347 -0.01745295401297959 0.0)
(9.374435998268408 -0.016559552438167528 0.0)
(8.999484188250063 -0.015425139774504715 0.0)
(8.538145646620276 -0.014064173528421693 0.0)
(7.991013472346685 -0.012534947893232073 0.0)
(7.368705516112631 -0.01091261001174971 0.0)
(6.66107456606978 -0.008559624812465517 0.0)
(5.83217112956509 -0.0047611381387447586 0.0)
(4.884884398464408 -0.0008066895609624799 0.0)
(3.8307639112405343 0.0013072127427849213 0.0)
(2.660096843295159 0.0012783949008397927 0.0)
(1.3799014232119984 0.00045776505904035334 0.0)
(0.024587436743808876 3.923372187448529e-05 0.0)
(-0.024609103804643345 3.922390725918784e-05 0.0)
(1.197800967557648 0.0004574987266583793 0.0)
(2.31758195804388 0.0012765393150163805 0.0)
(3.3693174789496276 0.0013007315951900343 0.0)
(4.3601863346422 -0.0008213193959954688 0.0)
(5.27993722228755 -0.0047848507775587025 0.0)
(6.139079382387624 -0.008587623853303332 0.0)
(6.941702721505034 -0.01093792826769987 0.0)
(7.653162571750707 -0.01255649146690635 0.0)
(8.261814368646075 -0.014083590275089857 0.0)
(8.778242621795597 -0.015442696445298864 0.0)
(9.20331335774749 -0.016575446422824682 0.0)
(9.5375348346028 -0.01746750121738513 0.0)
(9.781369629695785 -0.018109790010667037 0.0)
(9.935377211911943 -0.018496541569375847 0.0)
(10.000000000000005 -0.0186258838956543 0.0)
(9.97573389919916 -0.01849654156937752 0.0)
(9.863074814748673 -0.018109790010670358 0.0)
(9.662465165397201 -0.01746750121738909 0.0)
(9.374464420030277 -0.016575446422830487 0.0)
(8.999535155982187 -0.015442696445305135 0.0)
(8.538185631353912 -0.014083590275097936 0.0)
(7.991281872693738 -0.01255649146691543 0.0)
(7.369408389606102 -0.010937928267707753 0.0)
(6.660920617612394 -0.00858762385331083 0.0)
(5.831173888823552 -0.004784850777566286 0.0)
(4.8842581098022375 -0.0008213193959998711 0.0)
(3.8306825210503583 0.0013007315951884299 0.0)
(2.660195819733901 0.001276539315015962 0.0)
(1.3799768102201444 0.00045749872665817355 0.0)
(0.024609103804643994 3.9223907259168136e-05 0.0)
(-0.024633914061270204 3.920064495189153e-05 0.0)
(1.1977131219898267 0.00045704799886745764 0.0)
(2.317448966413358 0.0012739747649499484 0.0)
(3.3693269809789252 0.0012927213760096081 0.0)
(4.3607400477286555 -0.0008384368784273734 0.0)
(5.2810178806706105 -0.004812369866686777 0.0)
(6.139485968707506 -0.008621200122416713 0.0)
(6.941117007662561 -0.010970003305382716 0.0)
(7.65287452840369 -0.012584775848711986 0.0)
(8.26177676780487 -0.014109383646101311 0.0)
(8.778196391735682 -0.015466270476607825 0.0)
(9.203287214906721 -0.016596989476069298 0.0)
(9.537518290450356 -0.01748737214087562 0.0)
(9.781360549513083 -0.01812842078207326 0.0)
(9.935372950820755 -0.01851440908398087 0.0)
(10.000000000000005 -0.01864349584016575 0.0)
(9.975738160290346 -0.018514409083982556 0.0)
(9.863083894931375 -0.018128420782076608 0.0)
(9.662481709549645 -0.017487372140879615 0.0)
(9.374490562871046 -0.016596989476075144 0.0)
(8.999581386042102 -0.015466270476614159 0.0)
(8.538223232195117 -0.014109383646109459 0.0)
(7.9915699160407545 -0.012584775848721152 0.0)
(7.369994103448576 -0.010970003305390703 0.0)
(6.660514031292511 -0.008621200122424313 0.0)
(5.830093230440488 -0.004812369866694446 0.0)
(4.88370439671578 -0.0008384368784318284 0.0)
(3.8306730190210607 0.0012927213760079777 0.0)
(2.660328811364424 0.0012739747649495212 0.0)
(1.3800646557879657 0.0004570479988672502 0.0)
(0.02463391406127093 3.920064495187172e-05 0.0)
)
