(
(0.007383965384681221 -7.892451851857364e-05 0.0)
(1.3298661051274798 -0.0011015138590399491 0.0)
(2.5971240429678275 -0.004422403026654648 0.0)
(3.786757177659656 -0.01023536945055135 0.0)
(4.866864768876469 -0.017649203455101747 0.0)
(5.8135357019546605 -0.026391940381531295 0.0)
(6.6177620097152206 -0.03686619343806195 0.0)
(7.320459054790645 -0.048189969490215596 0.0)
(7.957442427531507 -0.05865604885334475 0.0)
(8.512022583840153 -0.06778730376634047 0.0)
(8.978412591991423 -0.07565621661544744 0.0)
(9.358249210049959 -0.08219320287768184 0.0)
(9.650663379798335 -0.087331092766408 0.0)
(9.855367160668143 -0.09102561218223346 0.0)
(9.971932413462167 -0.09325129430452787 0.0)
(10.0 -0.09399434797610383 0.0)
(9.93917869764897 -0.09325129430452651 0.0)
(9.789077283776294 -0.09102561218223099 0.0)
(9.54933662020168 -0.08733109276640408 0.0)
(9.219528567727835 -0.08219320287767758 0.0)
(8.799365185786359 -0.07565621661544288 0.0)
(8.287977416159876 -0.06778730376633502 0.0)
(7.687002016912943 -0.058656048853339304 0.0)
(6.990652056320456 -0.04818996949021066 0.0)
(6.182237990284776 -0.036866193438056666 0.0)
(5.297575409156415 -0.02639194038152606 0.0)
(4.377579675567908 -0.017649203455098926 0.0)
(3.4132428223403153 -0.010235369450550494 0.0)
(2.380653734809934 -0.004422403026654738 0.0)
(1.2479116726502837 -0.0011015138590398975 0.0)
(-0.007383965384691383 -7.892451851856789e-05 0.0)
(0.0073519251714045985 -7.902590421977857e-05 0.0)
(1.3297436276999504 -0.0011029608033799997 0.0)
(2.5968356610156835 -0.004428324361235451 0.0)
(3.7862728380779687 -0.010249207990644323 0.0)
(4.866610118478395 -0.017673476833823813 0.0)
(5.81456784456783 -0.026429653496591834 0.0)
(6.6196536063461595 -0.036918546265815144 0.0)
(7.321002843053375 -0.04824969009570255 0.0)
(7.957184923267674 -0.058714028516378684 0.0)
(8.512022588309277 -0.06784173631439065 0.0)
(8.978424872708809 -0.07570725246909046 0.0)
(9.358253435596772 -0.08224086181335058 0.0)
(9.650665931549572 -0.08737582108378093 0.0)
(9.855368879637304 -0.09106809046397069 0.0)
(9.971932972983149 -0.09329236819298349 0.0)
(10.0 -0.09403494298989072 0.0)
(9.939178138127987 -0.09329236819298216 0.0)
(9.789075564807133 -0.09106809046396824 0.0)
(9.549334068450442 -0.08737582108377706 0.0)
(9.21952434218102 -0.0822408618133464 0.0)
(8.799352905068973 -0.07570725246908595 0.0)
(8.287977411690752 -0.06784173631438528 0.0)
(7.6872595211767765 -0.058714028516373334 0.0)
(6.990108268057724 -0.04824969009569775 0.0)
(6.180346393653832 -0.03691854626580997 0.0)
(5.296543266543244 -0.02642965349658666 0.0)
(4.377834325965984 -0.01767347683382104 0.0)
(3.413727161922004 -0.010249207990643498 0.0)
(2.380942116762079 -0.004428324361235552 0.0)
(1.2480341500778136 -0.0011029608033799512 0.0)
(-0.007351925171414705 -7.902590421977307e-05 0.0)
(0.007326407429348556 -7.912569638969747e-05 0.0)
(1.3296436718376772 -0.0011043440716281164 0.0)
(2.59657484915409 -0.00443373688397325 0.0)
(3.7857545240559145 -0.010261162153396997 0.0)
(4.866148436826552 -0.017693387520255666 0.0)
(5.815292853296407 -0.026460269841376845 0.0)
(6.6215249276872585 -0.036962642030501786 0.0)
(7.321783021007494 -0.04830213817107341 0.0)
(7.957010399800143 -0.058765932120968374 0.0)
(8.51203555583574 -0.0678907267473343 0.0)
(8.97845386947917 -0.07575339602722297 0.0)
(9.358266941632987 -0.08228411458949025 0.0)
(9.650674348582687 -0.08741653395333922 0.0)
(9.855373837923986 -0.0911068382236564 0.0)
(9.97193503696601 -0.09332988567588398 0.0)
(10.0 -0.09407203935285892 0.0)
(9.939176074145127 -0.09332988567588264 0.0)
(9.78907060652045 -0.09110683822365398 0.0)
(9.549325651417329 -0.08741653395333535 0.0)
(9.219510836144806 -0.0822841145894861 0.0)
(8.799323908298613 -0.07575339602721852 0.0)
(8.28796444416429 -0.06789072674732902 0.0)
(7.687434044644308 -0.05876593212096312 0.0)
(6.9893280901036015 -0.04830213817106868 0.0)
(6.178475072312729 -0.03696264203049668 0.0)
(5.295818257814666 -0.02646026984137172 0.0)
(4.378296007617829 -0.017693387520252922 0.0)
(3.41424547594406 -0.010261162153396192 0.0)
(2.381202928623672 -0.004433736883973363 0.0)
(1.2481341059400868 -0.0011043440716280708 0.0)
(-0.0073264074293586294 -7.912569638969221e-05 0.0)
(0.0073085333614156455 -7.921951034294873e-05 0.0)
(1.3295706294183847 -0.0011056028855080946 0.0)
(2.5963530669791046 -0.00443840277852088 0.0)
(3.7852250093633937 -0.01027070669476754 0.0)
(4.865500009368099 -0.017708060675261057 0.0)
(5.8156788725832245 -0.026482444189707487 0.0)
(6.623293751302276 -0.03699654324489246 0.0)
(7.322765309060995 -0.048345009243847374 0.0)
(7.956926525370794 -0.05880947911768312 0.0)
(8.512060916650151 -0.06793212251517335 0.0)
(8.978498308237464 -0.07579261982631788 0.0)
(9.358289134728079 -0.08232106075824594 0.0)
(9.650688261068638 -0.08745144252607649 0.0)
(9.855381817670146 -0.09114015295561698 0.0)
(9.971938514723117 -0.09336219830366695 0.0)
(10.0 -0.09410400711868551 0.0)
(9.939172596388019 -0.09336219830366561 0.0)
(9.78906262677429 -0.09114015295561459 0.0)
(9.549311738931376 -0.08745144252607268 0.0)
(9.219488643049715 -0.08232106075824182 0.0)
(8.799279469540318 -0.07579261982631345 0.0)
(8.287939083349878 -0.06793212251516811 0.0)
(7.687517919073656 -0.058809479117677935 0.0)
(6.988345802050097 -0.04834500924384272 0.0)
(6.176706248697708 -0.03699654324488738 0.0)
(5.29543223852785 -0.026482444189702383 0.0)
(4.378944435076284 -0.01770806067525832 0.0)
(3.414774990636582 -0.010270706694766749 0.0)
(2.381424710798658 -0.0044384027785209995 0.0)
(1.2482071483593793 -0.0011056028855080512 0.0)
(-0.007308533361425709 -7.921951034294369e-05 0.0)
(0.007299088321451155 -7.930322406605428e-05 0.0)
(1.3295277097923492 -0.001106681935040983 0.0)
(2.5961800591937565 -0.00444211703400793 0.0)
(3.7847075599072757 -0.010277422245069376 0.0)
(4.864693326819297 -0.017716851587252818 0.0)
(5.8157089414470216 -0.026495202241284953 0.0)
(6.624882358317538 -0.037018760351647334 0.0)
(7.323906547273851 -0.0483764196375172 0.0)
(7.956936985268612 -0.05884275613115427 0.0)
(8.512097556444726 -0.06796410476360033 0.0)
(8.978556236425952 -0.07582320044440083 0.0)
(9.35831903975805 -0.08235007697255364 0.0)
(9.650707057718249 -0.08747901298317017 0.0)
(9.855392468260336 -0.09116657087147773 0.0)
(9.971943253448186 -0.0933878863185819 0.0)
(10.0 -0.09412944168222341 0.0)
(9.939167857662948 -0.09338788631858057 0.0)
(9.789051976184101 -0.09116657087147531 0.0)
(9.549292942281767 -0.08747901298316635 0.0)
(9.219458738019744 -0.08235007697254955 0.0)
(8.79922154135183 -0.07582320044439646 0.0)
(8.287902443555303 -0.06796410476359513 0.0)
(7.687507459175839 -0.0588427561311491 0.0)
(6.9872045638372375 -0.048376419637512574 0.0)
(6.1751176416824425 -0.03701876035164227 0.0)
(5.295402169664054 -0.026495202241279835 0.0)
(4.379751117625089 -0.01771685158725008 0.0)
(3.415292440092701 -0.010277422245068588 0.0)
(2.3815977185840067 -0.004442117034008055 0.0)
(1.2482500679854147 -0.0011066819350409418 0.0)
(-0.007299088321461232 -7.930322406604938e-05 0.0)
(0.007298487307231912 -7.937315933117075e-05 0.0)
(1.3295167987694196 -0.0011075338087643723 0.0)
(2.5960634274436254 -0.004444716452843336 0.0)
(3.7842249114700155 -0.010281013735307994 0.0)
(4.863763833335555 -0.017719373999640565 0.0)
(5.815381738716932 -0.026497983430663105 0.0)
(6.62622094824707 -0.03702831717174068 0.0)
(7.325156591726827 -0.048394989236848714 0.0)
(7.95704131990482 -0.05886430103028845 0.0)
(8.512143865333918 -0.06798526825112929 0.0)
(8.978625108786007 -0.07584379422505899 0.0)
(9.358355342750592 -0.08236988831304037 0.0)
(9.65072991264112 -0.08749803392917423 0.0)
(9.855405321727106 -0.09118493121634588 0.0)
(9.971949044930309 -0.09340582103624835 0.0)
(10.0 -0.09414722549528202 0.0)
(9.939162066180828 -0.09340582103624705 0.0)
(9.78903912271733 -0.09118493121634347 0.0)
(9.549270087358895 -0.08749803392917041 0.0)
(9.219422435027202 -0.08236988831303628 0.0)
(8.799152668991775 -0.07584379422505459 0.0)
(8.28785613466611 -0.06798526825112408 0.0)
(7.68740312453963 -0.0588643010302833 0.0)
(6.985954519384259 -0.04839498923684407 0.0)
(6.173779051752909 -0.037028317171735575 0.0)
(5.295729372394145 -0.02649798343065796 0.0)
(4.380680611108833 -0.017719373999637807 0.0)
(3.4157750885299625 -0.010281013735307199 0.0)
(2.381714350334138 -0.004444716452843463 0.0)
(1.2482609790083443 -0.001107533808764332 0.0)
(-0.007298487307242027 -7.937315933116598e-05 0.0)
(0.007306756726223186 -7.942624331069192e-05 0.0)
(1.3295383757599821 -0.0011081210769053151 0.0)
(2.59600829631444 -0.004446086821318976 0.0)
(3.783798270740966 -0.010281323361972756 0.0)
(4.86275236916009 -0.017715517082238594 0.0)
(5.814711641082317 -0.02649066555746872 0.0)
(6.627250705898248 -0.03702479379598128 0.0)
(7.32646051775355 -0.04839990212761942 0.0)
(7.9572349450063795 -0.05887316717163301 0.0)
(8.512197808589857 -0.06799468309283564 0.0)
(8.978701899192128 -0.07585349631524543 0.0)
(9.358396448618631 -0.08237962430564894 0.0)
(9.650755821633755 -0.08750766961851912 0.0)
(9.855419813312642 -0.09119442727025723 0.0)
(9.971955634702354 -0.09341521443798272 0.0)
(10.0 -0.09415657716965008 0.0)
(9.939155476408782 -0.09341521443798138 0.0)
(9.789024631131793 -0.09119442727025484 0.0)
(9.54924417836626 -0.0875076696185153 0.0)
(9.219381329159162 -0.08237962430564484 0.0)
(8.799075878585654 -0.07585349631524103 0.0)
(8.287802191410172 -0.06799468309283044 0.0)
(7.68720949943807 -0.05887316717162781 0.0)
(6.984650593357532 -0.04839990212761473 0.0)
(6.172749294101729 -0.03702479379597612 0.0)
(5.296399470028764 -0.026490665557463513 0.0)
(4.381692075284302 -0.0177155170822358 0.0)
(3.4162017292590128 -0.010281323361971947 0.0)
(2.381769481463323 -0.004446086821319099 0.0)
(1.2482394020177814 -0.0011081210769052752 0.0)
(-0.00730675672623336 -7.94262433106872e-05 0.0)
(0.007323533235282975 -7.946014359167197e-05 0.0)
(1.3295914927105457 -0.0011084179359760757 0.0)
(2.5960170881671574 -0.004446167927951044 0.0)
(3.7834463835332444 -0.010278337520634454 0.0)
(4.861703376178349 -0.017705450300941523 0.0)
(5.81372809140733 -0.02647357015566229 0.0)
(6.627926385603769 -0.03700834503505418 0.0)
(7.327761033229871 -0.048390942446396724 0.0)
(7.957509353040555 -0.05886896499315739 0.0)
(8.512257016044563 -0.06799193561779886 0.0)
(8.978783233614353 -0.07585188042286686 0.0)
(9.358440551245522 -0.08237885716867563 0.0)
(9.650783646302415 -0.08750749667664302 0.0)
(9.855435306283187 -0.09119464179397552 0.0)
(9.971962733221792 -0.09341565379489748 0.0)
(10.0 -0.0941570858098643 0.0)
(9.939148377889342 -0.09341565379489615 0.0)
(9.789009138161248 -0.0911946417939731 0.0)
(9.5492163536976 -0.08750749667663918 0.0)
(9.219337226532272 -0.08237885716867148 0.0)
(8.79899454416343 -0.07585188042286241 0.0)
(8.287742983955464 -0.06799193561779357 0.0)
(7.686935091403893 -0.058868964993152154 0.0)
(6.983350077881209 -0.04839094244639196 0.0)
(6.172073614396209 -0.037008345035048934 0.0)
(5.297383019703755 -0.026473570155657 0.0)
(4.382741068266045 -0.017705450300938674 0.0)
(3.4165536164667345 -0.010278337520633625 0.0)
(2.3817606896106054 -0.004446167927951164 0.0)
(1.2481862850672178 -0.0011084179359760354 0.0)
(-0.007323533235293229 -7.946014359166726e-05 0.0)
(0.007348079705294947 -7.947337065778351e-05 0.0)
(1.329673815759477 -0.0011084113425321729 0.0)
(2.5960894167038533 -0.004444956209062511 0.0)
(3.7831847111269985 -0.010272187403699055 0.0)
(4.860662945222872 -0.017689615971702887 0.0)
(5.812474305065339 -0.026447448365924033 0.0)
(6.628218299233492 -0.03697969361742237 0.0)
(7.329000995884986 -0.04836850386518227 0.0)
(7.957852487020339 -0.05885187913089617 0.0)
(8.512318886230796 -0.06797714654504562 0.0)
(8.978865538366968 -0.0758390175472782 0.0)
(9.358485712842526 -0.08236762060871561 0.0)
(9.650812164082062 -0.08749752270229559 0.0)
(9.855451119905961 -0.09118556536172095 0.0)
(9.971970028592668 -0.09340711980245366 0.0)
(10.0 -0.09414872906720413 0.0)
(9.939141082518466 -0.0934071198024523 0.0)
(9.788993324538476 -0.09118556536171851 0.0)
(9.549187835917952 -0.08749752270229172 0.0)
(9.219292064935267 -0.0823676206087114 0.0)
(8.798912239410814 -0.0758390175472737 0.0)
(8.287681113769233 -0.06797714654504028 0.0)
(7.686591957424108 -0.058851879130890836 0.0)
(6.9821101152260905 -0.04836850386517741 0.0)
(6.171781700766487 -0.036979693617417 0.0)
(5.29863680604575 -0.026447448365918644 0.0)
(4.3837814992215245 -0.017689615971699976 0.0)
(3.416815288872981 -0.010272187403698198 0.0)
(2.381688361073909 -0.004444956209062622 0.0)
(1.248103962018286 -0.0011084113425321312 0.0)
(-0.007348079705305296 -7.947337065777876e-05 0.0)
(0.007379317609273275 -7.946534333593978e-05 0.0)
(1.3297817277826118 -0.001108101586277469 0.0)
(2.5962221039409465 -0.004442504905364562 0.0)
(3.7830247509290427 -0.010263143236053377 0.0)
(4.859676790926428 -0.01766870982598134 0.0)
(5.811005371134472 -0.026413447931906586 0.0)
(6.628113620636569 -0.036940098433960275 0.0)
(7.330125924028278 -0.048333572294184425 0.0)
(7.958249270266406 -0.058822660306379386 0.0)
(8.512380700685757 -0.0679509656793769 0.0)
(8.978945197129713 -0.07581547285970086 0.0)
(9.35852994909169 -0.08234640833965678 0.0)
(9.650840121953632 -0.08747818593366276 0.0)
(9.855466559359305 -0.09116759677532196 0.0)
(9.971977200269732 -0.09338998742866665 0.0)
(10.0 -0.0941318741216539 0.0)
(9.939133910841404 -0.09338998742866529 0.0)
(9.788977885085131 -0.09116759677531949 0.0)
(9.549159878046382 -0.08747818593365883 0.0)
(9.219247828686104 -0.08234640833965255 0.0)
(8.79883258064807 -0.07581547285969627 0.0)
(8.287619299314272 -0.06795096567937148 0.0)
(7.68619517417804 -0.05882266030637395 0.0)
(6.980985187082797 -0.04833357229417942 0.0)
(6.171886379363412 -0.036940098433954766 0.0)
(5.300105739976622 -0.026413447931901073 0.0)
(4.3847676535179705 -0.01766870982597836 0.0)
(3.4169752490709366 -0.010263143236052489 0.0)
(2.381555673836815 -0.0044425049053646625 0.0)
(1.247996049995151 -0.0011081015862774253 0.0)
(-0.00737931760928373 -7.946534333593493e-05 0.0)
(0.0074158744108652795 -7.943641433197707e-05 0.0)
(1.329910487323073 -0.0011075022773351134 0.0)
(2.596409319843984 -0.004438921722657149 0.0)
(3.7829735312978365 -0.01025160240187794 0.0)
(4.8587882431046845 -0.01764365044157318 0.0)
(5.809385831884315 -0.026373062770478635 0.0)
(6.627616949199044 -0.0368912992245919 0.0)
(7.331086390375128 -0.0482876825627273 0.0)
(7.958682268848819 -0.05878259234130199 0.0)
(8.512439743395383 -0.06791454336013363 0.0)
(8.979018709842286 -0.07578228087063318 0.0)
(9.358571316333153 -0.08231615238979492 0.0)
(9.650866291499396 -0.08745033599298262 0.0)
(9.855480946261888 -0.0911415255415923 0.0)
(9.971983933142614 -0.09336500943869792 0.0)
(10.0 -0.0941072615486858 0.0)
(9.939127177968523 -0.09336500943869656 0.0)
(9.788963498182548 -0.0911415255415898 0.0)
(9.54913370850062 -0.08745033599297866 0.0)
(9.219206461444639 -0.0823161523897906 0.0)
(8.798759067935496 -0.07578228087062851 0.0)
(8.287560256604646 -0.06791454336012809 0.0)
(7.685762175595626 -0.058782592341296416 0.0)
(6.980024720735946 -0.04828768256272216 0.0)
(6.172383050800939 -0.03689129922458624 0.0)
(5.301725279226783 -0.026373062770472997 0.0)
(4.385656201339716 -0.017643650441570118 0.0)
(3.4170264687021428 -0.01025160240187701 0.0)
(2.381368457933777 -0.0044389217226572355 0.0)
(1.2478672904546892 -0.001107502277335067 0.0)
(-0.00741587441087585 -7.943641433197206e-05 0.0)
(0.007456143871087788 -7.938785473340533e-05 0.0)
(1.3300544369222118 -0.001106639748243628 0.0)
(2.596642838488688 -0.00443436409943319 0.0)
(3.7830333027302707 -0.010238071984313042 0.0)
(4.858036342923376 -0.017615538881984454 0.0)
(5.807686846906654 -0.026328067331750762 0.0)
(6.626750107755248 -0.036835440137301265 0.0)
(7.331840193791377 -0.048232850981658255 0.0)
(7.959132457602015 -0.0587334357487472 0.0)
(8.512493420131028 -0.0678694799173906 0.0)
(8.979082846490584 -0.07574089997535177 0.0)
(9.358607996966008 -0.08227818215021518 0.0)
(9.650889522877387 -0.0874151965556987 0.0)
(9.85549364847953 -0.09110849718284611 0.0)
(9.971989931381193 -0.09333328331973074 0.0)
(10.0 -0.09407597277972864 0.0)
(9.939121179729941 -0.09333328331972936 0.0)
(9.788950795964906 -0.09110849718284358 0.0)
(9.549110477122628 -0.08741519655569466 0.0)
(9.219169780811786 -0.08227818215021081 0.0)
(8.798694931287198 -0.07574089997534701 0.0)
(8.287506579869 -0.06786947991738496 0.0)
(7.685311986842429 -0.058733435748741486 0.0)
(6.9792709173196945 -0.04823285098165295 0.0)
(6.17324989224474 -0.036835440137295436 0.0)
(5.303424264204449 -0.026328067331745 0.0)
(4.386408101521026 -0.017615538881981307 0.0)
(3.4169666972697077 -0.010238071984312074 0.0)
(2.381134939289072 -0.0044343640994332625 0.0)
(1.2477233408555501 -0.0011066397482435786 0.0)
(-0.007456143871098476 -7.938785473340015e-05 0.0)
(0.00749835662352952 -7.932179816014858e-05 0.0)
(1.3302072516979904 -0.0011055518969533404 0.0)
(2.5969123994930197 -0.0044290322893192095 0.0)
(3.7832014389789537 -0.010223146485153298 0.0)
(4.857454127500907 -0.017585610317714846 0.0)
(5.805983066493203 -0.026280438632983842 0.0)
(6.625551183732379 -0.03677497551819259 0.0)
(7.332354213533963 -0.048171486750337895 0.0)
(7.959580056055776 -0.05867735037946243 0.0)
(8.512539372435128 -0.06781775535638072 0.0)
(8.979134789027617 -0.0756931483746911 0.0)
(9.358638379310348 -0.08223416596378016 0.0)
(9.650908795343359 -0.08737431158439939 0.0)
(9.855504107900027 -0.09106996290474301 0.0)
(9.971994931433844 -0.09329620305939125 0.0)
(10.0 -0.0940393825860492 0.0)
(9.93911617967729 -0.09329620305938983 0.0)
(9.78894033654441 -0.09106996290474043 0.0)
(9.549091204656657 -0.08737431158439532 0.0)
(9.219139398467446 -0.08223416596377568 0.0)
(8.798642988750165 -0.07569314837468623 0.0)
(8.287460627564899 -0.06781775535637494 0.0)
(7.684864388388667 -0.05867735037945658 0.0)
(6.978756897577109 -0.048171486750332435 0.0)
(6.1744488162676125 -0.036774975518186606 0.0)
(5.305128044617904 -0.026280438632977948 0.0)
(4.3869903169434945 -0.017585610317711615 0.0)
(3.416798561021024 -0.010223146485152285 0.0)
(2.3808653782847395 -0.004429032289319267 0.0)
(1.2475705260797711 -0.0011055518969532874 0.0)
(-0.007498356623540319 -7.932179816014316e-05 0.0)
(0.007540657917074231 -7.92411470171886e-05 0.0)
(1.3303622172487275 -0.0011042865216597782 0.0)
(2.597206158839598 -0.004423160562297346 0.0)
(3.7834705524447143 -0.01020748170352635 0.0)
(4.857067178317808 -0.017555179755125595 0.0)
(5.804349351638352 -0.02623226939206745 0.0)
(6.624072855658633 -0.036712562072012636 0.0)
(7.3326058645157675 -0.04810628610082777 0.0)
(7.960005397552901 -0.05861680052196878 0.0)
(8.512575581247509 -0.06776164235968733 0.0)
(8.979172255193332 -0.07564112418662511 0.0)
(9.358661128421547 -0.08218603782119643 0.0)
(9.650923262100411 -0.08732947748992671 0.0)
(9.855511864955574 -0.09102761583296637 0.0)
(9.9719987136074 -0.09325539789648231 0.0)
(10.0 -0.09399909867381788 0.0)
(9.939112397503735 -0.09325539789648087 0.0)
(9.788932579488863 -0.09102761583296376 0.0)
(9.549076737899604 -0.08732947748992256 0.0)
(9.219116649356245 -0.0821860378211919 0.0)
(8.79860552258445 -0.07564112418662015 0.0)
(8.287424418752519 -0.06776164235968143 0.0)
(7.684439046891542 -0.058616800521962775 0.0)
(6.978505246595305 -0.04810628610082214 0.0)
(6.1759271443413635 -0.03671256207200649 0.0)
(5.306761759472758 -0.026232269392061438 0.0)
(4.3873772661265935 -0.017555179755122288 0.0)
(3.416529447555262 -0.010207481703525294 0.0)
(2.3805716189381605 -0.0044231605622973855 0.0)
(1.2474155605290336 -0.0011042865216597214 0.0)
(-0.007540657917085134 -7.924114701718296e-05 0.0)
(0.007581189110271597 -7.914944496819999e-05 0.0)
(1.3305125246716256 -0.0011028992206384017 0.0)
(2.597511209280151 -0.004417006911310916 0.0)
(3.7838288187741966 -0.010191765921278975 0.0)
(4.856892497213281 -0.017525584257465737 0.0)
(5.802857484784026 -0.02618567607732431 0.0)
(6.622380078565045 -0.03665094213140435 0.0)
(7.332584089653031 -0.04804011383038614 0.0)
(7.960389793366146 -0.05855444662623167 0.0)
(8.512600455619195 -0.06770360642972935 0.0)
(8.97919359879295 -0.07558711325880185 0.0)
(9.35867524474528 -0.08213591238500123 0.0)
(9.650932287505709 -0.08728266420037008 0.0)
(9.855516578815344 -0.09098331662037829 0.0)
(9.972001111720074 -0.09321266073521124 0.0)
(10.0 -0.09395689104444079 0.0)
(9.939109999391063 -0.09321266073520977 0.0)
(9.788927865629093 -0.09098331662037562 0.0)
(9.549067712494304 -0.08728266420036587 0.0)
(9.219102533032514 -0.08213591238499661 0.0)
(8.798584178984832 -0.07558711325879679 0.0)
(8.287399544380834 -0.06770360642972331 0.0)
(7.684054651078295 -0.05855444662622554 0.0)
(6.978527021458042 -0.04804011383038036 0.0)
(6.177619921434957 -0.03665094213139808 0.0)
(5.308253626327088 -0.026185676077318195 0.0)
(4.3875519472311195 -0.01752558425746236 0.0)
(3.4161711812257782 -0.010191765921277886 0.0)
(2.380266568497607 -0.004417006911310942 0.0)
(1.2472652531061352 -0.0011028992206383414 0.0)
(-0.0075811891102825915 -7.914944496819406e-05 0.0)
(0.007618169336642249 -7.90507212334511e-05 0.0)
(1.330651569733502 -0.0011014509493580947 0.0)
(2.5978141474563947 -0.00441084171652648 0.0)
(3.7842604964003126 -0.010176689661131923 0.0)
(4.856937759355489 -0.017498124196759005 0.0)
(5.801573015830509 -0.02614270591376419 0.0)
(6.620547229980259 -0.0365928231638276 0.0)
(7.332289845693389 -0.047975877427517445 0.0)
(7.960716353846712 -0.05849302840835658 0.0)
(8.5126129026158 -0.06764619755909536 0.0)
(8.979197882027751 -0.07553348873257967 0.0)
(9.358680108036104 -0.08208599207515904 0.0)
(9.650935474999454 -0.08723592860603015 0.0)
(9.855518042360961 -0.09093901169333676 0.0)
(9.972002020403181 -0.09316986936825884 0.0)
(10.0 -0.09391461422393609 0.0)
(9.939109090707955 -0.09316986936825737 0.0)
(9.788926402083474 -0.09093901169333407 0.0)
(9.54906452500056 -0.08723592860602589 0.0)
(9.21909766974169 -0.08208599207515434 0.0)
(8.79857989575003 -0.07553348873257452 0.0)
(8.287387097384228 -0.06764619755908921 0.0)
(7.683728090597729 -0.058493028408350314 0.0)
(6.978821265417687 -0.04797587742751151 0.0)
(6.179452770019748 -0.03659282316382119 0.0)
(5.309538095280606 -0.026142705913757985 0.0)
(4.387506685088911 -0.017498124196755574 0.0)
(3.415739503599661 -0.010176689661130799 0.0)
(2.3799636303213623 -0.0044108417165264905 0.0)
(1.2471262080442587 -0.001101450949358031 0.0)
(-0.007618169336653318 -7.905072123344493e-05 0.0)
(0.00764997375269287 -7.89493135532369e-05 0.0)
(1.3307732430487134 -0.0011000053422093765 0.0)
(2.598101662819075 -0.004404935865323958 0.0)
(3.784746618197903 -0.010162915346374809 0.0)
(4.857200976008707 -0.017474006117836113 0.0)
(5.800552381993751 -0.02610524693176222 0.0)
(6.618654841917989 -0.03654075881039204 0.0)
(7.331736061178122 -0.047916399322246554 0.0)
(7.960970730524505 -0.05843524447247548 0.0)
(8.512612375339067 -0.06759193818853447 0.0)
(8.979184916700234 -0.07548260677153751 0.0)
(9.358675504609918 -0.08203847029875769 0.0)
(9.650932684529002 -0.08719132418342186 0.0)
(9.855516191286911 -0.09089664772928241 0.0)
(9.972001399730848 -0.09312890397000441 0.0)
(10.0 -0.09387412577845351 0.0)
(9.939109711380286 -0.09312890397000291 0.0)
(9.788928253157525 -0.09089664772927969 0.0)
(9.549067315471012 -0.08719132418341757 0.0)
(9.219102273167875 -0.08203847029875293 0.0)
(8.798592861077548 -0.07548260677153228 0.0)
(8.287387624660962 -0.06759193818852824 0.0)
(7.683473713919935 -0.0584352444724691 0.0)
(6.979375049932956 -0.047916399322240524 0.0)
(6.1813451580820225 -0.03654075881038553 0.0)
(5.310558729117366 -0.026105246931755945 0.0)
(4.387243468435691 -0.017474006117832633 0.0)
(3.4152533818020694 -0.010162915346373657 0.0)
(2.379676114958681 -0.004404935865323958 0.0)
(1.2470045347290468 -0.0011000053422093098 0.0)
(-0.0076499737527039955 -7.894931355323045e-05 0.0)
(0.007675204930566734 -7.884967759550583e-05 0.0)
(1.330872198514385 -0.0010986259165256984 0.0)
(2.59836112246915 -0.004399548850000744 0.0)
(3.785265824864516 -0.010151048195198662 0.0)
(4.857670581914736 -0.017454289724962126 0.0)
(5.799840428057341 -0.026074945010458303 0.0)
(6.616786062447666 -0.03649703668353858 0.0)
(7.330947068385712 -0.04786429287370698 0.0)
(7.961141746553675 -0.05838363373901825 0.0)
(8.512598896956568 -0.0675432123755244 0.0)
(8.97915527248317 -0.07543670303595759 0.0)
(9.358661636732847 -0.08199543507571366 0.0)
(9.65092403870252 -0.08715081076927315 0.0)
(9.855511106925997 -0.09085808612329313 0.0)
(9.971999276974284 -0.09309156448510318 0.0)
(10.0 -0.093837204696216 0.0)
(9.939111834136853 -0.09309156448510168 0.0)
(9.788933337518438 -0.09085808612329038 0.0)
(9.549075961297495 -0.08715081076926881 0.0)
(9.219116141044944 -0.08199543507570885 0.0)
(8.79862250529461 -0.0754367030359523 0.0)
(8.28740110304346 -0.06754321237551811 0.0)
(7.683302697890765 -0.0583836337390118 0.0)
(6.980164042725368 -0.04786429287370085 0.0)
(6.18321393755235 -0.036497036683532005 0.0)
(5.311270683053776 -0.026074945010451985 0.0)
(4.386773862529661 -0.017454289724958626 0.0)
(3.4147341751354547 -0.010151048195197493 0.0)
(2.3794166553086056 -0.004399548850000732 0.0)
(1.2469055792633752 -0.0010986259165256286 0.0)
(-0.007675204930577891 -7.884967759549914e-05 0.0)
(0.007692754258467196 -7.875619118196178e-05 0.0)
(1.3309440882083885 -0.0010973732817480134 0.0)
(2.598581126224264 -0.004394917366154869 0.0)
(3.7857953034090825 -0.010141609628515829 0.0)
(4.858325943449182 -0.01743984132036983 0.0)
(5.799468435974764 -0.026053131560838723 0.0)
(6.615023002320379 -0.03646357785353381 0.0)
(7.329957534216035 -0.047821847543921485 0.0)
(7.961221887802764 -0.058340463889193846 0.0)
(8.512573059683774 -0.0675021610431475 0.0)
(8.979110251889228 -0.07539779445200284 0.0)
(9.358639113734041 -0.08195877729499676 0.0)
(9.650909917401805 -0.08711616844888449 0.0)
(9.85550301267574 -0.09082502120178959 0.0)
(9.971995745403527 -0.09305949154221103 0.0)
(10.0 -0.09380547322203191 0.0)
(9.93911536570761 -0.09305949154220954 0.0)
(9.788941431768697 -0.09082502120178682 0.0)
(9.549090082598209 -0.08711616844888012 0.0)
(9.219138664043752 -0.08195877729499192 0.0)
(8.798667525888554 -0.0753977944519975 0.0)
(8.287426940316253 -0.06750216104314113 0.0)
(7.6832225566416765 -0.058340463889187344 0.0)
(6.981153576895049 -0.0478218475439153 0.0)
(6.18497699767964 -0.03646357785352719 0.0)
(5.311642675136353 -0.026053131560832384 0.0)
(4.386118500995212 -0.017439841320366314 0.0)
(3.414204696590887 -0.010141609628514646 0.0)
(2.3791966515534915 -0.00439491736615485 0.0)
(1.2468336895693717 -0.001097373281747941 0.0)
(-0.007692754258478362 -7.87561911819549e-05 0.0)
(0.007701850651031899 -7.867296193458733e-05 0.0)
(1.3309857534290883 -0.001096302476356822 0.0)
(2.598752007521902 -0.004391244912713464 0.0)
(3.786311789513008 -0.010135014359678982 0.0)
(4.859138265225173 -0.017431295740524388 0.0)
(5.7994527503975855 -0.026040765025973196 0.0)
(6.613443127172695 -0.03644185244015692 0.0)
(7.328810936990205 -0.047790928303029286 0.0)
(7.9612076330119 -0.05830763172722655 0.0)
(8.512535998763184 -0.06747058791184708 0.0)
(8.979051833040938 -0.07536759059167095 0.0)
(9.358608925232861 -0.0819301076324282 0.0)
(9.650890941090978 -0.08708891934243741 0.0)
(9.855492264182686 -0.09079890577693212 0.0)
(9.971990960189334 -0.0930340943677629 0.0)
(10.0 -0.09378032557882578 0.0)
(9.9391201509218 -0.09303409436776137 0.0)
(9.78895218026175 -0.09079890577692934 0.0)
(9.549109058909035 -0.08708891934243304 0.0)
(9.219168852544932 -0.08193010763242332 0.0)
(8.798725944736844 -0.07536759059166558 0.0)
(8.287464001236843 -0.06747058791184071 0.0)
(7.683236811432541 -0.05830763172722002 0.0)
(6.982300174120882 -0.04779092830302309 0.0)
(6.186556872827328 -0.0364418524401503 0.0)
(5.31165836071353 -0.026040765025966865 0.0)
(4.385306179219218 -0.017431295740520873 0.0)
(3.4136882104869604 -0.010135014359677792 0.0)
(2.3790257702558533 -0.004391244912713439 0.0)
(1.2467920243486719 -0.0010963024763567478 0.0)
(-0.007701850651043052 -7.867296193458028e-05 0.0)
(0.007702094429412931 -7.860364679424848e-05 0.0)
(1.330995363482911 -0.00109546054958203 0.0)
(2.5988662581504647 -0.00438869285056218 0.0)
(3.7867925897217702 -0.010131552172735106 0.0)
(4.8600718553099735 -0.01742902846257052 0.0)
(5.799794060521372 -0.02603838876877977 0.0)
(6.612115853828302 -0.036432815018326195 0.0)
(7.327557656092686 -0.04777289368591007 0.0)
(7.961099608510517 -0.058286579838248455 0.0)
(8.512489342583846 -0.06744988024725108 0.0)
(8.978982582755622 -0.07534741855732849 0.0)
(9.35857239765682 -0.08191068578053157 0.0)
(9.65086794355442 -0.08707026072581843 0.0)
(9.855479333715957 -0.09078088731271211 0.0)
(9.971985131585265 -0.09301648886714116 0.0)
(10.0 -0.09376286670803378 0.0)
(9.939125979525869 -0.09301648886713966 0.0)
(9.78896511072848 -0.09078088731270934 0.0)
(9.549132056445593 -0.08707026072581403 0.0)
(9.219205380120973 -0.0819106857805267 0.0)
(8.79879519502216 -0.07534741855732312 0.0)
(8.287510657416183 -0.06744988024724471 0.0)
(7.683344835933925 -0.05828657983824191 0.0)
(6.983553455018405 -0.04777289368590387 0.0)
(6.187884146171722 -0.0364328150183196 0.0)
(5.31131705058974 -0.026038388768773475 0.0)
(4.384372589134416 -0.017429028462567026 0.0)
(3.413207410278197 -0.010131552172733923 0.0)
(2.3789115196272905 -0.004388692850562154 0.0)
(1.2467824142948494 -0.001095460549581955 0.0)
(-0.007702094429424044 -7.860364679424133e-05 0.0)
(0.007693474882434207 -7.855129134140329e-05 0.0)
(1.3309724961216727 -0.001094884494145861 0.0)
(2.598918858146349 -0.004387373312643077 0.0)
(3.787216578553796 -0.010131375189844624 0.0)
(4.8610856934632105 -0.017433139106553638 0.0)
(5.800477369803694 -0.02604610719765229 0.0)
(6.611099500249775 -0.036436862675823356 0.0)
(7.3262527583933 -0.04776853610064662 0.0)
(7.960902560697579 -0.0582782332037479 0.0)
(8.512435141132926 -0.06744094790625825 0.0)
(8.978905543764126 -0.07533816467126081 0.0)
(9.358531135960785 -0.08190136509994791 0.0)
(9.650841935261814 -0.08706101242450674 0.0)
(9.855464789416605 -0.09077175750748356 0.0)
(9.97197851568952 -0.09300744859383482 0.0)
(10.0 -0.09375386372049839 0.0)
(9.939132595421617 -0.09300744859383332 0.0)
(9.788979655027832 -0.09077175750748079 0.0)
(9.549158064738199 -0.08706101242450237 0.0)
(9.219246641817008 -0.08190136509994304 0.0)
(8.798872234013658 -0.07533816467125547 0.0)
(8.287564858867102 -0.06744094790625191 0.0)
(7.683541883746863 -0.0582782332037414 0.0)
(6.984858352717794 -0.04776853610064048 0.0)
(6.1889004997502495 -0.03643686267581683 0.0)
(5.310633741307415 -0.026046107197646055 0.0)
(4.383358750981175 -0.017433139106550186 0.0)
(3.4127834214461705 -0.010131375189843455 0.0)
(2.3788589196314067 -0.004387373312643053 0.0)
(1.2468052816560877 -0.0010948844941457854 0.0)
(-0.007693474882445259 -7.855129134139608e-05 0.0)
(0.007676370737220957 -7.851819597886814e-05 0.0)
(1.3309181560953918 -0.0010945996208703156 0.0)
(2.5989074963619636 -0.004387344277038296 0.0)
(3.7875651267154713 -0.010134491187311963 0.0)
(4.862135233491196 -0.01744344705829735 0.0)
(5.801472654884765 -0.02606358117894656 0.0)
(6.610438723153989 -0.03645381756598297 0.0)
(7.324953578709717 -0.04777804701156347 0.0)
(7.9606251474934995 -0.058282958559575125 0.0)
(8.512375775923019 -0.06744418335959056 0.0)
(8.978824101018798 -0.07534023553229222 0.0)
(9.358486953108192 -0.0819025551243304 0.0)
(9.650814058969958 -0.08706158079194272 0.0)
(9.855449270334534 -0.09077191750818572 0.0)
(9.971971403192452 -0.09300737076091424 0.0)
(10.0 -0.09375371219102142 0.0)
(9.939139707918685 -0.09300737076091274 0.0)
(9.788995174109903 -0.09077191750818298 0.0)
(9.549185941030055 -0.08706158079193838 0.0)
(9.219290824669601 -0.08190255512432558 0.0)
(8.798953676758984 -0.0753402355322869 0.0)
(8.28762422407701 -0.06744418335958427 0.0)
(7.683819296950944 -0.05828295855956868 0.0)
(6.986157532401379 -0.0477780470115574 0.0)
(6.189561276846035 -0.03645381756597654 0.0)
(5.309638456226341 -0.02606358117894041 0.0)
(4.382309210953188 -0.017443447058293947 0.0)
(3.412434873284495 -0.010134491187310815 0.0)
(2.378870281415792 -0.0043873442770382765 0.0)
(1.246859621682369 -0.0010945996208702406 0.0)
(-0.007676370737231929 -7.851819597886093e-05 0.0)
(0.007651533518622703 -7.850581485632663e-05 0.0)
(1.3308347310054105 -0.0010946184465659608 0.0)
(2.5988326720133297 -0.00438860701951919 0.0)
(3.7878229196382227 -0.010140763253908967 0.0)
(4.863174360525179 -0.017459499405259895 0.0)
(5.8027361847589445 -0.026090042937892258 0.0)
(6.610162555877675 -0.03648293472194952 0.0)
(7.323717200620452 -0.04780100852663464 0.0)
(7.960279557926951 -0.05830054828223987 0.0)
(8.512313855352842 -0.06745944444734768 0.0)
(8.978741832964872 -0.07535354015057749 0.0)
(9.358441790412757 -0.08191420356618473 0.0)
(9.650785539512118 -0.08707194085510105 0.0)
(9.85543345834982 -0.0907813602846804 0.0)
(9.97196410660417 -0.09301625878821555 0.0)
(10.0 -0.0937624187775309 0.0)
(9.939147004506966 -0.09301625878821408 0.0)
(9.789010986094615 -0.09078136028467768 0.0)
(9.549214460487898 -0.08707194085509673 0.0)
(9.219335987365037 -0.08191420356617994 0.0)
(8.79903594481291 -0.07535354015057223 0.0)
(8.287686144647187 -0.06745944444734145 0.0)
(7.684164886517493 -0.05830054828223351 0.0)
(6.987393910490648 -0.04780100852662866 0.0)
(6.1898374441223485 -0.03648293472194321 0.0)
(5.3083749263521565 -0.02609004293788621 0.0)
(4.381270083919201 -0.017459499405256554 0.0)
(3.4121770803617433 -0.010140763253907847 0.0)
(2.3789451057644264 -0.00438860701951918 0.0)
(1.2469430467723506 -0.0010946184465658875 0.0)
(-0.00765153351863358 -7.850581485631945e-05 0.0)
(0.007620054528586246 -7.851469197765255e-05 0.0)
(1.3307258863975608 -0.0010949401440661709 0.0)
(2.5986976727454385 -0.004391106057491272 0.0)
(3.7879786303726437 -0.01014991580650378 0.0)
(4.864157417224317 -0.017480590836682675 0.0)
(5.804212442235125 -0.026124329793211727 0.0)
(6.610283132705721 -0.03652293478915816 0.0)
(7.322597948316856 -0.04783641175889478 0.0)
(7.95988097657125 -0.05833022951150774 0.0)
(8.512252100098967 -0.06748606062525293 0.0)
(8.978662354310133 -0.07537749394552931 0.0)
(9.35839763224069 -0.08193579861428604 0.0)
(9.650757629981092 -0.0870916374117597 0.0)
(9.855418048212146 -0.09079967093864355 0.0)
(9.971956946523418 -0.09303372215207935 0.0)
(10.0 -0.09377960092854383 0.0)
(9.939154164587718 -0.09303372215207785 0.0)
(9.78902639623229 -0.09079967093864086 0.0)
(9.549242370018922 -0.08709163741175543 0.0)
(9.219380145537102 -0.08193579861428134 0.0)
(8.799115423467649 -0.07537749394552413 0.0)
(8.28774789990106 -0.06748606062524679 0.0)
(7.684563467873195 -0.05833022951150148 0.0)
(6.988513162794246 -0.04783641175888895 0.0)
(6.189716867294301 -0.03652293478915199 0.0)
(5.306898668875972 -0.026124329793205798 0.0)
(4.380287027220062 -0.01748059083667941 0.0)
(3.4120213696273223 -0.010149915806502693 0.0)
(2.379080105032318 -0.0043911060574912735 0.0)
(1.2470518913802005 -0.0010949401440660993 0.0)
(-0.007620054528597014 -7.851469197764547e-05 0.0)
(0.0075833168963446 -7.854443729837511e-05 0.0)
(1.3305964047047862 -0.0010955505785713152 0.0)
(2.5985084301791472 -0.004394731587797909 0.0)
(3.788025417273929 -0.01016154669867951 0.0)
(4.8650412098757 -0.017505794633654658 0.0)
(5.805836563260538 -0.026164935243208266 0.0)
(6.61079515571289 -0.0365720602378338 0.0)
(7.3216449996975355 -0.0478827011550868 0.0)
(7.9594469163619825 -0.058370698108464965 0.0)
(8.512193223574275 -0.06752286242714207 0.0)
(8.978589157201268 -0.07541104443121971 0.0)
(9.358356418821291 -0.08196639142172785 0.0)
(9.65073155667062 -0.08711980503125298 0.0)
(9.855403717014767 -0.0908260449334384 0.0)
(9.971950237551042 -0.09305899354424572 0.0)
(10.0 -0.09380450369177855 0.0)
(9.939160873560093 -0.09305899354424425 0.0)
(9.789040727429668 -0.09082604493343574 0.0)
(9.549268443329394 -0.08711980503124875 0.0)
(9.219421358956502 -0.0819663914217232 0.0)
(8.799188620576514 -0.07541104443121464 0.0)
(8.287806776425754 -0.06752286242713604 0.0)
(7.684997528082464 -0.05837069810845884 0.0)
(6.989466111413568 -0.047882701155081114 0.0)
(6.189204844287129 -0.03657206023782779 0.0)
(5.305274547850554 -0.026164935243202462 0.0)
(4.379403234568677 -0.017505794633651477 0.0)
(3.4119745827260375 -0.010161546698678463 0.0)
(2.37926934759861 -0.004394731587797923 0.0)
(1.2471813730729755 -0.0010955505785712463 0.0)
(-0.0075833168963552544 -7.85444372983682e-05 0.0)
(0.0075429348062488666 -7.859374386351927e-05 0.0)
(1.330451975115787 -0.0010964229287059963 0.0)
(2.598273259286609 -0.004399324311270149 0.0)
(3.7879612246112293 -0.010175144890312075 0.0)
(4.865786906247079 -0.017534003387445946 0.0)
(5.807537186928575 -0.026210075158694585 0.0)
(6.611676127544968 -0.03662815258563411 0.0)
(7.320900225581452 -0.047937842843826066 0.0)
(7.958996449110652 -0.05842017595699645 0.0)
(8.512139812705545 -0.06756823284916712 0.0)
(8.97852545778533 -0.07545271746068635 0.0)
(9.358319960996809 -0.08200463779651904 0.0)
(9.650708465194262 -0.08715520607991152 0.0)
(9.855391094444279 -0.09085932344398351 0.0)
(9.971944274467015 -0.09309096258597561 0.0)
(10.0 -0.09383603288537685 0.0)
(9.93916683664412 -0.09309096258597417 0.0)
(9.789053350000158 -0.09085932344398087 0.0)
(9.549291534805754 -0.08715520607990737 0.0)
(9.219457816780984 -0.08200463779651447 0.0)
(8.799252319992451 -0.07545271746068137 0.0)
(8.287860187294484 -0.06756823284916119 0.0)
(7.685447995333795 -0.058420175956990464 0.0)
(6.990210885529652 -0.047937842843820536 0.0)
(6.188323872455047 -0.03662815258562825 0.0)
(5.303573924182514 -0.026210075158688912 0.0)
(4.378657538197297 -0.01753400338744284 0.0)
(3.412038775388738 -0.010175144890311068 0.0)
(2.379504518491149 -0.004399324311270177 0.0)
(1.2473258026619751 -0.0010964229287059304 0.0)
(-0.007542934806259405 -7.859374386351255e-05 0.0)
(0.007500682573460906 -7.866044523281642e-05 0.0)
(1.3302989436024775 -0.0010975188650012156 0.0)
(2.598002493046609 -0.004404682432040769 0.0)
(3.787788872892707 -0.010190112901738324 0.0)
(4.866361741804109 -0.017563977657021394 0.0)
(5.809239590946462 -0.02625776617436537 0.0)
(6.612887339911345 -0.036688747237414776 0.0)
(7.320396349980743 -0.04799941400018825 0.0)
(7.958549367524176 -0.05847648909095491 0.0)
(8.51209421426864 -0.06762017839798708 0.0)
(8.978474054898122 -0.07550068199725313 0.0)
(9.358289860657353 -0.08204885726292108 0.0)
(9.650689370149243 -0.08719628510042167 0.0)
(9.855380735113336 -0.09089804427340686 0.0)
(9.971939319278341 -0.09312822461606114 0.0)
(10.0 -0.09387280317425307 0.0)
(9.939171791832793 -0.09312822461605973 0.0)
(9.789063709331101 -0.09089804427340428 0.0)
(9.54931062985077 -0.08719628510041758 0.0)
(9.219487917120441 -0.0820488572629166 0.0)
(8.79930372287966 -0.07550068199724826 0.0)
(8.28790578573139 -0.06762017839798129 0.0)
(7.685895076920272 -0.05847648909094906 0.0)
(6.990714761130361 -0.047999414000182886 0.0)
(6.1871126600886655 -0.036688747237409086 0.0)
(5.301871520164621 -0.026257766174359824 0.0)
(4.378082702640266 -0.01756397765701837 0.0)
(3.412211127107261 -0.01019011290173736 0.0)
(2.37977528473115 -0.004404682432040814 0.0)
(1.2474788341752852 -0.0010975188650011532 0.0)
(-0.007500682573471332 -7.866044523280991e-05 0.0)
(0.007458416683791145 -7.874161067012632e-05 0.0)
(1.330144034089589 -0.0010987902340211199 0.0)
(2.5977080284323804 -0.0044105705240855145 0.0)
(3.7875159349375656 -0.01020579306591939 0.0)
(4.866740459324046 -0.017594400427812244 0.0)
(5.810868974796117 -0.02630591283424029 0.0)
(6.614375574356494 -0.03675118177503135 0.0)
(7.320155512267488 -0.04806470930020402 0.0)
(7.958125315549553 -0.05853716321425615 0.0)
(8.512058431775456 -0.06767641668121856 0.0)
(8.978437207088467 -0.0755528305669319 0.0)
(9.358267440356773 -0.08209710689847749 0.0)
(9.65067511053691 -0.08724123715577416 0.0)
(9.855373094191988 -0.09094050609930135 0.0)
(9.971935589706947 -0.09316914240906927 0.0)
(10.0 -0.09391319893918333 0.0)
(9.93917552140419 -0.09316914240906789 0.0)
(9.78907135025245 -0.0909405060992988 0.0)
(9.549324889463104 -0.08724123715577012 0.0)
(9.21951033742102 -0.08209710689847309 0.0)
(8.799340570689315 -0.07555283056692712 0.0)
(8.287941568224573 -0.06767641668121288 0.0)
(7.686319128894897 -0.05853716321425044 0.0)
(6.990955598843616 -0.04806470930019882 0.0)
(6.185624425643512 -0.036751181775025815 0.0)
(5.300242136314964 -0.02630591283423486 0.0)
(4.377703985120329 -0.017594400427809298 0.0)
(3.4124840650624035 -0.010205793065918466 0.0)
(2.3800697493453797 -0.004410570524085575 0.0)
(1.2476337436881741 -0.0010987902340210609 0.0)
(-0.007458416683801467 -7.874161067012009e-05 0.0)
(0.0074179942231084135 -7.883367391462159e-05 0.0)
(1.329994053017719 -0.0011001811741368785 0.0)
(2.597402803680364 -0.004416729875411901 0.0)
(3.787154403140228 -0.010221496425127211 0.0)
(4.866906418651909 -0.017623934978926826 0.0)
(5.8123537463320565 -0.026352399662166258 0.0)
(6.616075440581542 -0.03681271293912172 0.0)
(7.320188294410206 -0.048130859787845086 0.0)
(7.957742925254763 -0.0585995324169225 0.0)
(8.51203403744328 -0.06773447669158135 0.0)
(8.978416533381711 -0.07560687185697412 0.0)
(9.358253685202058 -0.08214726670247216 0.0)
(9.65066631289854 -0.08728808713489423 0.0)
(9.85536850740834 -0.09098484322671888 0.0)
(9.97193324962337 -0.09321191811203226 0.0)
(10.0 -0.09395544526415851 0.0)
(9.939177861487764 -0.09321191811203088 0.0)
(9.789075937036095 -0.09098484322671635 0.0)
(9.549333687101473 -0.08728808713489025 0.0)
(9.219524092575735 -0.08214726670246784 0.0)
(8.799361244396072 -0.07560687185696945 0.0)
(8.287965962556749 -0.06773447669157581 0.0)
(7.686701519189686 -0.05859953241691693 0.0)
(6.9909228167008965 -0.04813085978784004 0.0)
(6.183924559418458 -0.036812712939116324 0.0)
(5.2987573647790205 -0.02635239966216094 0.0)
(4.377538025792467 -0.01762393497892395 0.0)
(3.4128455968597424 -0.010221496425126327 0.0)
(2.380374974097397 -0.004416729875411976 0.0)
(1.2477837247600443 -0.0011001811741368234 0.0)
(-0.007417994223118645 -7.88336739146156e-05 0.0)
(0.007381191280384311 -7.893258987576402e-05 0.0)
(1.329855590280783 -0.0011016305699844582 0.0)
(2.5971002298077703 -0.004422889855390859 0.0)
(3.7867201625464655 -0.010236533002486677 0.0)
(4.866852327838444 -0.017651283616221095 0.0)
(5.813628667409306 -0.026395184111969464 0.0)
(6.6179122495743785 -0.03687063716290384 0.0)
(7.320493256021521 -0.048194958931703384 0.0)
(7.9574189981698 -0.05866085631029002 0.0)
(8.512022103114443 -0.06779180737843792 0.0)
(8.978412942142706 -0.07566043139196107 0.0)
(9.358249199569544 -0.08219713274488233 0.0)
(9.65066336378627 -0.08733477653540901 0.0)
(9.855367176297275 -0.09102910756339319 0.0)
(9.97193240184661 -0.0932546722388178 0.0)
(10.0 -0.09399768592294673 0.0)
(9.939178709264526 -0.09325467223881644 0.0)
(9.78907726814716 -0.09102910756339072 0.0)
(9.549336636213743 -0.08733477653540508 0.0)
(9.21952857820825 -0.08219713274487807 0.0)
(8.799364835635076 -0.07566043139195648 0.0)
(8.287977896885586 -0.06779180737843249 0.0)
(7.68702544627465 -0.05866085631028459 0.0)
(6.99061785508958 -0.04819495893169848 0.0)
(6.182087750425617 -0.03687063716289857 0.0)
(5.297482443701769 -0.026395184111964235 0.0)
(4.377592116605933 -0.01765128361621828 0.0)
(3.4132798374535063 -0.010236533002485823 0.0)
(2.380677547969991 -0.004422889855390949 0.0)
(1.2479221874969806 -0.0011016305699844066 0.0)
(-0.007381191280394468 -7.89325898757583e-05 0.0)
)
