(
(0.003853869630502902 -8.030036081689128e-05 0.0)
(1.318261646398731 -0.001136492550260466 0.0)
(2.578617655531659 -0.004661235835355756 0.0)
(3.765899548672171 -0.01107903027775319 0.0)
(4.845335842216992 -0.01964402305591547 0.0)
(5.789145055294567 -0.030005337872307636 0.0)
(6.592618335757056 -0.042264345696775486 0.0)
(7.300938836507471 -0.05522518588428966 0.0)
(7.942554887400191 -0.06711549378435017 0.0)
(8.49946980702516 -0.07750929171209404 0.0)
(8.968370264123868 -0.08647426288089094 0.0)
(9.350477822484597 -0.09392316451419482 0.0)
(9.64498928687363 -0.09977842804113085 0.0)
(9.851653675187478 -0.10398910417398294 0.0)
(9.970098495100405 -0.10652576399667374 0.0)
(10.0 -0.10737268626227285 0.0)
(9.941012616010731 -0.10652576399667249 0.0)
(9.79279076925696 -0.10398910417398073 0.0)
(9.555010713126386 -0.09977842804112709 0.0)
(9.227299955293194 -0.093923164514191 0.0)
(8.809407513653916 -0.0864742628808868 0.0)
(8.300530192974868 -0.07750929171208924 0.0)
(7.701889557044258 -0.0671154937843455 0.0)
(7.010172274603632 -0.055225185884285356 0.0)
(6.207381664242951 -0.042264345696770705 0.0)
(5.32196605581651 -0.030005337872302976 0.0)
(4.399108602227378 -0.01964402305591299 0.0)
(3.4341004513277937 -0.011079030277752462 0.0)
(2.3991601222460996 -0.004661235835355903 0.0)
(1.2595161313790333 -0.0011364925502604394 0.0)
(-0.003853869630514236 -8.030036081688803e-05 0.0)
(0.0038145875918130494 -8.039111661227455e-05 0.0)
(1.3181157333695057 -0.0011378598850156243 0.0)
(2.5783189332196548 -0.004667268593719436 0.0)
(3.765539238014077 -0.011094353776511393 0.0)
(4.845479587069079 -0.01967276355243716 0.0)
(5.790581366852513 -0.030050552504652286 0.0)
(6.594294950862865 -0.04232430348293086 0.0)
(7.3009942008289075 -0.05528980093003983 0.0)
(7.942185355055372 -0.06717649125483832 0.0)
(8.499446978920293 -0.0775660955938023 0.0)
(8.968351475106166 -0.08652715182732257 0.0)
(9.350465142188689 -0.09397226784750053 0.0)
(9.644981169853892 -0.09982430098490899 0.0)
(9.85164946089513 -0.10403252343552713 0.0)
(9.970096330642296 -0.10656765831529252 0.0)
(10.0 -0.10741406344723138 0.0)
(9.94101478046884 -0.10656765831529133 0.0)
(9.792794983549308 -0.10403252343552498 0.0)
(9.555018830146125 -0.09982430098490531 0.0)
(9.227312635589104 -0.0939722678474968 0.0)
(8.809426302671618 -0.08652715182731852 0.0)
(8.300553021079738 -0.07756609559379761 0.0)
(7.702259089389077 -0.06717649125483377 0.0)
(7.0101169102821945 -0.05528980093003567 0.0)
(6.205705049137137 -0.04232430348292622 0.0)
(5.320529744258561 -0.030050552504647724 0.0)
(4.398964857375291 -0.019672763552434743 0.0)
(3.434460761985889 -0.011094353776510699 0.0)
(2.399458844558105 -0.004667268593719599 0.0)
(1.2596620444082587 -0.0011378598850156018 0.0)
(-0.003814587591824296 -8.039111661227154e-05 0.0)
(0.0037789888160195467 -8.048821286320019e-05 0.0)
(1.317981621665886 -0.0011392790321241475 0.0)
(2.578023943225864 -0.004673278841554195 0.0)
(3.765109343833708 -0.011108967752145522 0.0)
(4.845408009454568 -0.019699260406932928 0.0)
(5.791807356428415 -0.030091980261462425 0.0)
(6.596098797076574 -0.04238051103013706 0.0)
(7.301315003239281 -0.05535216616532696 0.0)
(7.941874299929108 -0.06723623468262929 0.0)
(8.49943639942477 -0.07762196991299695 0.0)
(8.968349430794294 -0.08657936784720463 0.0)
(9.350461557658226 -0.09402089624864855 0.0)
(9.644978792176444 -0.0998698413670269 0.0)
(9.851648440330589 -0.10407570522256146 0.0)
(9.970095630989434 -0.10660937099065154 0.0)
(10.0 -0.10745527649948398 0.0)
(9.941015480121703 -0.10660937099065035 0.0)
(9.79279600411385 -0.10407570522255934 0.0)
(9.555021207823572 -0.09986984136702325 0.0)
(9.227316220119567 -0.0940208962486449 0.0)
(8.80942834698349 -0.08657936784720069 0.0)
(8.30056360057526 -0.07762196991299238 0.0)
(7.7025701445153425 -0.06723623468262488 0.0)
(7.009796107871819 -0.05535216616532292 0.0)
(6.203901202923424 -0.04238051103013253 0.0)
(5.319303754682657 -0.030091980261457953 0.0)
(4.399036434989804 -0.019699260406930565 0.0)
(3.4348906561662593 -0.01110896775214486 0.0)
(2.399753834551896 -0.004673278841554372 0.0)
(1.2597961561118787 -0.001139279032124128 0.0)
(-0.003778988816030722 -8.048821286319745e-05 0.0)
(0.003748637448204641 -8.058738333803514e-05 0.0)
(1.317865203910778 -0.0011406876368583426 0.0)
(2.5777456468709454 -0.004679002499565607 0.0)
(3.764628754894881 -0.011122230093301726 0.0)
(4.845124254362891 -0.019722349396090848 0.0)
(5.792769156283192 -0.030127800882893768 0.0)
(6.597950616695595 -0.04243049868159863 0.0)
(7.3018871482675705 -0.0554095413758065 0.0)
(7.941635389214585 -0.06729209905080352 0.0)
(8.499438533382273 -0.07767445965431176 0.0)
(8.968364221011575 -0.08662861666415003 0.0)
(9.350467226390919 -0.0940669130746556 0.0)
(9.644982258312083 -0.09991304822640801 0.0)
(9.851650658335592 -0.10411675220636246 0.0)
(9.970096426883288 -0.10664906924410666 0.0)
(10.0 -0.10749451459291191 0.0)
(9.94101468422785 -0.10664906924410547 0.0)
(9.792793786108847 -0.10411675220636037 0.0)
(9.555017741687932 -0.09991304822640439 0.0)
(9.227310551386873 -0.09406691307465201 0.0)
(8.80941355676621 -0.08662861666414615 0.0)
(8.300561466617756 -0.07767445965430726 0.0)
(7.702809055229865 -0.06729209905079919 0.0)
(7.009223962843527 -0.05540954137580257 0.0)
(6.202049383304398 -0.042430498681594195 0.0)
(5.318341954827879 -0.03012780088288936 0.0)
(4.3993201900814825 -0.019722349396088527 0.0)
(3.4353712451050877 -0.011122230093301091 0.0)
(2.4000321309068156 -0.004679002499565796 0.0)
(1.2599125738669867 -0.0011406876368583265 0.0)
(-0.0037486374482157653 -8.058738333803264e-05 0.0)
(0.0037248670719438604 -8.068427066754236e-05 0.0)
(1.3177715952873614 -0.001142023807703159 0.0)
(2.5774962719876053 -0.004684188080691788 0.0)
(3.764118587396354 -0.011133558076972373 0.0)
(4.844640789473662 -0.019741016031967436 0.0)
(5.793424506690787 -0.030156440476372587 0.0)
(6.5997690441536765 -0.04247207007136019 0.0)
(7.302685496907943 -0.05545940559969494 0.0)
(7.941479120211526 -0.06734162978122435 0.0)
(8.499453287030612 -0.0777212585145406 0.0)
(8.968395195902918 -0.08667273437524034 0.0)
(9.350481899313026 -0.09410829643037232 0.0)
(9.644991415965153 -0.09995202313269586 0.0)
(9.851656017455056 -0.10415386085755529 0.0)
(9.970098683353735 -0.106685008807027 0.0)
(10.0 -0.10753005367747394 0.0)
(9.941012427757402 -0.10668500880702583 0.0)
(9.79278842698938 -0.10415386085755322 0.0)
(9.555008584034864 -0.09995202313269229 0.0)
(9.227295878464767 -0.09410829643036878 0.0)
(8.809382581874866 -0.08667273437523651 0.0)
(8.300546712969417 -0.07772125851453617 0.0)
(7.702965324232925 -0.0673416297812201 0.0)
(7.008425614203152 -0.05545940559969111 0.0)
(6.200230955846313 -0.04247207007135581 0.0)
(5.317686604420284 -0.03015644047636822 0.0)
(4.399803654970714 -0.019741016031965142 0.0)
(3.435881412603616 -0.011133558076971755 0.0)
(2.4002815057901565 -0.0046841880806919875 0.0)
(1.2600061824904036 -0.0011420238077031455 0.0)
(-0.003724867071954956 -8.068427066754011e-05 0.0)
(0.0037087221140834304 -8.077461779971369e-05 0.0)
(1.3177049087872967 -0.0011432288357561306 0.0)
(2.5772867756519986 -0.004688607739984808 0.0)
(3.763601257164689 -0.01114245397227893 0.0)
(4.843978857349639 -0.019754440136731916 0.0)
(5.793744612753222 -0.03017664067055608 0.0)
(6.601474181075029 -0.04250339862860831 0.0)
(7.303674971181677 -0.05549956789421868 0.0)
(7.9414123590940395 -0.06738265058421103 0.0)
(8.49948001212147 -0.07776031023738113 0.0)
(8.968440994488265 -0.08670978252896133 0.0)
(9.35050493172319 -0.09414322800685719 0.0)
(9.645005862765128 -0.09998505359981075 0.0)
(9.85166428221908 -0.10418540068989485 0.0)
(9.970102301255595 -0.10671561056076737 0.0)
(10.0 -0.10756033223081136 0.0)
(9.941008809855541 -0.1067156105607662 0.0)
(9.792780162225357 -0.10418540068989281 0.0)
(9.554994137234889 -0.09998505359980721 0.0)
(9.227272846054602 -0.09414322800685371 0.0)
(8.809336783289519 -0.08670978252895753 0.0)
(8.300519987878559 -0.07776031023737674 0.0)
(7.7030320853504115 -0.06738265058420684 0.0)
(7.007436139929414 -0.0554995678942149 0.0)
(6.1985258189249555 -0.04250339862860396 0.0)
(5.31736649835785 -0.030176640670551726 0.0)
(4.400465587094738 -0.019754440136729636 0.0)
(3.4363987428352822 -0.011142453972278322 0.0)
(2.4004910021257633 -0.004688607739985014 0.0)
(1.2600728689904683 -0.0011432288357561197 0.0)
(-0.00370872211409452 -8.077461779971163e-05 0.0)
(0.003700911954535372 -8.085445504684693e-05 0.0)
(1.317668074493397 -0.0011442497742891466 0.0)
(2.5771263627498495 -0.004692067285700868 0.0)
(3.763099494743835 -0.011148526909856208 0.0)
(4.843167542077383 -0.01976203187977965 0.0)
(5.7937154095957295 -0.03018751390586704 0.0)
(6.60299110686279 -0.042523107833851485 0.0)
(7.304812095399378 -0.05552826360163116 0.0)
(7.941438039223491 -0.06741335908072574 0.0)
(8.499517534403248 -0.07778989896157483 0.0)
(8.968499604461563 -0.08673813329721616 0.0)
(9.35053531161945 -0.09417017297454507 0.0)
(9.645024963946048 -0.10001068832945517 0.0)
(9.85167508948905 -0.10420998590084865 0.0)
(9.970107121624878 -0.10673952992025276 0.0)
(10.0 -0.10758401986868359 0.0)
(9.941003989486259 -0.10673952992025162 0.0)
(9.792769354955388 -0.10420998590084661 0.0)
(9.554975036053968 -0.10001068832945163 0.0)
(9.227242466158344 -0.09417017297454155 0.0)
(8.80927817331622 -0.08673813329721239 0.0)
(8.300482465596781 -0.07778989896157047 0.0)
(7.703006405220959 -0.06741335908072157 0.0)
(7.0062990157117095 -0.0555282636016274 0.0)
(6.197008893137193 -0.042523107833847135 0.0)
(5.317395701515344 -0.030187513905862672 0.0)
(4.401276902366997 -0.019762031879777358 0.0)
(3.4369005052561374 -0.011148526909855605 0.0)
(2.4006514150279123 -0.004692067285701079 0.0)
(1.260109703284368 -0.0011442497742891375 0.0)
(-0.003700911954546479 -8.085445504684504e-05 0.0)
(0.0037017797574219434 -8.092027450636117e-05 0.0)
(1.3176627108371504 -0.001145041765130821 0.0)
(2.5770220815306115 -0.004694414711730267 0.0)
(3.7626353466566167 -0.01115151005593719 0.0)
(4.842242491365695 -0.019763457693809813 0.0)
(5.793338180351625 -0.030188582432237925 0.0)
(6.604253170572981 -0.04253033170066831 0.0)
(7.306046906403231 -0.055544231885046015 0.0)
(7.941555032261973 -0.06743240599561126 0.0)
(8.49956420521553 -0.07780872461271167 0.0)
(8.968568450607808 -0.086756540999114 0.0)
(9.350571704164736 -0.09418794742085008 0.0)
(9.645047880236968 -0.10002780097850597 0.0)
(9.851687964413294 -0.10422653626122477 0.0)
(9.970112932663376 -0.10675571591258665 0.0)
(10.0 -0.10760007579961779 0.0)
(9.94099817844776 -0.10675571591258548 0.0)
(9.792756480031144 -0.10422653626122273 0.0)
(9.554952119763048 -0.10002780097850243 0.0)
(9.227206073613056 -0.09418794742084657 0.0)
(8.809209327169974 -0.08675654099911023 0.0)
(8.3004357947845 -0.07780872461270731 0.0)
(7.7028894121824765 -0.0674324059956071 0.0)
(7.005064204707854 -0.055544231885042226 0.0)
(6.195746829427 -0.04253033170066392 0.0)
(5.3177729307594515 -0.030188582432233522 0.0)
(4.402201953078688 -0.0197634576938075 0.0)
(3.4373646533433564 -0.01115151005593658 0.0)
(2.4007556962471504 -0.004694414711730477 0.0)
(1.2601150669406145 -0.0011450417651308123 0.0)
(-0.003701779757433092 -8.092027450635935e-05 0.0)
(0.00371128739307191 -8.096918419161863e-05 0.0)
(1.3176890534877994 -0.0011455700096524761 0.0)
(2.576978513920281 -0.004695546876467762 0.0)
(3.7622292067208516 -0.011151272336540586 0.0)
(4.841244350250516 -0.019758654931162384 0.0)
(5.792629499783772 -0.03017979930057481 0.0)
(6.605204919435056 -0.04252475282556654 0.0)
(7.307325148856747 -0.055546771127303114 0.0)
(7.941758197749407 -0.06743895444227285 0.0)
(8.499617973928203 -0.07781596002612128 0.0)
(8.968644507953286 -0.0867641968339094 0.0)
(9.350612510337193 -0.09419577036911907 0.0)
(9.64507360473799 -0.10003563964847056 0.0)
(9.851702341291197 -0.10423432457846629 0.0)
(9.970119479044689 -0.10676345735487727 0.0)
(10.0 -0.10760779455538223 0.0)
(9.94099163206645 -0.1067634573548761 0.0)
(9.792742103153241 -0.10423432457846422 0.0)
(9.554926395262026 -0.100035639648467 0.0)
(9.2271652674406 -0.09419577036911556 0.0)
(8.809133269824498 -0.08676419683390563 0.0)
(8.300382026071826 -0.07781596002611686 0.0)
(7.702686246695041 -0.06743895444226866 0.0)
(7.003785962254335 -0.055546771127299284 0.0)
(6.194795080564924 -0.04252475282556209 0.0)
(5.318481611327306 -0.030179799300570336 0.0)
(4.40320009419387 -0.019758654931160028 0.0)
(3.4377707932791224 -0.011151272336539965 0.0)
(2.400799263857481 -0.004695546876467972 0.0)
(1.2600887242899654 -0.0011455700096524675 0.0)
(-0.00371128739308312 -8.096918419161686e-05 0.0)
(0.003729017113368539 -8.099903510052684e-05 0.0)
(1.3177459449974671 -0.0011458112977562268 0.0)
(2.5769975741999507 -0.0046954140346660315 0.0)
(3.7618989199823045 -0.01114782419662179 0.0)
(4.840216975226399 -0.019747834616441674 0.0)
(5.79162050601983 -0.030161550425614678 0.0)
(6.605804535345192 -0.04250661633411188 0.0)
(7.308590659124999 -0.055535769758743116 0.0)
(7.942038608965957 -0.06743271669394424 0.0)
(8.499676478042403 -0.07781128729097521 0.0)
(8.968724434677378 -0.08676076441822739 0.0)
(9.35065593718825 -0.09419329809331674 0.0)
(9.6451010071616 -0.10003385992253111 0.0)
(9.851717588429043 -0.10423300864816196 0.0)
(9.970126473132796 -0.10676241410231299 0.0)
(10.0 -0.1076068369879697 0.0)
(9.94098463797834 -0.1067624141023118 0.0)
(9.792726856015394 -0.10423300864815989 0.0)
(9.554898992838417 -0.10003385992252754 0.0)
(9.227121840589541 -0.0941932980933132 0.0)
(8.809053343100405 -0.08676076441822356 0.0)
(8.300323521957626 -0.07781128729097077 0.0)
(7.702405835478491 -0.06743271669393999 0.0)
(7.00252045198608 -0.0555357697587392 0.0)
(6.194195464654788 -0.042506616334107336 0.0)
(5.319490605091254 -0.03016155042561013 0.0)
(4.4042274692179895 -0.01974783461643927 0.0)
(3.43810108001767 -0.011147824196621145 0.0)
(2.4007802035778107 -0.0046954140346662345 0.0)
(1.2600318327802975 -0.0011458112977562177 0.0)
(-0.0037290171133798297 -8.099903510052508e-05 0.0)
(0.003754189906837604 -8.100851563875908e-05 0.0)
(1.3178308856572987 -0.0011457550276842182 0.0)
(2.577078424895802 -0.004694022023150811 0.0)
(3.7616589986360256 -0.01114131714114064 0.0)
(4.839205507272373 -0.019731472174481304 0.0)
(5.7903555323998805 -0.03013463762953792 0.0)
(6.606025672277263 -0.04247671911055908 0.0)
(7.309787833001985 -0.055511711159374096 0.0)
(7.942383945155766 -0.06741396682587536 0.0)
(8.49973714699438 -0.0777949117187073 0.0)
(8.96880471894605 -0.08674639456613362 0.0)
(9.350700076621525 -0.094180639220719 0.0)
(9.645128883495435 -0.10002253999858954 0.0)
(9.851733035895492 -0.1042226462898819 0.0)
(9.970133607620264 -0.10675263199350285 0.0)
(10.0 -0.10759724517114048 0.0)
(9.940977503490872 -0.10675263199350168 0.0)
(9.792711408548946 -0.1042226462898798 0.0)
(9.55487111650458 -0.10002253999858592 0.0)
(9.227077701156269 -0.0941806392207154 0.0)
(8.808973058831734 -0.08674639456612973 0.0)
(8.300262853005648 -0.07779491171870277 0.0)
(7.702060499288681 -0.06741396682587103 0.0)
(7.001323278109092 -0.05551171115937007 0.0)
(6.193974327722717 -0.04247671911055442 0.0)
(5.320755578711206 -0.030134637629533268 0.0)
(4.405238937172017 -0.019731472174478838 0.0)
(3.4383410013639493 -0.011141317141139967 0.0)
(2.400699352881959 -0.004694022023151005 0.0)
(1.2599468921204653 -0.0011457550276842078 0.0)
(-0.0037541899068489902 -8.100851563875726e-05 0.0)
(0.003785699726986399 -8.099720924880957e-05 0.0)
(1.317940143330096 -0.0011454036718404714 0.0)
(2.577217513576171 -0.004691432004361469 0.0)
(3.761519984387046 -0.011132037078210656 0.0)
(4.838254388439911 -0.019710286541046784 0.0)
(5.788890159550585 -0.03010024341136857 0.0)
(6.605858613879033 -0.04243637478421563 0.0)
(7.310864068857717 -0.05547565242003837 0.0)
(7.942779032878426 -0.06738352867296724 0.0)
(8.499797315101377 -0.07776755282200472 0.0)
(8.968881833215411 -0.08672171866264017 0.0)
(9.350742989231065 -0.09415834995902898 0.0)
(9.645156008904387 -0.10000217725339455 0.0)
(9.851748004957127 -0.10420369280669156 0.0)
(9.970140569030765 -0.10673454083641215 0.0)
(10.0 -0.10757944055177827 0.0)
(9.940970542080372 -0.10673454083641096 0.0)
(9.792696439487312 -0.10420369280668941 0.0)
(9.55484399109563 -0.1000021772533909 0.0)
(9.227034788546728 -0.09415834995902533 0.0)
(8.808895944562371 -0.0867217186626362 0.0)
(8.300202684898652 -0.07776755282200008 0.0)
(7.70166541156602 -0.0673835286729628 0.0)
(7.000247042253357 -0.05547565242003422 0.0)
(6.1941413861209496 -0.04243637478421082 0.0)
(5.322220951560507 -0.0301002434113638 0.0)
(4.4061900560044815 -0.01971028654104424 0.0)
(3.438480015612929 -0.011132037078209948 0.0)
(2.4005602642015895 -0.004691432004361653 0.0)
(1.2598376344476678 -0.0011454036718404593 0.0)
(-0.003785699726997891 -8.099720924880765e-05 0.0)
(0.003822162089963171 -8.096561271276825e-05 0.0)
(1.3180689174335973 -0.0011447726681579735 0.0)
(2.5774087289388983 -0.0046877577789853015 0.0)
(3.7614879852671463 -0.011120391756819581 0.0)
(4.837405409150488 -0.01968520857411319 0.0)
(5.787288773274113 -0.030059878990130545 0.0)
(6.605310700390897 -0.04238735601097319 0.0)
(7.311772078857613 -0.05542917789577476 0.0)
(7.943206512702198 -0.06734273963197362 0.0)
(8.499854338686845 -0.07773041270073687 0.0)
(8.968952389225544 -0.0866878209218033 0.0)
(9.350782789515318 -0.09412740965762832 0.0)
(9.645181191547607 -0.09997366638871749 0.0)
(9.851761837900765 -0.10417698097996789 0.0)
(9.970147051492656 -0.10670893552338662 0.0)
(10.0 -0.10755420543228529 0.0)
(9.940964059618482 -0.1067089355233854 0.0)
(9.792682606543673 -0.10417698097996571 0.0)
(9.554818808452408 -0.09997366638871379 0.0)
(9.226994988262476 -0.09412740965762459 0.0)
(8.808825388552238 -0.08668782092179925 0.0)
(8.300145661313184 -0.07773041270073215 0.0)
(7.701237931742247 -0.06734273963196907 0.0)
(6.999339032253459 -0.05542917789577046 0.0)
(6.19468929960909 -0.04238735601096824 0.0)
(5.323822337836982 -0.030059878990125657 0.0)
(4.407039035293906 -0.01968520857411057 0.0)
(3.4385120147328276 -0.011120391756818835 0.0)
(2.4003690488388614 -0.004687757778985473 0.0)
(1.2597088603441662 -0.0011447726681579583 0.0)
(-0.003822162089974775 -8.096561271276617e-05 0.0)
(0.00386197490624473 -8.091511432462451e-05 0.0)
(1.3182115498692804 -0.001143889741784144 0.0)
(2.577643669330764 -0.004683160785763535 0.0)
(3.7615644072591152 -0.011106892851084833 0.0)
(4.836695872000918 -0.019657340153668754 0.0)
(5.7856217355538035 -0.030015317904648432 0.0)
(6.604406006129141 -0.04233181658605072 0.0)
(7.312471966703436 -0.055374329592156664 0.0)
(7.943647601945678 -0.06729339189873437 0.0)
(8.49990571223876 -0.07768512322388636 0.0)
(8.969013286874443 -0.08664619074834115 0.0)
(9.350817728722602 -0.09408917777675689 0.0)
(9.645203324945827 -0.0999382601197931 0.0)
(9.851773926932168 -0.10414368447850922 0.0)
(9.970152770178421 -0.10667694110503698 0.0)
(10.0 -0.10752264859764564 0.0)
(9.940958340932715 -0.10667694110503576 0.0)
(9.79267051751227 -0.10414368447850701 0.0)
(9.554796675054188 -0.09993826011978933 0.0)
(9.22696004905519 -0.09408917777675307 0.0)
(8.808764490903341 -0.08664619074833699 0.0)
(8.300094287761269 -0.07768512322388153 0.0)
(7.700796842498766 -0.06729339189872965 0.0)
(6.998639144407637 -0.05537432959215221 0.0)
(6.195593993870849 -0.04233181658604561 0.0)
(5.3254893755572965 -0.030015317904643412 0.0)
(4.407748572443477 -0.01965734015366605 0.0)
(3.4384355927408583 -0.011106892851084049 0.0)
(2.400134108446995 -0.0046831607857636915 0.0)
(1.2595662279084825 -0.0011438897417841262 0.0)
(-0.003861974906256447 -8.091511432462226e-05 0.0)
(0.0039033888735191527 -8.084793289116926e-05 0.0)
(1.3183617736288602 -0.001142793686888582 0.0)
(2.577912011900761 -0.00467784300816837 0.0)
(3.7617458925204343 -0.011092133478228844 0.0)
(4.836156952755491 -0.019627905767123963 0.0)
(5.783962292977325 -0.0299685180874961 0.0)
(6.603184281704537 -0.04227219681017282 0.0)
(7.312932980603647 -0.05531351744330292 0.0)
(7.944082919954455 -0.06723765372236884 0.0)
(8.499949178497237 -0.07763367432821124 0.0)
(8.96906185043082 -0.08659865729591545 0.0)
(9.350846271688072 -0.09404533415531689 0.0)
(9.64522143659802 -0.09989751413330394 0.0)
(9.851783740881414 -0.10410526628967542 0.0)
(9.970157473819471 -0.10663996335757339 0.0)
(10.0 -0.10748615659744186 0.0)
(9.940953637291665 -0.10663996335757214 0.0)
(9.792660703563024 -0.10410526628967319 0.0)
(9.554778563401998 -0.09989751413330013 0.0)
(9.226931506089722 -0.09404533415531302 0.0)
(8.808715927346961 -0.08659865729591121 0.0)
(8.300050821502792 -0.07763367432820627 0.0)
(7.7003615244899875 -0.06723765372236398 0.0)
(6.9981781305074255 -0.0553135174432983 0.0)
(6.196815718295457 -0.042272196810167556 0.0)
(5.327148818133779 -0.029968518087490955 0.0)
(4.408287491688904 -0.019627905767121184 0.0)
(3.4382541074795383 -0.011092133478228018 0.0)
(2.399865765876997 -0.004677843008168511 0.0)
(1.2594160041489024 -0.0011427936868885604 0.0)
(-0.003903388873530978 -8.084793289116676e-05 0.0)
(0.003944584337829112 -8.07670202416835e-05 0.0)
(1.3185129881551672 -0.0011415326621182216 0.0)
(2.5782019661672826 -0.004672038099618739 0.0)
(3.7620244669207406 -0.011076762138093397 0.0)
(4.835812330539927 -0.019598198707574906 0.0)
(5.782383358415625 -0.029921535837021382 0.0)
(6.601699207453221 -0.042211116267220274 0.0)
(7.313134864450873 -0.055249413423781486 0.0)
(7.9444933396516175 -0.06717797413637644 0.0)
(8.4999828276344 -0.07757832658406437 0.0)
(8.969095946100857 -0.08654730909746577 0.0)
(9.350867164286042 -0.09399780520182481 0.0)
(9.64523473071132 -0.0998532187333537 0.0)
(9.851790848541528 -0.10406341443839978 0.0)
(9.970160955746422 -0.10659962701557052 0.0)
(10.0 -0.10744633282340262 0.0)
(9.940950155364716 -0.10659962701556924 0.0)
(9.79265359590291 -0.10406341443839752 0.0)
(9.554765269288696 -0.09985321873334983 0.0)
(9.226910613491752 -0.09399780520182086 0.0)
(8.808681831676925 -0.08654730909746142 0.0)
(8.30001717236563 -0.07757832658405929 0.0)
(7.699951104792824 -0.06717797413637144 0.0)
(6.9979762466602 -0.05524941342377671 0.0)
(6.198300792546778 -0.042211116267214854 0.0)
(5.328727752695483 -0.029921535837016126 0.0)
(4.408632113904469 -0.01959819870757205 0.0)
(3.437975533079231 -0.01107676213809253 0.0)
(2.399575811610475 -0.004672038099618864 0.0)
(1.2592647896225952 -0.0011415326621181969 0.0)
(-0.003944584337841038 -8.076702024168076e-05 0.0)
(0.003983751245837801 -8.067593152996015e-05 0.0)
(1.3186585493585545 -0.0011401620745944935 0.0)
(2.578500792070314 -0.0046660011171765345 0.0)
(3.762387890410521 -0.011061454219242968 0.0)
(4.835677147423908 -0.019569524248870644 0.0)
(5.780954307364763 -0.029876435467358547 0.0)
(6.600016034820928 -0.042151258724506695 0.0)
(7.313068747838203 -0.05518483414693514 0.0)
(7.9448608279465125 -0.06711697535258496 0.0)
(8.500005181168715 -0.07752151187006771 0.0)
(8.969114075783187 -0.08649440229889313 0.0)
(9.350879488533977 -0.0939486792515453 0.0)
(9.645242623166713 -0.09980732017878005 0.0)
(9.851794937614924 -0.10401996781846154 0.0)
(9.970163062969775 -0.10655770438410272 0.0)
(10.0 -0.10740492705930367 0.0)
(9.940948048141363 -0.10655770438410145 0.0)
(9.792649506829513 -0.10401996781845922 0.0)
(9.554757376833305 -0.09980732017877612 0.0)
(9.226898289243815 -0.09394867925154127 0.0)
(8.808663701994595 -0.08649440229888866 0.0)
(8.299994818831312 -0.07752151187006252 0.0)
(7.699583616497928 -0.06711697535257982 0.0)
(6.998042363272871 -0.05518483414693021 0.0)
(6.199983965179076 -0.04215125872450114 0.0)
(5.3301568037463465 -0.02987643546735318 0.0)
(4.408767297020487 -0.019569524248867726 0.0)
(3.4376121095894496 -0.011061454219242066 0.0)
(2.3992769857074427 -0.004666001117176644 0.0)
(1.2591192284192074 -0.0011401620745944653 0.0)
(-0.003983751245849815 -8.067593152995717e-05 0.0)
(0.004019168675261153 -8.057866902735027e-05 0.0)
(1.3187920615460422 -0.0011387421454257711 0.0)
(2.578795359746362 -0.004659997314805917 0.0)
(3.762820194826499 -0.011046882323626805 0.0)
(4.835757343106242 -0.0195431422942682 0.0)
(5.7797379297135425 -0.029835198606241772 0.0)
(6.598208719333845 -0.042095254212952654 0.0)
(7.31273753580864 -0.055122617108044066 0.0)
(7.945169238075764 -0.06705733754596005 0.0)
(8.500015256926787 -0.07746572652081475 0.0)
(8.969115442892736 -0.08644226152813653 0.0)
(9.350882702926972 -0.09390011480886025 0.0)
(9.645244767184145 -0.09976183516810191 0.0)
(9.851795828435202 -0.10397683539485744 0.0)
(9.970163702901989 -0.10651603746690144 0.0)
(10.0 -0.10736375859866985 0.0)
(9.940947408209148 -0.10651603746690014 0.0)
(9.792648616009236 -0.1039768353948551 0.0)
(9.554755232815872 -0.09976183516809793 0.0)
(9.22689507485082 -0.09390011480885616 0.0)
(8.808662334885046 -0.086442261528132 0.0)
(8.299984743073242 -0.07746572652080945 0.0)
(7.699275206368676 -0.0670573375459548 0.0)
(6.998373575302436 -0.055122617108039014 0.0)
(6.201791280666164 -0.04209525421294698 0.0)
(5.33137318139757 -0.029835198606236322 0.0)
(4.408687101338152 -0.01954314229426522 0.0)
(3.4371798051734697 -0.011046882323625868 0.0)
(2.3989824180313937 -0.0046599973148060145 0.0)
(1.2589857162317195 -0.0011387421454257395 0.0)
(-0.004019168675273237 -8.057866902734702e-05 0.0)
(0.004049280449044659 -8.047950627028177e-05 0.0)
(1.3189076584363655 -0.0011373352637020413 0.0)
(2.5790727264306383 -0.0046542904885994085 0.0)
(3.763302385503516 -0.011033686713679746 0.0)
(4.836049393935362 -0.019520212018588383 0.0)
(5.778787670870655 -0.02979963712590783 0.0)
(6.596356671128082 -0.04204556346833848 0.0)
(7.312155781212828 -0.055065496009974284 0.0)
(7.945405019062513 -0.06700168109262059 0.0)
(8.500012612198233 -0.07741342164249519 0.0)
(8.969099987361211 -0.08639317775527419 0.0)
(9.35087666623048 -0.09385424570653512 0.0)
(9.645241068559415 -0.09971876222947604 0.0)
(9.851793481861348 -0.1039359123273721 0.0)
(9.970162847425614 -0.10647645703208097 0.0)
(10.0 -0.10732463630834584 0.0)
(9.940948263685522 -0.10647645703207964 0.0)
(9.79265096258309 -0.10393591232736972 0.0)
(9.5547589314406 -0.099718762229472 0.0)
(9.226901111547313 -0.09385424570653095 0.0)
(8.80867779041657 -0.08639317775526958 0.0)
(8.299987387801796 -0.07741342164248981 0.0)
(7.699039425381927 -0.06700168109261523 0.0)
(6.99895532989825 -0.05506549600996912 0.0)
(6.203643328871931 -0.042045563468332714 0.0)
(5.332323440240458 -0.029799637125902317 0.0)
(4.40839505050903 -0.01952021201858536 0.0)
(3.4366976144964516 -0.011033686713678785 0.0)
(2.398705051347117 -0.0046542904885994935 0.0)
(1.2588701193413958 -0.0011373352637020061 0.0)
(-0.004049280449056792 -8.047950627027828e-05 0.0)
(0.004072763510936206 -8.038280028888715e-05 0.0)
(1.3190002609136424 -0.0011360032452324273 0.0)
(2.5793207051384637 -0.0046491313860601785 0.0)
(3.763813275865366 -0.011022447180362183 0.0)
(4.836540467732127 -0.019501740936194806 0.0)
(5.7781452834712095 -0.029771313532744703 0.0)
(6.594541265813576 -0.042004369811075866 0.0)
(7.311349045283419 -0.05501598064927487 0.0)
(7.94555781112155 -0.06695245143530565 0.0)
(8.49999736318759 -0.07736689541577337 0.0)
(8.969068388276392 -0.08634930763148946 0.0)
(9.350861643685898 -0.0938130873490109 0.0)
(9.645231689803325 -0.09967999390902588 0.0)
(9.851788000997521 -0.10389899670072417 0.0)
(9.970160534128718 -0.106440702171537 0.0)
(10.0 -0.10728927915019622 0.0)
(9.940950576982418 -0.10644070217153567 0.0)
(9.792656443446917 -0.10389899670072177 0.0)
(9.55476831019669 -0.09967999390902181 0.0)
(9.226916134091894 -0.0938130873490067 0.0)
(8.80870938950139 -0.0863493076314848 0.0)
(8.300002636812438 -0.0773668954157679 0.0)
(7.69888663332289 -0.06695245143530021 0.0)
(6.999762065827663 -0.05501598064926964 0.0)
(6.205458734186442 -0.042004369811070044 0.0)
(5.332965827639904 -0.029771313532739156 0.0)
(4.407903976712263 -0.019501740936191763 0.0)
(3.4361867241346 -0.011022447180361201 0.0)
(2.398457072639291 -0.004649131386060253 0.0)
(1.2587775168641189 -0.001136003245232389 0.0)
(-0.004072763510948367 -8.038280028888344e-05 0.0)
(0.004088586058157325 -8.029280016707025e-05 0.0)
(1.3190658001944329 -0.0011348046164716243 0.0)
(2.57952840013908 -0.0046447466887154865 0.0)
(3.7643304183241972 -0.011013657568205942 0.0)
(4.837208987612303 -0.01948854063265596 0.0)
(5.777838992842322 -0.02975147231361943 0.0)
(6.592842268978655 -0.04197348321510327 0.0)
(7.310352774521267 -0.05497624664030918 0.0)
(7.9456209008493275 -0.06691181163509455 0.0)
(8.49997017990849 -0.07732819211793408 0.0)
(8.96902203404426 -0.08631257872976333 0.0)
(9.350838295356354 -0.09377844815922017 0.0)
(9.645217043001262 -0.09964723361582745 0.0)
(9.851779626662854 -0.10386771052001337 0.0)
(9.970156864653333 -0.10641034388843015 0.0)
(10.0 -0.10725924065306604 0.0)
(9.940954246457803 -0.10641034388842882 0.0)
(9.792664817781585 -0.10386771052001097 0.0)
(9.554782956998755 -0.09964723361582335 0.0)
(9.22693948242144 -0.09377844815921593 0.0)
(8.808755743733524 -0.08631257872975862 0.0)
(8.30002982009154 -0.07732819211792859 0.0)
(7.698823543595113 -0.06691181163508908 0.0)
(7.0007583365898185 -0.05497624664030389 0.0)
(6.207157731021366 -0.041973483215097404 0.0)
(5.33327211826879 -0.02975147231361387 0.0)
(4.407235456832086 -0.019488540632652904 0.0)
(3.4356695816757674 -0.011013657568204953 0.0)
(2.3982493776386744 -0.004644746688715554 0.0)
(1.2587119775833284 -0.0011348046164715844 0.0)
(-0.004088586058169493 -8.029280016706635e-05 0.0)
(0.004096052876929656 -8.021346034553319e-05 0.0)
(1.3191013966026393 -0.0011337920429745538 0.0)
(2.5796866856941274 -0.004641329052145086 0.0)
(3.764831090586454 -0.011007704076689032 0.0)
(4.838025580035375 -0.01948119110516007 0.0)
(5.777882256833883 -0.02974098525540189 0.0)
(6.59133433143602 -0.04195426078094228 0.0)
(7.309210743241035 -0.05494803982273986 0.0)
(7.945591516198625 -0.06688154733046017 0.0)
(8.499932256744483 -0.0772990123010787 0.0)
(8.968962961384968 -0.086284604850844 0.0)
(9.350807647124734 -0.09375185011979166 0.0)
(9.64519777170691 -0.09962192077723056 0.0)
(9.85176872681029 -0.10384342844278366 0.0)
(9.970152000229497 -0.10638671607018124 0.0)
(10.0 -0.1072358406535653 0.0)
(9.940959110881641 -0.10638671607017988 0.0)
(9.792675717634149 -0.10384342844278126 0.0)
(9.554802228293106 -0.09962192077722644 0.0)
(9.22697013065306 -0.0937518501197874 0.0)
(8.808814816392816 -0.08628460485083925 0.0)
(8.300067743255546 -0.07729901230107318 0.0)
(7.698852928245816 -0.06688154733045468 0.0)
(7.0019003678700535 -0.054948039822734544 0.0)
(6.208665668564004 -0.041954260780936434 0.0)
(5.333228854277228 -0.029740985255396344 0.0)
(4.4064188644090105 -0.01948119110515702 0.0)
(3.43516890941351 -0.011007704076688036 0.0)
(2.398091092083627 -0.00464132905214515 0.0)
(1.258676381175122 -0.0011337920429745122 0.0)
(-0.004096052876941804 -8.021346034552912e-05 0.0)
(0.0040948358888965005 -8.014826687088617e-05 0.0)
(1.3191054860972071 -0.0011330100153682256 0.0)
(2.5797886070258933 -0.004639028641047487 0.0)
(3.7652932940288864 -0.011004848291337093 0.0)
(4.838954365424189 -0.019480015278499713 0.0)
(5.778273174505253 -0.02974031314024464 0.0)
(6.590083709202599 -0.04194754710718351 0.0)
(7.30797313020789 -0.05493259955252796 0.0)
(7.9454709482772365 -0.06686298827958115 0.0)
(8.499885259970018 -0.07728063807297693 0.0)
(8.968893765843095 -0.08626661511579439 0.0)
(9.350771045618263 -0.09373446189991817 0.0)
(9.64517472266569 -0.09960516759305466 0.0)
(9.85175578035941 -0.1038272173790857 0.0)
(9.97014615459109 -0.10637085687989822 0.0)
(10.0 -0.10722010730486299 0.0)
(9.940964956520046 -0.10637085687989689 0.0)
(9.792688664085029 -0.1038272173790833 0.0)
(9.554825277334325 -0.09960516759305056 0.0)
(9.227006732159529 -0.09373446189991391 0.0)
(8.808884011934689 -0.08626661511578967 0.0)
(8.300114740030011 -0.0772806380729714 0.0)
(7.698973496167204 -0.06686298827957565 0.0)
(7.003137980903201 -0.05493259955252267 0.0)
(6.209916290797427 -0.041947547107177685 0.0)
(5.332837936605855 -0.029740313140239127 0.0)
(4.405490079020193 -0.01948001527849669 0.0)
(3.434706705971076 -0.011004848291336107 0.0)
(2.397989170751861 -0.004639028641047551 0.0)
(1.2586722916805544 -0.0011330100153681827 0.0)
(-0.004094835888908605 -8.014826687088202e-05 0.0)
(0.004084988566285616 -8.010008422513709e-05 0.0)
(1.3190778889932264 -0.0011324928945149826 0.0)
(2.5798296858975185 -0.004637946531277837 0.0)
(3.7656967202778118 -0.011005215690133985 0.0)
(4.839954534647925 -0.019485064816347243 0.0)
(5.778994569649116 -0.02974948549965807 0.0)
(6.58914535233138 -0.041953637180369575 0.0)
(7.3066943138743605 -0.054930604246899446 0.0)
(7.945264494619057 -0.06685694993320032 0.0)
(8.499831254537387 -0.07727387676359683 0.0)
(8.968817487744165 -0.08625939996066134 0.0)
(9.35073009904018 -0.09372704750617007 0.0)
(9.645148908610304 -0.09959771016756333 0.0)
(9.851741356153582 -0.10381978961340113 0.0)
(9.970139584584773 -0.10636346314138861 0.0)
(10.0 -0.10721273190151771 0.0)
(9.940971526526365 -0.10636346314138728 0.0)
(9.792703088290857 -0.1038197896133987 0.0)
(9.554851091389711 -0.09959771016755926 0.0)
(9.227047678737614 -0.09372704750616584 0.0)
(8.80896029003362 -0.08625939996065665 0.0)
(8.300168745462642 -0.07727387676359133 0.0)
(7.6991799498253854 -0.06685694993319485 0.0)
(7.0044167972367335 -0.0549306042468942 0.0)
(6.210854647668646 -0.04195363718036382 0.0)
(5.332116541461989 -0.029749485499652627 0.0)
(4.404489909796456 -0.019485064816344263 0.0)
(3.43430327972215 -0.011005215690133014 0.0)
(2.397948091880236 -0.004637946531277903 0.0)
(1.258699888784535 -0.0011324928945149397 0.0)
(-0.004084988566297659 -8.010008422513289e-05 0.0)
(0.00406694358243736 -8.007102946559251e-05 0.0)
(1.3190198178569588 -0.0011322634017590706 0.0)
(2.5798081173785365 -0.00463813026875975 0.0)
(3.7660236435218994 -0.011008790130248707 0.0)
(4.840982142100649 -0.01949611785124751 0.0)
(5.780014745482605 -0.02976809931694993 0.0)
(6.58856049050661 -0.04197226341382617 0.0)
(7.305430483090612 -0.05494214157593331 0.0)
(7.944981226420128 -0.06686369760521074 0.0)
(8.499772613346499 -0.07727902545250308 0.0)
(8.968737478608295 -0.08626327640616163 0.0)
(9.35068660650821 -0.09372993271344442 0.0)
(9.645121463763122 -0.09959987616638974 0.0)
(9.851726087966021 -0.10382147150816534 0.0)
(9.970132578884602 -0.10636485972199602 0.0)
(10.0 -0.10721403850525958 0.0)
(9.940978532226536 -0.10636485972199472 0.0)
(9.792718356478417 -0.10382147150816294 0.0)
(9.554878536236894 -0.09959987616638567 0.0)
(9.227091171269583 -0.09372993271344021 0.0)
(8.809040299169489 -0.08626327640615697 0.0)
(8.30022738665353 -0.07727902545249767 0.0)
(7.699463218024315 -0.06686369760520536 0.0)
(7.005680628020484 -0.054942141575928145 0.0)
(6.211439509493416 -0.041972263413820515 0.0)
(5.331096365628496 -0.029768099316944577 0.0)
(4.403462302343729 -0.01949611785124458 0.0)
(3.433976356478062 -0.01100879013024776 0.0)
(2.3979696603992187 -0.0046381302687598215 0.0)
(1.258757959920803 -0.0011322634017590285 0.0)
(-0.004066943582449322 -8.007102946558831e-05 0.0)
(0.004041493800929659 -8.006237920523264e-05 0.0)
(1.3189338242278936 -0.0011323316205923395 0.0)
(2.579724849150212 -0.004639571780404409 0.0)
(3.7662596993518935 -0.011015414557321872 0.0)
(4.8419920365908435 -0.01951268873306794 0.0)
(5.781288877345956 -0.02979533673504143 0.0)
(6.588354821486894 -0.04200260740493094 0.0)
(7.304237168269171 -0.05496670461049875 0.0)
(7.944633589966888 -0.06688293481524887 0.0)
(8.499711912984003 -0.07729585791572445 0.0)
(8.968657253890543 -0.08627807412837174 0.0)
(9.350642479004646 -0.09374299075101188 0.0)
(9.64509359400052 -0.09961157041950797 0.0)
(9.851710646652956 -0.10383218916399939 0.0)
(9.970125445308225 -0.10637498525852357 0.0)
(10.0 -0.1072239697063105 0.0)
(9.940985665802911 -0.10637498525852224 0.0)
(9.792733797791483 -0.10383218916399702 0.0)
(9.554906405999498 -0.09961157041950396 0.0)
(9.227135298773147 -0.09374299075100773 0.0)
(8.809120523887241 -0.08627807412836713 0.0)
(8.300288087016026 -0.0772958579157191 0.0)
(7.699810854477556 -0.06688293481524354 0.0)
(7.0068739428419295 -0.054966704610493695 0.0)
(6.21164517851313 -0.04200260740492541 0.0)
(5.3298222337651415 -0.029795336735036173 0.0)
(4.402452407853532 -0.019512688733065078 0.0)
(3.433740300648068 -0.011015414557320953 0.0)
(2.398052928627543 -0.004639571780404489 0.0)
(1.2588439535498686 -0.0011323316205922988 0.0)
(-0.004041493800941525 -8.006237920522849e-05 0.0)
(0.004009757438602902 -8.007451352067251e-05 0.0)
(1.3188236865087712 -0.001132694553604058 0.0)
(2.5795835398661633 -0.0046422077288273194 0.0)
(3.766394515906476 -0.01102479790614693 0.0)
(4.842939845202159 -0.019534049367576918 0.0)
(5.782760982216051 -0.029830000991611066 0.0)
(6.5885373819926984 -0.042043335894227506 0.0)
(7.303166801480181 -0.05500321409579378 0.0)
(7.944236859769109 -0.06691381631549906 0.0)
(8.499651820512776 -0.07732363456562107 0.0)
(8.968580338518242 -0.0863031429424494 0.0)
(9.350599655411262 -0.0937656478725908 0.0)
(9.645066523868877 -0.0996322791028301 0.0)
(9.851695710677435 -0.10385147166671327 0.0)
(9.970118497291942 -0.10639339485342034 0.0)
(10.0 -0.10724208914586493 0.0)
(9.940992613819196 -0.10639339485341903 0.0)
(9.792748733767004 -0.10385147166671092 0.0)
(9.554933476131138 -0.09963227910282611 0.0)
(9.227178122366531 -0.0937656478725867 0.0)
(8.809197439259542 -0.08630314294244487 0.0)
(8.300348179487253 -0.07732363456561579 0.0)
(7.7002075846753355 -0.06691381631549387 0.0)
(7.007944309630921 -0.05500321409578885 0.0)
(6.2114626180073245 -0.0420433358942221 0.0)
(5.328350128895042 -0.02983000099160592 0.0)
(4.401504599242213 -0.019534049367574132 0.0)
(3.4336054840934858 -0.011024797906146045 0.0)
(2.398194237911593 -0.00464220772882741 0.0)
(1.2589540912689914 -0.001132694553604019 0.0)
(-0.004009757438614662 -8.007451352066844e-05 0.0)
(0.003973128933157692 -8.010689925229075e-05 0.0)
(1.3186942439494784 -0.0011333362541816583 0.0)
(2.579390398397813 -0.004645922295277108 0.0)
(3.766422169592878 -0.011036527889542862 0.0)
(4.843783922958183 -0.019559261207572308 0.0)
(5.784366378498039 -0.029870569002641637 0.0)
(6.589100150649382 -0.04209265934640683 0.0)
(7.3022664126821715 -0.055050065871826724 0.0)
(7.9438084674258835 -0.06695498522933646 0.0)
(8.49959497628607 -0.07736113494701242 0.0)
(8.968510112012137 -0.08633738137056615 0.0)
(9.35056001731841 -0.09379690856570898 0.0)
(9.64504144278026 -0.09966109231469636 0.0)
(9.851681936298895 -0.10387847177841414 0.0)
(9.970112040118872 -0.10641927962276598 0.0)
(10.0 -0.10726760068889744 0.0)
(9.940999070992264 -0.1064192796227647 0.0)
(9.792762508145543 -0.10387847177841182 0.0)
(9.554958557219758 -0.09966109231469243 0.0)
(9.227217760459384 -0.09379690856570497 0.0)
(8.809267665765647 -0.08633738137056171 0.0)
(8.30040502371396 -0.07736113494700726 0.0)
(7.700635977018563 -0.06695498522933138 0.0)
(7.008844698428931 -0.05505006587182195 0.0)
(6.210899849350637 -0.04209265934640158 0.0)
(5.32674473261305 -0.029870569002636623 0.0)
(4.400660521486189 -0.01955926120756959 0.0)
(3.433577830407084 -0.011036527889542016 0.0)
(2.3983873793799435 -0.004645922295277212 0.0)
(1.2590835338282844 -0.001133336254181622 0.0)
(-0.003973128933169341 -8.010689925228685e-05 0.0)
(0.0039332176741133365 -8.01581134302881e-05 0.0)
(1.3185511840192623 -0.0011342285271757186 0.0)
(2.5791539110279387 -0.00465055226849958 0.0)
(3.7663414453587105 -0.011050089113498649 0.0)
(4.8444871826265095 -0.019587216490928455 0.0)
(5.786034528016277 -0.029915258283945548 0.0)
(6.590018400431727 -0.04214841057921486 0.0)
(7.3015755633117125 -0.055105201357271615 0.0)
(7.943367235713051 -0.06700463267000342 0.0)
(8.499543877935212 -0.07740671136174522 0.0)
(8.968449659996429 -0.086379285038828 0.0)
(9.350525306351372 -0.09383539929270067 0.0)
(9.645019452751812 -0.0996967440552897 0.0)
(9.851669928738334 -0.10391200316358912 0.0)
(9.97010635750539 -0.10645150223715033 0.0)
(10.0 -0.1072993834048792 0.0)
(9.941004753605746 -0.10645150223714905 0.0)
(9.792774515706105 -0.10391200316358686 0.0)
(9.554980547248203 -0.09969674405528582 0.0)
(9.22725247142642 -0.09383539929269674 0.0)
(8.809328117781355 -0.08637928503882364 0.0)
(8.300456122064817 -0.07740671136174017 0.0)
(7.701077208731396 -0.06700463266999848 0.0)
(7.009535547799391 -0.05510520135726699 0.0)
(6.209981599568289 -0.042148410579209775 0.0)
(5.325076583094807 -0.02991525828394066 0.0)
(4.399957261817861 -0.019587216490925822 0.0)
(3.433658554641252 -0.01105008911349784 0.0)
(2.3986238667498188 -0.004650552268499698 0.0)
(1.2592265937585012 -0.0011342285271756856 0.0)
(-0.0039332176741248715 -8.015811343028441e-05 0.0)
(0.0038917772891766574 -8.022590579737706e-05 0.0)
(1.3184007925097354 -0.0011353321677432474 0.0)
(2.5788844685789303 -0.004655894215941636 0.0)
(3.7661558900791423 -0.011064885722643228 0.0)
(4.845018724263891 -0.019616686913637445 0.0)
(5.787692135332729 -0.029962105270259026 0.0)
(6.591251785124188 -0.04220813998547602 0.0)
(7.301124608026267 -0.05516619799976553 0.0)
(7.942932551544864 -0.0670605772197845 0.0)
(8.499500770628256 -0.07745836126553578 0.0)
(8.968401638622096 -0.08642701277671205 0.0)
(9.35049704764654 -0.09387942884143864 0.0)
(9.645001519985158 -0.09973766785235139 0.0)
(9.85166021558599 -0.1039505925145176 0.0)
(9.970101699135135 -0.10648864689384688 0.0)
(10.0 -0.10733604081941485 0.0)
(9.941009411976001 -0.10648864689384563 0.0)
(9.792784228858448 -0.10395059251451537 0.0)
(9.554998480014858 -0.09973766785234757 0.0)
(9.227280730131254 -0.09387942884143477 0.0)
(8.809376139155688 -0.08642701277670783 0.0)
(8.300499229371773 -0.07745836126553084 0.0)
(7.7015118928995845 -0.0670605772197797 0.0)
(7.0099865030848365 -0.05516619799976106 0.0)
(6.208748214875824 -0.0422081399854711 0.0)
(5.323418975778352 -0.029962105270254256 0.0)
(4.399425720180479 -0.019616686913634888 0.0)
(3.4338441099208215 -0.011064885722642461 0.0)
(2.3988933091988276 -0.0046558942159417695 0.0)
(1.2593769852680283 -0.001135332167743218 0.0)
(-0.0038917772891880835 -8.022590579737359e-05 0.0)
(0.0038506285930487317 -8.030729768097034e-05 0.0)
(1.3182496773486931 -0.0011365986839367613 0.0)
(2.5785939098590673 -0.004661713422205488 0.0)
(3.7658736567136932 -0.01108026758104042 0.0)
(4.845355192903209 -0.019646377599240053 0.0)
(5.789266368214416 -0.030009051590707596 0.0)
(6.59274611205979 -0.04226922316435106 0.0)
(7.300933360976081 -0.05523037571842746 0.0)
(7.942523514148439 -0.06712036077750994 0.0)
(8.499467548421407 -0.07751381525610233 0.0)
(8.968368157860473 -0.08647846751473118 0.0)
(9.350476482839705 -0.0939270626341011 0.0)
(9.644988432413257 -0.09978206558910657 0.0)
(9.851653223620014 -0.10399254428571697 0.0)
(9.970098269688375 -0.10652908152459467 0.0)
(10.0 -0.1073759622727725 0.0)
(9.941012841422761 -0.10652908152459345 0.0)
(9.792791220824425 -0.10399254428571476 0.0)
(9.55501156758676 -0.09978206558910281 0.0)
(9.227301294938089 -0.09392706263409731 0.0)
(8.80940961991731 -0.08647846751472704 0.0)
(8.300532451578622 -0.07751381525609753 0.0)
(7.70192093029601 -0.0671203607775053 0.0)
(7.010177750135023 -0.05523037571842316 0.0)
(6.207253887940217 -0.04226922316434628 0.0)
(5.321844742896661 -0.030009051590702943 0.0)
(4.399089251541161 -0.019646377599237572 0.0)
(3.4341263432862714 -0.011080267581039695 0.0)
(2.399183867918692 -0.004661713422205637 0.0)
(1.259528100429071 -0.0011365986839367353 0.0)
(-0.003850628593060058 -8.030729768096712e-05 0.0)
)
