(
(0.015121986808119287 -7.122095238228878e-05 0.0)
(1.3543431375765498 -0.0009573287828047932 0.0)
(2.633551221461052 -0.0036148409113882993 0.0)
(3.823276983276178 -0.007690660879276063 0.0)
(4.899715097093515 -0.012009176299721983 0.0)
(5.85152656090859 -0.016504996950327283 0.0)
(6.663346907816694 -0.022268876514876385 0.0)
(7.3585881566016065 -0.02919365044721925 0.0)
(7.9846364358212645 -0.035797960818597756 0.0)
(8.534504930741324 -0.04150880641798943 0.0)
(8.996480017191267 -0.046411588090266284 0.0)
(9.37218318903697 -0.05048146242090632 0.0)
(9.660825255412872 -0.05367881295822983 0.0)
(9.862011728356798 -0.05597721775767581 0.0)
(9.975212211332355 -0.05736178141325864 0.0)
(9.999999999999998 -0.05782390750246168 0.0)
(9.935898899778778 -0.05736178141325707 0.0)
(9.782432716087635 -0.05597721775767283 0.0)
(9.53917474458714 -0.053678812958225616 0.0)
(9.205594588740821 -0.05048146242090117 0.0)
(8.781297760586513 -0.04641158809026078 0.0)
(8.265495069258703 -0.04150880641798264 0.0)
(7.6598080086231874 -0.03579796081859059 0.0)
(6.952522954509483 -0.029193650447212987 0.0)
(6.136653092183282 -0.022268876514869987 0.0)
(5.259584550202494 -0.01650499695032078 0.0)
(4.344729347350888 -0.01200917629971838 0.0)
(3.3767230167238114 -0.007690660879274906 0.0)
(2.344226556316715 -0.0036148409113882308 0.0)
(1.2234346402012128 -0.0009573287828046829 0.0)
(-0.015121986808126405 -7.122095238227742e-05 0.0)
(0.015123410050121324 -7.129097717313398e-05 0.0)
(1.3543391421973674 -0.0009581679750580279 0.0)
(2.6334421912555572 -0.0036173037828126043 0.0)
(3.822779725205588 -0.007693696155932226 0.0)
(4.898713412363637 -0.012010362492037439 0.0)
(5.85110106351996 -0.016505593452766705 0.0)
(6.664690392705154 -0.022275944362313817 0.0)
(7.359922209151119 -0.029210112814663895 0.0)
(7.984767460841504 -0.03581779563603204 0.0)
(8.534555660299556 -0.04152845386558533 0.0)
(8.99655466670136 -0.046430832124087135 0.0)
(9.372222683227227 -0.05050006871383076 0.0)
(9.660850126435355 -0.05369674380075667 0.0)
(9.86202569722196 -0.05599457111706145 0.0)
(9.975218519356748 -0.057378759754768895 0.0)
(9.999999999999998 -0.05784075164518569 0.0)
(9.935892591754385 -0.057378759754767306 0.0)
(9.782418747222474 -0.05599457111705849 0.0)
(9.539149873564655 -0.05369674380075244 0.0)
(9.205555094550567 -0.05050006871382561 0.0)
(8.781223111076418 -0.04643083212408163 0.0)
(8.265444339700469 -0.04152845386557854 0.0)
(7.659676983602947 -0.03581779563602487 0.0)
(6.951188901959967 -0.029210112814657612 0.0)
(6.13530960729482 -0.022275944362307377 0.0)
(5.260010047591126 -0.01650559345276017 0.0)
(4.345731032080769 -0.012010362492033808 0.0)
(3.377220274794402 -0.007693696155931062 0.0)
(2.3443355865222095 -0.0036173037828125367 0.0)
(1.223438635580395 -0.0009581679750579184 0.0)
(-0.015123410050128487 -7.129097717312274e-05 0.0)
(0.015134126795837678 -7.134264547157872e-05 0.0)
(1.3543692731445676 -0.0009587214376892238 0.0)
(2.6333987417237914 -0.003618453327621926 0.0)
(3.8223460290160416 -0.007693258686993022 0.0)
(4.8976353821602405 -0.012004843782101579 0.0)
(5.850319890463828 -0.016495587840730054 0.0)
(6.66569687937289 -0.022269219746387674 0.0)
(7.361299929079446 -0.029212087203734374 0.0)
(7.984990909386427 -0.035824136053616236 0.0)
(8.534613910850839 -0.04153558463315818 0.0)
(8.99663690413593 -0.04643846252253914 0.0)
(9.372266835860184 -0.05050792406360063 0.0)
(9.660877962025948 -0.05370465428781591 0.0)
(9.862041250135288 -0.056002456310134285 0.0)
(9.975225604137242 -0.057386612426126186 0.0)
(9.999999999999998 -0.057848585965505364 0.0)
(9.935885506973891 -0.0573866124261246 0.0)
(9.782403194309145 -0.05600245631013131 0.0)
(9.539122037974062 -0.05370465428781168 0.0)
(9.205510941917607 -0.05050792406359545 0.0)
(8.78114087364185 -0.04643846252253362 0.0)
(8.265386089149189 -0.04153558463315136 0.0)
(7.659453535058024 -0.03582413605360904 0.0)
(6.949811182031637 -0.029212087203728043 0.0)
(6.1343031206270835 -0.022269219746381165 0.0)
(5.260791220647262 -0.01649558784072344 0.0)
(4.3468090622841675 -0.012004843782097907 0.0)
(3.3776539709839493 -0.0076932586869918424 0.0)
(2.3443790360539754 -0.0036184533276218556 0.0)
(1.2234085046331946 -0.0009587214376891145 0.0)
(-0.01513412679584491 -7.134264547156752e-05 0.0)
(0.01515366617106731 -7.137368706711381e-05 0.0)
(1.3544322065194532 -0.0009589648525628979 0.0)
(2.633422781958691 -0.0036182390369203753 0.0)
(3.8219949505246817 -0.007689367694043312 0.0)
(4.8965283731582625 -0.011992862651932792 0.0)
(5.849217365055165 -0.01647541974250545 0.0)
(6.666322144637035 -0.022248998134419405 0.0)
(7.362660781893405 -0.02919948686338699 0.0)
(7.985296963535756 -0.03581670348500116 0.0)
(8.534677122972509 -0.041529885407826206 0.0)
(8.996723116132546 -0.04643414401987374 0.0)
(9.37231370694993 -0.050504683320517975 0.0)
(9.660907539139725 -0.05370219684707802 0.0)
(9.862057703730226 -0.05600052687593625 0.0)
(9.975233154381543 -0.057384994395317156 0.0)
(9.999999999999998 -0.05784706623771835 0.0)
(9.93587795672959 -0.05738499439531557 0.0)
(9.782386740714207 -0.056000526875933244 0.0)
(9.539092460860285 -0.053702196847073766 0.0)
(9.205464070827864 -0.05050468332051277 0.0)
(8.781054661645232 -0.046434144019868166 0.0)
(8.265322877027517 -0.041529885407819316 0.0)
(7.659147480908693 -0.0358167034849939 0.0)
(6.948450329217676 -0.02919948686338057 0.0)
(6.133677855362938 -0.0222489981344128 0.0)
(5.261893746055929 -0.016475419742498755 0.0)
(4.347916071286148 -0.011992862651929065 0.0)
(3.3780050494753096 -0.007689367694042108 0.0)
(2.3443549958190752 -0.003618239036920298 0.0)
(1.2233455712583088 -0.0009589648525627877 0.0)
(-0.015153666171074628 -7.137368706710262e-05 0.0)
(0.0151811696514089 -7.138273804882044e-05 0.0)
(1.3545251771446651 -0.0009588875244748153 0.0)
(2.6335132556763154 -0.003616670326249345 0.0)
(3.821741915478139 -0.007682194140194936 0.0)
(4.895441025308035 -0.011974945530471837 0.0)
(5.847841930243415 -0.016445975307432414 0.0)
(6.666538715485773 -0.02221616802704452 0.0)
(7.36394497420996 -0.029172865429524922 0.0)
(7.985672175830081 -0.03579582450365427 0.0)
(8.534742519239588 -0.04151160660312403 0.0)
(8.996809514693801 -0.04641806636319758 0.0)
(9.372361237066526 -0.05049048887690511 0.0)
(9.660937558212416 -0.053689479453993265 0.0)
(9.862074335065913 -0.05598886759027619 0.0)
(9.97524083834573 -0.05737397675565544 0.0)
(9.999999999999998 -0.05783625923588334 0.0)
(9.935870272765401 -0.05737397675565384 0.0)
(9.78237010937852 -0.055988867590273154 0.0)
(9.539062441787594 -0.05368947945398897 0.0)
(9.205416540711267 -0.05049048887689984 0.0)
(8.78096826308398 -0.046418066363191936 0.0)
(8.265257480760438 -0.041511606603117056 0.0)
(7.658772268614367 -0.03579582450364689 0.0)
(6.947166136901118 -0.029172865429518382 0.0)
(6.133461284514201 -0.022216168027037776 0.0)
(5.263269180867683 -0.0164459753074256 0.0)
(4.3490034191363796 -0.011974945530468037 0.0)
(3.3782580845218524 -0.007682194140193701 0.0)
(2.3442645221014504 -0.003616670326249259 0.0)
(1.2232526006330964 -0.0009588875244747039 0.0)
(-0.015181169651416323 -7.138273804880916e-05 0.0)
(0.015215428784252444 -7.136940073312072e-05 0.0)
(1.3546441000610165 -0.0009584928510796993 0.0)
(2.633666187627029 -0.003613816121885845 0.0)
(3.821598041773444 -0.007672053218280346 0.0)
(4.894421114684849 -0.01195187966325726 0.0)
(5.846254020117918 -0.016408548270120962 0.0)
(6.6663370761922165 -0.02217217191912007 0.0)
(7.365096080968084 -0.02913339259924954 0.0)
(7.98610006012762 -0.0357624164938189 0.0)
(8.534807226259737 -0.041481551356290156 0.0)
(8.996892303624973 -0.046390935975331754 0.0)
(9.372407337823603 -0.050465964410646345 0.0)
(9.660966700260884 -0.05366706088754796 0.0)
(9.862090413391883 -0.05596799074083594 0.0)
(9.975248318410475 -0.057354043602071574 0.0)
(9.999999999999998 -0.0578166397998901 0.0)
(9.935862792700656 -0.05735404360206994 0.0)
(9.78235403105255 -0.05596799074083288 0.0)
(9.539033299739126 -0.053667060887543624 0.0)
(9.20537043995419 -0.050465964410641016 0.0)
(8.780885474152807 -0.04639093597532603 0.0)
(8.265192773740289 -0.041481551356283085 0.0)
(7.658344384316827 -0.035762416493811414 0.0)
(6.946015030142991 -0.02913339259924286 0.0)
(6.13366292380776 -0.02217217191911318 0.0)
(5.264857090993185 -0.016408548270114023 0.0)
(4.350023329759567 -0.01195187966325338 0.0)
(3.378401958226547 -0.007672053218279074 0.0)
(2.344111590150736 -0.003613816121885747 0.0)
(1.2231336777167445 -0.0009584928510795854 0.0)
(-0.015215428784259978 -7.136940073310933e-05 0.0)
(0.0152549382859761 -7.133426113726655e-05 0.0)
(1.3547837500131263 -0.0009577981736044961 0.0)
(2.6338748582606986 -0.0036098018323479876 0.0)
(3.821569650957972 -0.007659390501856178 0.0)
(4.893513454295613 -0.011924678522296655 0.0)
(5.84452340454459 -0.01636478310611974 0.0)
(6.665726086418036 -0.022118942919139656 0.0)
(7.366063524642717 -0.029082802736509636 0.0)
(7.986561815975131 -0.03571794734232902 0.0)
(8.534868400924871 -0.04144104023988594 0.0)
(8.996967845331884 -0.04635394491588546 0.0)
(9.372449983638234 -0.05043218748192289 0.0)
(9.660993684836836 -0.05363592617853811 0.0)
(9.86210523225591 -0.05593881361818681 0.0)
(9.975255265915418 -0.057326070760867355 0.0)
(9.999999999999998 -0.05778906997186345 0.0)
(9.935855845195714 -0.05732607076086571 0.0)
(9.782339212188523 -0.05593881361818372 0.0)
(9.539006315163174 -0.053635926178533716 0.0)
(9.205327794139558 -0.050432187481917475 0.0)
(8.780809932445894 -0.04635394491587964 0.0)
(8.265131599075154 -0.04144104023987876 0.0)
(7.657882628469315 -0.03571794734232139 0.0)
(6.945047586468356 -0.029082802736502798 0.0)
(6.134273913581945 -0.0221189429191326 0.0)
(5.266587706566517 -0.016364783106112668 0.0)
(4.350930990148805 -0.011924678522292691 0.0)
(3.378430349042019 -0.007659390501854864 0.0)
(2.3439029195170655 -0.0036098018323478757 0.0)
(1.2229940277646343 -0.0009577981736043794 0.0)
(-0.015254938285983755 -7.133426113725503e-05 0.0)
(0.015297962181354721 -7.127886323081373e-05 0.0)
(1.3549379910375812 -0.0009568340149065899 0.0)
(2.634130098971433 -0.0036048038381741327 0.0)
(3.8216579904722145 -0.007644762367516323 0.0)
(4.892757925077314 -0.011894537275960754 0.0)
(5.842726123605652 -0.016316602776668854 0.0)
(6.664732591936133 -0.022058819811982718 0.0)
(7.366804797528683 -0.029023318667322467 0.0)
(7.987037154665434 -0.03566437094234707 0.0)
(8.534923355332118 -0.0413918532382532 0.0)
(8.997032820650134 -0.04630871850433753 0.0)
(9.372487300731343 -0.05039064218718966 0.0)
(9.66101732628737 -0.053597443329118276 0.0)
(9.862118140544217 -0.05590261821171996 0.0)
(9.9752613755999 -0.05729128730751044 0.0)
(9.999999999999998 -0.057754761119609296 0.0)
(9.935849735511233 -0.05729128730750878 0.0)
(9.782326303900216 -0.05590261821171683 0.0)
(9.538982673712642 -0.053597443329113814 0.0)
(9.20529047704645 -0.05039064218718418 0.0)
(8.780744957127645 -0.04630871850433161 0.0)
(8.265076644667907 -0.041391853238245895 0.0)
(7.657407289779011 -0.03566437094233929 0.0)
(6.9443063135823895 -0.029023318667315463 0.0)
(6.135267408063852 -0.022058819811975487 0.0)
(5.268384987505461 -0.016316602776661644 0.0)
(4.351686519367105 -0.011894537275956704 0.0)
(3.3783420095277754 -0.007644762367514965 0.0)
(2.3436476788063305 -0.003604803838174005 0.0)
(1.2228397867401792 -0.00095683401490647 0.0)
(-0.015297962181362501 -7.127886323080199e-05 0.0)
(0.015342610079135368 -7.120564109642416e-05 0.0)
(1.3551000460659424 -0.0009556427383552881 0.0)
(2.634420694949352 -0.003599041742084706 0.0)
(3.821859178839529 -0.007628811548722259 0.0)
(4.892187723601602 -0.011862780275471704 0.0)
(5.840941146537526 -0.016266124237300957 0.0)
(6.663400245076497 -0.02199444429698561 0.0)
(7.367287329451494 -0.028957554012865087 0.0)
(7.987505190686084 -0.03560404134287299 0.0)
(8.534969674885362 -0.04133615153825859 0.0)
(8.997084374683105 -0.046257243906472 0.0)
(9.37251764945813 -0.0503431539506923 0.0)
(9.661036585850399 -0.05355330320528957 0.0)
(9.862128571090231 -0.05586099488137791 0.0)
(9.975266379015562 -0.05725122156330679 0.0)
(9.999999999999998 -0.057715220711329424 0.0)
(9.935844732095571 -0.0572512215633051 0.0)
(9.7823158733542 -0.05586099488137474 0.0)
(9.538963414149611 -0.05355330320528505 0.0)
(9.205260128319663 -0.05034315395068673 0.0)
(8.780693403094673 -0.04625724390646597 0.0)
(8.265030325114664 -0.04133615153825116 0.0)
(7.65693925375836 -0.03560404134286507 0.0)
(6.943823781659579 -0.02895755401285791 0.0)
(6.136599754923492 -0.021994444296978215 0.0)
(5.27016996457359 -0.016266124237293615 0.0)
(4.352256720842818 -0.011862780275467567 0.0)
(3.37814082116046 -0.007628811548720859 0.0)
(2.3433570828284105 -0.003599041742084562 0.0)
(1.2226777317118174 -0.0009556427383551645 0.0)
(-0.015342610079143263 -7.120564109641216e-05 0.0)
(0.01538692023237058 -7.11178119807268e-05 0.0)
(1.355262794696735 -0.0009542766864628762 0.0)
(2.634733877938816 -0.003592768720040421 0.0)
(3.822164376211119 -0.0076122388952706 0.0)
(4.891827903478164 -0.011830802865333202 0.0)
(5.839246901967065 -0.01621556542268799 0.0)
(6.661787586722681 -0.021928644916505632 0.0)
(7.367489918841228 -0.028888398351741326 0.0)
(7.987945359390581 -0.03553960931613782 0.0)
(8.53500532438817 -0.041276382570696504 0.0)
(8.997120242240907 -0.04620178282194898 0.0)
(9.372539696351058 -0.05029180931866522 0.0)
(9.66105061729596 -0.05350544524334095 0.0)
(9.862136065594845 -0.05581577248014817 0.0)
(9.975270056321474 -0.05720763394375852 0.0)
(9.999999999999998 -0.05767218608022649 0.0)
(9.935841054789659 -0.0572076339437568 0.0)
(9.782308378849589 -0.05581577248014496 0.0)
(9.538949382704052 -0.053505445243336364 0.0)
(9.205238081426735 -0.05029180931865956 0.0)
(8.780657535536871 -0.04620178282194284 0.0)
(8.264994675611856 -0.04127638257068895 0.0)
(7.656499085053861 -0.03553960931612975 0.0)
(6.943621192269846 -0.028888398351733968 0.0)
(6.138212413277314 -0.021928644916498076 0.0)
(5.271864209144056 -0.01621556542268053 0.0)
(4.352616540966255 -0.011830802865328985 0.0)
(3.377835623788869 -0.007612238895269157 0.0)
(2.343043899838946 -0.0035927687200402597 0.0)
(1.2225149830810245 -0.0009542766864627487 0.0)
(-0.015386920232378582 -7.111781198071455e-05 0.0)
(0.01542894573399033 -7.10192349343866e-05 0.0)
(1.3554190860528625 -0.0009527958810503855 0.0)
(2.6350558872522205 -0.0035862603971537326 0.0)
(3.82256017277282 -0.007595772579235198 0.0)
(4.891694274544954 -0.011800010074445717 0.0)
(5.837717831901159 -0.01616714779464932 0.0)
(6.659965474132474 -0.021864312774944508 0.0)
(7.367403664290727 -0.02881889025718424 0.0)
(7.988338320571317 -0.035473905887521216 0.0)
(8.53502873746661 -0.04121517247465738 0.0)
(8.997138847368667 -0.04614477210935919 0.0)
(9.37255247270999 -0.05023886428030735 0.0)
(9.661058804108004 -0.05345597223456678 0.0)
(9.862140294763234 -0.055768937997608736 0.0)
(9.975272245943541 -0.057162439609127265 0.0)
(9.999999999999998 -0.05762754808926156 0.0)
(9.935838865167591 -0.05716243960912554 0.0)
(9.782304149681199 -0.05576893799760548 0.0)
(9.538941195892008 -0.05345597223456214 0.0)
(9.205225305067804 -0.0502388642803016 0.0)
(8.780638930409111 -0.04614477210935295 0.0)
(8.264971262533416 -0.041215172474649696 0.0)
(7.656106123873125 -0.035473905887512994 0.0)
(6.943707446820349 -0.028818890257176728 0.0)
(6.140034525867525 -0.021864312774936806 0.0)
(5.273393279209963 -0.016167147794641748 0.0)
(4.352750169899465 -0.01180001007444143 0.0)
(3.377439827227167 -0.007595772579233716 0.0)
(2.3427218905255405 -0.0035862603971535557 0.0)
(1.2223586917248965 -0.0009527958810502541 0.0)
(-0.015428945733998426 -7.101923493437407e-05 0.0)
(0.015466840060336936 -7.091424125247812e-05 0.0)
(1.3555620529780634 -0.0009512653859985836 0.0)
(2.6353725743894336 -0.0035798027372256442 0.0)
(3.823029177947799 -0.007580136100418377 0.0)
(4.8917927082128285 -0.011771754881707022 0.0)
(5.836421120881153 -0.016122998735183414 0.0)
(6.658013967599633 -0.021804274508910114 0.0)
(7.367032355667141 -0.02875208378770721 0.0)
(7.988666808232909 -0.035409817945475576 0.0)
(8.535038885392845 -0.04115521070978047 0.0)
(8.997139372591107 -0.046088716715115705 0.0)
(9.372555417165081 -0.0501866451437439 0.0)
(9.661060786572987 -0.05340705793246429 0.0)
(9.862141072773477 -0.0557225492552411 0.0)
(9.975272851673777 -0.05711762431579604 0.0)
(9.999999999999998 -0.05758326805009471 0.0)
(9.935838259437354 -0.057117624315794285 0.0)
(9.782303371670956 -0.055722549255237806 0.0)
(9.538939213427025 -0.05340705793245959 0.0)
(9.20522236061271 -0.050186645143738086 0.0)
(8.780638405186671 -0.04608871671510938 0.0)
(8.26496111460718 -0.04115521070977266 0.0)
(7.655777636211532 -0.03540981794546723 0.0)
(6.944078755443936 -0.02875208378769956 0.0)
(6.141986032400371 -0.02180427450890228 0.0)
(5.274689990229972 -0.016122998735175746 0.0)
(4.352651736231589 -0.01177175488170268 0.0)
(3.376970822052186 -0.007580136100416861 0.0)
(2.3424052033883265 -0.0035798027372254517 0.0)
(1.2222157247996954 -0.0009512653859984486 0.0)
(-0.015466840060345105 -7.09142412524653e-05 0.0)
(0.015498938204036434 -7.08074441653039e-05 0.0)
(1.355685413767195 -0.0009497524484600855 0.0)
(2.635670024697009 -0.003573679478019439 0.0)
(3.82355078450669 -0.0075660164970932165 0.0)
(4.8921188794865005 -0.011747278768594646 0.0)
(5.835413744016997 -0.016085058073194776 0.0)
(6.656018812751028 -0.021751168089975084 0.0)
(7.366392307592101 -0.02869091429736008 0.0)
(7.9889163892284625 -0.03535016139692881 0.0)
(8.535035322285566 -0.0410991318863175 0.0)
(8.997121794830916 -0.04603607961069113 0.0)
(9.37254840034237 -0.050137446322303277 0.0)
(9.661056477585024 -0.05336085154198166 0.0)
(9.862138365441227 -0.055678644489519105 0.0)
(9.975271846897503 -0.05707515716576655 0.0)
(9.999999999999998 -0.05754129154663891 0.0)
(9.935839264213628 -0.05707515716576478 0.0)
(9.782306079003206 -0.05567864448951578 0.0)
(9.538943522414986 -0.05336085154197691 0.0)
(9.205229377435424 -0.050137446322297406 0.0)
(8.780655982946863 -0.046036079610684726 0.0)
(8.26496467771446 -0.04109913188630961 0.0)
(7.65552805521598 -0.03535016139692035 0.0)
(6.944718803518978 -0.02869091429735231 0.0)
(6.143981187248982 -0.02175116808996716 0.0)
(5.2756973670941285 -0.016085058073187046 0.0)
(4.352325564957915 -0.011747278768590259 0.0)
(3.376449215493294 -0.007566016497091673 0.0)
(2.34210775308075 -0.003573679478019234 0.0)
(1.2220923640105636 -0.0009497524484599469 0.0)
(-0.015498938204044655 -7.080744416529081e-05 0.0)
(0.01552382983137656 -7.070353614149463e-05 0.0)
(1.355783748172865 -0.0009483235441424914 0.0)
(2.635935168752602 -0.0035681596643424513 0.0)
(3.824102074011546 -0.00755403415879874 0.0)
(4.892658456996919 -0.011727657170740965 0.0)
(5.834739963605161 -0.016054992851960714 0.0)
(6.654067673040674 -0.02170732691703199 0.0)
(7.365511642607091 -0.028638069461642275 0.0)
(7.989076097425625 -0.03529755744148547 0.0)
(8.535018204701185 -0.04104940000517816 0.0)
(8.997086886422718 -0.04598917357415702 0.0)
(9.372531730548202 -0.05009342952219289 0.0)
(9.661046066473165 -0.05331938328738451 0.0)
(9.86213229172171 -0.055639152795527086 0.0)
(9.975269275762749 -0.057036904087919636 0.0)
(9.999999999999998 -0.057503462949662146 0.0)
(9.935841835348382 -0.05703690408791785 0.0)
(9.782312152722723 -0.055639152795523734 0.0)
(9.538953933526846 -0.05331938328737973 0.0)
(9.20524604722959 -0.05009342952218696 0.0)
(8.78069089135506 -0.04598917357415055 0.0)
(8.26498179529884 -0.04104940000517019 0.0)
(7.6553683470188165 -0.03529755744147693 0.0)
(6.945599468503992 -0.028638069461634424 0.0)
(6.14593232695934 -0.021707326917023997 0.0)
(5.276371147505966 -0.016054992851952943 0.0)
(4.351785987447494 -0.01172765717073655 0.0)
(3.3758979259884363 -0.007554034158797175 0.0)
(2.341842609025157 -0.003568159664342236 0.0)
(1.2219940296048935 -0.0009483235441423498 0.0)
(-0.015523829831384813 -7.07035361414813e-05 0.0)
(0.015540421249789941 -7.060708270952214e-05 0.0)
(1.355852735561186 -0.0009470414564874101 0.0)
(2.636156356611477 -0.003563485826709436 0.0)
(3.8246588238100805 -0.007544715567558538 0.0)
(4.893387732695405 -0.011713752225258965 0.0)
(5.834429384324292 -0.016034124082299483 0.0)
(6.652246277977936 -0.021674677291014785 0.0)
(7.36442905552042 -0.028595871185958348 0.0)
(7.989138915538391 -0.03525431740071156 0.0)
(8.534988284755045 -0.04100820019423777 0.0)
(8.997036181178105 -0.045950059570946514 0.0)
(9.372506140222841 -0.050056528761083095 0.0)
(9.661030010682616 -0.0532844752079158 0.0)
(9.862123118483051 -0.05560580936605103 0.0)
(9.975265251240474 -0.05700454585251386 0.0)
(9.999999999999998 -0.057471444378510136 0.0)
(9.935845859870659 -0.05700454585251208 0.0)
(9.782321325961382 -0.055605809366047664 0.0)
(9.538969989317394 -0.05328447520791099 0.0)
(9.20527163755495 -0.05005652876107714 0.0)
(8.780741596599674 -0.04595005957094 0.0)
(8.265011715244983 -0.04100820019422976 0.0)
(7.65530552890605 -0.035254317400702964 0.0)
(6.946682055590667 -0.02859587118595044 0.0)
(6.147753722022082 -0.021674677291006757 0.0)
(5.276681726786833 -0.016034124082291705 0.0)
(4.351056711749005 -0.01171375222525454 0.0)
(3.3753411761899006 -0.007544715567556963 0.0)
(2.341621421166282 -0.003563485826709214 0.0)
(1.2219250422165724 -0.0009470414564872663 0.0)
(-0.015540421249798196 -7.060708270950862e-05 0.0)
(0.015547983462704633 -7.052232185673073e-05 0.0)
(1.355889344752524 -0.0009459625180808928 0.0)
(2.6363238696837663 -0.003559863324995442 0.0)
(3.82519657133469 -0.007538470165223825 0.0)
(4.89427466354194 -0.01170617489001475 0.0)
(5.834495652459804 -0.016023368699771667 0.0)
(6.650634656329721 -0.02165465377675986 0.0)
(7.363192113228138 -0.028566173585342282 0.0)
(7.98910208345381 -0.03522234116289324 0.0)
(8.534946877074841 -0.040977342697816166 0.0)
(8.996971906992764 -0.04592045619880364 0.0)
(9.372472753758366 -0.05002836539090905 0.0)
(9.661009015675443 -0.053257661100724864 0.0)
(9.862111248780575 -0.055580079250382025 0.0)
(9.975259950160822 -0.05697950422121525 0.0)
(9.999999999999998 -0.05744664267062295 0.0)
(9.93585116095031 -0.056979504221213464 0.0)
(9.782333195663858 -0.05558007925037866 0.0)
(9.538990984324569 -0.05325766110072004 0.0)
(9.205305024019426 -0.050028365390903086 0.0)
(8.780805870785015 -0.045920456198797095 0.0)
(8.265053122925185 -0.040977342697808124 0.0)
(7.655342360990631 -0.03522234116288461 0.0)
(6.947918997882952 -0.028566173585334354 0.0)
(6.149365343670299 -0.02165465377675184 0.0)
(5.276615458651319 -0.016023368699763903 0.0)
(4.350169780902468 -0.011706174890010334 0.0)
(3.37480342866529 -0.0075384701652222484 0.0)
(2.3414539080939925 -0.0035598633249952156 0.0)
(1.2218884330252344 -0.0009459625180807473 0.0)
(-0.015547983462712864 -7.052232185671705e-05 0.0)
(0.015546184200319838 -7.045297781992645e-05 0.0)
(1.3558919672059864 -0.0009451341355026596 0.0)
(2.6364303477515305 -0.0035574513252986037 0.0)
(3.825691688942925 -0.00753557236334755 0.0)
(4.89528027941772 -0.011705258099256603 0.0)
(5.8349358563110565 -0.016023199276209113 0.0)
(6.649303619802875 -0.021648136170851595 0.0)
(7.361855164711647 -0.028550281518034924 0.0)
(7.9889672195062955 -0.03520303370542136 0.0)
(8.53489580103829 -0.04095818333785388 0.0)
(8.996896887956813 -0.0459016641757425 0.0)
(9.372433038094949 -0.050010176858632786 0.0)
(9.66098400393385 -0.053240119128626646 0.0)
(9.862097204147291 -0.05556309298273067 0.0)
(9.975253605443537 -0.05696287947749067 0.0)
(9.999999999999998 -0.057430147567671744 0.0)
(9.935857505667595 -0.05696287947748889 0.0)
(9.78234724029714 -0.055563092982727304 0.0)
(9.539015996066162 -0.053240119128621824 0.0)
(9.205344739682845 -0.050010176858626805 0.0)
(8.780880889820967 -0.04590166417573597 0.0)
(8.265104198961737 -0.04095818333784585 0.0)
(7.655477224938147 -0.03520303370541275 0.0)
(6.949255946399446 -0.028550281518027017 0.0)
(6.150696380197147 -0.021648136170843615 0.0)
(5.276175254800064 -0.01602319927620139 0.0)
(4.349164165026686 -0.011705258099252215 0.0)
(3.374308311057054 -0.00753557236334598 0.0)
(2.341347430026228 -0.0035574513252983764 0.0)
(1.2218858105717723 -0.0009451341355025132 0.0)
(-0.015546184200328024 -7.045297781991265e-05 0.0)
(0.01553510251893309 -7.040209744922514e-05 0.0)
(1.3558604876957654 -0.0009445927063677153 0.0)
(2.6364711123632683 -0.0035563558064729706 0.0)
(3.826122422072871 -0.007536149486042772 0.0)
(4.896360395400885 -0.011711042135093223 0.0)
(5.835730654126157 -0.01603362325577322 0.0)
(6.648311651707324 -0.021655410844969976 0.0)
(7.360476953042884 -0.028548893252400037 0.0)
(7.9887402493709745 -0.03519724336265528 0.0)
(8.534837300832995 -0.04095156394157663 0.0)
(8.996814420269446 -0.045894509188877386 0.0)
(9.372388738266178 -0.05000276233508751 0.0)
(9.660956074428004 -0.05323262005378302 0.0)
(9.862081601678696 -0.05555559690862205 0.0)
(9.975246495863887 -0.0569554020821653 0.0)
(9.999999999999998 -0.057422683834303226 0.0)
(9.935864615247244 -0.056955402082163514 0.0)
(9.782362842765737 -0.0555555969086187 0.0)
(9.539043925572006 -0.05323262005377821 0.0)
(9.205389039511616 -0.05000276233508156 0.0)
(8.780963357508332 -0.045894509188870884 0.0)
(8.26516269916703 -0.04095156394156862 0.0)
(7.6557041950734686 -0.03519724336264671 0.0)
(6.950634158068213 -0.028548893252392186 0.0)
(6.151688348292699 -0.021655410844962072 0.0)
(5.275380456984961 -0.016033623255765565 0.0)
(4.348084049043517 -0.011711042135088877 0.0)
(3.3738775779271073 -0.007536149486041219 0.0)
(2.3413066654144905 -0.003556355806472746 0.0)
(1.2219172900819932 -0.0009445927063675687 0.0)
(-0.015535102518941208 -7.040209744921129e-05 0.0)
(0.015515225327351157 -7.037191633503245e-05 0.0)
(1.3557962893739504 -0.0009443620200817324 0.0)
(2.6364443723965163 -0.0035566249036115462 0.0)
(3.826469845098803 -0.007540176175594084 0.0)
(4.897467553171153 -0.011723272857571538 0.0)
(5.8368451239431485 -0.01605418262787206 0.0)
(6.647702337306432 -0.021676158163242885 0.0)
(7.359118034321208 -0.02856206978628987 0.0)
(7.988431145700362 -0.03520522455166298 0.0)
(8.534773946850958 -0.04095777535314697 0.0)
(8.996728127409979 -0.045899305615241456 0.0)
(9.372341800725488 -0.050006447600873326 0.0)
(9.6609264543293 -0.053235493371823435 0.0)
(9.862065126918711 -0.055557920391838836 0.0)
(9.975238933803798 -0.056957400578310204 0.0)
(9.999999999999998 -0.057424579413307114 0.0)
(9.935872177307333 -0.056957400578308434 0.0)
(9.782379317525722 -0.0555579203918355 0.0)
(9.53907354567071 -0.053235493371818654 0.0)
(9.205435977052304 -0.0500064476008674 0.0)
(8.7810496503678 -0.045899305615234996 0.0)
(8.26522605314907 -0.04095777535313903 0.0)
(7.656013298744082 -0.035205224551654465 0.0)
(6.9519930767898925 -0.028562069786282108 0.0)
(6.152297662693591 -0.021676158163235086 0.0)
(5.274265987167965 -0.016054182627864504 0.0)
(4.346976891273246 -0.011723272857567251 0.0)
(3.3735301549011747 -0.007540176175592556 0.0)
(2.3413334053812425 -0.0035566249036113285 0.0)
(1.2219814884038087 -0.0009443620200815867 0.0)
(-0.015515225327359187 -7.03719163350186e-05 0.0)
(0.015487425993007859 -7.036376058029119e-05 0.0)
(1.355702192997354 -0.0009444522125780886 0.0)
(2.636351302756495 -0.003558246793078361 0.0)
(3.8267186928885533 -0.00754747550662922 0.0)
(4.898553106241586 -0.011741412871121328 0.0)
(5.838230297997139 -0.016083974051307924 0.0)
(6.6475024487602665 -0.02170946652646156 0.0)
(7.357838116949175 -0.028589232166911088 0.0)
(7.9880534899442575 -0.03522662659360063 0.0)
(8.534708522750241 -0.04097654465450397 0.0)
(8.996641800928787 -0.04591584270863511 0.0)
(9.372294287822548 -0.05002107073215361 0.0)
(9.660896445090684 -0.053248612834409785 0.0)
(9.862048503738155 -0.05556996134277917 0.0)
(9.975231251526354 -0.05696878715566093 0.0)
(9.999999999999998 -0.057435751016409825 0.0)
(9.935879859584778 -0.05696878715565917 0.0)
(9.782395940706278 -0.055569961342775843 0.0)
(9.539103554909328 -0.053248612834405046 0.0)
(9.205483489955244 -0.05002107073214774 0.0)
(8.781135976848994 -0.04591584270862872 0.0)
(8.265291477249786 -0.04097654465449611 0.0)
(7.656390954500188 -0.03522662659359223 0.0)
(6.953272994161928 -0.028589232166903438 0.0)
(6.1524975512397555 -0.021709466526453884 0.0)
(5.272880813113969 -0.01608397405130048 0.0)
(4.3458913382028115 -0.011741412871117114 0.0)
(3.3732813071114243 -0.007547475506627723 0.0)
(2.3414264750212648 -0.003558246793078152 0.0)
(1.2220755847804055 -0.0009444522125779444 0.0)
(-0.015487425993015785 -7.036376058027739e-05 0.0)
(0.015452925967796793 -7.037798853394416e-05 0.0)
(1.3555823329886196 -0.0009448593209634965 0.0)
(2.6361959927529197 -0.0035611502120174053 0.0)
(3.8268580315254948 -0.007557726759896245 0.0)
(4.8995693573962305 -0.01176466513673343 0.0)
(5.839825314274302 -0.016121688545436913 0.0)
(6.647720768805859 -0.021753872426082087 0.0)
(7.356693438154572 -0.028629186928951354 0.0)
(7.9876238756056805 -0.03526050912189944 0.0)
(8.534643903146144 -0.041007047156883455 0.0)
(8.996559233853523 -0.04594339385942836 0.0)
(9.372248287187391 -0.050045989215292165 0.0)
(9.660867365263199 -0.0532714019963574 0.0)
(9.862032462529166 -0.05559119070408701 0.0)
(9.975223786576771 -0.056989061508839846 0.0)
(9.999999999999998 -0.0574557077838089 0.0)
(9.93588732453436 -0.056989061508838104 0.0)
(9.782411981915267 -0.05559119070408373 0.0)
(9.539132634736811 -0.053271401996352705 0.0)
(9.205529490590402 -0.050045989215286364 0.0)
(8.781218543924258 -0.04594339385942205 0.0)
(8.265356096853884 -0.04100704715687569 0.0)
(7.656820568838766 -0.035260509121891145 0.0)
(6.954417672956533 -0.02862918692894385 0.0)
(6.152279231194161 -0.021753872426074565 0.0)
(5.271285796836802 -0.016121688545429592 0.0)
(4.344875087048163 -0.011764665136729297 0.0)
(3.3731419684744828 -0.007557726759894786 0.0)
(2.341581785024841 -0.0035611502120172093 0.0)
(1.22219544478914 -0.0009448593209633545 0.0)
(-0.015452925967804605 -7.03779885339305e-05 0.0)
(0.015413241119709719 -7.041397504573714e-05 0.0)
(1.3554419757772533 -0.0009455654576402849 0.0)
(2.635985266423216 -0.0035652075895121534 0.0)
(3.826881738724833 -0.007570479514080744 0.0)
(4.900471654418533 -0.01179200799239567 0.0)
(5.841560090677416 -0.01616566900438371 0.0)
(6.64834770485981 -0.021807424748113445 0.0)
(7.355734293029503 -0.028680178533261803 0.0)
(7.987161179152712 -0.03530538340025228 0.0)
(8.534582927305848 -0.04104794263613365 0.0)
(8.996484054030422 -0.045980748520458775 0.0)
(9.372205820003767 -0.05008010817772698 0.0)
(9.660840492561269 -0.0533028595435819 0.0)
(9.862017708113124 -0.05562067569646453 0.0)
(9.975216866951278 -0.057017332819859136 0.0)
(9.999999999999998 -0.057483572851654716 0.0)
(9.935894244159853 -0.05701733281985741 0.0)
(9.782426736331308 -0.05562067569646129 0.0)
(9.539159507438743 -0.053302859543577275 0.0)
(9.205571957774026 -0.050080108177721246 0.0)
(8.781293723747359 -0.045980748520452565 0.0)
(8.265417072694177 -0.041047942636125996 0.0)
(7.657283265291736 -0.035305383400244125 0.0)
(6.955376818081604 -0.02868017853325446 0.0)
(6.151652295140206 -0.02180742474810609 0.0)
(5.269551020433683 -0.01616566900437652 0.0)
(4.34397279002586 -0.011792007992391619 0.0)
(3.373118261275145 -0.007570479514079325 0.0)
(2.341792511354545 -0.0035652075895119713 0.0)
(1.2223358020005068 -0.0009455654576401457 0.0)
(-0.015413241119717412 -7.041397504572364e-05 0.0)
(0.01537011512837021 -7.047013893417743e-05 0.0)
(1.3552872884023464 -0.0009465395962547162 0.0)
(2.6357283826967994 -0.0035702406518182484 0.0)
(3.8267887728356005 -0.007585173436494354 0.0)
(4.901220352028037 -0.011822240043052584 0.0)
(5.843358404305014 -0.016213983007242173 0.0)
(6.649355710498859 -0.021867770501496776 0.0)
(7.355002824656056 -0.028739966502035537 0.0)
(7.986685730621016 -0.0353592777349635 0.0)
(8.53452827439623 -0.04109743421971243 0.0)
(8.996419564723373 -0.04602626539625909 0.0)
(9.372168752202034 -0.050121928494667504 0.0)
(9.66081700772225 -0.0533416032890082 0.0)
(9.862004888772075 -0.05565712080328794 0.0)
(9.97521079668556 -0.05705235889903353 0.0)
(9.999999999999998 -0.0575181218798438 0.0)
(9.93590031442557 -0.05705235889903182 0.0)
(9.782439555672358 -0.05565712080328473 0.0)
(9.53918299227776 -0.05334160328900363 0.0)
(9.20560902557576 -0.05012192849466187 0.0)
(8.781358213054407 -0.04602626539625299 0.0)
(8.265471725603797 -0.041097434219704916 0.0)
(7.6577587138234335 -0.035359277734955494 0.0)
(6.956108286455051 -0.028739966502028366 0.0)
(6.1506442895011535 -0.021867770501489595 0.0)
(5.26775270680608 -0.016213983007235117 0.0)
(4.343224092416355 -0.01182224004304862 0.0)
(3.3732112271643784 -0.007585173436492979 0.0)
(2.3420493950809624 -0.003570240651818082 0.0)
(1.2224904893754143 -0.0009465395962545805 0.0)
(-0.015370115128377779 -7.047013893416415e-05 0.0)
(0.01532544287094095 -7.05440124607559e-05 0.0)
(1.3551250675441595 -0.0009477389349382088 0.0)
(2.635436628574652 -0.0035760282553856867 0.0)
(3.8265832186088935 -0.007601162903067993 0.0)
(4.901782553821486 -0.011854032947706285 0.0)
(5.845141240546219 -0.016264507725114667 0.0)
(6.650700495799318 -0.021932258204227867 0.0)
(7.354531172416378 -0.02880592386130363 0.0)
(7.9862184203492665 -0.03541982410756279 0.0)
(8.534482345766149 -0.041153347337979665 0.0)
(8.99636859947455 -0.04607794455857743 0.0)
(9.372138712473589 -0.050169612657895525 0.0)
(9.660797942627006 -0.05338593090334195 0.0)
(9.861994567764414 -0.055698924693237825 0.0)
(9.97520584249599 -0.0570926007645225 0.0)
(9.999999999999998 -0.0575578368472832 0.0)
(9.935905268615143 -0.057092600764520815 0.0)
(9.782449876680019 -0.05569892469323467 0.0)
(9.539202057373004 -0.05338593090333743 0.0)
(9.205639065304204 -0.050169612657889974 0.0)
(8.78140917830323 -0.04607794455857143 0.0)
(8.265517654233879 -0.041153347337972275 0.0)
(7.658226024095184 -0.03541982410755494 0.0)
(6.95657993869473 -0.028805923861296625 0.0)
(6.149299504200689 -0.02193225820422085 0.0)
(5.26596987056487 -0.016264507725107742 0.0)
(4.342661890622905 -0.011854032947702405 0.0)
(3.3734167813910862 -0.00760116290306666 0.0)
(2.3423411492031105 -0.0035760282553855367 0.0)
(1.2226527102336016 -0.0009477389349380768 0.0)
(-0.015325442870948404 -7.054401246074287e-05 0.0)
(0.015281187164687793 -7.063234975786247e-05 0.0)
(1.3549624408904268 -0.0009491107769431379 0.0)
(2.6351228231991524 -0.0035823161035018368 0.0)
(3.8262741077213827 -0.007617745365892316 0.0)
(4.902133557680594 -0.011885989784289765 0.0)
(5.846830264838202 -0.016315023194330237 0.0)
(6.652322973355301 -0.021998054384625612 0.0)
(7.354340059847015 -0.028875152565365422 0.0)
(7.985779781095884 -0.035484362221204595 0.0)
(8.534447159435587 -0.04121322527080884 0.0)
(8.996333397603747 -0.04613351531956586 0.0)
(9.37211702070914 -0.05022106551251449 0.0)
(9.660784134960945 -0.053433894712304385 0.0)
(9.861987198576335 -0.05574425057986787 0.0)
(9.975202222060588 -0.05713629026237687 0.0)
(9.999999999999998 -0.05760097275096013 0.0)
(9.935908889050543 -0.05713629026237521 0.0)
(9.782457245868098 -0.05574425057986474 0.0)
(9.539215865039065 -0.05343389471229994 0.0)
(9.205660757068651 -0.050221065512509024 0.0)
(8.781444380174033 -0.04613351531955997 0.0)
(8.265552840564439 -0.041213225270801575 0.0)
(7.658664663348567 -0.0354843622211969 0.0)
(6.956771051264091 -0.02887515256535859 0.0)
(6.147677026644701 -0.021998054384618757 0.0)
(5.264280846272884 -0.016315023194323437 0.0)
(4.342310886763797 -0.011885989784285964 0.0)
(3.3737258922785984 -0.007617745365891027 0.0)
(2.3426549545786113 -0.003582316103501704 0.0)
(1.2228153368873347 -0.0009491107769430098 0.0)
(-0.01528118716469514 -7.06323497578497e-05 0.0)
(0.015239292524379982 -7.073126944627082e-05 0.0)
(1.3548065539587961 -0.0009505948460415212 0.0)
(2.634800754604409 -0.003588827919623769 0.0)
(3.8258750219399627 -0.007634192221887582 0.0)
(4.902257941137936 -0.011916706427866922 0.0)
(5.848351264543553 -0.016363309857586987 0.0)
(6.654151854471237 -0.02206226807889406 0.0)
(7.354437884084637 -0.028944610831614773 0.0)
(7.985389085867195 -0.03555005638924464 0.0)
(8.534424261427539 -0.041274437091375016 0.0)
(8.996315505816767 -0.04619053600165038 0.0)
(9.372104630005136 -0.05027402631422278 0.0)
(9.660776191407653 -0.05348338727387702 0.0)
(9.86198310499648 -0.05579110692664091 0.0)
(9.975200094454667 -0.057181507755988605 0.0)
(9.999999999999998 -0.05764563427818188 0.0)
(9.935911016656464 -0.05718150775598696 0.0)
(9.782461339447952 -0.05579110692663782 0.0)
(9.539223808592359 -0.05348338727387264 0.0)
(9.205673147772655 -0.050274026314217395 0.0)
(8.781462271961013 -0.0461905360016446 0.0)
(8.265575738572487 -0.041274437091367876 0.0)
(7.659055358577256 -0.035550056389237084 0.0)
(6.956673227026467 -0.0289446108316081 0.0)
(6.14584814552876 -0.02206226807888735 0.0)
(5.26275984656753 -0.016363309857580298 0.0)
(4.342186503306456 -0.01191670642786319 0.0)
(3.3741249780600198 -0.007634192221886331 0.0)
(2.3429770231733555 -0.0035888279196236517 0.0)
(1.2229712238189656 -0.0009505948460413967 0.0)
(-0.015239292524387235 -7.073126944625833e-05 0.0)
(0.015201599723868559 -7.083642517584071e-05 0.0)
(1.3546642561358566 -0.0009521259349522031 0.0)
(2.634484573895267 -0.003595277586464116 0.0)
(3.8254034963637626 -0.007649780826290032 0.0)
(4.90215023901195 -0.01194483324531349 0.0)
(5.849637409717812 -0.01640724608723937 0.0)
(6.656106781456735 -0.02212207785478268 0.0)
(7.354820346911206 -0.029011246790902993 0.0)
(7.985063501096791 -0.03561402013012332 0.0)
(8.534414657838589 -0.041334293264266395 0.0)
(8.996315710245996 -0.0462465012203766 0.0)
(9.372102084786443 -0.050326168062282385 0.0)
(9.660774460992325 -0.053532233975448436 0.0)
(9.86198246688926 -0.05583743495140099 0.0)
(9.975199553161339 -0.057226266471411456 0.0)
(9.999999999999998 -0.05768985908314832 0.0)
(9.935911557949792 -0.057226266471409826 0.0)
(9.782461977555172 -0.055837434951397945 0.0)
(9.539225539007685 -0.0535322339754441 0.0)
(9.20567569299135 -0.05032616806227707 0.0)
(8.781462067531784 -0.046246501220370904 0.0)
(8.265585342161438 -0.041334293264259366 0.0)
(7.659380943347661 -0.035614020130115887 0.0)
(6.956290764199897 -0.02901124679089646 0.0)
(6.143893218543257 -0.022122077854776094 0.0)
(5.261473701393269 -0.01640724608723277 0.0)
(4.342294205432444 -0.011944833245309818 0.0)
(3.374596503636221 -0.007649780826288816 0.0)
(2.343293203882498 -0.0035952775864640137 0.0)
(1.2231135216419056 -0.0009521259349520825 0.0)
(-0.015201599723875739 -7.083642517582849e-05 0.0)
(0.015169764915850967 -7.094319659619183e-05 0.0)
(1.3545417997276212 -0.0009536367704294962 0.0)
(2.63418817347365 -0.0036013817174612448 0.0)
(3.8248802489639693 -0.0076638262443407676 0.0)
(4.901815183537014 -0.011969134395727426 0.0)
(5.850632189494956 -0.016444901405735526 0.0)
(6.65810185839649 -0.02217485578015782 0.0)
(7.355470643609817 -0.029072132581086 0.0)
(7.984817332383843 -0.03567344299408479 0.0)
(8.534418770632863 -0.041390163818749895 0.0)
(8.99633400190919 -0.04629895196641917 0.0)
(9.372109496885312 -0.050375199743674194 0.0)
(9.66077901974625 -0.053578288582314094 0.0)
(9.861985312291939 -0.055881199085494895 0.0)
(9.97520062196404 -0.05726859979257352 0.0)
(9.999999999999998 -0.05773170400883622 0.0)
(9.935910489147092 -0.057268599792571914 0.0)
(9.782459132152495 -0.05588119908549188 0.0)
(9.539220980253761 -0.05357828858230981 0.0)
(9.205668280892482 -0.05037519974366895 0.0)
(8.781443775868588 -0.046298951966413544 0.0)
(8.265581229367164 -0.04139016381874295 0.0)
(7.659627112060609 -0.03567344299407747 0.0)
(6.955640467501283 -0.029072132581079584 0.0)
(6.141898141603496 -0.022174855780151333 0.0)
(5.260478921616125 -0.01644490140572899 0.0)
(4.3426292609073815 -0.011969134395723795 0.0)
(3.3751197510360162 -0.0076638262443395775 0.0)
(2.343589604304116 -0.0036013817174611554 0.0)
(1.2232359780501412 -0.0009536367704293791 0.0)
(-0.015169764915858095 -7.094319659617988e-05 0.0)
(0.015145186863551367 -7.104689236644674e-05 0.0)
(1.3544445652446404 -0.0009550609691265241 0.0)
(2.6339245766318347 -0.003606872108266334 0.0)
(3.824328270274075 -0.007675711346066005 0.0)
(4.901267496437732 -0.011988542131017237 0.0)
(5.851291895071476 -0.016474621307269184 0.0)
(6.660049425259659 -0.02221828288953298 0.0)
(7.35636020133322 -0.029124592991930563 0.0)
(7.984661395931245 -0.03572571404919763 0.0)
(8.534436419101706 -0.041439593904873784 0.0)
(8.996369577104133 -0.04634558364995289 0.0)
(9.372126540627677 -0.050418966996018784 0.0)
(9.660789667366119 -0.053619527539302846 0.0)
(9.861991516182728 -0.05592047641293474 0.0)
(9.975203253901535 -0.057306647670789544 0.0)
(9.999999999999998 -0.05776933046576395 0.0)
(9.935907857209596 -0.05730664767078794 0.0)
(9.782452928261705 -0.05592047641293175 0.0)
(9.539210332633893 -0.05361952753929859 0.0)
(9.205651237150116 -0.05041896699601358 0.0)
(8.781408200673647 -0.046345583649947335 0.0)
(8.26556358089832 -0.04143959390486692 0.0)
(7.659783048513208 -0.035725714049190394 0.0)
(6.954750909777877 -0.029124592991924225 0.0)
(6.139950574740323 -0.022218282889526556 0.0)
(5.259819216039604 -0.01647462130726269 0.0)
(4.343176948006666 -0.011988542131013634 0.0)
(3.375671729725912 -0.007675711346064836 0.0)
(2.3438532011459317 -0.003606872108266254 0.0)
(1.223333212533122 -0.0009550609691264099 0.0)
(-0.015145186863558464 -7.104689236643503e-05 0.0)
(0.015128945481623524 -7.114295628416648e-05 0.0)
(1.354376824992211 -0.0009563359543580369 0.0)
(2.6337053653328133 -0.0036115075211517935 0.0)
(3.8237718132278973 -0.007684913921839118 0.0)
(4.9005312420832805 -0.012002203710799738 0.0)
(5.851587540191237 -0.016495099953737984 0.0)
(6.661863909521248 -0.022250451075169875 0.0)
(7.357449934542446 -0.029166323008957773 0.0)
(7.984602543301446 -0.03576853660092739 0.0)
(8.534466827803685 -0.04148041165508359 0.0)
(8.996420872721838 -0.04638434736011354 0.0)
(9.372152467142683 -0.05045554676631806 0.0)
(9.660805936014993 -0.053654138882089135 0.0)
(9.862000805974017 -0.055953541159808676 0.0)
(9.975207333331308 -0.05733873835189734 0.0)
(9.999999999999998 -0.0578010852162498 0.0)
(9.935903777779824 -0.05733873835189575 0.0)
(9.782443638470417 -0.0559535411598057 0.0)
(9.539194063985017 -0.05365413888208491 0.0)
(9.205625310635108 -0.050455546766312885 0.0)
(8.78135690505594 -0.046384347360108026 0.0)
(8.265533172196342 -0.041480411655076786 0.0)
(7.659841901143006 -0.035768536600920206 0.0)
(6.953661176568647 -0.02916632300895149 0.0)
(6.13813609047873 -0.022250451075163484 0.0)
(5.2595235709198445 -0.016495099953731503 0.0)
(4.3439132023611196 -0.012002203710796142 0.0)
(3.376228186772091 -0.007684913921837959 0.0)
(2.344072412444953 -0.0036115075211517206 0.0)
(1.2234009527855516 -0.0009563359543579248 0.0)
(-0.01512894548163062 -7.114295628415496e-05 0.0)
(0.015121754386676577 -7.122716747655042e-05 0.0)
(1.354341555353097 -0.0009574057056054814 0.0)
(2.6335401713200297 -0.0036150842845556848 0.0)
(3.8232353275300364 -0.007691029627316271 0.0)
(4.8996387701430555 -0.01200951887025244 0.0)
(5.851506134748544 -0.016505437550880707 0.0)
(6.6634655860623075 -0.022269946925841645 0.0)
(7.358691962353895 -0.029195489091562367 0.0)
(7.984643360371333 -0.0358000291046927 0.0)
(8.534508660636064 -0.04151082361210906 0.0)
(8.99648563492671 -0.04641353989039289 0.0)
(9.372186137266691 -0.05048333180638586 0.0)
(9.660827110878206 -0.053680601851590605 0.0)
(9.862012773489369 -0.0559789405216293 0.0)
(9.975212681010674 -0.05736346183007728 0.0)
(9.999999999999998 -0.05782557301465106 0.0)
(9.935898430100456 -0.05736346183007569 0.0)
(9.782431670955065 -0.05597894052162634 0.0)
(9.539172889121806 -0.05368060185158639 0.0)
(9.205591640511102 -0.0504833318063807 0.0)
(8.78129214285107 -0.046413539890387386 0.0)
(8.265491339363962 -0.04151082361210227 0.0)
(7.659801084073119 -0.035800029104685535 0.0)
(6.952419148757196 -0.029195489091556098 0.0)
(6.136534413937667 -0.022269946925835248 0.0)
(5.259604976362539 -0.016505437550874205 0.0)
(4.344805674301348 -0.012009518870248837 0.0)
(3.376764672469953 -0.007691029627315114 0.0)
(2.344237606457737 -0.0036150842845556162 0.0)
(1.2234362224246653 -0.0009574057056053713 0.0)
(-0.015121754386683698 -7.12271674765391e-05 0.0)
)
