(
(-0.015617501557464926 6.43686088205867e-05 0.0)
(1.223079121128699 0.0008570743579045006 0.0)
(2.34686813320879 0.0031837526645231433 0.0)
(3.3847538867277924 0.006609094642039494 0.0)
(4.358508906486049 0.00998911620689973 0.0)
(5.277103555534834 0.013304561250198204 0.0)
(6.151414657073378 0.01771036805521508 0.0)
(6.96029351197226 0.023277912983587952 0.0)
(7.665382636065069 0.028673544365319985 0.0)
(8.27081699879134 0.03332711996903384 0.0)
(8.78554596661517 0.03731738215914482 0.0)
(9.208893777794295 0.04063024671341382 0.0)
(9.541588399510376 0.043233118842193254 0.0)
(9.784014375352749 0.045104315213481856 0.0)
(9.936680431497052 0.04623163382494651 0.0)
(10.000000000000004 0.04660788600006654 0.0)
(9.97443067961404 0.046231633824944954 0.0)
(9.860430069091706 0.0451043152134789 0.0)
(9.658411600489616 0.04323311884218916 0.0)
(9.368883999983469 0.04063024671340871 0.0)
(8.99223181116261 0.037317382159139295 0.0)
(8.529183001208638 0.03332711996902698 0.0)
(7.979061808379374 0.028673544365312668 0.0)
(7.350817599138871 0.023277912983581506 0.0)
(6.648585342926634 0.017710368055208592 0.0)
(5.834007555576293 0.013304561250191685 0.0)
(4.885935537958429 0.009989116206896072 0.0)
(3.8152461132722166 0.00660909464203827 0.0)
(2.630909644568998 0.0031837526645230093 0.0)
(1.354698656649093 0.0008570743579043775 0.0)
(0.015617501557471162 6.436860882057439e-05 0.0)
(-0.015613645569308516 6.441623878471764e-05 0.0)
(1.2230983466017442 0.0008576779735938895 0.0)
(2.346960758389676 0.0031857610912330117 0.0)
(3.385058783760282 0.006612495174492382 0.0)
(4.359021098584514 0.009993113903796008 0.0)
(5.2771598115854905 0.013310179872599729 0.0)
(6.150508414690138 0.01772113394188552 0.0)
(6.959582420369089 0.023294186996013058 0.0)
(7.6653567787568395 0.028691175248599182 0.0)
(8.270792882988157 0.033344159992194866 0.0)
(8.7855087433975 0.03733374990113658 0.0)
(9.208874405784783 0.04064583358045731 0.0)
(9.541576215658575 0.043247970043960034 0.0)
(9.784007491838622 0.04511857359864228 0.0)
(9.936677353716476 0.04624551526718006 0.0)
(10.000000000000004 0.04662163590485468 0.0)
(9.974433757394616 0.0462455152671785 0.0)
(9.860436952605834 0.045118573598639335 0.0)
(9.658423784341418 0.04324797004395594 0.0)
(9.36890337199298 0.0406458335804522 0.0)
(8.992269034380278 0.03733374990113106 0.0)
(8.52920711701182 0.03334415999218803 0.0)
(7.9790876656876035 0.02869117524859188 0.0)
(7.351528690742045 0.023294186996006626 0.0)
(6.6494915853098755 0.017721133941879033 0.0)
(5.833951299525635 0.013310179872593196 0.0)
(4.885423345859963 0.009993113903792344 0.0)
(3.814941216239726 0.00661249517449116 0.0)
(2.630817019388112 0.0031857610912328803 0.0)
(1.354679431176048 0.0008576779735937674 0.0)
(0.015613645569314763 6.441623878470544e-05 0.0)
(-0.015615130106256831 6.445491724539306e-05 0.0)
(1.2230981635360165 0.0008581367548738886 0.0)
(2.3470183084781615 0.0031870732266899627 0.0)
(3.3853382717308667 0.006613978305012647 0.0)
(4.359598870381544 0.009993307143880432 0.0)
(5.277428592725437 0.013309754656294104 0.0)
(6.149765238459302 0.017724175262279387 0.0)
(6.95881712998869 0.023302545093500333 0.0)
(7.665275247499359 0.02870153178983252 0.0)
(8.2707633581395 0.033354480129741376 0.0)
(8.785465548401925 0.037343904815295106 0.0)
(9.208851506444914 0.040655686486253326 0.0)
(9.54156179281935 0.04325748985375789 0.0)
(9.783999397071625 0.045127803391341086 0.0)
(9.936673693863627 0.046254555559704646 0.0)
(10.000000000000004 0.04663060790040179 0.0)
(9.974437417247467 0.04625455555970309 0.0)
(9.86044504737283 0.04512780339133813 0.0)
(9.658438207180643 0.04325748985375379 0.0)
(9.36892627133285 0.04065568648624821 0.0)
(8.992312229375854 0.03734390481528958 0.0)
(8.529236641860477 0.03335448012973453 0.0)
(7.979169196945085 0.02870153178982521 0.0)
(7.352293981122446 0.02330254509349388 0.0)
(6.6502347615407125 0.017724175262272865 0.0)
(5.833682518385687 0.013309754656287547 0.0)
(4.884845574062932 0.009993307143876754 0.0)
(3.814661728269141 0.006613978305011419 0.0)
(2.6307594692996266 0.0031870732266898313 0.0)
(1.3546796142417756 0.0008581367548737667 0.0)
(0.015615130106263109 6.445491724538092e-05 0.0)
(-0.01562188994047225 6.448294474181116e-05 0.0)
(1.2230785799750894 0.0008584305437343709 0.0)
(2.3470382548286444 0.0031876314180625015 0.0)
(3.385580070449427 0.006613478867558536 0.0)
(4.360216835641382 0.009989687436537217 0.0)
(5.277898089203106 0.013303304284507893 0.0)
(6.149217782184849 0.017719358386342497 0.0)
(6.958031266290318 0.023302620036536874 0.0)
(7.665141624626924 0.02870415894154496 0.0)
(8.270729721513206 0.03335762693370971 0.0)
(8.785418279537527 0.037347400713270154 0.0)
(9.208826085929784 0.040659372512146574 0.0)
(9.541545764705873 0.043261259988560306 0.0)
(9.783990446721011 0.045131599051372505 0.0)
(9.936669612745742 0.0462583574886055 0.0)
(10.000000000000004 0.04663440777363733 0.0)
(9.974441498365351 0.04625835748860395 0.0)
(9.860453997723445 0.04513159905136955 0.0)
(9.658454235294121 0.04326125998855621 0.0)
(9.368951691847979 0.040659372512141446 0.0)
(8.992359498240251 0.03734740071326462 0.0)
(8.529270278486772 0.033357626933702846 0.0)
(7.97930281981752 0.028704158941537623 0.0)
(7.35307984482082 0.023302620036530393 0.0)
(6.650782217815166 0.01771935838633594 0.0)
(5.8332130219080165 0.013303304284501294 0.0)
(4.884227608803092 0.009989687436533515 0.0)
(3.81441992955058 0.0066134788675573 0.0)
(2.630739522949144 0.0031876314180623692 0.0)
(1.354699197802703 0.0008584305437342492 0.0)
(0.015621889940478566 6.448294474179904e-05 0.0)
(-0.015633628057206108 6.449908979705413e-05 0.0)
(1.2230404563848025 0.0008585464316302789 0.0)
(2.347019721034974 0.0031874111394429023 0.0)
(3.3857735557226287 0.006611018806498092 0.0)
(4.360847842101047 0.009982413825084958 0.0)
(5.278547672202187 0.013291112174776758 0.0)
(6.1488901000939356 0.01770689495879131 0.0)
(6.9572593586871845 0.023294408532262778 0.0)
(7.6649617812840924 0.02869894127149649 0.0)
(8.270693451041096 0.03335346213929043 0.0)
(8.785369013711732 0.037344083991700264 0.0)
(9.208799261170325 0.0406567297009027 0.0)
(9.541528835564126 0.043259114795541335 0.0)
(9.783981034048812 0.04512979380437875 0.0)
(9.936665289679677 0.04625675400408215 0.0)
(10.000000000000004 0.04663286856508302 0.0)
(9.974445821431416 0.04625675400408058 0.0)
(9.860463410395642 0.04512979380437577 0.0)
(9.658471164435868 0.04325911479553723 0.0)
(9.368978516607438 0.04065672970089756 0.0)
(8.992408764066047 0.0373440839916947 0.0)
(8.529306548958882 0.03335346213928352 0.0)
(7.979482663160352 0.028698941271489118 0.0)
(7.353851752423955 0.02329440853225624 0.0)
(6.651109899906079 0.017706894958784684 0.0)
(5.832563438908933 0.013291112174770107 0.0)
(4.883596602343426 0.009982413825081221 0.0)
(3.814226444277378 0.006611018806496842 0.0)
(2.6307580567428146 0.0031874111394427657 0.0)
(1.3547373213929899 0.0008585464316301566 0.0)
(0.015633628057212478 6.449908979704202e-05 0.0)
(-0.015649828705083402 6.450264302693118e-05 0.0)
(1.2229854678459684 0.000858479326659477 0.0)
(2.3469635214381386 0.003186422069470721 0.0)
(3.3859102261615375 0.006606706212413755 0.0)
(4.361464164491093 0.009971805898704167 0.0)
(5.279348800234079 0.013273714026097451 0.0)
(6.14879658993816 0.017687332599831213 0.0)
(6.956535323387204 0.023278271379153316 0.0)
(7.664743619458335 0.028686108034563597 0.0)
(8.270656140381359 0.033342168739931025 0.0)
(8.785319915574794 0.03733410038126346 0.0)
(9.208772210797393 0.04064787417281289 0.0)
(9.541511749229626 0.043251148530557705 0.0)
(9.783971572630625 0.045122466969610094 0.0)
(9.936660914613045 0.04624981556031105 0.0)
(10.000000000000004 0.04662605790474681 0.0)
(9.974450196498049 0.046249815560309465 0.0)
(9.86047287181383 0.045122466969607096 0.0)
(9.658488250770366 0.04325114853055357 0.0)
(9.36900556698037 0.040647874172807706 0.0)
(8.992457862202984 0.037334100381257854 0.0)
(8.529343859618619 0.03334216873992408 0.0)
(7.979700824986111 0.028686108034556162 0.0)
(7.354575787723936 0.02327827137914671 0.0)
(6.651203410061854 0.017687332599824516 0.0)
(5.831762310877039 0.013273714026090734 0.0)
(4.882980279953377 0.009971805898700389 0.0)
(3.814089773838469 0.006606706212412486 0.0)
(2.63081425633965 0.003186422069470578 0.0)
(1.3547923099318244 0.0008584793266593539 0.0)
(0.015649828705089828 6.450264302691901e-05 0.0)
(-0.015669780057274655 6.449344830902195e-05 0.0)
(1.2229160304543842 0.0008582321772916173 0.0)
(2.3468721253456084 0.0031847076660710826 0.0)
(3.3859840767171003 0.006600730572799923 0.0)
(4.362038722733234 0.009958329750273366 0.0)
(5.2802662731986825 0.013251874281293928 0.0)
(6.148941360382694 0.017661530843726597 0.0)
(6.955890973176874 0.02325491761419403 0.0)
(7.664496724781159 0.02866622309969935 0.0)
(8.27061942889613 0.03332424294693867 0.0)
(8.78527314240903 0.03731788854353783 0.0)
(9.208746123354887 0.04063319502358065 0.0)
(9.541495256444653 0.043237711216718926 0.0)
(9.783962478183856 0.04510994047478221 0.0)
(9.936656679778268 0.046237847019817965 0.0)
(10.000000000000004 0.04661427504058414 0.0)
(9.974454431332825 0.0462378470198164 0.0)
(9.860481966260599 0.04510994047477921 0.0)
(9.658504743555339 0.04323771121671476 0.0)
(9.369031654422876 0.04063319502357542 0.0)
(8.992504635368748 0.03731788854353217 0.0)
(8.529380571103848 0.03332424294693167 0.0)
(7.979947719663287 0.028666223099691853 0.0)
(7.355220137934268 0.023254917614187347 0.0)
(6.651058639617318 0.017661530843719818 0.0)
(5.830844837912432 0.013251874281287138 0.0)
(4.882405721711235 0.00995832975026954 0.0)
(3.8140159232829065 0.006600730572798631 0.0)
(2.6309056524321806 0.003184707666070933 0.0)
(1.3548617473234088 0.0008582321772914928 0.0)
(0.015669780057281143 6.44934483090097e-05 0.0)
(-0.015692605487864542 6.447190964241009e-05 0.0)
(1.2228351951620042 0.0008578158428177765 0.0)
(2.3467495485344854 0.003182343256992955 0.0)
(3.385991862531011 0.006593354446329101 0.0)
(4.362546271789434 0.009942577497100685 0.0)
(5.281259779012403 0.013226552538798167 0.0)
(6.1493180504790566 0.017630623372437725 0.0)
(6.95535461962563 0.02322537335909273 0.0)
(7.664231945352999 0.028640160174563237 0.0)
(8.270584929620902 0.03330047238686315 0.0)
(8.785230749341775 0.03729616079701431 0.0)
(9.208722145077305 0.04061333722816851 0.0)
(9.541480081872006 0.04321939326501221 0.0)
(9.783954150301856 0.04509276471116127 0.0)
(9.93665277124624 0.04622137425837637 0.0)
(10.000000000000004 0.04659803769009017 0.0)
(9.974458339864851 0.04622137425837479 0.0)
(9.860490294142599 0.045092764711158244 0.0)
(9.658519918127986 0.04321939326500802 0.0)
(9.369055632700459 0.040613337228163245 0.0)
(8.992547028436004 0.03729616079700861 0.0)
(8.529415070379075 0.03330047238685608 0.0)
(7.980212499091448 0.028640160174555663 0.0)
(7.355756491485512 0.023225373359085956 0.0)
(6.650681949520954 0.01763062337243084 0.0)
(5.829851332098708 0.013226552538791304 0.0)
(4.881898172655036 0.009942577497096813 0.0)
(3.8140081374689965 0.006593354446327787 0.0)
(2.6310282292433045 0.0031823432569927975 0.0)
(1.3549425826157888 0.0008578158428176503 0.0)
(0.0156926054878711 6.447190964239776e-05 0.0)
(-0.01571730208919089 6.443897339670267e-05 0.0)
(1.222746513723692 0.0008572486162130726 0.0)
(2.3466011768056014 0.003179432730045667 0.0)
(3.3859332415088494 0.00658490192650418 0.0)
(4.362964510882697 0.009925241264372602 0.0)
(5.282285664847354 0.013198861389650622 0.0)
(6.149910109153546 0.017595968203709393 0.0)
(6.954949829127283 0.02319093673436888 0.0)
(7.663960915097528 0.028609064416404963 0.0)
(8.27055415839072 0.03327190149462715 0.0)
(8.785194599046845 0.037269871819125375 0.0)
(9.208701329526296 0.04058917330177808 0.0)
(9.541466892254647 0.0431969995327238 0.0)
(9.783946954896528 0.045071694350378604 0.0)
(9.936649360750712 0.04620112105898792 0.0)
(10.000000000000004 0.046578059292740205 0.0)
(9.974461750360382 0.04620112105898633 0.0)
(9.860497489547926 0.04507169435037555 0.0)
(9.658533107745345 0.04319699953271957 0.0)
(9.369076448251468 0.04058917330177277 0.0)
(8.992583178730934 0.0372698718191196 0.0)
(8.529445841609258 0.03327190149462 0.0)
(7.98048352934692 0.028609064416397306 0.0)
(7.3561612819838595 0.023190936734362004 0.0)
(6.650089890846462 0.01759596820370242 0.0)
(5.828825446263756 0.01319886138964368 0.0)
(4.881479933561772 0.009925241264368678 0.0)
(3.8140667584911583 0.006584901926502841 0.0)
(2.631176600972189 0.003179432730045501 0.0)
(1.3550312640541016 0.0008572486162129446 0.0)
(0.015717302089197523 6.443897339669023e-05 0.0)
(-0.01574278473777258 6.439608673028093e-05 0.0)
(1.2226538826396083 0.0008565554203768048 0.0)
(2.3464335293412857 0.003176103968458625 0.0)
(3.385810789351086 0.006575744401582815 0.0)
(4.363275063352412 0.009907082774439444 0.0)
(5.283298855156751 0.0131700175322853 0.0)
(6.150691522431147 0.017559088022255698 0.0)
(6.954694387435787 0.02315312082231282 0.0)
(7.663695542588336 0.02857430211594992 0.0)
(8.27052846723714 0.03323978562296655 0.0)
(8.785166279902068 0.03724017669946511 0.0)
(9.208684591299091 0.0405617649631283 0.0)
(9.541456267120232 0.04317151395948227 0.0)
(9.783941208120817 0.04504765518553986 0.0)
(9.936646598142612 0.04617797731018157 0.0)
(10.000000000000004 0.04655521766276436 0.0)
(9.974464512968481 0.04617797731017996 0.0)
(9.860503236323638 0.04504765518553678 0.0)
(9.65854373287976 0.043171513959478 0.0)
(9.369093186478672 0.040561764963122936 0.0)
(8.99261149787571 0.03724017669945928 0.0)
(8.529471532762837 0.03323978562295934 0.0)
(7.980748901856113 0.028574302115942172 0.0)
(7.3564167236753555 0.023153120822305848 0.0)
(6.649308477568858 0.017559088022248627 0.0)
(5.827812255954356 0.013170017532278285 0.0)
(4.881169381092056 0.009907082774435475 0.0)
(3.814189210648922 0.006575744401581451 0.0)
(2.6313442484365046 0.0031761039684584484 0.0)
(1.3551238951381854 0.0008565554203766747 0.0)
(0.015742784737779274 6.439608673026832e-05 0.0)
(-0.01576793377265012 6.434513400480847e-05 0.0)
(1.2225613719501243 0.0008557667130658528 0.0)
(2.3462539722644182 0.0031725032319261646 0.0)
(3.385629886381513 0.006566284236456834 0.0)
(4.363464284091202 0.009888899878128861 0.0)
(5.284254832211979 0.013141288313026496 0.0)
(6.151627956441999 0.017521603275779327 0.0)
(6.95459951819175 0.023113587184918037 0.0)
(7.66344748780799 0.02853740066508427 0.0)
(8.27050898498245 0.033205535884527806 0.0)
(8.785147036198854 0.03720838018726573 0.0)
(9.208672665842775 0.04053231648447729 0.0)
(9.54144867331773 0.04314405633475132 0.0)
(9.783937162477534 0.04502170345356964 0.0)
(9.936644604805888 0.04615295990593958 0.0)
(10.000000000000004 0.046530516419596206 0.0)
(9.974466506305205 0.04615295990593796 0.0)
(9.860507281966921 0.04502170345356655 0.0)
(9.658551326682264 0.043144056334747015 0.0)
(9.369105111934989 0.040532316484471885 0.0)
(8.992630741578925 0.03720838018725983 0.0)
(8.529491015017527 0.033205535884520514 0.0)
(7.980996956636458 0.028537400665076432 0.0)
(7.356511592919393 0.023113587184910966 0.0)
(6.648372043558004 0.017521603275772166 0.0)
(5.826856278899125 0.013141288313019412 0.0)
(4.880980160353267 0.009888899878124843 0.0)
(3.8143701136184958 0.006566284236455447 0.0)
(2.631523805513373 0.0031725032319259794 0.0)
(1.3552164058276694 0.0008557667130657205 0.0)
(0.015767933772656877 6.434513400479573e-05 0.0)
(-0.01579164419123984 6.428835398982719e-05 0.0)
(1.2224730464056925 0.0008549171486365604 0.0)
(2.3460703949844657 0.0031687887302241616 0.0)
(3.3853984811456606 0.00655693709347499 0.0)
(4.36352385908597 0.009871491498640063 0.0)
(5.285111592130143 0.013113936041209818 0.0)
(6.15267826598882 0.01748516097546405 0.0)
(6.954669389776194 0.02307407285788691 0.0)
(7.663227649829737 0.028499981446049753 0.0)
(8.270496567641283 0.033170657150159794 0.0)
(8.785137713470318 0.03717587936310318 0.0)
(9.208666077140075 0.04050212177810253 0.0)
(9.541444444504927 0.04311583309632932 0.0)
(9.783934995724842 0.04499497942609338 0.0)
(9.93664346832411 0.0461271680652363 0.0)
(10.000000000000004 0.0465050408906709 0.0)
(9.974467642786983 0.04612716806523466 0.0)
(9.860509448719613 0.04499497942609027 0.0)
(9.658555555495065 0.043115833096324975 0.0)
(9.369111700637689 0.04050212177809707 0.0)
(8.99264006430746 0.03717587936309723 0.0)
(8.529503432358696 0.03317065715015243 0.0)
(7.981216794614712 0.02849998144604184 0.0)
(7.356441721334947 0.023074072857879754 0.0)
(6.64732173401118 0.017485160975456798 0.0)
(5.825999518980961 0.013113936041202671 0.0)
(4.880920585358498 0.00987149149863601 0.0)
(3.814601518854349 0.006556937093473579 0.0)
(2.631707382793326 0.0031687887302239677 0.0)
(1.3553047313721016 0.0008549171486364257 0.0)
(0.015791644191246654 6.428835398981429e-05 0.0)
(-0.01581287420112591 6.422824149531926e-05 0.0)
(1.222392786869148 0.0008540440553957165 0.0)
(2.345890863551264 0.0031651236717619136 0.0)
(3.385126741166248 0.006548113668999789 0.0)
(4.363451170720439 0.009855622528320066 0.0)
(5.285831490447835 0.013089162525619326 0.0)
(6.15379630239161 0.017451362329316406 0.0)
(6.9549009321595285 0.02303631402845977 0.0)
(7.663045687932158 0.02846368859087422 0.0)
(8.270491760808888 0.03313668192764177 0.0)
(8.785138721340097 0.0371441022537326 0.0)
(9.20866511468654 0.04047250754416244 0.0)
(9.541443766488126 0.04308808432167958 0.0)
(9.783934803065893 0.044968657307988165 0.0)
(9.936643238632207 0.046101735034367375 0.0)
(10.000000000000004 0.04647991042412324 0.0)
(9.974467872478884 0.04610173503436572 0.0)
(9.860509641378561 0.044968657307985015 0.0)
(9.658556233511867 0.043088084321675206 0.0)
(9.369112663091224 0.04047250754415694 0.0)
(8.992639056437682 0.037144102253726594 0.0)
(8.52950823919109 0.03313668192763435 0.0)
(7.9813987565122915 0.02846368859086623 0.0)
(7.3562101789516126 0.023036314028452534 0.0)
(6.646203697608386 0.017451362329309092 0.0)
(5.825279620663267 0.013089162525612126 0.0)
(4.88099327372403 0.00985562252831598 0.0)
(3.814873258833762 0.0065481136689983606 0.0)
(2.631886914226528 0.003165123671761711 0.0)
(1.3553849909086464 0.0008540440553955799 0.0)
(0.015812874201132757 6.42282414953062e-05 0.0)
(-0.015830690994513123 6.416743775432065e-05 0.0)
(1.2223241197976957 0.0008531857954630449 0.0)
(2.345723266247545 0.0031616690925032162 0.0)
(3.384826606200837 0.006540201648160673 0.0)
(4.363249412788409 0.009841990220693264 0.0)
(5.286382896149994 0.013068056269208194 0.0)
(6.154932941176222 0.017421692388015247 0.0)
(6.955283971793022 0.023001969750523828 0.0)
(7.662909597188143 0.028430116741218175 0.0)
(8.270494775688688 0.0331051030260953 0.0)
(8.785150015524238 0.03711444508720514 0.0)
(9.208669820770613 0.040444774977918665 0.0)
(9.541446669058143 0.04306202924119525 0.0)
(9.783936592965768 0.044943893644968556 0.0)
(9.936643925822423 0.04607777829418078 0.0)
(10.000000000000004 0.04645622920667846 0.0)
(9.97446718528867 0.046077778294179125 0.0)
(9.860507851478687 0.04494389364496539 0.0)
(9.65855333094185 0.043062029241190854 0.0)
(9.36910795700715 0.040444774977913135 0.0)
(8.99262776225354 0.03711444508719909 0.0)
(8.52950522431129 0.03310510302608783 0.0)
(7.981534847256306 0.02843011674121013 0.0)
(7.355827139318118 0.023001969750516528 0.0)
(6.645067058823772 0.017421692388007885 0.0)
(5.824728214961108 0.01306805626920096 0.0)
(4.881195031656061 0.009841990220689156 0.0)
(3.8151733937991743 0.006540201648159229 0.0)
(2.632054511530247 0.0031616690925030068 0.0)
(1.3554536579800984 0.0008531857954629064 0.0)
(0.01583069099452 6.416743775430745e-05 0.0)
(-0.015844311734094955 6.410861437197357e-05 0.0)
(1.222270062296833 0.0008523800792098452 0.0)
(2.3455749669922232 0.0031585767803407228 0.0)
(3.384511263630726 0.006533548670678683 0.0)
(4.3629274501643085 0.00983119355441718 0.0)
(5.286741581478834 0.013051544642270327 0.0)
(6.1560382405138805 0.017397454794501735 0.0)
(6.95580167861593 0.022972549048820498 0.0)
(7.662825357176014 0.02840074098273756 0.0)
(8.270505479812382 0.03307730796468235 0.0)
(8.785171099776948 0.03708821094516178 0.0)
(9.208679988615573 0.040420142597596645 0.0)
(9.54145302468136 0.043038812667446406 0.0)
(9.783940286779542 0.04492177650708381 0.0)
(9.936645499700875 0.046056350460012704 0.0)
(10.000000000000004 0.04643503774770751 0.0)
(9.974465611410219 0.04605635046001104 0.0)
(9.860504157664913 0.044921776507080645 0.0)
(9.658546975318632 0.04303881266744199 0.0)
(9.36909778916219 0.04042014259759109 0.0)
(8.992606678000831 0.0370882109451557 0.0)
(8.529494520187596 0.03307730796467483 0.0)
(7.981619087268435 0.028400740982729464 0.0)
(7.355309432495207 0.02297254904881315 0.0)
(6.6439617594861105 0.017397454794494338 0.0)
(5.824369529632268 0.013051544642263069 0.0)
(4.881516994280163 0.009831193554413059 0.0)
(3.815488736369286 0.0065335486706772266 0.0)
(2.6322028107855693 0.0031585767803405072 0.0)
(1.3555077154809614 0.0008523800792097049 0.0)
(0.015844311734101852 6.410861437196021e-05 0.0)
(-0.015853137949492623 6.405435594008399e-05 0.0)
(1.2222329895542519 0.0008516623083342664 0.0)
(2.345452481783272 0.003155982605813628 0.0)
(3.3841945690315423 0.006528447056213093 0.0)
(4.362499429296825 0.009823706915256046 0.0)
(5.286891786457203 0.013040353135486205 0.0)
(6.157063635573778 0.017379714504293424 0.0)
(6.956431305537573 0.02294934461515897 0.0)
(7.66279666924779 0.02837685203251856 0.0)
(8.270523402860356 0.033054518007551784 0.0)
(8.785201047694738 0.03706655250780988 0.0)
(9.208695171464912 0.040399692704924065 0.0)
(9.541462554103322 0.04301945469421004 0.0)
(9.783945722207793 0.044903277680910424 0.0)
(9.936647891114223 0.046038393031695365 0.0)
(10.000000000000004 0.046417267161148905 0.0)
(9.97446321999687 0.0460383930316937 0.0)
(9.860498722236663 0.044903277680907246 0.0)
(9.658537445896672 0.043019454694205615 0.0)
(9.369082606312851 0.04039969270491849 0.0)
(8.99257673008304 0.03706655250780379 0.0)
(8.529476597139622 0.03305451800754424 0.0)
(7.9816477751966595 0.028376852032510436 0.0)
(7.3546798055735625 0.022949344615151593 0.0)
(6.642936364426212 0.017379714504286006 0.0)
(5.824219324653899 0.013040353135478943 0.0)
(4.881945015147648 0.009823706915251914 0.0)
(3.8158054309684704 0.006528447056211633 0.0)
(2.6323252959945207 0.003155982605813409 0.0)
(1.3555447882235425 0.000851662308334125 0.0)
(0.01585313794949952 6.405435594007052e-05 0.0)
(-0.01585678183294866 6.400704647488613e-05 0.0)
(1.2222145304784386 0.0008510640203754572 0.0)
(2.345361192396692 0.003154000552204744 0.0)
(3.3838904373845984 0.006525120960370386 0.0)
(4.361984156639836 0.009819859252438171 0.0)
(5.286826911353144 0.013034973483189641 0.0)
(6.157964072372888 0.017369250993287122 0.0)
(6.957145187902883 0.022933376009903028 0.0)
(7.662824793898554 0.02835949952733021 0.0)
(8.270547757326671 0.033037734503726865 0.0)
(8.785238543420888 0.03705042140726371 0.0)
(9.208714702212006 0.04038432383077295 0.0)
(9.54147483861866 0.043004805875415754 0.0)
(9.783952660427747 0.044889209971027806 0.0)
(9.93665099498814 0.04602469502577686 0.0)
(10.000000000000004 0.04640369825406566 0.0)
(9.974460116122954 0.04602469502577519 0.0)
(9.860491784016707 0.04488920997102463 0.0)
(9.658525161381332 0.04300480587541131 0.0)
(9.369063075565757 0.040384323830767364 0.0)
(8.99253923435689 0.0370504214072576 0.0)
(8.529452242673306 0.03303773450371931 0.0)
(7.981619650545896 0.028359499527322075 0.0)
(7.35396592320825 0.022933376009895645 0.0)
(6.6420359276270995 0.017369250993279704 0.0)
(5.82428419975796 0.013034973483182393 0.0)
(4.882460287804639 0.00981985925243405 0.0)
(3.816109562615415 0.006525120960368925 0.0)
(2.632416585381101 0.0031540005522045222 0.0)
(1.3555632472993557 0.0008510640203753147 0.0)
(0.015856781832955535 6.400704647487257e-05 0.0)
(-0.015855083278890295 6.396876466773058e-05 0.0)
(1.222215496127415 0.0008506115030117903 0.0)
(2.34530510992112 0.0031527177073235814 0.0)
(3.3836122316780672 0.006523716525716969 0.0)
(4.361404272331223 0.009819819625228685 0.0)
(5.286549806660042 0.01303564205746075 0.0)
(6.158699987365561 0.017366524009013985 0.0)
(6.95791195902674 0.022925344864353873 0.0)
(7.662908495382604 0.02834944590450498 0.0)
(8.270577473120634 0.033027694889661105 0.0)
(8.78528193946179 0.03704052641457024 0.0)
(9.20873772271156 0.040374711255356924 0.0)
(9.541489338468246 0.0429955098533621 0.0)
(9.783960796586717 0.04488019148687205 0.0)
(9.936654674944085 0.04601585830757743 0.0)
(10.000000000000004 0.046394927219411373 0.0)
(9.974456436167008 0.04601585830757576 0.0)
(9.860483647857738 0.04488019148686887 0.0)
(9.658510661531746 0.04299550985335767 0.0)
(9.369040055066204 0.04037471125535135 0.0)
(8.992495838315989 0.03704052641456414 0.0)
(8.529422526879344 0.03302769488965356 0.0)
(7.981535949061844 0.02834944590449685 0.0)
(7.3531991520843905 0.022925344864346504 0.0)
(6.641300012634425 0.017366524009006602 0.0)
(5.824561304451063 0.01303564205745353 0.0)
(4.883040172113253 0.009819819625224581 0.0)
(3.8163877683219467 0.0065237165257155125 0.0)
(2.632472667856673 0.003152717707323359 0.0)
(1.3555622816503792 0.0008506115030116474 0.0)
(0.015855083278897144 6.396876466771697e-05 0.0)
(-0.01584811691867544 6.394119255118919e-05 0.0)
(1.2222358440723313 0.0008503246390283683 0.0)
(2.3452866985179335 0.0031521904370273184 0.0)
(3.3833721757617314 0.0065242954605421715 0.0)
(4.360785255426639 0.009823589774774669 0.0)
(5.286072647851165 0.013042329482369183 0.0)
(6.159239045793338 0.017371653370174114 0.0)
(6.958697928388729 0.02292560405235438 0.0)
(7.66304409600986 0.028347132901837213 0.0)
(8.27061124458462 0.033024840287629614 0.0)
(8.785329329074793 0.03703730229760606 0.0)
(9.208763221484936 0.04037127733765407 0.0)
(9.541505416555214 0.04299197507825154 0.0)
(9.783969773196759 0.04487661848413812 0.0)
(9.936658769291526 0.04601227114632844 0.0)
(10.000000000000004 0.04639133944040264 0.0)
(9.974452341819566 0.04601227114632679 0.0)
(9.860474671247696 0.04487661848413494 0.0)
(9.658494583444778 0.04299197507824711 0.0)
(9.369014556292827 0.040371277337648497 0.0)
(8.992448448702985 0.03703730229759997 0.0)
(8.529388755415358 0.033024840287622086 0.0)
(7.981400348434589 0.028347132901829112 0.0)
(7.352413182722399 0.022925604052347046 0.0)
(6.640760954206647 0.017371653370166773 0.0)
(5.825038463259942 0.013042329482362001 0.0)
(4.883659189017839 0.009823589774770589 0.0)
(3.816627824238283 0.006524295460540726 0.0)
(2.6324910792598595 0.0031521904370270986 0.0)
(1.3555419337054628 0.0008503246390282256 0.0)
(0.015848116918682247 6.394119255117556e-05 0.0)
(-0.015836188841427335 6.392554159362097e-05 0.0)
(1.2222746802617135 0.00085021603270382 0.0)
(2.345306767150505 0.003152441908608161 0.0)
(3.3831808172533844 0.006526832327508907 0.0)
(4.360154304396412 0.00983100404760237 0.0)
(5.285416400411637 0.013054741924698758 0.0)
(6.159557562415083 0.017384413702022025 0.0)
(6.959468561932976 0.022934142185657966 0.0)
(7.663225637736833 0.028352662148432628 0.0)
(8.270647587862285 0.03302929612362329 0.0)
(8.785378630047001 0.037040890718172195 0.0)
(9.208790078162682 0.040374172957726065 0.0)
(9.541522366437839 0.042994356861635726 0.0)
(9.783979195842049 0.044878647954029495 0.0)
(9.936663098132327 0.04601409115533267 0.0)
(10.000000000000004 0.04639309255748542 0.0)
(9.974448012978765 0.04601409115533102 0.0)
(9.860465248602406 0.044878647954026345 0.0)
(9.658477633562155 0.042994356861631326 0.0)
(9.368987699615081 0.04037417295772052 0.0)
(8.992399147730778 0.03704089071816613 0.0)
(8.529352412137692 0.033029296123615805 0.0)
(7.981218806707615 0.02835266214842456 0.0)
(7.351642549178152 0.02293414218565068 0.0)
(6.640442437584904 0.017384413702014746 0.0)
(5.825694710699473 0.013054741924691632 0.0)
(4.884290140048068 0.009831004047598325 0.0)
(3.81681918274663 0.006526832327507475 0.0)
(2.6324710106272877 0.0031524419086079447 0.0)
(1.3555030975160804 0.0008502160327036778 0.0)
(0.015836188841434094 6.392554159360736e-05 0.0)
(-0.01581982314503847 6.39224994694689e-05 0.0)
(1.2223302983044488 0.0008502904560013564 0.0)
(2.3453644340398343 0.0031534610728649 0.0)
(3.3830465640958027 0.006531215661323721 0.0)
(4.359539142074516 0.009841736674127768 0.0)
(5.28460989865338 0.013072334004441436 0.0)
(6.159641542193143 0.01740424433892069 0.0)
(6.960189999431379 0.02295058411430735 0.0)
(7.663445143952162 0.028365790699311277 0.0)
(8.270684906096498 0.03304086661636031 0.0)
(8.78542767618389 0.037051134007633824 0.0)
(9.208817112711511 0.04038327088732434 0.0)
(9.541539443369285 0.04300255055231012 0.0)
(9.783988650508794 0.044886190725351986 0.0)
(9.936667471265142 0.046021238366724074 0.0)
(10.000000000000004 0.046400109541902344 0.0)
(9.974443639845951 0.04602123836672242 0.0)
(9.86045579393566 0.04488619072534885 0.0)
(9.65846055663071 0.043002550552305736 0.0)
(9.368960665066252 0.04038327088731882 0.0)
(8.992350101593889 0.0370511340076278 0.0)
(8.52931509390348 0.03304086661635287 0.0)
(7.980999300492286 0.028365790699303273 0.0)
(7.350921111679747 0.022950584114300135 0.0)
(6.640358457806844 0.017404244338913487 0.0)
(5.826501212457733 0.013072334004434376 0.0)
(4.8849053023699645 0.00984173667412376 0.0)
(3.816953435904212 0.0065312156613223085 0.0)
(2.6324133437379578 0.003153461072864689 0.0)
(1.355447479473345 0.000850290456001215 0.0)
(0.01581982314504517 6.392249946945533e-05 0.0)
(-0.015799738908267972 6.39321998441028e-05 0.0)
(1.22240025444549 0.0008505446388974374 0.0)
(2.3454571654083027 0.0031552031495846026 0.0)
(3.3829753151271214 0.006537252866317879 0.0)
(4.3589667975679705 0.009855316082376116 0.0)
(5.283688578788198 0.013094332757797126 0.0)
(6.1594872952097095 0.017430273958963904 0.0)
(6.9608305422400925 0.02297420741003734 0.0)
(7.663692969954319 0.02838594170996557 0.0)
(8.27072155959232 0.03305904337955741 0.0)
(8.78547431248793 0.03706758209459156 0.0)
(9.208843137282805 0.04039817138006653 0.0)
(9.541555897020425 0.04301619613449643 0.0)
(9.783997721776233 0.04489891538253279 0.0)
(9.936671696542515 0.04603339874510956 0.0)
(10.000000000000004 0.04641208208019534 0.0)
(9.974439414568579 0.04603339874510792 0.0)
(9.860446722668222 0.044898915382529665 0.0)
(9.658444102979567 0.04301619613449207 0.0)
(9.368934640494958 0.040398171380061056 0.0)
(8.992303465289849 0.03706758209458558 0.0)
(8.529278440407658 0.033059043379550034 0.0)
(7.980751474490127 0.028385941709957636 0.0)
(7.350280568871033 0.022974207410030208 0.0)
(6.640512704790279 0.017430273958956785 0.0)
(5.827422532322917 0.013094332757790138 0.0)
(4.885477646876511 0.009855316082372157 0.0)
(3.8170246848728935 0.006537252866316487 0.0)
(2.6323206123694893 0.003155203149584399 0.0)
(1.3553775233323038 0.0008505446388972971 0.0)
(0.015799738908274606 6.39321998440893e-05 0.0)
(-0.01577681859573647 6.395421650080759e-05 0.0)
(1.2224814749399804 0.0008509674130606234 0.0)
(2.345580886809227 0.0031575915951032453 0.0)
(3.3829702008966773 0.006544678678748686 0.0)
(4.358462418647317 0.009871145617991815 0.0)
(5.282692921925461 0.013119771599788959 0.0)
(6.159101598795046 0.017461358868266816 0.0)
(6.96136204607994 0.023003974108451154 0.0)
(7.663958226722157 0.028412229781852587 0.0)
(8.270755937862194 0.03308302775949318 0.0)
(8.78551648984524 0.0370895122801954 0.0)
(9.208867008404512 0.04041821973556124 0.0)
(9.541571004447931 0.04303469404627725 0.0)
(9.78400601106947 0.044916262827414476 0.0)
(9.93667558831349 0.046050037985709655 0.0)
(10.000000000000004 0.04642848412093494 0.0)
(9.974435522797604 0.04605003798570803 0.0)
(9.860438433374986 0.04491626282741137 0.0)
(9.658428995552061 0.04303469404627292 0.0)
(9.36891076937325 0.04041821973555581 0.0)
(8.992261287932537 0.03708951228018949 0.0)
(8.529244062137781 0.03308302775948586 0.0)
(7.980486217722289 0.02841222978184473 0.0)
(7.349749065031184 0.02300397410844411 0.0)
(6.640898401204944 0.017461358868259794 0.0)
(5.828418189185656 0.013119771599782048 0.0)
(4.8859820257971665 0.009871145617987905 0.0)
(3.8170297991033366 0.006544678678747318 0.0)
(2.6321968909685642 0.0031575915951030497 0.0)
(1.3552963028378129 0.0008509674130604848 0.0)
(0.015776818595743026 6.395421650079417e-05 0.0)
(-0.015752069284045055 6.398758206796598e-05 0.0)
(1.2225703911079815 0.0008515402025676275 0.0)
(2.345730162150592 0.003160521465494276 0.0)
(3.383031446114401 0.006553166822003076 0.0)
(4.358048166799594 0.009888529760139222 0.0)
(5.281666675406215 0.01314753279423886 0.0)
(6.158501399744003 0.01749613325278289 0.0)
(6.961761157644558 0.023038576315277122 0.0)
(7.664229259358567 0.028443499865186274 0.0)
(8.270786530387843 0.033111765926391395 0.0)
(8.785552355059904 0.03711596099221007 0.0)
(9.208887677223217 0.04044253506574545 0.0)
(9.541584101859078 0.043057231523249924 0.0)
(9.784013154172124 0.04493747084500519 0.0)
(9.936678975580767 0.04607042499073302 0.0)
(10.000000000000004 0.04644859498845775 0.0)
(9.974432135530325 0.04607042499073141 0.0)
(9.86043129027233 0.044937470845002096 0.0)
(9.658415898140916 0.043057231523245636 0.0)
(9.368890100554546 0.04044253506574006 0.0)
(8.992225422717874 0.03711596099220421 0.0)
(8.529213469612134 0.03311176592638416 0.0)
(7.980215185085878 0.0284434998651785 0.0)
(7.349349953466565 0.023038576315270176 0.0)
(6.64149860025599 0.017496133252775957 0.0)
(5.829444435704905 0.013147532794232026 0.0)
(4.88639627764489 0.009888529760135361 0.0)
(3.816968553885613 0.006553166822001732 0.0)
(2.6320476156271986 0.003160521465494089 0.0)
(1.3552073866698116 0.0008515402025674911 0.0)
(0.01575206928405155 6.39875820679527e-05 0.0)
(-0.015726578412671877 6.403083052359764e-05 0.0)
(1.2226630961357383 0.000852237840095401 0.0)
(2.3458984325469907 0.0031638640276127577 0.0)
(3.3831563597774696 0.006562344342595068 0.0)
(4.357742243493137 0.009906704681415773 0.0)
(5.28065493062505 0.013176396565050373 0.0)
(6.157713069704848 0.01753306918967442 0.0)
(6.962010340701952 0.023076493672850265 0.0)
(7.664494159185349 0.028478378009711952 0.0)
(8.270811992989653 0.03314399517777357 0.0)
(8.78558033228 0.03714576612261618 0.0)
(9.208904235588836 0.04047004899949451 0.0)
(9.541594613777578 0.04308281830990741 0.0)
(9.784018837229334 0.044961607593810966 0.0)
(9.936681709514023 0.046093663992475914 0.0)
(10.000000000000004 0.04647153104803662 0.0)
(9.974429401597071 0.046093663992474304 0.0)
(9.86042560721512 0.04496160759380791 0.0)
(9.658405386222416 0.04308281830990316 0.0)
(9.368873542188927 0.040470048999489174 0.0)
(8.992197445497778 0.03714576612261038 0.0)
(8.529188007010324 0.0331439951777664 0.0)
(7.979950285259095 0.028478378009704267 0.0)
(7.349100770409172 0.023076493672843416 0.0)
(6.642286930295147 0.017533069189667592 0.0)
(5.830456180486072 0.013176396565043614 0.0)
(4.886702200951347 0.00990670468141196 0.0)
(3.8168436402225434 0.006562344342593749 0.0)
(2.6318793452307996 0.0031638640276125812 0.0)
(1.3551146816420545 0.0008522378400952667 0.0)
(0.01572657841267831 6.40308305235845e-05 0.0)
(-0.015701466003870835 6.40820616096829e-05 0.0)
(1.2227555167339303 0.0008530296727272652 0.0)
(2.346078304505047 0.0031674724153942517 0.0)
(3.383339453408052 0.006571807997059651 0.0)
(4.357558090438363 0.009924871809030657 0.0)
(5.279702141796716 0.013205094690938812 0.0)
(6.156771246457295 0.01757054378144679 0.0)
(6.962098646604447 0.023116060161846662 0.0)
(7.664741286988733 0.028515331733566934 0.0)
(8.270831206887486 0.03317829941929569 0.0)
(8.785599192237662 0.037177618088510625 0.0)
(9.208915955957078 0.0404995526248948 0.0)
(9.541602078328964 0.04311033016965369 0.0)
(9.784022810537962 0.044987612549246235 0.0)
(9.936683669989229 0.046118733911716295 0.0)
(10.000000000000004 0.04649628453117396 0.0)
(9.974427441121865 0.0461187339117147 0.0)
(9.860421633906492 0.044987612549243196 0.0)
(9.658397921671028 0.043110330169649484 0.0)
(9.368861821820685 0.0404995526248895 0.0)
(8.992178585540115 0.03717761808850489 0.0)
(8.529168793112492 0.03317829941928859 0.0)
(7.9797031574557105 0.028515331733559333 0.0)
(7.349012464506678 0.02311606016183991 0.0)
(6.643228753542704 0.017570543781440053 0.0)
(5.831408969314408 0.013205094690932123 0.0)
(4.886886354006121 0.009924871809026889 0.0)
(3.8166605465919607 0.006571807997058356 0.0)
(2.631699473272743 0.0031674724153940848 0.0)
(1.3550222610438623 0.000853029672727133 0.0)
(0.015701466003877205 6.408206160966992e-05 0.0)
(-0.0156778354509428 6.413902432602381e-05 0.0)
(1.222843592110552 0.0008538809087859928 0.0)
(2.3462618747799895 0.003171188082880996 0.0)
(3.38357268220698 0.006581141969732918 0.0)
(4.357503798983598 0.009942232912632291 0.0)
(5.278850172719252 0.01323236622875438 0.0)
(6.155717311991822 0.01760691046309535 0.0)
(6.9620221953522385 0.023155537303124654 0.0)
(7.664959784425146 0.02855273735772995 0.0)
(8.270843327857818 0.03321317138534313 0.0)
(8.785608106260854 0.037210117372783555 0.0)
(9.208922323356402 0.04052974960662159 0.0)
(9.541606167534505 0.04313855828170305 0.0)
(9.784024899518096 0.045014343101143876 0.0)
(9.936684770866691 0.046144533222066866 0.0)
(10.000000000000004 0.04652176781510594 0.0)
(9.974426340244401 0.04614453322206527 0.0)
(9.860419544926359 0.045014343101140865 0.0)
(9.658393832465487 0.04313855828169886 0.0)
(9.368855454421361 0.04052974960661635 0.0)
(8.992169671516924 0.037210117372777865 0.0)
(8.52915667214216 0.0332131713853361 0.0)
(7.979484660019297 0.028552737357722426 0.0)
(7.349088915758887 0.023155537303117993 0.0)
(6.644282688008181 0.01760691046308869 0.0)
(5.832260938391874 0.01323236622874775 0.0)
(4.886940645460886 0.009942232912628562 0.0)
(3.816427317793032 0.0065811419697316435 0.0)
(2.6315159029978 0.0031711880828808386 0.0)
(1.3549341856672403 0.0008538809087858629 0.0)
(0.015677835450949116 6.413902432601099e-05 0.0)
(-0.01565672503715255 6.419921583507472e-05 0.0)
(1.2229234523946837 0.0008547541465164556 0.0)
(2.34644107762977 0.0031748477704412457 0.0)
(3.3838457985275086 0.0065899361429316225 0.0)
(4.357581754596042 0.009958025177089661 0.0)
(5.278136457355289 0.01325701291701733 0.0)
(6.154597574260724 0.017640571349159417 0.0)
(6.961784346073484 0.02319319054331788 0.0)
(7.665140051116961 0.028588951347506934 0.0)
(8.27084782332739 0.033247078865524235 0.0)
(8.785606682683703 0.03724183601633975 0.0)
(9.208923058014934 0.04055931314454163 0.0)
(9.54160670172199 0.04316626235445389 0.0)
(9.784025012383772 0.04504062475795568 0.0)
(9.93668496377587 0.04616992834902932 0.0)
(10.000000000000004 0.04654686121095696 0.0)
(9.974426147335222 0.046169928349027736 0.0)
(9.860419432060683 0.04504062475795268 0.0)
(9.658393298278002 0.04316626235444974 0.0)
(9.36885471976283 0.04055931314453643 0.0)
(8.992171095094076 0.037241836016334115 0.0)
(8.529152176672588 0.03324707886551726 0.0)
(7.979304393327482 0.028588951347499485 0.0)
(7.349326765037642 0.0231931905433113 0.0)
(6.645402425739281 0.017640571349152825 0.0)
(5.832974653755839 0.013257012917010749 0.0)
(4.88686268984844 0.009958025177085966 0.0)
(3.8161542014725023 0.006589936142930369 0.0)
(2.631336700148019 0.003174847770441096 0.0)
(1.3548543253831087 0.0008547541465163277 0.0)
(0.015656725037158824 6.419921583506204e-05 0.0)
(-0.01563906231546162 6.425999143204513e-05 0.0)
(1.2229915886715408 0.0008556110174503206 0.0)
(2.3466080392090123 0.003178290678098812 0.0)
(3.3841468021381664 0.0065978041167739036 0.0)
(4.357788532048701 0.009971554719193646 0.0)
(5.277592355052212 0.013277951825335225 0.0)
(6.153461232491404 0.01767004744188619 0.0)
(6.96139554943036 0.023227365467936904 0.0)
(7.6652741664755295 0.028622382526438707 0.0)
(8.270844495773492 0.033278532027191804 0.0)
(8.785594984055585 0.037271380360008974 0.0)
(9.20891812765312 0.04058694427088366 0.0)
(9.541603657420199 0.0431922251216327 0.0)
(9.784023144175876 0.04506530275176226 0.0)
(9.936684240240687 0.04619380347718399 0.0)
(10.000000000000004 0.046570462160820385 0.0)
(9.974426870870406 0.04619380347718244 0.0)
(9.860421300268579 0.045065302751759274 0.0)
(9.658396342579794 0.043192225121628576 0.0)
(9.368859650124643 0.04058694427087849 0.0)
(8.992182793722193 0.037271380360003395 0.0)
(8.529155504226486 0.033278532027184886 0.0)
(7.979170277968913 0.028622382526431314 0.0)
(7.3497155616807675 0.02322736546793039 0.0)
(6.646538767508604 0.017670047441879652 0.0)
(5.833518756058915 0.013277951825328678 0.0)
(4.8866559123957805 0.009971554719189975 0.0)
(3.8158531978618435 0.006597804116772664 0.0)
(2.6311697385687767 0.0031782906780986695 0.0)
(1.3547861891062514 0.0008556110174501947 0.0)
(0.015639062315467866 6.42599914320326e-05 0.0)
(-0.015625623353548068 6.431868074839001e-05 0.0)
(1.2230450071577703 0.0008564138722463546 0.0)
(2.346755423531371 0.0031813655307898433 0.0)
(3.384462467490972 0.006604400186883181 0.0)
(4.358115045918592 0.009982227075615795 0.0)
(5.277241772669814 0.01329426293638323 0.0)
(6.152358215462327 0.017694043615686245 0.0)
(6.960872888436083 0.023256560493315225 0.0)
(7.665356237717353 0.02865156198968362 0.0)
(8.270833491402756 0.0333061488759641 0.0)
(8.785573524392818 0.037297452279380264 0.0)
(9.208907748902039 0.04061142892450595 0.0)
(9.541597168390181 0.043215305826747215 0.0)
(9.784019376980048 0.04508729277666285 0.0)
(9.936682632051955 0.04621510957707811 0.0)
(10.000000000000004 0.046591533682135915 0.0)
(9.974428479059137 0.046215109577076544 0.0)
(9.860425067464407 0.0450872927766599 0.0)
(9.658402831609811 0.04321530582674311 0.0)
(9.368870028875724 0.04061142892450081 0.0)
(8.99220425338496 0.037297452279374727 0.0)
(8.529166508597221 0.033306148875957224 0.0)
(7.97908820672709 0.028651561989676274 0.0)
(7.3502382226750465 0.02325656049330875 0.0)
(6.647641784537683 0.017694043615679743 0.0)
(5.833869338441313 0.013294262936376705 0.0)
(4.886329398525888 0.009982227075612134 0.0)
(3.8155375325090377 0.006604400186881952 0.0)
(2.6310223542464177 0.003181365530789706 0.0)
(1.3547327706200218 0.0008564138722462303 0.0)
(0.015625623353554306 6.431868074837762e-05 0.0)
(-0.015616998634812498 6.437270508291823e-05 0.0)
(1.2230813607428135 0.0008571274349336012 0.0)
(2.346876754799354 0.0031839372251123792 0.0)
(3.3847789248278155 0.006609434534006019 0.0)
(4.358546949783614 0.009989573322539438 0.0)
(5.277100114156604 0.013305229569782232 0.0)
(6.1513369877238375 0.01771150552258257 0.0)
(6.960239327858559 0.023279492843448504 0.0)
(7.66538265878221 0.028675207645009013 0.0)
(8.2708152937271 0.03332871597802968 0.0)
(8.785543246593724 0.03731890622201367 0.0)
(9.208892377785025 0.040631691294521724 0.0)
(9.541587519748047 0.04323449034583964 0.0)
(9.784013876319978 0.045105628631192975 0.0)
(9.936680209870547 0.04623291049766069 0.0)
(10.000000000000004 0.04660914993080623 0.0)
(9.974430901240547 0.04623291049765914 0.0)
(9.860430568124476 0.04510562863119002 0.0)
(9.658412480251945 0.04323449034583555 0.0)
(9.368885399992738 0.04063169129451661 0.0)
(8.992234531184055 0.03731890622200815 0.0)
(8.529184706272877 0.03332871597802283 0.0)
(7.979061785662233 0.028675207645001696 0.0)
(7.350871783252573 0.023279492843442065 0.0)
(6.648663012276175 0.017711505522576082 0.0)
(5.8340109969545235 0.013305229569775713 0.0)
(4.885897494660865 0.009989573322535781 0.0)
(3.815221075172193 0.006609434534004797 0.0)
(2.6309010229784344 0.003183937225112246 0.0)
(1.3546964170349785 0.0008571274349334781 0.0)
(0.01561699863481873 6.437270508290595e-05 0.0)
)
