(
(-0.025783463107073225 3.341926400594396e-05 0.0)
(1.1949808451580881 0.0003691978200617519 0.0)
(2.3157573997042817 0.0008767148047749287 0.0)
(3.37158497062659 0.00024191776083500496 0.0)
(4.367190295762859 -0.002893848855001442 0.0)
(5.28880502219438 -0.00816900606983165 0.0)
(6.144459613709989 -0.013460191326791564 0.0)
(6.942904559347832 -0.017265488860865794 0.0)
(7.654382179102978 -0.020176522482940464 0.0)
(8.263338274858537 -0.022839887658769258 0.0)
(8.779434030083753 -0.025181285766860937 0.0)
(9.204255353311302 -0.027129771699620196 0.0)
(9.538228705266128 -0.028662840144998793 0.0)
(9.781826575023624 -0.02976599289579171 0.0)
(9.935603582328985 -0.030430316607899396 0.0)
(10.000000000000005 -0.03065233772560493 0.0)
(9.975507528782119 -0.03043031660790108 0.0)
(9.862617869420834 -0.029765992895795065 0.0)
(9.661771294733873 -0.0286628401450027 0.0)
(9.373522424466465 -0.027129771699626076 0.0)
(8.998343747694033 -0.025181285766867303 0.0)
(8.536661725141453 -0.022839887658777508 0.0)
(7.990062265341468 -0.02017652248294982 0.0)
(7.368206551763304 -0.017265488860873937 0.0)
(6.655540386290025 -0.013460191326799245 0.0)
(5.822306088916713 -0.00816900606983939 0.0)
(4.877254148681569 -0.0028938488550059667 0.0)
(3.8284150293733927 0.00024191776083332198 0.0)
(2.662020378073499 0.0008767148047744485 0.0)
(1.3827969326197043 0.00036919782006153147 0.0)
(0.025783463107072906 3.341926400592304e-05 0.0)
(-0.025811658652424012 3.3370261183945735e-05 0.0)
(1.194878156222726 0.0003684120313674353 0.0)
(2.315569369750142 0.0008729749543803794 0.0)
(3.3714386900936995 0.00023170938984452927 0.0)
(4.367512836409139 -0.002913987614740924 0.0)
(5.289918179443427 -0.008200967919157347 0.0)
(6.145353913240119 -0.013501193203650329 0.0)
(6.942650178053073 -0.017307728329768072 0.0)
(7.654091042655097 -0.020215451799528394 0.0)
(8.263310903944031 -0.022875881630612903 0.0)
(8.779404260352745 -0.02521458974105908 0.0)
(9.204237658627392 -0.02716052905334534 0.0)
(9.538217468725085 -0.02869145327509899 0.0)
(9.781820508626407 -0.02979299153943199 0.0)
(9.935600657355268 -0.03045631540973706 0.0)
(10.000000000000005 -0.03067799901061283 0.0)
(9.975510453755836 -0.03045631540973875 0.0)
(9.862623935818052 -0.02979299153943538 0.0)
(9.661782531274916 -0.02869145327510294 0.0)
(9.373540119150377 -0.027160529053351277 0.0)
(8.998373517425039 -0.025214589741065524 0.0)
(8.536689096055957 -0.02287588163062123 0.0)
(7.990353401789349 -0.02021545179953784 0.0)
(7.368460933058063 -0.017307728329776333 0.0)
(6.654646086759892 -0.013501193203658115 0.0)
(5.821192931667662 -0.008200967919165171 0.0)
(4.8769316080352905 -0.0029139876147455013 0.0)
(3.8285613099062843 0.0002317093898428187 0.0)
(2.6622084080276394 0.0008729749543798886 0.0)
(1.3828996215550666 0.0003684120313672125 0.0)
(0.02581165865242377 3.3370261183924654e-05 0.0)
(-0.025839285706903845 3.3312716929304404e-05 0.0)
(1.194776331242495 0.0003675265658823772 0.0)
(2.315369552034255 0.0008689619658142489 0.0)
(3.3712290269289653 0.00022124014440722784 0.0)
(4.367699348749706 -0.0029340098653094174 0.0)
(5.290960349530271 -0.008232575811684795 0.0)
(6.146412707770842 -0.013542569452424534 0.0)
(6.942574590694521 -0.01735156027951944 0.0)
(7.6538210669627285 -0.020256461662277795 0.0)
(8.263290571369682 -0.02291397122785177 0.0)
(8.779384705538725 -0.025249972703344576 0.0)
(9.204225394570319 -0.027193316017495087 0.0)
(9.538209653325257 -0.028722036237869418 0.0)
(9.78181636041153 -0.029821905949157443 0.0)
(9.935598601099116 -0.03048419420926432 0.0)
(10.000000000000005 -0.030705527219478047 0.0)
(9.975512510011988 -0.03048419420926603 0.0)
(9.862628084032929 -0.029821905949160853 0.0)
(9.661790346674744 -0.028722036237873408 0.0)
(9.373552383207448 -0.02719331601750108 0.0)
(8.99839307223906 -0.025249972703351074 0.0)
(8.536709428630308 -0.02291397122786018 0.0)
(7.990623377481718 -0.02025646166228734 0.0)
(7.3685365204166136 -0.017351560279527806 0.0)
(6.653587292229166 -0.01354256945243242 0.0)
(5.820150761580818 -0.008232575811692691 0.0)
(4.876745095694724 -0.0029340098653140444 0.0)
(3.828770973071019 0.00022124014440549103 0.0)
(2.662408225743526 0.0008689619658137477 0.0)
(1.3830014465352978 0.0003675265658821519 0.0)
(0.02583928570690367 3.331271692928315e-05 0.0)
(-0.02586513038828115 3.3249159631294646e-05 0.0)
(1.1946798442207434 0.00036658032934007743 0.0)
(2.3151667261815017 0.0008648521624525777 0.0)
(3.3709651933482783 0.00021097002401467233 0.0)
(4.3677416377735305 -0.0029530358656466166 0.0)
(5.291885741407888 -0.008262440954441341 0.0)
(6.147589475807488 -0.01358250207643875 0.0)
(6.942681118442428 -0.01739505881443611 0.0)
(7.6535841142638885 -0.02029775017284489 0.0)
(8.263278170511605 -0.022952482863266135 0.0)
(8.779376224844446 -0.025285879991085874 0.0)
(9.204219100000318 -0.027226691992846743 0.0)
(9.538205602461014 -0.028753245273875898 0.0)
(9.781814312643965 -0.02985146567870215 0.0)
(9.935597503908664 -0.030512728063032783 0.0)
(10.000000000000005 -0.030733712813064477 0.0)
(9.97551360720244 -0.0305127280630345 0.0)
(9.862630131800493 -0.029851465678705582 0.0)
(9.661794397538987 -0.028753245273879922 0.0)
(9.37355867777745 -0.027226691992852783 0.0)
(8.99840155293334 -0.02528587999109244 0.0)
(8.536721829488384 -0.02295248286327462 0.0)
(7.990860330180559 -0.020297750172854526 0.0)
(7.368429992668706 -0.017395058814444572 0.0)
(6.652410524192517 -0.013582502076446722 0.0)
(5.819225369703198 -0.008262440954449304 0.0)
(4.876702806670899 -0.002953035865651286 0.0)
(3.8290348066517073 0.0002109700240129116 0.0)
(2.6626110515962806 0.0008648521624520667 0.0)
(1.3830979335570497 0.00036658032933984975 0.0)
(0.025865130388281025 3.3249159631273226e-05 0.0)
(-0.025888057128537714 3.318238188131626e-05 0.0)
(1.1945929346206885 0.000365614897643114 0.0)
(2.3149698039887916 0.000860826121536405 0.0)
(3.3706587817165032 0.00020135027896825747 0.0)
(4.367637845378272 -0.002970229648104788 0.0)
(5.292653695050134 -0.008289251127690998 0.0)
(6.148832512315362 -0.013619236509248461 0.0)
(6.942965080662436 -0.01743631268847216 0.0)
(7.6533905958266715 -0.02033750318961056 0.0)
(8.263274246240819 -0.022989724406050946 0.0)
(8.779379190896098 -0.025320733903750166 0.0)
(9.204219051489277 -0.02725919050010298 0.0)
(9.53820549411992 -0.02878370911517162 0.0)
(9.781814455298873 -0.029880371927627908 0.0)
(9.935597413992454 -0.03054066324570906 0.0)
(10.000000000000005 -0.03076131736795402 0.0)
(9.97551369711865 -0.03054066324571079 0.0)
(9.862629989145585 -0.029880371927631367 0.0)
(9.661794505880081 -0.02878370911517568 0.0)
(9.373558726288492 -0.02725919050010906 0.0)
(8.998398586881686 -0.02532073390375679 0.0)
(8.536725753759171 -0.022989724406059495 0.0)
(7.991053848617777 -0.02033750318962027 0.0)
(7.368146030448696 -0.017436312688480705 0.0)
(6.6511674876846385 -0.013619236509256507 0.0)
(5.818457416060951 -0.008289251127699012 0.0)
(4.876806599066159 -0.0029702296481094914 0.0)
(3.829341218283483 0.00020135027896647643 0.0)
(2.662807973788991 0.000860826121535885 0.0)
(1.3831848431571048 0.000365614897642884 0.0)
(0.02588805712853763 3.318238188129465e-05 0.0)
(-0.02590705856864995 3.311531777153682e-05 0.0)
(1.1945194210911603 0.00036467269009404405 0.0)
(2.3147874378570137 0.0008570607399381538 0.0)
(3.3703232552001765 0.00019280358326649645 0.0)
(4.367392532011895 -0.0029848357493378564 0.0)
(5.293230467978901 -0.008311828341469 0.0)
(6.150087200544381 -0.013651158707079754 0.0)
(6.943414000574093 -0.017473509281874276 0.0)
(7.653249014497176 -0.020373974037744203 0.0)
(8.263278970982602 -0.02302405953094771 0.0)
(8.7793934733708 -0.02535300302417841 0.0)
(9.204225251168682 -0.027289383614309295 0.0)
(9.538209333062284 -0.028812089236302067 0.0)
(9.781816782108256 -0.029907354608239407 0.0)
(9.93559833530124 -0.030566772336472335 0.0)
(10.000000000000005 -0.030787127990505942 0.0)
(9.975512775809865 -0.030566772336474073 0.0)
(9.862627662336202 -0.02990735460824288 0.0)
(9.661790666937717 -0.028812089236306154 0.0)
(9.373552526609085 -0.02728938361431542 0.0)
(8.998384304406986 -0.025353003024185083 0.0)
(8.536721029017386 -0.023024059530956313 0.0)
(7.991195429947272 -0.020373974037753984 0.0)
(7.367697110537037 -0.01747350928188289 0.0)
(6.649912799455618 -0.013651158707087855 0.0)
(5.817880643132183 -0.008311828341477052 0.0)
(4.877051912432537 -0.002984835749342584 0.0)
(3.8296767447998104 0.00019280358326469941 0.0)
(2.662990339920769 0.0008570607399376259 0.0)
(1.383258356686633 0.0003646726900938119 0.0)
(0.025907058568649895 3.3115317771515045e-05 0.0)
(-0.025921299820101475 3.3050913976249715e-05 0.0)
(1.194462533682157 0.0003637951055688537 0.0)
(2.3146276406203694 0.0008537214616366799 0.0)
(3.3699733562205973 0.00018570546308278678 0.0)
(4.367016476294929 -0.002996212403978746 0.0)
(5.293590717846875 -0.008329180594305787 0.0)
(6.151298411789147 -0.013676866066959932 0.0)
(6.944008153457758 -0.01750501424437761 0.0)
(7.653165591100005 -0.020405560254900357 0.0)
(8.263292137140445 -0.02305397961538279 0.0)
(8.779418444722738 -0.02538126950625368 0.0)
(9.204237426635965 -0.027315944705264213 0.0)
(9.538216950612004 -0.028837138666664743 0.0)
(9.781821190836371 -0.029931228150914 0.0)
(9.9356002273544 -0.030589908149639695 0.0)
(10.000000000000005 -0.030810010609184504 0.0)
(9.975510883756705 -0.03058990814964144 0.0)
(9.862623253608088 -0.029931228150917494 0.0)
(9.661783049388 -0.02883713866666885 0.0)
(9.373540351141804 -0.027315944705270365 0.0)
(8.998359333055046 -0.025381269506260386 0.0)
(8.536707862859544 -0.02305397961539144 0.0)
(7.9912788533444425 -0.020405560254910186 0.0)
(7.367102957653371 -0.017505014244386274 0.0)
(6.648701588210848 -0.013676866066968071 0.0)
(5.81752039326421 -0.00832918059431386 0.0)
(4.877427968149504 -0.0029962124039834884 0.0)
(3.830026643779391 0.00018570546308097882 0.0)
(2.663150137157414 0.0008537214616361462 0.0)
(1.3833152440956362 0.00036379510556861985 0.0)
(0.02592129982010144 3.305091397622781e-05 0.0)
(-0.02593015514835715 3.2992000280396466e-05 0.0)
(1.1944247719223577 0.00036302070352608437 0.0)
(2.3144974334770954 0.0008509550084115135 0.0)
(3.369624458698806 0.00018036779683235681 0.0)
(4.366526201427605 -0.00300385974263554 0.0)
(5.293718615933915 -0.008340545459956765 0.0)
(6.1524129276434145 -0.013695229054526149 0.0)
(6.944721433322692 -0.017529443305566477 0.0)
(7.653143991106611 -0.020430874000482543 0.0)
(8.26331316621746 -0.023078170025583364 0.0)
(8.779453007756398 -0.025404291372465648 0.0)
(9.204255042923364 -0.02733770672722331 0.0)
(9.538228012067878 -0.028857756780116144 0.0)
(9.781827487771766 -0.02995094359586198 0.0)
(9.935603007018576 -0.030609054139906347 0.0)
(10.000000000000005 -0.030828959803587536 0.0)
(9.975508104092528 -0.0306090541399081 0.0)
(9.862616956672692 -0.02995094359586548 0.0)
(9.661771987932125 -0.02885775678012026 0.0)
(9.373522734854404 -0.02733770672722948 0.0)
(8.998324770021386 -0.025404291372472375 0.0)
(8.536686833782529 -0.023078170025592044 0.0)
(7.9913004533378365 -0.0204308740004924 0.0)
(7.366389677788434 -0.01752944330557516 0.0)
(6.647587072356579 -0.013695229054534302 0.0)
(5.817392495177171 -0.008340545459964842 0.0)
(4.87791824301683 -0.003003859742640284 0.0)
(3.8303755413011826 0.0001803677968305435 0.0)
(2.6632803443006883 0.0008509550084109755 0.0)
(1.3833530058554357 0.0003630207035258491 0.0)
(0.025930155148357108 3.2992000280374436e-05 0.0)
(-0.025933235466493773 3.2941165243993295e-05 0.0)
(1.1944077949944047 0.0003623835097747667 0.0)
(2.31440253749086 0.000848882933156285 0.0)
(3.36929189255362 0.000177025111805266 0.0)
(4.365943249190659 -0.003007441755238067 0.0)
(5.293608542632059 -0.008345423587016659 0.0)
(6.153381778319496 -0.013705440833698878 0.0)
(6.945522499956541 -0.01754572309718393 0.0)
(7.653185163581189 -0.020448803034820055 0.0)
(8.263341134234473 -0.02309556787918033 0.0)
(8.779495643835308 -0.025421057084130273 0.0)
(9.20427732600344 -0.0273537134967542 0.0)
(9.538242031409771 -0.02887303765447098 0.0)
(9.781835396238622 -0.029965634682500714 0.0)
(9.935606552160413 -0.03062336906748657 0.0)
(10.000000000000005 -0.03084314298077955 0.0)
(9.975504558950691 -0.03062336906748832 0.0)
(9.862609048205837 -0.029965634682504214 0.0)
(9.66175796859023 -0.02887303765447511 0.0)
(9.373500451774326 -0.027353713496760378 0.0)
(8.998282133942476 -0.025421057084137007 0.0)
(8.536658865765515 -0.02309556787918901 0.0)
(7.991259280863258 -0.020448803034829918 0.0)
(7.365588611154584 -0.01754572309719262 0.0)
(6.646618221680495 -0.013705440833707021 0.0)
(5.817502568479028 -0.008345423587024722 0.0)
(4.878501195253778 -0.003007441755242803 0.0)
(3.8307081074463696 0.00017702511180345314 0.0)
(2.6633752402869235 0.0008488829331557452 0.0)
(1.3833699827833885 0.00036238350977453056 0.0)
(0.025933235466493718 3.294116524397117e-05 0.0)
(-0.025930405430967716 3.290064246553969e-05 0.0)
(1.1944123488334542 0.0003619115214426207 0.0)
(2.3143471222176917 0.0008475962790669549 0.0)
(3.3689902701330467 0.0001758242794663353 0.0)
(4.365293233438902 -0.003006801054705681 0.0)
(5.293265334360818 -0.008343600639506742 0.0)
(6.154162394291147 -0.013707052717583197 0.0)
(6.946376155956921 -0.01755313831496934 0.0)
(7.653287299480527 -0.02045855958894435 0.0)
(8.263374812327982 -0.0231054087463151 0.0)
(8.779544479608163 -0.02543082998654902 0.0)
(9.204303296798424 -0.027363261705687248 0.0)
(9.538258392653452 -0.028882309876065687 0.0)
(9.781844568753373 -0.029974655911359886 0.0)
(9.935610707012863 -0.030632223960650913 0.0)
(10.000000000000005 -0.030851936957902105 0.0)
(9.975500404098241 -0.030632223960652665 0.0)
(9.862599875691085 -0.02997465591136338 0.0)
(9.66174160734655 -0.02888230987606981 0.0)
(9.373474480979343 -0.02736326170569342 0.0)
(8.998233298169621 -0.02543082998655575 0.0)
(8.536625187672007 -0.023105408746323775 0.0)
(7.991157144963919 -0.020458559588954206 0.0)
(7.3647349551542005 -0.017553138314978012 0.0)
(6.645837605708844 -0.013707052717591305 0.0)
(5.8178457767502705 -0.008343600639514767 0.0)
(4.879151211005536 -0.003006801054710397 0.0)
(3.8310097298669437 0.00017582427946452866 0.0)
(2.663430655560092 0.0008475962790664153 0.0)
(1.3833654289443391 0.00036191152144238414 0.0)
(0.025930405430967626 3.290064246551751e-05 0.0)
(-0.025921789388362586 3.2872212441786574e-05 0.0)
(1.1944382333521486 0.00036162547683348255 0.0)
(2.3143336225033138 0.0008471515793703409 0.0)
(3.368732844174443 0.00017681806219167664 0.0)
(4.3646047146752975 -0.0030019657922476456 0.0)
(5.292704071063748 -0.008335156714405607 0.0)
(6.1547204767206685 -0.01369999388295008 0.0)
(6.947244893240897 -0.017551363147818976 0.0)
(7.653445911140062 -0.020459714977716318 0.0)
(8.263412720744173 -0.02310726023728913 0.0)
(8.779597369320445 -0.025433180676268635 0.0)
(9.204331814199092 -0.027365931823189898 0.0)
(9.538276376915801 -0.028885166040446428 0.0)
(9.781854602292501 -0.029977610906147284 0.0)
(9.935615289019312 -0.0306352297515933 0.0)
(10.000000000000005 -0.03085495534368857 0.0)
(9.975495822091792 -0.030635229751595047 0.0)
(9.862589842151959 -0.029977610906150778 0.0)
(9.6617236230842 -0.028885166040450536 0.0)
(9.373445963578675 -0.027365931823196056 0.0)
(8.99818040845734 -0.02543318067627534 0.0)
(8.536587279255816 -0.023107260237297783 0.0)
(7.990998533304385 -0.020459714977726147 0.0)
(7.363866217870223 -0.017551363147827605 0.0)
(6.645279523279322 -0.013699993882958138 0.0)
(5.818407040047343 -0.008335156714413587 0.0)
(4.879839729769143 -0.0030019657922523307 0.0)
(3.8312671558255476 0.0001768180621898817 0.0)
(2.66344415527447 0.0008471515793698036 0.0)
(1.3833395444256444 0.0003616254768332461 0.0)
(0.025921789388362447 3.287221244176437e-05 0.0)
(-0.02590776591182785 3.285712433596639e-05 0.0)
(1.1944843112320918 0.00036153794422417405 0.0)
(2.3143626315004786 0.0008475683733575572 0.0)
(3.3685309255034825 0.00017996279498641265 0.0)
(4.363907945154706 -0.0029931484204505036 0.0)
(5.29194941362332 -0.008320462822334476 0.0)
(6.155031504487091 -0.013684574482079536 0.0)
(6.948090541081521 -0.01754047559332984 0.0)
(7.653654029453644 -0.020452218435467042 0.0)
(8.263453193856586 -0.023101041000976236 0.0)
(8.779651989094955 -0.025428005868283293 0.0)
(9.204361625203031 -0.027361606529183926 0.0)
(9.538295194001236 -0.028881480652975522 0.0)
(9.781865056000653 -0.029974369829797974 0.0)
(9.935620096854777 -0.030632254371358664 0.0)
(10.000000000000005 -0.030852065515789475 0.0)
(9.975491014256328 -0.030632254371360402 0.0)
(9.862579388443807 -0.029974369829801454 0.0)
(9.661704805998765 -0.028881480652979616 0.0)
(9.373416152574736 -0.02736160652919005 0.0)
(8.99812578868283 -0.025428005868289964 0.0)
(8.536546806143402 -0.023101041000984847 0.0)
(7.990790414990801 -0.020452218435476822 0.0)
(7.363020570029597 -0.017540475593338413 0.0)
(6.6449684955129 -0.013684574482087522 0.0)
(5.819161697487773 -0.008320462822342393 0.0)
(4.880536499289736 -0.0029931484204551505 0.0)
(3.8314690744965083 0.00017996279498463442 0.0)
(2.6634151462773046 0.0008475683733570247 0.0)
(1.3832934665457013 0.00036153794422393823 0.0)
(0.025907765911827654 3.28571243359442e-05 0.0)
(-0.025888951167267214 3.285604109184597e-05 0.0)
(1.1945485578955353 0.00036165276963741176 0.0)
(2.3144328746069216 0.0008488283478633086 0.0)
(3.3683933860571673 0.00018512030404466864 0.0)
(4.36323353965516 -0.002980736358500097 0.0)
(5.291034520306861 -0.008300164586029241 0.0)
(6.155081811599368 -0.013661472015236821 0.0)
(6.948875943259743 -0.017520954030727977 0.0)
(7.653902510083318 -0.02043639934654842 0.0)
(8.26349445335071 -0.023087024299242233 0.0)
(8.779705939038728 -0.025415532934188825 0.0)
(9.204391419969266 -0.02735047586917504 0.0)
(9.538314017121445 -0.02887141564283622 0.0)
(9.781875470561015 -0.029965075089277357 0.0)
(9.935624919271763 -0.030623428552711204 0.0)
(10.000000000000005 -0.0308433944479559 0.0)
(9.975486191839341 -0.030623428552712936 0.0)
(9.862568973883443 -0.029965075089280816 0.0)
(9.661685982878556 -0.028871415642840285 0.0)
(9.373386357808501 -0.027350475869181136 0.0)
(8.998071838739056 -0.025415532934195455 0.0)
(8.536505546649279 -0.02308702429925079 0.0)
(7.990541934361127 -0.02043639934655813 0.0)
(7.362235167851373 -0.017520954030736474 0.0)
(6.644918188400624 -0.013661472015244721 0.0)
(5.820076590804235 -0.008300164586037086 0.0)
(4.881210904789283 -0.002980736358504697 0.0)
(3.8316066139428235 0.00018512030404291133 0.0)
(2.663344903170861 0.0008488283478627825 0.0)
(1.3832292198822573 0.00036165276963717703 0.0)
(0.02588895116726695 3.285604109182383e-05 0.0)
(-0.02586617184013608 3.286901030519025e-05 0.0)
(1.194628150461624 0.0003619649078546051 0.0)
(2.314541265469052 0.0008508761419128709 0.0)
(3.368326269067148 0.00019206397785382102 0.0)
(4.36261113032052 -0.0029652749696913 0.0)
(5.289999589852945 -0.008275153872858577 0.0)
(6.154869187655019 -0.013631701562550237 0.0)
(6.949566590640707 -0.01749365620176042 0.0)
(7.654180435244798 -0.02041295277278733 0.0)
(8.26353468635985 -0.02306582600031848 0.0)
(8.77975684868993 -0.02539630991189076 0.0)
(9.204419889370277 -0.02733302890400108 0.0)
(9.538332019222963 -0.02885541324816062 0.0)
(9.781885388376862 -0.029950135078479656 0.0)
(9.935629544382094 -0.03060914008597592 0.0)
(10.000000000000005 -0.03082932313104519 0.0)
(9.975481566729012 -0.030609140085977645 0.0)
(9.862559056067596 -0.0299501350784831 0.0)
(9.661667980777038 -0.02885541324816466 0.0)
(9.37335788840749 -0.02733302890400713 0.0)
(8.998020929087854 -0.025396309911897334 0.0)
(8.536465313640138 -0.023065826000326972 0.0)
(7.990264009199646 -0.020412952772796963 0.0)
(7.361544520470408 -0.01749365620176882 0.0)
(6.645130812344974 -0.01363170156255804 0.0)
(5.821111521258155 -0.008275153872866339 0.0)
(4.881833314123925 -0.0029652749696958496 0.0)
(3.831673730932843 0.000192063977852088 0.0)
(2.6632365123087305 0.0008508761419123527 0.0)
(1.3831496273161683 0.0003619649078543719 0.0)
(0.02586617184013574 3.286901030516819e-05 0.0)
(-0.02584042881239497 3.2895462132491355e-05 0.0)
(1.1947195917786142 0.0003624606440935315 0.0)
(2.3146830415906825 0.000853621779182039 0.0)
(3.368332523531178 0.00020048872408978785 0.0)
(4.362068064678283 -0.00294744359916256 0.0)
(5.288890095212365 -0.008246529607803397 0.0)
(6.154402974961175 -0.013596571183247324 0.0)
(6.9501321374419955 -0.017459781523092032 0.0)
(7.654475593414937 -0.020382908913740536 0.0)
(8.263572125119193 -0.023038377518678495 0.0)
(8.779802481171625 -0.025371181425821347 0.0)
(9.204445782512666 -0.027310032221393454 0.0)
(9.538348409326384 -0.028834176584895226 0.0)
(9.781894373677508 -0.029930206234147355 0.0)
(9.935633768966877 -0.03059001678024114 0.0)
(10.000000000000005 -0.03081046983297966 0.0)
(9.975477342144227 -0.03059001678024285 0.0)
(9.862550070766952 -0.029930206234150773 0.0)
(9.66165159067362 -0.028834176584899222 0.0)
(9.3733319952651 -0.027310032221399452 0.0)
(8.997975296606159 -0.02537118142582786 0.0)
(8.536427874880793 -0.02303837751868691 0.0)
(7.989968851029506 -0.02038290891375008 0.0)
(7.360978973669119 -0.017459781523100334 0.0)
(6.645597025038821 -0.013596571183255022 0.0)
(5.822221015898737 -0.008246529607811075 0.0)
(4.882376379766162 -0.002947443599167055 0.0)
(3.8316674764688123 0.0002004887240880814 0.0)
(2.663094736187099 0.0008536217791815302 0.0)
(1.383058185999178 0.0003624606440933001 0.0)
(0.02584042881239456 3.289546213246941e-05 0.0)
(-0.025812853185587313 3.293423432884993e-05 0.0)
(1.1948188640823245 0.00036311819661077616 0.0)
(2.314851973588402 0.0008569446213922077 0.0)
(3.36841187463955 0.00021002437481559846 0.0)
(4.36162820403926 -0.0029280257247133396 0.0)
(5.287754785549866 -0.008215549488703611 0.0)
(6.1537036580506905 -0.013557624441925443 0.0)
(6.950547734571799 -0.017420818386131538 0.0)
(7.654775015883717 -0.020347587841610875 0.0)
(8.263605124638145 -0.02300588489038996 0.0)
(8.779840831476049 -0.025341251575687212 0.0)
(9.204467961699127 -0.02728249625351471 0.0)
(9.538362467280544 -0.02880863875317253 0.0)
(9.781902031665279 -0.029906164193241616 0.0)
(9.935637407405592 -0.030566898878575763 0.0)
(10.000000000000005 -0.030787662933185172 0.0)
(9.975473703705513 -0.03056689887857746 0.0)
(9.86254241277918 -0.029906164193245013 0.0)
(9.661637532719457 -0.028808638753176484 0.0)
(9.37330981607864 -0.02728249625352066 0.0)
(8.997936946301733 -0.02534125157569366 0.0)
(8.536394875361843 -0.023005884890398294 0.0)
(7.989669428560725 -0.020347587841620322 0.0)
(7.360563376539315 -0.01742081838613973 0.0)
(6.6462963419493075 -0.01355762444193303 0.0)
(5.82335632556124 -0.008215549488711206 0.0)
(4.8828162404051865 -0.00292802572471778 0.0)
(3.8315881253604394 0.00021002437481391965 0.0)
(2.6629258041893795 0.000856944621391709 0.0)
(1.3829589136954674 0.00036311819661054696 0.0)
(0.02581285318558682 3.293423432882813e-05 0.0)
(-0.025784656582306838 3.298362331488973e-05 0.0)
(1.1949216055293435 0.00036390867375168983 0.0)
(2.3150406388992817 0.0008606986689356299 0.0)
(3.368560835849732 0.00022025195098334063 0.0)
(4.361310875075225 -0.0029078745322229397 0.0)
(5.286643544295027 -0.008183574725315945 0.0)
(6.1528019636292495 -0.013516572587147226 0.0)
(6.950795121452548 -0.01737847875983593 0.0)
(7.6550655465756385 -0.020308541499689647 0.0)
(8.263632234978212 -0.02296977578209629 0.0)
(8.779870214560988 -0.025307835424348137 0.0)
(9.204485452416783 -0.02725163088041781 0.0)
(9.538373575404663 -0.02877992183859828 0.0)
(9.781908025862203 -0.029879065319056174 0.0)
(9.935640299831894 -0.03054080213928595 0.0)
(10.000000000000005 -0.030761904525114642 0.0)
(9.97547081127921 -0.030540802139287632 0.0)
(9.862536418582255 -0.029879065319059542 0.0)
(9.661626424595338 -0.0287799218386022 0.0)
(9.373292325360984 -0.027251630880423698 0.0)
(8.997907563216796 -0.025307835424354518 0.0)
(8.536367765021776 -0.022969775782104546 0.0)
(7.989378897868804 -0.020308541499698997 0.0)
(7.360315989658567 -0.01737847875984401 0.0)
(6.647198036370752 -0.01351657258715471 0.0)
(5.824467566816081 -0.008183574725323453 0.0)
(4.883133569369221 -0.002907874532227328 0.0)
(3.831439164150257 0.0002202519509816893 0.0)
(2.662737138878499 0.0008606986689351417 0.0)
(1.382856172248448 0.000363908673751463 0.0)
(0.02578465658230627 3.298362331486808e-05 0.0)
(-0.025757077909717464 3.304145902891875e-05 0.0)
(1.1950233018484493 0.00036479734339683775 0.0)
(2.3152407479147157 0.0008647189758310836 0.0)
(3.3687728620786648 0.0002307220716070256 0.0)
(4.361130020640323 -0.002887875428223825 0.0)
(5.285605197355627 -0.008152010230247468 0.0)
(6.1517375105001255 -0.013475219362309382 0.0)
(6.950863428357283 -0.017334622969926484 0.0)
(7.655334420103607 -0.0202674855128076 0.0)
(8.263652264960651 -0.022931636761956163 0.0)
(8.779889339387442 -0.025272401216360835 0.0)
(9.204497486155498 -0.027218792270130018 0.0)
(9.538381245628083 -0.028749287609862777 0.0)
(9.781912092894235 -0.02985010028654675 0.0)
(9.935642319157862 -0.03051287320535346 0.0)
(10.000000000000005 -0.030734326386095027 0.0)
(9.975468791953242 -0.030512873205355135 0.0)
(9.862532351550223 -0.029850100286550083 0.0)
(9.661618754371919 -0.028749287609866656 0.0)
(9.373280291622269 -0.027218792270135857 0.0)
(8.997888438390342 -0.025272401216367146 0.0)
(8.536347735039337 -0.022931636761964337 0.0)
(7.989110024340834 -0.02026748551281686 0.0)
(7.360247682753832 -0.017334622969934453 0.0)
(6.648262489499879 -0.013475219362316765 0.0)
(5.8255059137554825 -0.008152010230254903 0.0)
(4.883314423804123 -0.002887875428228164 0.0)
(3.8312271379213234 0.00023072207160540053 0.0)
(2.6625370298630644 0.0008647189758306058 0.0)
(1.3827544759293422 0.00036479734339661343 0.0)
(0.025757077909716833 3.3041459028897274e-05 0.0)
(-0.025731328924239016 3.310520027546999e-05 0.0)
(1.1951194846894284 0.0003657451590277873 0.0)
(2.315443508210655 0.0008688288971485262 0.0)
(3.36903863728174 0.00024097469874099302 0.0)
(4.36109358714756 -0.002868907136758388 0.0)
(5.284685367796583 -0.008122242889665877 0.0)
(6.150557068786451 -0.0134353817524577 0.0)
(6.950749654005574 -0.017291177959579917 0.0)
(7.6555698226566955 -0.02022622380591853 0.0)
(8.263664334504675 -0.02289314358874117 0.0)
(8.779897365645525 -0.02523650586599922 0.0)
(9.204503534174808 -0.027185423291110854 0.0)
(9.53838514093522 -0.028718082078932908 0.0)
(9.781914054063426 -0.029820541766251762 0.0)
(9.935643376658012 -0.03048433922304075 0.0)
(10.000000000000005 -0.03070614024910207 0.0)
(9.975467734453092 -0.030484339223042414 0.0)
(9.862530390381032 -0.029820541766255076 0.0)
(9.66161485906478 -0.028718082078936752 0.0)
(9.37327424360296 -0.027185423291116638 0.0)
(8.99788041213226 -0.025236505866005468 0.0)
(8.536335665495313 -0.02289314358874927 0.0)
(7.988874621787746 -0.0202262238059277 0.0)
(7.360361457105542 -0.01729117795958779 0.0)
(6.6494429312135575 -0.013435381752464998 0.0)
(5.826425743314529 -0.00812224288967325 0.0)
(4.883350857296886 -0.0028689071367626853 0.0)
(3.8309613627182477 0.00024097469873939162 0.0)
(2.6623342695671246 0.0008688288971480582 0.0)
(1.3826582930883626 0.00036574515902756537 0.0)
(0.02573132892423833 3.310520027544869e-05 0.0)
(-0.025708540989186977 3.317204638078133e-05 0.0)
(1.19520592795421 0.0003667104753596943 0.0)
(2.315640010870635 0.0008728478504641577 0.0)
(3.3693464837827563 0.0002505593507056275 0.0)
(4.361203175417953 -0.0028518030898521127 0.0)
(5.283924471245937 -0.008095580626058526 0.0)
(6.149312504937567 -0.013398810149288216 0.0)
(6.950458797434291 -0.017250052623070455 0.0)
(7.6557614110773775 -0.02018656934293699 0.0)
(8.263667913296603 -0.022855987582061116 0.0)
(8.77989394067614 -0.025201726549289493 0.0)
(9.20450333073581 -0.027152990115251584 0.0)
(9.538385090173408 -0.02868767635974883 0.0)
(9.781913823199591 -0.029791688505477205 0.0)
(9.935643425867719 -0.0304564539233292 0.0)
(10.000000000000005 -0.030678584561430144 0.0)
(9.975467685243386 -0.030456453923330847 0.0)
(9.862530621244868 -0.029791688505480498 0.0)
(9.661614909826595 -0.02868767635975264 0.0)
(9.37327444704196 -0.027152990115257326 0.0)
(8.997883837101643 -0.025201726549295686 0.0)
(8.536332086703386 -0.022855987582069144 0.0)
(7.988683033367063 -0.020186569342946083 0.0)
(7.360652313676827 -0.01725005262307825 0.0)
(6.650687495062444 -0.01339881014929544 0.0)
(5.827186639865176 -0.008095580626065843 0.0)
(4.883241269026492 -0.0028518030898563762 0.0)
(3.83065351621723 0.00025055935070404634 0.0)
(2.662137766907144 0.0008728478504636988 0.0)
(1.382571849823581 0.00036671047535947473 0.0)
(0.02570854098918625 3.317204638076021e-05 0.0)
(-0.025689715364738186 3.323906024927686e-05 0.0)
(1.1952788334838829 0.000367650878158931 0.0)
(2.315821621927268 0.0008765992503217567 0.0)
(3.369682875369649 0.00025905489542822835 0.0)
(4.361453970343388 -0.0028373148080350907 0.0)
(5.283355940106104 -0.00807319493051108 0.0)
(6.1480585028121295 -0.013367111442138339 0.0)
(6.950003638349069 -0.017213053932447656 0.0)
(7.65590076732095 -0.02015026446842059 0.0)
(8.263662844090861 -0.022821801308874512 0.0)
(8.779879214966178 -0.025169591405780917 0.0)
(9.204496884777239 -0.027122917796964654 0.0)
(9.538381095573024 -0.028659406423985796 0.0)
(9.781911410446464 -0.029764808263715956 0.0)
(9.935642464624797 -0.03043044253527341 0.0)
(10.000000000000005 -0.03065287006958386 0.0)
(9.975468646486307 -0.030430442535275052 0.0)
(9.862533033997995 -0.029764808263719234 0.0)
(9.661618904426977 -0.028659406423989578 0.0)
(9.373280893000528 -0.02712291779697036 0.0)
(8.997898562811606 -0.025169591405787062 0.0)
(8.536337155909127 -0.02282180130888249 0.0)
(7.9885436771234914 -0.020150264468429623 0.0)
(7.36110747276205 -0.017213053932455383 0.0)
(6.6519414971878845 -0.013367111442145507 0.0)
(5.827755171005009 -0.008073194930518359 0.0)
(4.882990474101056 -0.00283731480803933 0.0)
(3.830317124630337 0.000259054895426663 0.0)
(2.6619561558505107 0.0008765992503213054 0.0)
(1.382498944293908 0.0003676508781587134 0.0)
(0.025689715364737437 3.32390602492559e-05 0.0)
(-0.025675679214390422 3.330329741417331e-05 0.0)
(1.1953349979428503 0.0003685250478469172 0.0)
(2.315980361722974 0.0008799182670745721 0.0)
(3.3700330316115 0.0002660880542158442 0.0)
(4.361834952453658 -0.0028260788799048 0.0)
(5.28300475459527 -0.008056069389532423 0.0)
(6.1468501609693975 -0.013341678414209088 0.0)
(6.949404175607423 -0.017181807542490286 0.0)
(7.655981768329014 -0.020118904352137697 0.0)
(8.26364934961908 -0.022792086851483172 0.0)
(8.779853835536391 -0.02514151239488967 0.0)
(9.204484479522725 -0.027096527658899843 0.0)
(9.538373332649504 -0.028634514400902852 0.0)
(9.781906921816002 -0.029741082109614993 0.0)
(9.935640535164504 -0.030407447951678067 0.0)
(10.000000000000005 -0.03063012662129162 0.0)
(9.9754705759466 -0.0304074479516797 0.0)
(9.862537522628458 -0.029741082109618257 0.0)
(9.661626667350497 -0.028634514400906613 0.0)
(9.373293298255044 -0.027096527658905523 0.0)
(8.997923942241393 -0.02514151239489578 0.0)
(8.536350650380909 -0.02279208685149111 0.0)
(7.988462676115427 -0.02011890435214668 0.0)
(7.3617069355036975 -0.017181807542497964 0.0)
(6.653149839030619 -0.013341678414216221 0.0)
(5.828106356515843 -0.008056069389539684 0.0)
(4.8826094919907845 -0.0028260788799090255 0.0)
(3.8299669683884847 0.00026608805421428957 0.0)
(2.661797416054805 0.0008799182670741269 0.0)
(1.3824427798349406 0.00036852504784670145 0.0)
(0.02567567921438965 3.3303297414152486e-05 0.0)
(-0.02566704926091154 3.336193541196368e-05 0.0)
(1.195371953567535 0.00036929457500681125 0.0)
(2.316109255521535 0.0008826590691984553 0.0)
(3.370381567283636 0.00027134980293814766 0.0)
(4.362329382091824 -0.0028185889915877367 0.0)
(5.282886345162305 -0.008044956468062869 0.0)
(6.145740571739341 -0.013323628546219267 0.0)
(6.948686748505535 -0.017157686362409424 0.0)
(7.6560008550654635 -0.020093866900226066 0.0)
(8.263628022803658 -0.022768149808783805 0.0)
(8.779818917512499 -0.025118723256985224 0.0)
(9.204466660036454 -0.02707497923544432 0.0)
(9.538362142491504 -0.028614094000455594 0.0)
(9.781900554530418 -0.029721552526979743 0.0)
(9.935637722263795 -0.03038848051247895 0.0)
(10.000000000000005 -0.030611353522063397 0.0)
(9.975473388847309 -0.030388480512480585 0.0)
(9.862543889914042 -0.029721552526982994 0.0)
(9.661637857508497 -0.02861409400045934 0.0)
(9.373311117741315 -0.027074979235449978 0.0)
(8.997958860265285 -0.025118723256991313 0.0)
(8.53637197719633 -0.022768149808791716 0.0)
(7.988443589378977 -0.02009386690023502 0.0)
(7.362424362605588 -0.017157686362417074 0.0)
(6.654259428260678 -0.01332362854622639 0.0)
(5.828224765948807 -0.008044956468070127 0.0)
(4.882115062352616 -0.0028185889915919595 0.0)
(3.829618432716348 0.0002713498029365981 0.0)
(2.6616685222562433 0.0008826590691980137 0.0)
(1.382405824210256 0.0003692945750065968 0.0)
(0.025667049260910776 3.3361935411942994e-05 0.0)
(-0.02566420468866936 3.341239779630027e-05 0.0)
(1.1953880765953966 0.00036992564802301725 0.0)
(2.316202639965247 0.000884701230862238 0.0)
(3.370713168366251 0.0002746089499823779 0.0)
(4.362915534924118 -0.0028151742350741877 0.0)
(5.283005914501071 -0.008040344447541273 0.0)
(6.144778488442794 -0.01331375491634705 0.0)
(6.947882879477766 -0.017141750232729364 0.0)
(7.655957188894018 -0.020076252212517968 0.0)
(8.263599800705851 -0.022751041930641036 0.0)
(8.779775995128587 -0.02510222530509555 0.0)
(9.204444209274055 -0.027059219324902992 0.0)
(9.538348016774096 -0.028599042457681606 0.0)
(9.78189258835659 -0.02970707760994283 0.0)
(9.93563414951638 -0.03037437361225452 0.0)
(10.000000000000005 -0.03059737562753489 0.0)
(9.975476961594724 -0.030374373612256148 0.0)
(9.862551856087869 -0.02970707760994608 0.0)
(9.661651983225905 -0.028599042457685346 0.0)
(9.373333568503714 -0.027059219324908644 0.0)
(8.998001782649197 -0.02510222530510163 0.0)
(8.536400199294137 -0.02275104193064894 0.0)
(7.988487255550424 -0.02007625221252691 0.0)
(7.36322823163336 -0.017141750232737014 0.0)
(6.655221511557227 -0.013313754916354179 0.0)
(5.82810519661004 -0.008040344447548548 0.0)
(4.88152890952032 -0.00281517423507842 0.0)
(3.8292868316337323 0.0002746089499808277 0.0)
(2.661575137812531 0.0008847012308617983 0.0)
(1.3823897011823942 0.00036992564802280377 0.0)
(0.02566420468866861 3.3412397796279665e-05 0.0)
(-0.025667270482964202 3.345246734233365e-05 0.0)
(1.1953826586100875 0.0003703905387017189 0.0)
(2.316256411912496 0.000885955023218443 0.0)
(3.371013264914422 0.0002757222943898524 0.0)
(4.363567656467428 -0.002815984648518238 0.0)
(5.283358208953566 -0.008042435971711899 0.0)
(6.144006183259724 -0.01331249135382572 0.0)
(6.947027889058559 -0.01713469935783393 0.0)
(7.655852688426363 -0.020066834246166138 0.0)
(8.263565923353006 -0.022741514905922487 0.0)
(8.779726954315679 -0.025092743429044526 0.0)
(9.204418113680953 -0.027049940388913108 0.0)
(9.538331576155459 -0.028590021109834357 0.0)
(9.781883373313624 -0.029698293359877753 0.0)
(9.935629973902246 -0.030365747082392792 0.0)
(10.000000000000005 -0.03058880710081983 0.0)
(9.97548113720886 -0.03036574708239442 0.0)
(9.862561071130834 -0.02969829335988101 0.0)
(9.661668423844542 -0.028590021109838104 0.0)
(9.373359664096814 -0.027049940388918767 0.0)
(8.998050823462105 -0.025092743429050615 0.0)
(8.536434076646982 -0.022741514905930398 0.0)
(7.988591756018079 -0.020066834246175093 0.0)
(7.364083222052569 -0.017134699357841593 0.0)
(6.655993816740298 -0.013312491353832884 0.0)
(5.827752902157543 -0.008042435971719206 0.0)
(4.880876787977009 -0.002815984648522491 0.0)
(3.828986735085561 0.0002757222943882958 0.0)
(2.661521365865282 0.0008859550232180032 0.0)
(1.3823951191677033 0.0003703905387015057 0.0)
(0.025667270482963488 3.34524673423131e-05 0.0)
(-0.02567611193840346 3.348038346751626e-05 0.0)
(1.19535593766797 0.0003706688205969871 0.0)
(2.3162682087222923 0.0008863653569246872 0.0)
(3.3712686712348336 0.0002746409178441129 0.0)
(4.36425709369416 -0.0028209846238357664 0.0)
(5.283927749346054 -0.008051139142829025 0.0)
(6.1434575898669825 -0.013319893377280847 0.0)
(6.946159343962773 -0.017136843540266806 0.0)
(7.6556919452218715 -0.0200660268093824 0.0)
(8.263527879254031 -0.022739987334665084 0.0)
(8.779673949837381 -0.02509069424511923 0.0)
(9.204389519849771 -0.02704755012694673 0.0)
(9.5383135430063 -0.02858742633843417 0.0)
(9.781873314293648 -0.029695585740662035 0.0)
(9.935625378890236 -0.030362979956834096 0.0)
(10.000000000000005 -0.030586024427306405 0.0)
(9.975485732220868 -0.03036297995683573 0.0)
(9.86257113015081 -0.0296955857406653 0.0)
(9.661686456993701 -0.028587426338437923 0.0)
(9.373388257927996 -0.02704755012695241 0.0)
(8.998103827940403 -0.02509069424512534 0.0)
(8.536472120745957 -0.022739987334673015 0.0)
(7.988752499222571 -0.02006602680939138 0.0)
(7.364951767148358 -0.01713684354027452 0.0)
(6.6565424101330395 -0.013319893377288063 0.0)
(5.827183361765053 -0.008051139142836384 0.0)
(4.880187350750274 -0.00282098462384005 0.0)
(3.8287313287651488 0.0002746409178425443 0.0)
(2.661509569055486 0.0008863653569242448 0.0)
(1.382421840109821 0.00037066882059677385 0.0)
(0.0256761119384028 3.348038346749574e-05 0.0)
(-0.025690340577610125 3.3494919588378706e-05 0.0)
(1.1953090878383565 0.0003707482665114465 0.0)
(2.3162375120643954 0.0008859142026686023 0.0)
(3.371468165241019 0.00027141233405225657 0.0)
(4.364953553993864 -0.0028299544712585166 0.0)
(5.284689511115633 -0.008066071559475772 0.0)
(6.143156812454625 -0.01333563575534343 0.0)
(6.945315406472958 -0.01714808856857457 0.0)
(7.655482022042877 -0.02007386537946185 0.0)
(8.263487339997033 -0.022746526335555267 0.0)
(8.779619310613496 -0.025096167790712474 0.0)
(9.204359684141139 -0.027052153562741803 0.0)
(9.538294709670202 -0.02859137215298936 0.0)
(9.7818628532716 -0.029699073720130566 0.0)
(9.935620566376775 -0.030366193818013178 0.0)
(10.000000000000005 -0.030589149872578044 0.0)
(9.97549054473433 -0.030366193818014812 0.0)
(9.862581591172859 -0.029699073720133837 0.0)
(9.661705290329799 -0.028591372152993136 0.0)
(9.373418093636628 -0.027052153562747504 0.0)
(8.998158467164288 -0.025096167790718618 0.0)
(8.536512660002955 -0.02274652633556324 0.0)
(7.988962422401566 -0.02007386537947089 0.0)
(7.365795704638173 -0.017148088568582347 0.0)
(6.656843187545397 -0.01333563575535072 0.0)
(5.826421599995472 -0.00806607155948319 0.0)
(4.879490890450569 -0.002829954471262839 0.0)
(3.8285318347589627 0.0002714123340506711 0.0)
(2.6615402657133833 0.0008859142026681551 0.0)
(1.382468689939435 0.0003707482665112326 0.0)
(0.02569034057760952 3.349491958835817e-05 0.0)
(-0.025709331220208013 3.349543701436336e-05 0.0)
(1.1952441676170504 0.0003706253857369578 0.0)
(2.316165670693795 0.0008846213833428371 0.0)
(3.371602981531311 0.00026617840107957054 0.0)
(4.365626436175108 -0.0028425000721006045 0.0)
(5.285610023843751 -0.00808657711858276 0.0)
(6.143117066631892 -0.01335902679672127 0.0)
(6.944533157658478 -0.017167940356785583 0.0)
(7.655232142529821 -0.02009000554397548 0.0)
(8.2634460868028 -0.022760844596856684 0.0)
(8.779565437391565 -0.025108923568244446 0.0)
(9.20432991748151 -0.02706354842975123 0.0)
(9.538275903649499 -0.02860168518162704 0.0)
(9.781852449885648 -0.02970860404284658 0.0)
(9.935615747814898 -0.030375247454749413 0.0)
(10.000000000000005 -0.030598046110287342 0.0)
(9.975495363296206 -0.030375247454751054 0.0)
(9.86259199455881 -0.029708604042849866 0.0)
(9.661724096350504 -0.02860168518163085 0.0)
(9.373447860296256 -0.027063548429756973 0.0)
(8.99821234038622 -0.025108923568250632 0.0)
(8.536553913197189 -0.022760844596864713 0.0)
(7.989212301914623 -0.02009000554398458 0.0)
(7.366577953452655 -0.017167940356793435 0.0)
(6.656882933368129 -0.013359026796728643 0.0)
(5.825501087267351 -0.008086577118590253 0.0)
(4.878818008269324 -0.002842500072104974 0.0)
(3.828397018468671 0.00026617840107796397 0.0)
(2.661612107083984 0.0008846213833423836 0.0)
(1.382533610160741 0.0003706253857367427 0.0)
(0.02570933122020748 3.349543701434277e-05 0.0)
(-0.02573224945210377 3.348191301071905e-05 0.0)
(1.195164029479808 0.0003703055774299479 0.0)
(2.316055841188885 0.00088254370306342 0.0)
(3.371667196524554 0.00025916908836566484 0.0)
(4.366246175025851 -0.002858070195612558 0.0)
(5.286648841885166 -0.008111754843396688 0.0)
(6.1433400987575215 -0.01338903874184892 0.0)
(6.943846968101157 -0.01719552665364366 0.0)
(7.654953285931364 -0.020113738133622137 0.0)
(8.263405932261216 -0.022782313000362278 0.0)
(8.7795146972624 -0.025128401112186435 0.0)
(9.204301527763455 -0.027081234058364944 0.0)
(9.538257951246333 -0.02861791228873603 0.0)
(9.781842561241538 -0.029723757963865158 0.0)
(9.9356111349234 -0.03038974306680777 0.0)
(10.000000000000005 -0.030612322256024563 0.0)
(9.975499976187704 -0.030389743066809426 0.0)
(9.86260188320292 -0.02972375796386847 0.0)
(9.661742048753668 -0.028617912288739868 0.0)
(9.373476250014312 -0.027081234058370728 0.0)
(8.998263080515384 -0.02512840111219268 0.0)
(8.536594067738772 -0.02278231300037037 0.0)
(7.98949115851308 -0.02011373813363132 0.0)
(7.367264143009977 -0.0171955266536516 0.0)
(6.656659901242497 -0.013389038741856393 0.0)
(5.824462269225933 -0.008111754843404262 0.0)
(4.878198269418579 -0.0028580701956169787 0.0)
(3.8283328034754285 0.00025916908836403393 0.0)
(2.6617219365888944 0.0008825437030629583 0.0)
(1.382613748297984 0.0003703055774297314 0.0)
(0.025732249452103312 3.3481913010698376e-05 0.0)
(-0.02575808828811562 3.345494179742446e-05 0.0)
(1.1950721945497709 0.00036980289338235417 0.0)
(2.3159128492571845 0.0008797724513008198 0.0)
(3.3716579887314215 0.00025069237228801336 0.0)
(4.366785540354772 -0.002875980719051997 0.0)
(5.2877603214756 -0.00814049847075058 0.0)
(6.143816109207941 -0.013424352920762774 0.0)
(6.943286987714796 -0.017229635367732563 0.0)
(7.65465770469629 -0.020144020381830306 0.0)
(8.26336864068938 -0.02280998826369733 0.0)
(8.77946931965445 -0.025153744614890786 0.0)
(9.204275762379245 -0.027104433374416603 0.0)
(9.53824164125646 -0.028639340484916606 0.0)
(9.781833621828204 -0.029743869647620068 0.0)
(9.935606930384292 -0.030409043743513386 0.0)
(10.000000000000005 -0.030631351042063482 0.0)
(9.975504180726812 -0.030409043743515055 0.0)
(9.862610822616254 -0.029743869647623402 0.0)
(9.66175835874354 -0.028639340484920485 0.0)
(9.373502015398522 -0.027104433374422435 0.0)
(8.998308458123335 -0.025153744614897097 0.0)
(8.536631359310608 -0.022809988263705505 0.0)
(7.989786739748155 -0.020144020381839572 0.0)
(7.36782412339634 -0.01722963536774061 0.0)
(6.656183890792076 -0.013424352920770355 0.0)
(5.823350789635494 -0.008140498470758241 0.0)
(4.877658904089658 -0.0028759807190564713 0.0)
(3.828342011268561 0.0002506923722863558 0.0)
(2.6618649285205955 0.0008797724513003489 0.0)
(1.382705583228021 0.0003698028933821357 0.0)
(0.02575808828811523 3.345494179740366e-05 0.0)
(-0.025785712417060014 3.3415708440249306e-05 0.0)
(1.194972697885758 0.00036913942061159345 0.0)
(2.3157429777025755 0.0008764293917876233 0.0)
(3.3715757627254996 0.0002411207042433542 0.0)
(4.367220833436059 -0.0028954446867853686 0.0)
(5.288895626235247 -0.008171545058243489 0.0)
(6.144524182954793 -0.013463417693046825 0.0)
(6.942877821013114 -0.017268767824555362 0.0)
(7.6543583861233175 -0.020179521742013515 0.0)
(8.263335850610734 -0.022842654386421385 0.0)
(8.77943129837679 -0.0251838405292133 0.0)
(9.204253753412727 -0.027132127042400835 0.0)
(9.538227690310995 -0.028665028254430375 0.0)
(9.781826024427112 -0.0297680554235204 0.0)
(9.935603318937332 -0.030432301448441397 0.0)
(10.000000000000005 -0.030654296378357735 0.0)
(9.975507792173772 -0.03043230144844308 0.0)
(9.862618420017347 -0.029768055423523763 0.0)
(9.661772309689006 -0.028665028254434288 0.0)
(9.373524024365041 -0.027132127042406723 0.0)
(8.998346479400993 -0.025183840529219674 0.0)
(8.536664149389255 -0.022842654386429635 0.0)
(7.990086058321128 -0.02017952174202288 0.0)
(7.368233290098021 -0.01726876782456352 0.0)
(6.655475817045221 -0.013463417693054513 0.0)
(5.822215484875845 -0.008171545058251233 0.0)
(4.87722361100837 -0.0028954446867898984 0.0)
(3.828424237274483 0.000241120704241669 0.0)
(2.662034800075205 0.000876429391787142 0.0)
(1.3828050798920344 0.0003691394206113727 0.0)
(0.0257857124170597 3.3415708440228374e-05 0.0)
)
