(
(-0.013232855070942788 -7.012509415399924e-05 0.0)
(1.258422874359198 -0.0010628191464232325 0.0)
(2.473243162812851 -0.004791150400539358 0.0)
(3.631128406712137 -0.012637516616754399 0.0)
(4.694051389008661 -0.0246709385836654 0.0)
(5.629884708582388 -0.04027178226854208 0.0)
(6.449352600113603 -0.05815919029865223 0.0)
(7.188263601947488 -0.0759072655657644 0.0)
(7.848317394779779 -0.09177980467643358 0.0)
(8.421021589585347 -0.10571411023645307 0.0)
(8.905820786697994 -0.11776293837550583 0.0)
(9.30195915945403 -0.12777633316713038 0.0)
(9.60954132883441 -0.13564818951909743 0.0)
(9.828447483962647 -0.14130937463969112 0.0)
(9.958632723217347 -0.14471969317805786 0.0)
(10.000000000000004 -0.14585842056480738 0.0)
(9.95247838789379 -0.14471969317805755 0.0)
(9.815996960481801 -0.1413093746396907 0.0)
(9.590458671165607 -0.1356481895190955 0.0)
(9.275818618323758 -0.12777633316712964 0.0)
(8.871956991079795 -0.11776293837550496 0.0)
(8.378978410414678 -0.1057141102364526 0.0)
(7.796127049664659 -0.09177980467643393 0.0)
(7.122847509163604 -0.0759072655657641 0.0)
(6.350647399886424 -0.05815919029865095 0.0)
(5.48122640252871 -0.04027178226854114 0.0)
(4.550393055435711 -0.024670938583665085 0.0)
(3.5688715932878132 -0.012637516616754467 0.0)
(2.5045346149649035 -0.004791150400539793 0.0)
(1.3193549034185714 -0.0010628191464233446 0.0)
(0.013232855070928548 -7.01250941540097e-05 0.0)
(-0.01323300436297372 -7.006508397622531e-05 0.0)
(1.2584299612490166 -0.0010620926917584528 0.0)
(2.4733406970427674 -0.004788965821022069 0.0)
(3.631547153402601 -0.01263461899279925 0.0)
(4.6948722870523145 -0.024669214017952825 0.0)
(5.630197617361437 -0.040270114393372 0.0)
(6.448202935704529 -0.058151811152889435 0.0)
(7.187163899096007 -0.0758920311447386 0.0)
(7.84821914595929 -0.09176188803284892 0.0)
(8.420980420505913 -0.10569645699223805 0.0)
(8.905759820336746 -0.1177457191368102 0.0)
(9.301926975800116 -0.12775973747843183 0.0)
(9.60952106496899 -0.13563223397400312 0.0)
(9.82843609374729 -0.14129395837103448 0.0)
(9.958627586455954 -0.14470462533349818 0.0)
(10.000000000000004 -0.14584347665917194 0.0)
(9.952483524655182 -0.14470462533349787 0.0)
(9.816008350697157 -0.14129395837103406 0.0)
(9.59047893503103 -0.13563223397400118 0.0)
(9.275850801977672 -0.12775973747843108 0.0)
(8.872017957441042 -0.11774571913680933 0.0)
(8.379019579494111 -0.10569645699223755 0.0)
(7.79622529848515 -0.09176188803284924 0.0)
(7.1239472120150875 -0.07589203114473833 0.0)
(6.351797064295499 -0.0581518111528882 0.0)
(5.480913493749659 -0.040270114393371095 0.0)
(4.5495721573920545 -0.02466921401795253 0.0)
(3.5684528465973484 -0.01263461899279932 0.0)
(2.504437080734987 -0.004788965821022503 0.0)
(1.319347816528753 -0.001062092691758564 0.0)
(0.013233004362959514 -7.006508397623569e-05 0.0)
(-0.013240900418115119 -7.00200208004553e-05 0.0)
(1.2584086464072148 -0.0010616001161510803 0.0)
(2.4733841446884295 -0.004787863026595137 0.0)
(3.6319153836790816 -0.012634598781567054 0.0)
(4.695761640892539 -0.02467306767406807 0.0)
(5.63080881102483 -0.04027727329491357 0.0)
(6.447327394419555 -0.058155884292480725 0.0)
(7.186021338404445 -0.07588878254171084 0.0)
(7.848043287266879 -0.09175511332452858 0.0)
(8.42093274095629 -0.10568913232789327 0.0)
(8.905692171383762 -0.11773807836488584 0.0)
(9.301890720336477 -0.12775200488991284 0.0)
(9.609498211137833 -0.1356245363655831 0.0)
(9.828423316337288 -0.14128634297320158 0.0)
(9.958621772103733 -0.14469707494587516 0.0)
(10.000000000000004 -0.1458359543827952 0.0)
(9.952489339007402 -0.1446970749458748 0.0)
(9.81602112810716 -0.14128634297320117 0.0)
(9.590501788862186 -0.1356245363655811 0.0)
(9.275887057441311 -0.1277520048899121 0.0)
(8.872085606394027 -0.11773807836488497 0.0)
(8.379067259043735 -0.1056891323278928 0.0)
(7.796401157177561 -0.09175511332452893 0.0)
(7.1250897727066524 -0.07588878254171061 0.0)
(6.352672605580474 -0.058155884292479545 0.0)
(5.480302300086263 -0.04027727329491271 0.0)
(4.548682803551827 -0.02467306767406781 0.0)
(3.5680846163208675 -0.01263459878156714 0.0)
(2.504393633089325 -0.004787863026595573 0.0)
(1.3193691313705551 -0.001061600116151191 0.0)
(0.013240900418100969 -7.002002080046562e-05 0.0)
(-0.0132561962981495 -6.99918846201918e-05 0.0)
(1.2583598663689473 -0.0010613630624721612 0.0)
(2.473371596739772 -0.004787890472028175 0.0)
(3.632216918176888 -0.012637456871102386 0.0)
(4.696680373948622 -0.024682330229411503 0.0)
(5.631691434841147 -0.04029294442412987 0.0)
(6.4467644459409845 -0.058171230751124056 0.0)
(7.184886121899333 -0.07589766249435496 0.0)
(7.847797545611769 -0.09175977821976218 0.0)
(8.420880645888658 -0.10569245807576998 0.0)
(8.905620812210275 -0.11774035178127268 0.0)
(9.30185198606186 -0.12775347515736646 0.0)
(9.609473771496472 -0.13562543491266896 0.0)
(9.828409713148657 -0.14128686305284116 0.0)
(9.958615535632688 -0.14469737376540784 0.0)
(10.000000000000004 -0.1458361842507395 0.0)
(9.952495575478448 -0.14469737376540753 0.0)
(9.816034731295789 -0.14128686305284074 0.0)
(9.590526228503546 -0.13562543491266701 0.0)
(9.275925791715927 -0.12775347515736576 0.0)
(8.872156965567513 -0.11774035178127183 0.0)
(8.379119354111365 -0.10569245807576956 0.0)
(7.796646898832672 -0.09175977821976258 0.0)
(7.126224989211768 -0.07589766249435481 0.0)
(6.353235554059045 -0.058171230751122946 0.0)
(5.479419676269944 -0.04029294442412909 0.0)
(4.547764070495742 -0.024682330229411284 0.0)
(3.5677830818230603 -0.012637456871102489 0.0)
(2.5044061810379827 -0.004787890472028615 0.0)
(1.319417911408823 -0.0010613630624722729 0.0)
(0.013256196298135419 -6.99918846202021e-05 0.0)
(-0.013278219930091172 -6.998191168772188e-05 0.0)
(1.2582857644398544 -0.0010613919464266702 0.0)
(2.473303604530703 -0.004789046951419065 0.0)
(3.6324385080218287 -0.01264306768217979 0.0)
(4.697588118770854 -0.024696594704246694 0.0)
(5.632806707934611 -0.040316439220272685 0.0)
(6.446538825195081 -0.058197176233502165 0.0)
(7.183808128917085 -0.07591828083379724 0.0)
(7.847492718432711 -0.09177567775158733 0.0)
(8.420826424264986 -0.10570628810859074 0.0)
(8.905548878207819 -0.1177524394962138 0.0)
(9.30181247488943 -0.12776408367993064 0.0)
(9.609448819878038 -0.13563489013474558 0.0)
(9.828395881880622 -0.14129549575860534 0.0)
(9.958609151061944 -0.14470550866251267 0.0)
(10.000000000000004 -0.1458441561630279 0.0)
(9.952501960049192 -0.14470550866251236 0.0)
(9.816048562563825 -0.14129549575860492 0.0)
(9.590551180121981 -0.13563489013474364 0.0)
(9.275965302888357 -0.12776408367993 0.0)
(8.872228899569969 -0.11775243949621302 0.0)
(8.379173575735038 -0.10570628810859038 0.0)
(7.796951726011731 -0.09177567775158782 0.0)
(7.127302982194018 -0.07591828083379717 0.0)
(6.353461174804948 -0.058197176233501166 0.0)
(5.478304403176476 -0.04031643922027199 0.0)
(4.546856325673508 -0.02469659470424653 0.0)
(3.5675614919781196 -0.01264306768217992 0.0)
(2.504474173247052 -0.0047890469514195125 0.0)
(1.3194920133379158 -0.0010613919464267827 0.0)
(0.013278219930077178 -6.998191168773223e-05 0.0)
(-0.013306003635843715 -6.999054019545332e-05 0.0)
(1.2581895965231356 -0.001061685498906487 0.0)
(2.4731831555145005 -0.004791281651179093 0.0)
(3.6325704169615043 -0.012651184686025212 0.0)
(4.698444990712418 -0.0247152343436455 0.0)
(5.63410562724583 -0.040346725364982 0.0)
(6.446660445544657 -0.058232580742585305 0.0)
(7.1828347244972095 -0.07594973162792275 0.0)
(7.847142199278289 -0.09180211332366305 0.0)
(8.420772458484223 -0.10573001476001474 0.0)
(8.905479530024865 -0.11777381039762855 0.0)
(9.30177392286782 -0.12778336433853166 0.0)
(9.609424452610996 -0.13565248658665277 0.0)
(9.828382430253797 -0.1413118617851959 0.0)
(9.958602898917862 -0.14472112220469327 0.0)
(10.000000000000004 -0.1458595198484187 0.0)
(9.952508212193274 -0.14472112220469296 0.0)
(9.816062014190651 -0.14131186178519553 0.0)
(9.590575547389022 -0.13565248658665088 0.0)
(9.276003854909968 -0.12778336433853102 0.0)
(8.872298247752923 -0.11777381039762784 0.0)
(8.379227541515803 -0.10573001476001449 0.0)
(7.797302245166154 -0.09180211332366361 0.0)
(7.128276386613895 -0.07594973162792279 0.0)
(6.35333955445537 -0.05823258074258443 0.0)
(5.477005483865252 -0.040346725364981406 0.0)
(4.545999453731942 -0.024715234343645406 0.0)
(3.567429583038444 -0.01265118468602537 0.0)
(2.504594622263255 -0.004791281651179549 0.0)
(1.3195881812546353 -0.0010616854989066013 0.0)
(0.013306003635829814 -6.999054019546379e-05 0.0)
(-0.013338326650205217 -7.001739102254182e-05 0.0)
(1.2580755880611167 -0.0010622308217526884 0.0)
(2.4730155420005815 -0.004794496382689067 0.0)
(3.632606849158426 -0.012661451236339324 0.0)
(4.6992133403878045 -0.024737430155953002 0.0)
(5.6355311206365775 -0.040382472140466225 0.0)
(6.447123963214051 -0.058275888669015063 0.0)
(7.182008678249122 -0.07599063298637522 0.0)
(7.846761389318891 -0.09183792340531478 0.0)
(8.420721119704044 -0.10576259552438512 0.0)
(8.9054158146937 -0.11780352548720571 0.0)
(9.30173802390233 -0.12781046997630346 0.0)
(9.609401740348481 -0.1356774511124855 0.0)
(9.828369949308051 -0.14133524203934528 0.0)
(9.958597053908212 -0.14474352836147034 0.0)
(10.000000000000004 -0.1458816002546828 0.0)
(9.952514057202924 -0.1447435283614701 0.0)
(9.816074495136396 -0.14133524203934497 0.0)
(9.590598259651538 -0.13567745111248372 0.0)
(9.276039753875459 -0.12781046997630288 0.0)
(8.872361963084089 -0.11780352548720509 0.0)
(8.379278880295981 -0.10576259552438493 0.0)
(7.797683055125553 -0.09183792340531546 0.0)
(7.129102432861983 -0.0759906329863754 0.0)
(6.352876036785973 -0.05827588866901433 0.0)
(5.475579990474501 -0.04038247214046575 0.0)
(4.545231104056554 -0.024737430155952977 0.0)
(3.567393150841523 -0.012661451236339516 0.0)
(2.504762235777174 -0.004794496382689535 0.0)
(1.3197021897166543 -0.0010622308217528053 0.0)
(0.013338326650191414 -7.00173910225524e-05 0.0)
(-0.013373768759057911 -7.00612843927673e-05 0.0)
(1.2579487483770464 -0.001063003954477052 0.0)
(2.4728081286201076 -0.004798549896527626 0.0)
(3.6325462038485115 -0.012673416239683447 0.0)
(4.699859407917934 -0.0247622068977825 0.0)
(5.637020554535127 -0.04042210889880747 0.0)
(6.4479090120848515 -0.058325197141733745 0.0)
(7.181366285133756 -0.07603918777829115 0.0)
(7.8463670206474605 -0.09188153456706748 0.0)
(8.420674663656532 -0.10580259886252023 0.0)
(8.905360531749414 -0.1178402791382715 0.0)
(9.301706355327825 -0.12784420962111076 0.0)
(9.60938168102576 -0.13570868681665008 0.0)
(9.828358987433312 -0.14136460923545913 0.0)
(9.958591872852027 -0.14477174264730605 0.0)
(10.000000000000004 -0.14590942720916397 0.0)
(9.952519238259107 -0.14477174264730575 0.0)
(9.816085457011136 -0.14136460923545882 0.0)
(9.59061831897426 -0.1357086868166483 0.0)
(9.276071422449963 -0.1278442096211103 0.0)
(8.872417246028375 -0.11784027913827093 0.0)
(8.379325336343493 -0.10580259886252015 0.0)
(7.798077423796984 -0.0918815345670683 0.0)
(7.12974482597735 -0.07603918777829147 0.0)
(6.352090987915169 -0.05832519714173315 0.0)
(5.4740905565759475 -0.04042210889880711 0.0)
(4.544585036526424 -0.024762206897782545 0.0)
(3.5674537961514377 -0.012673416239683674 0.0)
(2.504969649157649 -0.004798549896528108 0.0)
(1.319829029400725 -0.0010630039544771714 0.0)
(0.013373768759044212 -7.006128439277804e-05 0.0)
(-0.013410772700978322 -7.01202917117427e-05 0.0)
(1.2578146505745962 -0.001063970927042075 0.0)
(2.4725700287375645 -0.004803264088712398 0.0)
(3.6323911456757316 -0.012686553975699993 0.0)
(4.7003548062774785 -0.024788475924425766 0.0)
(5.638508485940821 -0.04046389407335761 0.0)
(6.448981098545882 -0.05837833963665738 0.0)
(7.180935770729374 -0.07609326259494227 0.0)
(7.845976421101945 -0.0919310306142581 0.0)
(8.420635131535425 -0.10584826710092647 0.0)
(8.90531611022344 -0.11788245646263695 0.0)
(9.301680308603538 -0.12788310081468574 0.0)
(9.609365156012771 -0.1357448212594495 0.0)
(9.828350026274299 -0.1413986730326659 0.0)
(9.958587583395438 -0.14480452537809727 0.0)
(10.000000000000004 -0.14594177804639033 0.0)
(9.952523527715698 -0.14480452537809702 0.0)
(9.816094418170149 -0.14139867303266565 0.0)
(9.590634843987246 -0.13574482125944778 0.0)
(9.27609746917425 -0.12788310081468532 0.0)
(8.872461667554349 -0.1178824564626365 0.0)
(8.3793648684646 -0.1058482671009265 0.0)
(7.798468023342501 -0.09193103061425906 0.0)
(7.130175340381732 -0.07609326259494273 0.0)
(6.351018901454134 -0.05837833963665692 0.0)
(5.472602625170251 -0.04046389407335736 0.0)
(4.544089638166879 -0.024788475924425887 0.0)
(3.5676088543242184 -0.012686553975700255 0.0)
(2.505207749040193 -0.004803264088712893 0.0)
(1.3199631272031755 -0.0010639709270421976 0.0)
(0.01341077270096472 -7.012029171175366e-05 0.0)
(-0.013447712590455265 -7.019182030582308e-05 0.0)
(1.2576791866658805 -0.0010650892524422776 0.0)
(2.4723117040261995 -0.004808431826263155 0.0)
(3.6321484876125267 -0.012700287196303204 0.0)
(4.700677768568825 -0.02481508302290993 0.0)
(5.639929537869785 -0.04050599169999074 0.0)
(6.450293117079371 -0.058432981169780476 0.0)
(7.180736051051302 -0.07615048148781196 0.0)
(7.84560675291179 -0.09198423678112354 0.0)
(8.420604260309801 -0.10589759366075592 0.0)
(8.905284501916363 -0.1179282042658307 0.0)
(9.30166102817488 -0.12792543474913204 0.0)
(9.609352891388358 -0.13578426675957336 0.0)
(9.828343459567947 -0.1414359367300344 0.0)
(9.958584374009318 -0.14484043614062744 0.0)
(10.000000000000004 -0.14597723132975823 0.0)
(9.952526737101818 -0.1448404361406272 0.0)
(9.8161009848765 -0.14143593673003416 0.0)
(9.59064710861166 -0.1357842667595717 0.0)
(9.276116749602908 -0.12792543474913168 0.0)
(8.872493275861425 -0.11792820426583035 0.0)
(8.379395739690223 -0.10589759366075606 0.0)
(7.798837691532657 -0.0919842367811246 0.0)
(7.130375060059803 -0.07615048148781256 0.0)
(6.349706882920642 -0.05843298116978014 0.0)
(5.471181573241283 -0.040505991699990584 0.0)
(4.543766675875532 -0.024815083022910113 0.0)
(3.567851512387424 -0.012700287196303504 0.0)
(2.505466073751559 -0.0048084318262636636 0.0)
(1.3200985911118914 -0.0010650892524424035 0.0)
(0.013447712590441753 -7.019182030583425e-05 0.0)
(-0.013482965356324737 -7.027272733944243e-05 0.0)
(1.2575483086872246 -0.0010663097935054927 0.0)
(2.4720445048012385 -0.0048138260482460254 0.0)
(3.6318288916102643 -0.012714012488903994 0.0)
(4.700814104419736 -0.024840859126003898 0.0)
(5.641221271900003 -0.04054655208600802 0.0)
(6.451787419991228 -0.058486720892101454 0.0)
(7.180775901416817 -0.0762083303634266 0.0)
(7.845274258620983 -0.09203881528602965 0.0)
(8.420583406404841 -0.10594841122321012 0.0)
(8.90526709563937 -0.11797551247307367 0.0)
(9.301649361188616 -0.12796935134881787 0.0)
(9.609345426037677 -0.13582529015390968 0.0)
(9.828339575843318 -0.14147476302887418 0.0)
(9.958582385708223 -0.14487789708168783 0.0)
(10.000000000000004 -0.14601422930685656 0.0)
(9.952528725402914 -0.14487789708168763 0.0)
(9.81610486860113 -0.141474763028874 0.0)
(9.590654573962341 -0.13582529015390807 0.0)
(9.276128416589172 -0.12796935134881757 0.0)
(8.872510682138419 -0.1179755124730734 0.0)
(8.379416593595185 -0.10594841122321037 0.0)
(7.799170185823463 -0.09203881528603083 0.0)
(7.130335209694287 -0.07620833036342733 0.0)
(6.348212580008781 -0.05848672089210126 0.0)
(5.469889839211063 -0.040546552086007964 0.0)
(4.543630340024621 -0.024840859126004144 0.0)
(3.568171108389688 -0.012714012488904329 0.0)
(2.5057332729765203 -0.004813826048246548 0.0)
(1.3202294690905478 -0.0010663097935056218 0.0)
(0.013482965356311305 -7.027272733945381e-05 0.0)
(-0.01351498205654755 -7.035945790555871e-05 0.0)
(1.2574277671775755 -0.0010675789218903197 0.0)
(2.471780171307799 -0.00481920974241553 0.0)
(3.631446400132599 -0.012727126789255198 0.0)
(4.700757823482341 -0.024864671678893783 0.0)
(5.642326931601347 -0.04058379308225099 0.0)
(6.453398350345254 -0.058537197578535594 0.0)
(7.181053570873763 -0.07626426744802316 0.0)
(7.8449935474203825 -0.09209236804931943 0.0)
(8.420573486102972 -0.1059984869575629 0.0)
(8.90526465619243 -0.11802230244828751 0.0)
(9.301645820270776 -0.12801292099869616 0.0)
(9.60934308797458 -0.13586608894956145 0.0)
(9.828338545744167 -0.14151344597264498 0.0)
(9.958581705854465 -0.14491526223606108 0.0)
(10.000000000000004 -0.1460511463542574 0.0)
(9.952529405256671 -0.14491526223606088 0.0)
(9.81610589870028 -0.14151344597264479 0.0)
(9.590656912025437 -0.1358660889495599 0.0)
(9.276131957507014 -0.12801292099869596 0.0)
(8.87251312158536 -0.1180223024482873 0.0)
(8.379426513897053 -0.10599848695756324 0.0)
(7.799450897024065 -0.09209236804932072 0.0)
(7.13005754023734 -0.076264267448024 0.0)
(6.346601649654749 -0.058537197578535496 0.0)
(5.468784179509717 -0.040583793082251005 0.0)
(4.543686620962017 -0.024864671678894078 0.0)
(3.568553599867354 -0.01272712678925556 0.0)
(2.5059976064699607 -0.004819209742416066 0.0)
(1.320350010600197 -0.0010675789218904518 0.0)
(0.01351498205653418 -7.035945790557034e-05 0.0)
(-0.013542355935888806 -7.044820122176591e-05 0.0)
(1.257322858510343 -0.0010688408744173343 0.0)
(2.4715303178759984 -0.0048243463590990545 0.0)
(3.631017819155311 -0.012739053878991317 0.0)
(4.700511398638067 -0.024885474401569425 0.0)
(5.643197936309287 -0.04061607838747519 0.0)
(6.455055126808809 -0.058582193375825445 0.0)
(7.181556859134183 -0.07631583496843848 0.0)
(7.844776953246595 -0.09214254206054591 0.0)
(8.420574935284113 -0.10604562062765778 0.0)
(8.905277290760376 -0.11806651832556117 0.0)
(9.301650561002813 -0.12805422932805977 0.0)
(9.609345979929284 -0.13590487052208708 0.0)
(9.828340414531167 -0.1415502859035659 0.0)
(9.958582364319573 -0.14495088984722168 0.0)
(10.000000000000004 -0.14608636040443587 0.0)
(9.952528746791561 -0.1449508898472215 0.0)
(9.81610402991328 -0.14155028590356575 0.0)
(9.590654020070735 -0.13590487052208552 0.0)
(9.276127216774977 -0.12805422932805957 0.0)
(8.872500487017414 -0.11806651832556105 0.0)
(8.379425064715912 -0.1060456206276582 0.0)
(7.799667491197853 -0.09214254206054728 0.0)
(7.129554251976918 -0.07631583496843941 0.0)
(6.34494487319119 -0.05858219337582543 0.0)
(5.467913174801776 -0.040616078387475274 0.0)
(4.543933045806293 -0.02488547440156976 0.0)
(3.5689821808446434 -0.0127390538789917 0.0)
(2.5062474599017617 -0.004824346359099601 0.0)
(1.3204549192674297 -0.001068840874417469 0.0)
(0.013542355935875485 -7.044820122177775e-05 0.0)
(-0.013563884236169353 -7.053505806910115e-05 0.0)
(1.2572381921804405 -0.0010700402032011755 0.0)
(2.471305922608536 -0.004829010204756696 0.0)
(3.630561979742476 -0.012749269703609338 0.0)
(4.700085657343748 -0.02490235326045397 0.0)
(5.643796015670415 -0.040641989444433396 0.0)
(6.456684953655071 -0.0586197312509556 0.0)
(7.182263652632654 -0.07636076714216562 0.0)
(7.844633992851368 -0.09218713276544659 0.0)
(8.420587690273894 -0.10608774126625937 0.0)
(8.905304444203407 -0.1181062173401379 0.0)
(9.301663375085633 -0.1280914613244878 0.0)
(9.609353974834587 -0.13593993088013864 0.0)
(9.828345100093237 -0.14158366414246903 0.0)
(9.9585843321718 -0.1449832145031141 0.0)
(10.000000000000004 -0.14611832421644935 0.0)
(9.952526778939337 -0.1449832145031139 0.0)
(9.81609934435121 -0.14158366414246895 0.0)
(9.590646025165432 -0.13593993088013714 0.0)
(9.276114402692157 -0.12809146132448765 0.0)
(8.872473333574382 -0.11810621734013783 0.0)
(8.379412309726131 -0.10608774126625987 0.0)
(7.799810451593079 -0.09218713276544804 0.0)
(7.128847458478444 -0.07636076714216666 0.0)
(6.343315046344925 -0.05861973125095564 0.0)
(5.4673150954406475 -0.04064198944443351 0.0)
(4.544358787100614 -0.024902353260454327 0.0)
(3.5694380202574796 -0.012749269703609742 0.0)
(2.506471855169224 -0.004829010204757251 0.0)
(1.3205395855973325 -0.0010700402032013132 0.0)
(0.013563884236156057 -7.053505806911319e-05 0.0)
(-0.013578621043259773 -7.061621211659266e-05 0.0)
(1.257177488271511 -0.0010711242119291922 0.0)
(2.471116845022945 -0.004832996358542525 0.0)
(3.630098910643959 -0.012757325398464872 0.0)
(4.699499305892987 -0.024914566629367026 0.0)
(5.644094891171758 -0.040660387768685774 0.0)
(6.458216219274098 -0.05864816185836641 0.0)
(7.183142896155896 -0.07639708973169211 0.0)
(7.844570947652931 -0.09222418093002448 0.0)
(8.4206111906414 -0.10612299816956512 0.0)
(8.905344923448913 -0.11813965518994451 0.0)
(9.30168369949188 -0.12812298108217124 0.0)
(9.609366721408978 -0.13596972953572448 0.0)
(9.82835239655535 -0.14161211411060076 0.0)
(9.958587522947312 -0.14501081591749473 0.0)
(10.000000000000004 -0.14614563335887407 0.0)
(9.952523588163823 -0.14501081591749454 0.0)
(9.816092047889097 -0.14161211411060068 0.0)
(9.59063327859104 -0.13596972953572303 0.0)
(9.276094078285908 -0.12812298108217116 0.0)
(8.872432854328874 -0.11813965518994447 0.0)
(8.379388809358623 -0.10612299816956562 0.0)
(7.799873496791517 -0.09222418093002599 0.0)
(7.1279682149551995 -0.07639708973169321 0.0)
(6.341783780725895 -0.05864816185836649 0.0)
(5.467016219939305 -0.0406603877686859 0.0)
(4.544945138551378 -0.02491456662936739 0.0)
(3.569901089355998 -0.012757325398465287 0.0)
(2.506660932754816 -0.004832996358543087 0.0)
(1.320600289506262 -0.0010711242119293316 0.0)
(0.013578621043246484 -7.061621211660488e-05 0.0)
(-0.013585918848816741 -7.068809760386078e-05 0.0)
(1.2571434140022582 -0.001072045271241013 0.0)
(2.4709713928424275 -0.0048361296761516535 0.0)
(3.629648958268788 -0.012762867011063442 0.0)
(4.698778107495829 -0.02492157787522228 0.0)
(5.644081430770564 -0.04067046497152349 0.0)
(6.459581642655961 -0.0586662360091806 0.0)
(7.1841559573520275 -0.07642320678888447 0.0)
(7.844590587741965 -0.09225205872570579 0.0)
(8.420644403823477 -0.10614984221374436 0.0)
(8.905396949912902 -0.11816536267703329 0.0)
(9.301710641204329 -0.12814740368062133 0.0)
(9.609383659591298 -0.13599295719043328 0.0)
(9.82836198332431 -0.14163438576840914 0.0)
(9.958591796449277 -0.145032481334711 0.0)
(10.000000000000004 -0.14616708791795266 0.0)
(9.95251931466186 -0.1450324813347108 0.0)
(9.816082461120137 -0.14163438576840906 0.0)
(9.59061634040872 -0.13599295719043178 0.0)
(9.27606713657346 -0.12814740368062125 0.0)
(8.872380827864886 -0.11816536267703327 0.0)
(8.379355596176548 -0.10614984221374492 0.0)
(7.799853856702484 -0.09225205872570733 0.0)
(7.126955153759065 -0.07642320678888556 0.0)
(6.340418357344029 -0.05866623600918068 0.0)
(5.467029680340501 -0.0406704649715236 0.0)
(4.545666336948537 -0.024921577875222645 0.0)
(3.57035104173117 -0.01276286701106386 0.0)
(2.5068063849353335 -0.004836129676152217 0.0)
(1.3206343637755147 -0.0010720452712411537 0.0)
(0.013585918848803434 -7.068809760387314e-05 0.0)
(-0.013585457000615038 -7.074755601410575e-05 0.0)
(1.257137466533736 -0.0010727629114755067 0.0)
(2.4708759569696994 -0.004838272485340578 0.0)
(3.629231892701163 -0.012765651053085563 0.0)
(4.69795375029045 -0.024923078936703567 0.0)
(5.643756225892236 -0.040671778279089535 0.0)
(6.460721229595235 -0.05867315955827711 0.0)
(7.185258324165435 -0.07643797077802945 0.0)
(7.844692050168886 -0.09226954125314922 0.0)
(8.420685870493664 -0.10616709392060573 0.0)
(8.905458237647725 -0.11818221026145209 0.0)
(9.301743016453418 -0.12816365603554197 0.0)
(9.609404045148802 -0.13600859326361084 0.0)
(9.828373439175026 -0.14164950053999492 0.0)
(9.958596964907832 -0.14504725881596617 0.0)
(10.000000000000004 -0.14618174521960917 0.0)
(9.952514146203304 -0.14504725881596603 0.0)
(9.81607100526942 -0.14164950053999484 0.0)
(9.590595954851217 -0.1360085932636094 0.0)
(9.27603476132437 -0.1281636560355419 0.0)
(8.872319540130063 -0.11818221026145205 0.0)
(8.379314129506362 -0.10616709392060626 0.0)
(7.79975239427556 -0.09226954125315073 0.0)
(7.125852786945655 -0.07643797077803052 0.0)
(6.3392787704047535 -0.05867315955827715 0.0)
(5.467354885218831 -0.04067177827908962 0.0)
(4.546490694153919 -0.02492307893670391 0.0)
(3.5707681072987953 -0.012765651053085974 0.0)
(2.5069018208080616 -0.004838272485341143 0.0)
(1.3206403112440368 -0.0010727629114756483 0.0)
(0.0135854570006017 -7.074755601411819e-05 0.0)
(-0.013577255791419725 -7.079197485355746e-05 0.0)
(1.2571599071868307 -0.0010732456008336554 0.0)
(2.4708347306824128 -0.004839330634993696 0.0)
(3.6288660390391265 -0.01276555519881804 0.0)
(4.697062455024337 -0.024919003859915512 0.0)
(5.643133565444183 -0.040664269987052123 0.0)
(6.461584908726621 -0.058668628297574896 0.0)
(7.186401560615058 -0.07644073299645397 0.0)
(7.844870876860279 -0.09227586036208228 0.0)
(8.420733768682332 -0.1061739952817108 0.0)
(8.905526093782436 -0.11818945769116332 0.0)
(9.301779402729936 -0.1281710240481908 0.0)
(9.609426982377387 -0.13601595073480724 0.0)
(9.828386260758379 -0.1416567943099462 0.0)
(9.958602801230366 -0.14505449906576864 0.0)
(10.000000000000004 -0.1461889612488236 0.0)
(9.95250830988077 -0.14505449906576845 0.0)
(9.816058183686069 -0.14165679430994613 0.0)
(9.590573017622631 -0.13601595073480574 0.0)
(9.275998375047852 -0.12817102404819072 0.0)
(8.872251683995351 -0.11818945769116328 0.0)
(8.379266231317693 -0.10617399528171133 0.0)
(7.799573567584168 -0.0922758603620838 0.0)
(7.1247095504960285 -0.07644073299645501 0.0)
(6.338415091273367 -0.058668628297574896 0.0)
(5.467977545666887 -0.04066426998705215 0.0)
(4.5473819894200345 -0.02491900385991582 0.0)
(3.5711339609608332 -0.012765555198818437 0.0)
(2.506943047095348 -0.00483933063499426 0.0)
(1.320617870590942 -0.0010732456008337974 0.0)
(0.013577255791406331 -7.079197485356996e-05 0.0)
(-0.013561675567359151 -7.081940243967241e-05 0.0)
(1.2572097499602994 -0.0010734721308281177 0.0)
(2.4708495253882097 -0.00483925763195108 0.0)
(3.628567472223277 -0.012762583659922031 0.0)
(4.696143383580903 -0.024909531696277045 0.0)
(5.642240807987367 -0.04064826999602733 0.0)
(6.462134731569144 -0.05865284132237954 0.0)
(7.187535434982795 -0.07643137207733382 0.0)
(7.845119210498475 -0.09227073840241899 0.0)
(8.420785993830703 -0.1061702430638783 0.0)
(8.905597536842617 -0.11818678652736431 0.0)
(9.301818201287457 -0.12816918398157146 0.0)
(9.609451463457194 -0.13601470633019816 0.0)
(9.828399884717449 -0.14165594660335507 0.0)
(9.958609048979543 -0.14505388396078764 0.0)
(10.000000000000004 -0.14618841894647358 0.0)
(9.952502062131593 -0.14505388396078744 0.0)
(9.816044559726999 -0.14165594660335498 0.0)
(9.590548536542824 -0.13601470633019666 0.0)
(9.275959576490331 -0.12816918398157137 0.0)
(8.87218024093517 -0.11818678652736421 0.0)
(8.379214006169322 -0.10617024306387877 0.0)
(7.79932523394597 -0.09227073840242042 0.0)
(7.123575676128289 -0.07643137207733477 0.0)
(6.3378652684308445 -0.05865284132237944 0.0)
(5.468870303123706 -0.040648269996027275 0.0)
(4.548301060863471 -0.024909531696277305 0.0)
(3.571432527776683 -0.012762583659922408 0.0)
(2.506928252389551 -0.00483925763195164 0.0)
(1.320568027817473 -0.0010734721308282588 0.0)
(0.013561675567345685 -7.08194024396849e-05 0.0)
(-0.01353940089497533 -7.082863365449404e-05 0.0)
(1.2572848048538605 -0.0010734325481453612 0.0)
(2.4709196910347835 -0.004838056683832867 0.0)
(3.6283493107332907 -0.012756867000380347 0.0)
(4.695236918277979 -0.0248950786353296 0.0)
(5.641117179651188 -0.04062448131634963 0.0)
(6.462346539912974 -0.05862649228349964 0.0)
(7.18861012690329 -0.07641029932232977 0.0)
(7.845426139757728 -0.09225440042369655 0.0)
(8.420840251261298 -0.10615600213269534 0.0)
(8.905669427750903 -0.11817431413610557 0.0)
(9.301857707388343 -0.1281582166848449 0.0)
(9.609476412734363 -0.13600491472664553 0.0)
(9.828413712440401 -0.14164699466689817 0.0)
(9.958615433640695 -0.14504544052761079 0.0)
(10.000000000000004 -0.14618014214033223 0.0)
(9.952495677470441 -0.1450454405276106 0.0)
(9.816030732004046 -0.14164699466689804 0.0)
(9.590523587265656 -0.13600491472664397 0.0)
(9.275920070389445 -0.1281582166848447 0.0)
(8.872108350026885 -0.11817431413610542 0.0)
(8.379159748738727 -0.10615600213269573 0.0)
(7.799018304686717 -0.09225440042369792 0.0)
(7.122500984207792 -0.07641029932233065 0.0)
(6.337653460087015 -0.05862649228349945 0.0)
(5.469993931459889 -0.04062448131634948 0.0)
(4.549207526166397 -0.024895078635329804 0.0)
(3.571650689266669 -0.012756867000380699 0.0)
(2.5068580867429766 -0.004838056683833419 0.0)
(1.3204929729239117 -0.001073432548145501 0.0)
(0.013539400894961777 -7.08286336545065e-05 0.0)
(-0.013511410482622437 -7.08192628953311e-05 0.0)
(1.2573817740928002 -0.001073128591976052 0.0)
(2.4710421446719883 -0.0048357805581023 0.0)
(3.628221140185923 -0.012748656399754917 0.0)
(4.694382887542645 -0.024876279718130074 0.0)
(5.639812050609115 -0.04059394917908389 0.0)
(6.462211027286977 -0.058590738909499396 0.0)
(7.189578416379651 -0.07637844062974523 0.0)
(7.845778178727896 -0.09222756428681055 0.0)
(8.420894157001879 -0.106131898208625 0.0)
(8.905738607752305 -0.11815258853144145 0.0)
(9.301896185206799 -0.1281386040409651 0.0)
(9.609500733983296 -0.13598700614929624 0.0)
(9.828427136362384 -0.1416303318322864 0.0)
(9.95862167468349 -0.145029539755245 0.0)
(10.000000000000004 -0.14616449449811955 0.0)
(9.952489436427646 -0.1450295397552448 0.0)
(9.816017308082062 -0.14163033183228627 0.0)
(9.590499266016723 -0.13598700614929468 0.0)
(9.27588159257099 -0.12813860404096492 0.0)
(8.872039170025483 -0.11815258853144124 0.0)
(8.379105842998147 -0.10613189820862533 0.0)
(7.798666265716547 -0.09222756428681181 0.0)
(7.12153269473143 -0.076378440629746 0.0)
(6.337788972713013 -0.05859073890949908 0.0)
(5.471299060501966 -0.040593949179083655 0.0)
(4.550061556901733 -0.024876279718130216 0.0)
(3.571778859814037 -0.012748656399755238 0.0)
(2.5067356331057713 -0.004835780558102843 0.0)
(1.3203960036849716 -0.00107312859197619 0.0)
(0.01351141048260879 -7.081926289534349e-05 0.0)
(-0.013478934177812249 -7.079170189619792e-05 0.0)
(1.2574963970261595 -0.0010725736175981977 0.0)
(2.471211505911028 -0.004832529263559926 0.0)
(3.628188592160543 -0.012738312616816353 0.0)
(4.693618815923005 -0.024853960934708586 0.0)
(5.638382765843593 -0.040558015110484624 0.0)
(6.461734147868026 -0.05854715213822341 0.0)
(7.19039775854372 -0.07633719581224853 0.0)
(7.846159859460667 -0.09219140912252043 0.0)
(8.42094534253282 -0.10609899037399408 0.0)
(8.905802037204124 -0.11812256429669502 0.0)
(9.30193194409787 -0.12811120779362395 0.0)
(9.60952335857281 -0.13596176746827623 0.0)
(9.828439566660826 -0.14160669023398875 0.0)
(9.958627497887928 -0.14500688029453843 0.0)
(10.000000000000004 -0.14614216354860768 0.0)
(9.952483613223208 -0.14500688029453823 0.0)
(9.81600487778362 -0.14160669023398856 0.0)
(9.590476641427209 -0.13596176746827462 0.0)
(9.275845833679918 -0.1281112077936237 0.0)
(8.871975740573664 -0.11812256429669475 0.0)
(8.379054657467204 -0.1060989903739943 0.0)
(7.798284584983775 -0.09219140912252158 0.0)
(7.120713352567359 -0.07633719581224915 0.0)
(6.338265852131967 -0.05854715213822295 0.0)
(5.472728345267492 -0.04055801511048426 0.0)
(4.550825628521374 -0.024853960934708652 0.0)
(3.5718114078394168 -0.012738312616816643 0.0)
(2.5065662718667308 -0.004832529263560455 0.0)
(1.320281380751612 -0.0010725736175983336 0.0)
(0.013478934177798505 -7.079170189621017e-05 0.0)
(-0.01344339892996441 -7.0747161636975e-05 0.0)
(1.2576236373319434 -0.001071792009570664 0.0)
(2.4714203333288967 -0.004828445656139858 0.0)
(3.6282530967578412 -0.012726290138463561 0.0)
(4.692978275328198 -0.024829102931577595 0.0)
(5.636892125512416 -0.04051825798778655 0.0)
(6.460936854865364 -0.05849764709266182 0.0)
(7.191032152999755 -0.07628837709166521 0.0)
(7.846554411602909 -0.09214752352260107 0.0)
(8.420991558855537 -0.10605872453885305 0.0)
(8.905856929132286 -0.11808556064181325 0.0)
(9.301963412881305 -0.12807723168380952 0.0)
(9.609543292419835 -0.13593030762505662 0.0)
(9.828450457171154 -0.14157710864058337 0.0)
(9.958632647393056 -0.14497845776074023 0.0)
(10.000000000000004 -0.1461141304728649 0.0)
(9.95247846371808 -0.14497845776073998 0.0)
(9.815993987273293 -0.14157710864058312 0.0)
(9.590456707580184 -0.13593030762505495 0.0)
(9.275814364896483 -0.12807723168380916 0.0)
(8.871920848645502 -0.11808556064181287 0.0)
(8.379008441144489 -0.10605872453885319 0.0)
(7.797890032841532 -0.09214752352260211 0.0)
(7.120078958111323 -0.0762883770916657 0.0)
(6.3390631451346335 -0.058497647092661226 0.0)
(5.4742189855986725 -0.04051825798778608 0.0)
(4.551466169116182 -0.0248291029315776 0.0)
(3.5717469032421176 -0.012726290138463816 0.0)
(2.506357444448861 -0.004828445656140375 0.0)
(1.320154140445828 -0.0010717920095707973 0.0)
(0.013443398929950562 -7.074716163698706e-05 0.0)
(-0.013406366092859449 -7.068759913516846e-05 0.0)
(1.2577579043038951 -0.0010708181103202693 0.0)
(2.4716594514308925 -0.004823709162081389 0.0)
(3.6284118197638207 -0.01271311721040086 0.0)
(4.692489409940123 -0.024802797923918266 0.0)
(5.635405625624686 -0.04047642466622742 0.0)
(6.459854179874919 -0.05844439893394969 0.0)
(7.191453725615949 -0.07623412947326637 0.0)
(7.846944499255304 -0.09209783574002654 0.0)
(8.421030775309356 -0.10601286991033378 0.0)
(8.905900871685892 -0.11804320343969538 0.0)
(9.301989208876329 -0.12803816855962952 0.0)
(9.609559659667596 -0.13589400890759437 0.0)
(9.828459329384268 -0.14154288681316646 0.0)
(9.95863689693904 -0.14494552098798788 0.0)
(10.000000000000004 -0.14608162699295427 0.0)
(9.952474214172096 -0.14494552098798763 0.0)
(9.81598511506018 -0.1415428868131662 0.0)
(9.590440340332421 -0.13589400890759265 0.0)
(9.27578856890146 -0.1280381685596291 0.0)
(8.871876906091895 -0.11804320343969492 0.0)
(8.378969224690668 -0.1060128699103338 0.0)
(7.797499945189136 -0.09209783574002747 0.0)
(7.11965738549513 -0.07623412947326669 0.0)
(6.340145820125081 -0.05844439893394894 0.0)
(5.475705485486406 -0.040476424666226835 0.0)
(4.551955034504258 -0.024802797923918186 0.0)
(3.5715881802361373 -0.012713117210401076 0.0)
(2.506118326346865 -0.004823709162081894 0.0)
(1.3200198734738755 -0.0010708181103203996 0.0)
(0.013406366092845503 -7.068759913518033e-05 0.0)
(-0.013369462821610101 -7.061563145814116e-05 0.0)
(1.257893298496902 -0.0010696947111983775 0.0)
(2.4719183538050675 -0.004818527894268275 0.0)
(3.6286577871799737 -0.012699372626988135 0.0)
(4.692173699609578 -0.024776201705643482 0.0)
(5.633988580265996 -0.040434353225424643 0.0)
(6.458533693655077 -0.058389747288766045 0.0)
(7.19164395326279 -0.07617683649816122 0.0)
(7.847312982680052 -0.09204452896506192 0.0)
(8.421061268795045 -0.10596344125692471 0.0)
(8.905931934109525 -0.11799735378831214 0.0)
(9.302008198654114 -0.1279957347832965 0.0)
(9.609571741169175 -0.13585446621512806 0.0)
(9.828465793471352 -0.1415055283962277 0.0)
(9.958640059808607 -0.14490951715782005 0.0)
(10.000000000000004 -0.14604608125231963 0.0)
(9.95247105130253 -0.1449095171578198 0.0)
(9.815978650973095 -0.1415055283962274 0.0)
(9.590428258830844 -0.13585446621512634 0.0)
(9.275769579123674 -0.12799573478329598 0.0)
(8.871845843668263 -0.11799735378831157 0.0)
(8.37893873120498 -0.10596344125692463 0.0)
(7.797131461764388 -0.09204452896506271 0.0)
(7.119467157848289 -0.07617683649816143 0.0)
(6.341466306344929 -0.05838974728876517 0.0)
(5.4771225308451 -0.04043435322542395 0.0)
(4.552270744834803 -0.02477620170564334 0.0)
(3.5713422128199834 -0.012699372626988314 0.0)
(2.5058594239726895 -0.004818527894268766 0.0)
(1.3198844792808684 -0.0010696947111985048 0.0)
(0.013369462821596066 -7.061563145815282e-05 0.0)
(-0.013334310578442435 -7.053442073396057e-05 0.0)
(1.2580238709378195 -0.0010684711723072042 0.0)
(2.4721856647547487 -0.004813129508129364 0.0)
(3.6289801916480195 -0.012685660300075532 0.0)
(4.692045016070911 -0.024750482865927837 0.0)
(5.632703251816994 -0.04039389220751956 0.0)
(6.457033415954573 -0.05833609345041793 0.0)
(7.191594477685488 -0.07611901551486137 0.0)
(7.847643671389589 -0.09198994539987716 0.0)
(8.421081699484624 -0.10591261038322951 0.0)
(8.905948751577117 -0.11795002623746573 0.0)
(9.302019547838563 -0.12795179481731206 0.0)
(9.60957900608549 -0.13581341698122348 0.0)
(9.828469565412249 -0.14146667485026204 0.0)
(9.958641997031052 -0.14487202821266718 0.0)
(10.000000000000004 -0.1460090550657754 0.0)
(9.952469114080085 -0.14487202821266687 0.0)
(9.815974879032199 -0.14146667485026174 0.0)
(9.590420993914528 -0.13581341698122165 0.0)
(9.275758229939225 -0.12795179481731153 0.0)
(8.87182902620067 -0.1179500262374651 0.0)
(8.3789183005154 -0.10591261038322931 0.0)
(7.7968007730548505 -0.09198994539987781 0.0)
(7.119516633425592 -0.07611901551486144 0.0)
(6.342966584045436 -0.05833609345041693 0.0)
(5.478407859294104 -0.040393892207518795 0.0)
(4.552399428373469 -0.024750482865927632 0.0)
(3.5710198083519367 -0.012685660300075683 0.0)
(2.505592113023007 -0.004813129508129841 0.0)
(1.3197539068399504 -0.001068471172307328 0.0)
(0.01333431057842832 -7.053442073397198e-05 0.0)
(-0.013302453888612023 -7.044753521327634e-05 0.0)
(1.2581438845124697 -0.0010672012537072265 0.0)
(2.4724496391258395 -0.004807751198875531 0.0)
(3.629364867305454 -0.012672582724221605 0.0)
(4.6921090134433925 -0.024726771443537143 0.0)
(5.631606115258289 -0.04035681939561761 0.0)
(6.455419266230889 -0.058285794870405416 0.0)
(7.191307472750398 -0.07606320707159252 0.0)
(7.847922035526998 -0.09193648334646866 0.0)
(8.421091169690975 -0.10586261070484583 0.0)
(8.905950585159912 -0.11790330027315707 0.0)
(9.302022757767277 -0.1279082793033957 0.0)
(9.609581135209412 -0.1357726648341208 0.0)
(9.828470479474774 -0.14142803332899873 0.0)
(9.958642623488362 -0.14483470134819512 0.0)
(10.000000000000004 -0.14597217529622084 0.0)
(9.952468487622772 -0.14483470134819482 0.0)
(9.815973964969674 -0.14142803332899836 0.0)
(9.590418864790607 -0.13577266483411896 0.0)
(9.27575502001051 -0.12790827930339513 0.0)
(8.871827192617875 -0.11790330027315636 0.0)
(8.37890883030905 -0.10586261070484555 0.0)
(7.796522408917442 -0.09193648334646923 0.0)
(7.119803638360684 -0.07606320707159248 0.0)
(6.344580733769124 -0.058285794870404306 0.0)
(5.479504995852811 -0.04035681939561675 0.0)
(4.552335431000986 -0.024726771443536896 0.0)
(3.570635132694501 -0.012672582724221724 0.0)
(2.5053281386519157 -0.004807751198875996 0.0)
(1.3196338932653 -0.0010672012537073473 0.0)
(0.013302453888597845 -7.044753521328753e-05 0.0)
(-0.013275292476789852 -7.035879248691477e-05 0.0)
(1.258248066043941 -0.0010659407532984766 0.0)
(2.472698678367401 -0.004802629279576051 0.0)
(3.629794912207634 -0.012660714504184618 0.0)
(4.692362879799555 -0.02470610927499244 0.0)
(5.630745376763114 -0.04032476370125093 0.0)
(6.45376216726988 -0.0582410615763156 0.0)
(7.190795548929306 -0.07601186328925323 0.0)
(7.848135844281332 -0.09188649182965715 0.0)
(8.42108926331055 -0.10581563911617005 0.0)
(8.905937354293634 -0.11785922894877515 0.0)
(9.30201768740186 -0.12786710023361958 0.0)
(9.60957803499113 -0.13573400034860986 0.0)
(9.828468495496693 -0.14139130167018932 0.0)
(9.958641911655155 -0.14479917663854122 0.0)
(10.000000000000004 -0.14593706237326046 0.0)
(9.952469199455981 -0.14479917663854092 0.0)
(9.815975948947754 -0.14139130167018896 0.0)
(9.590421965008888 -0.13573400034860797 0.0)
(9.275760090375929 -0.12786710023361889 0.0)
(8.871840423484153 -0.11785922894877436 0.0)
(8.378910736689473 -0.10581563911616969 0.0)
(7.796308600163107 -0.09188649182965761 0.0)
(7.120315562181778 -0.0760118632892531 0.0)
(6.346237832730138 -0.05824106157631441 0.0)
(5.480365734347986 -0.04032476370125003 0.0)
(4.552081564644822 -0.02470610927499215 0.0)
(3.5702050877923197 -0.012660714504184713 0.0)
(2.5050790994103536 -0.0048026292795765035 0.0)
(1.3195297117338287 -0.0010659407532985943 0.0)
(0.013275292476775629 -7.035879248692575e-05 0.0)
(-0.013254019765720989 -7.027209174792196e-05 0.0)
(1.2583318379863349 -0.0010647450551628948 0.0)
(2.472921840150764 -0.004797988797994656 0.0)
(3.6302514309683027 -0.012650577107840708 0.0)
(4.692795460716145 -0.0246894042181792 0.0)
(5.630158855606273 -0.0402991335929858 0.0)
(6.452134928968315 -0.05820385906725356 0.0)
(7.190081199218373 -0.07596724011970872 0.0)
(7.8482757032870785 -0.09184216738523439 0.0)
(8.421076064106224 -0.1057737594628765 0.0)
(8.905909640318344 -0.11781974867768708 0.0)
(9.302004559524889 -0.1278300669409746 0.0)
(9.609569841648565 -0.1356991223714493 0.0)
(9.828463700650374 -0.14135809379572328 0.0)
(9.958639892808076 -0.14476701497445713 0.0)
(10.000000000000004 -0.145905259094492 0.0)
(9.95247121830306 -0.14476701497445682 0.0)
(9.815980743794073 -0.14135809379572287 0.0)
(9.590430158351454 -0.13569912237144735 0.0)
(9.2757732182529 -0.1278300669409739 0.0)
(8.871868137459446 -0.11781974867768623 0.0)
(8.3789239358938 -0.10577375946287608 0.0)
(7.79616874115736 -0.09184216738523479 0.0)
(7.121029911892713 -0.07596724011970848 0.0)
(6.347865071031707 -0.05820385906725231 0.0)
(5.480952255504827 -0.04029913359298486 0.0)
(4.5516489837282315 -0.02468940421817889 0.0)
(3.5697485690316495 -0.012650577107840786 0.0)
(2.5048559376269908 -0.0047979887979951 0.0)
(1.3194459397914347 -0.00106474505516301 0.0)
(0.013254019765706738 -7.027209174793272e-05 0.0)
(-0.01323957043941247 -7.019124246815475e-05 0.0)
(1.2583915195537594 -0.0010636666960890905 0.0)
(2.4731093191554296 -0.004794033648402512 0.0)
(3.6307143649882936 -0.012642615953839382 0.0)
(4.6933877493790686 -0.024677390262732763 0.0)
(5.629872322454386 -0.0402810552108904 0.0)
(6.450609049200216 -0.0581758219534074 0.0)
(7.189195810837031 -0.07593129822339294 0.0)
(7.8483354673953905 -0.09180545754819909 0.0)
(8.421052152026885 -0.10573881186031424 0.0)
(8.905868660935411 -0.11778659415077733 0.0)
(9.301983950951266 -0.12779880660058912 0.0)
(9.609556915182196 -0.1356695633771481 0.0)
(9.828456305612592 -0.14132986879885256 0.0)
(9.958636655651572 -0.14473962948062455 0.0)
(10.000000000000004 -0.145878162837802 0.0)
(9.952474455459564 -0.14473962948062424 0.0)
(9.815988138831855 -0.14132986879885215 0.0)
(9.59044308481782 -0.13566956337714617 0.0)
(9.275793826826522 -0.12779880660058837 0.0)
(8.871909116842376 -0.11778659415077646 0.0)
(8.37894784797314 -0.10573881186031377 0.0)
(7.796108977049048 -0.09180545754819944 0.0)
(7.1219153002740585 -0.07593129822339267 0.0)
(6.349390950799808 -0.05817582195340612 0.0)
(5.481238788656714 -0.04028105521088944 0.0)
(4.551056695065305 -0.02467739026273244 0.0)
(3.5692856350116573 -0.01264261595383945 0.0)
(2.5046684586223242 -0.004794033648402949 0.0)
(1.3193862582240101 -0.0010636666960892039 0.0)
(0.013239570439398217 -7.019124246816534e-05 0.0)
(-0.013232579374828 -7.01197970170565e-05 0.0)
(1.2584244884473261 -0.001062753057201965 0.0)
(2.473252877896917 -0.004790937612836953 0.0)
(3.6311633737936826 -0.012637180840722937 0.0)
(4.694113721708042 -0.02467059527987654 0.0)
(5.6298983670499485 -0.040271322886000535 0.0)
(6.449251572331077 -0.05815818213426706 0.0)
(7.188178286130985 -0.07590561682147622 0.0)
(7.8483125106806835 -0.0917779752816318 0.0)
(8.421018577725551 -0.105712331842205 0.0)
(8.905816216703954 -0.11776122211730389 0.0)
(9.301956767184011 -0.1277746927346305 0.0)
(9.609539823557313 -0.13564662213383924 0.0)
(9.828446635307778 -0.14130786683430352 0.0)
(9.95863234242038 -0.14471822342554216 0.0)
(10.000000000000004 -0.14585696416313823 0.0)
(9.952478768690757 -0.1447182234255418 0.0)
(9.81599780913667 -0.1413078668343031 0.0)
(9.590460176442706 -0.13564662213383724 0.0)
(9.275821010593777 -0.12777469273462969 0.0)
(8.871961561073833 -0.11776122211730299 0.0)
(8.378981422274473 -0.10571233184220451 0.0)
(7.796131933763756 -0.09177797528163212 0.0)
(7.122932824980108 -0.07590561682147592 0.0)
(6.35074842766895 -0.058158182134265796 0.0)
(5.481212744061151 -0.04027132288599959 0.0)
(4.550330722736329 -0.024670595279876223 0.0)
(3.568836626206268 -0.012637180840723005 0.0)
(2.5045248998808374 -0.004790937612837389 0.0)
(1.3193532893304434 -0.001062753057202077 0.0)
(0.013232579374813763 -7.011979701706694e-05 0.0)
)
