(
(-0.022684076119161695 -4.82431613916092e-05 0.0)
(1.2218488680540225 -0.0007883604733559768 0.0)
(2.400536398900679 -0.0038814595146492064 0.0)
(3.527954566969102 -0.011098313280669602 0.0)
(4.574895666307339 -0.023066906882001054 0.0)
(5.512167320102682 -0.03909740371377419 0.0)
(6.3462984407966925 -0.05716723512342657 0.0)
(7.099369393577711 -0.074460243385799 0.0)
(7.773447979326435 -0.0896723854426615 0.0)
(8.360906039117134 -0.10305792783789526 0.0)
(8.85777698296568 -0.11464658840807632 0.0)
(9.264756996770767 -0.1242756852772644 0.0)
(9.58237899578572 -0.1318444571811192 0.0)
(9.8106823291811 -0.13728714510313164 0.0)
(9.949855641370904 -0.14056548370724326 0.0)
(10.000000000000005 -0.1416601664457496 0.0)
(9.961255469740225 -0.14056548370724375 0.0)
(9.833762115263353 -0.13728714510313283 0.0)
(9.617621004214296 -0.1318444571811193 0.0)
(9.313020781007015 -0.12427568527726648 0.0)
(8.920000794812108 -0.11464658840807856 0.0)
(8.439093960882882 -0.10305792783789873 0.0)
(7.870996465118005 -0.08967238544266622 0.0)
(7.211741717533376 -0.07446024338580268 0.0)
(6.453701559203314 -0.057167235123429055 0.0)
(5.59894379100841 -0.03909740371377683 0.0)
(4.669548778137047 -0.023066906882002833 0.0)
(3.6720454330308554 -0.011098313280670484 0.0)
(2.577241378877082 -0.0038814595146498478 0.0)
(1.355928909723755 -0.0007883604733561851 0.0)
(0.022684076119149178 -4.8243161391628576e-05 0.0)
(-0.02265074883342733 -4.817090876820143e-05 0.0)
(1.2219720613476628 -0.000787257939866265 0.0)
(2.400782079915701 -0.0038765148295730285 0.0)
(3.528227225864398 -0.011085545076535945 0.0)
(4.5747092100786055 -0.0230426673344431 0.0)
(5.51092456479264 -0.039059187805353494 0.0)
(6.344966878716052 -0.057116964436057044 0.0)
(7.099408904558472 -0.0744066404581883 0.0)
(7.773769108933377 -0.08962206151663492 0.0)
(8.360928636886838 -0.10301113983234762 0.0)
(8.857797711735813 -0.1146030865795642 0.0)
(9.264770281572252 -0.12423534504291672 0.0)
(9.582387473205754 -0.13180680634473463 0.0)
(9.810686798946739 -0.13725153286121025 0.0)
(9.949857880959662 -0.14053113739143486 0.0)
(10.000000000000005 -0.14162624897200862 0.0)
(9.961253230151469 -0.1405311373914353 0.0)
(9.833757645497714 -0.1372515328612114 0.0)
(9.617612526794261 -0.13180680634473474 0.0)
(9.31300749620553 -0.12423534504291875 0.0)
(8.919980066041976 -0.11460308657956636 0.0)
(8.439071363113179 -0.10301113983235101 0.0)
(7.870675335511063 -0.08962206151663953 0.0)
(7.211702206552617 -0.07440664045819184 0.0)
(6.455033121283957 -0.0571169644360594 0.0)
(5.6001865463184535 -0.039059187805356055 0.0)
(4.669735234365779 -0.023042667334444825 0.0)
(3.671772774135558 -0.011085545076536795 0.0)
(2.576995697862059 -0.003876514829573657 0.0)
(1.3558057164301145 -0.0007872579398664704 0.0)
(0.022650748833414735 -4.81709087682206e-05 0.0)
(-0.022619936262128663 -4.8092103497084465e-05 0.0)
(1.2220874789385194 -0.0007860930745679408 0.0)
(2.401028848162932 -0.00387150417865389 0.0)
(3.528562871285789 -0.011073152385395213 0.0)
(4.57469998884347 -0.02301989204777835 0.0)
(5.509836732786301 -0.03902348956844071 0.0)
(6.343505857054936 -0.05706897391299133 0.0)
(7.099226664226807 -0.0743540032143249 0.0)
(7.774046745555312 -0.08957192510408073 0.0)
(8.360941358367846 -0.10296432809642593 0.0)
(8.857804764559638 -0.11455940234375378 0.0)
(9.264776172304076 -0.1241947107269302 0.0)
(9.582391286664462 -0.13176878826271915 0.0)
(9.81068866914586 -0.13721550866677254 0.0)
(9.94985893150708 -0.14049635405590877 0.0)
(10.000000000000005 -0.14159188716227042 0.0)
(9.961252179604049 -0.1404963540559092 0.0)
(9.833755775298593 -0.13721550866677368 0.0)
(9.617608713335555 -0.1317687882627192 0.0)
(9.313001605473707 -0.12419471072693217 0.0)
(8.91997301321815 -0.11455940234375589 0.0)
(8.43905864163217 -0.10296432809642923 0.0)
(7.870397698889127 -0.08957192510408522 0.0)
(7.211884446884283 -0.07435400321432833 0.0)
(6.456494142945077 -0.05706897391299358 0.0)
(5.601274378324796 -0.039023489568443204 0.0)
(4.669744455600915 -0.023019892047780027 0.0)
(3.671437128714166 -0.011073152385396036 0.0)
(2.5767489296148276 -0.003871504178654507 0.0)
(1.3556902988392576 -0.0007860930745681432 0.0)
(0.022619936262116006 -4.809210349710342e-05 0.0)
(-0.022592992253278554 -4.8010208137701e-05 0.0)
(1.2221900495888005 -0.0007849170595111515 0.0)
(2.4012658610970385 -0.0038666477207264516 0.0)
(3.528946755587505 -0.011061679719424343 0.0)
(4.574868407766132 -0.022999581726436645 0.0)
(5.508951621431888 -0.0389918775182577 0.0)
(6.341979570432271 -0.057025372170016755 0.0)
(7.098830679889489 -0.07430464443840708 0.0)
(7.774268690346996 -0.08952417910724463 0.0)
(8.360943644601555 -0.10291954945216696 0.0)
(8.85779783154898 -0.11451745510604858 0.0)
(9.264774410138259 -0.12415556772681086 0.0)
(9.582390268605444 -0.1317320733800444 0.0)
(9.810687857605336 -0.13718065535701776 0.0)
(9.94985874685403 -0.14046266201679375 0.0)
(10.000000000000005 -0.1415585908115918 0.0)
(9.961252364257101 -0.1404626620167942 0.0)
(9.833756586839117 -0.13718065535701884 0.0)
(9.617609731394573 -0.1317320733800444 0.0)
(9.313003367639524 -0.12415556772681277 0.0)
(8.919979946228809 -0.1145174551060506 0.0)
(8.439056355398462 -0.10291954945217018 0.0)
(7.870175754097443 -0.08952417910724904 0.0)
(7.212280431221602 -0.07430464443841042 0.0)
(6.458020429567747 -0.05702537217001892 0.0)
(5.6021594896792095 -0.03899187751826014 0.0)
(4.669576036678251 -0.02299958172643828 0.0)
(3.6710532444124495 -0.01106167971942514 0.0)
(2.5765119166807207 -0.0038666477207270583 0.0)
(1.3555877281889763 -0.0007849170595113511 0.0)
(0.02259299225326585 -4.8010208137719736e-05 0.0)
(-0.022571100677333204 -4.792882102231901e-05 0.0)
(1.2222752665317802 -0.0007837815666460337 0.0)
(2.401482704803298 -0.003862158839667407 0.0)
(3.5293620115956243 -0.011051631166577444 0.0)
(4.575207066827246 -0.02298262876878105 0.0)
(5.508308120903049 -0.0389657406304569 0.0)
(6.340455081089992 -0.0569880749879525 0.0)
(7.09823835037387 -0.07426073286474931 0.0)
(7.774425191460316 -0.08948092139787873 0.0)
(8.36093539513504 -0.10287877139127923 0.0)
(8.857777217327644 -0.11447908795133299 0.0)
(9.264765072501142 -0.12411963591437383 0.0)
(9.58238446376035 -0.1316982748814871 0.0)
(9.810684399982772 -0.13714850432261413 0.0)
(9.949857335113824 -0.1404315416406507 0.0)
(10.000000000000005 -0.1415278229007075 0.0)
(9.961253775997307 -0.14043154164065114 0.0)
(9.83376004446168 -0.13714850432261522 0.0)
(9.617615536239667 -0.1316982748814871 0.0)
(9.313012705276641 -0.12411963591437572 0.0)
(8.920000560450145 -0.11447908795133499 0.0)
(8.439064604864976 -0.10287877139128239 0.0)
(7.870019252984122 -0.08948092139788306 0.0)
(7.212872760737224 -0.07426073286475257 0.0)
(6.459544918910029 -0.05698807498795461 0.0)
(5.6028029902080485 -0.038965740630459295 0.0)
(4.6692373776171365 -0.022982628768782657 0.0)
(3.6706379884043283 -0.011051631166578224 0.0)
(2.5762950729744603 -0.003862158839668004 0.0)
(1.3555025112459964 -0.0007837815666462307 0.0)
(0.02257110067732047 -4.792882102233756e-05 0.0)
(-0.022555223410090145 -4.785151815189487e-05 0.0)
(1.2223393854908844 -0.0007827364874517551 0.0)
(2.4016698515659627 -0.0038582347686983137 0.0)
(3.529790393720841 -0.011043448241883304 0.0)
(4.575701085967223 -0.022969778056756394 0.0)
(5.507934505435771 -0.038946227312072194 0.0)
(6.338999372300827 -0.05695872113674519 0.0)
(7.097475701555227 -0.07422419788756417 0.0)
(7.774509372522666 -0.08944405264059486 0.0)
(8.360916972434767 -0.10284378562715678 0.0)
(8.857743827646802 -0.11444598666219455 0.0)
(9.264748569671417 -0.12408849406772227 0.0)
(9.582374127183455 -0.1316688778112413 0.0)
(9.81067844819978 -0.13712046822119475 0.0)
(9.949854758315748 -0.14040436029987413 0.0)
(10.000000000000005 -0.14150093531533361 0.0)
(9.961256352795381 -0.14040436029987458 0.0)
(9.833765996244672 -0.13712046822119583 0.0)
(9.61762587281656 -0.13166887781124126 0.0)
(9.313029208106366 -0.12408849406772413 0.0)
(8.920033950130987 -0.11444598666219649 0.0)
(8.43908302756525 -0.10284378562715989 0.0)
(7.869935071921772 -0.08944405264059914 0.0)
(7.213635409555869 -0.07422419788756737 0.0)
(6.461000627699197 -0.056958721136747256 0.0)
(5.603176605675326 -0.03894622731207456 0.0)
(4.6687433584771565 -0.022969778056757994 0.0)
(3.670209606279111 -0.011043448241884067 0.0)
(2.5761079262117956 -0.003858234768698904 0.0)
(1.3554383922868922 -0.0007827364874519504 0.0)
(0.0225552234100774 -4.785151815191324e-05 0.0)
(-0.022546058069625393 -4.7781696073133414e-05 0.0)
(1.2223795891963523 -0.0007818277407961942 0.0)
(2.401819078498656 -0.003855047924318669 0.0)
(3.5302130796362747 -0.01103749048808274 0.0)
(4.576328758888837 -0.02296159422713933 0.0)
(5.5078471910101765 -0.03893419494261479 0.0)
(6.337676405245827 -0.056938600370915526 0.0)
(7.0965762428274255 -0.0741966447869103 0.0)
(7.77451753477217 -0.08941519278113856 0.0)
(8.360889185960481 -0.1028161293702705 0.0)
(8.857699129587946 -0.11441960564872089 0.0)
(9.264725626753233 -0.1240635105026256 0.0)
(9.582359713045038 -0.13164517382279317 0.0)
(9.810670263766816 -0.1370977789077654 0.0)
(9.949851129679594 -0.14038231229285097 0.0)
(10.000000000000005 -0.1414791094467819 0.0)
(9.961259981431535 -0.14038231229285142 0.0)
(9.833774180677636 -0.13709777890776642 0.0)
(9.617640286954979 -0.13164517382279306 0.0)
(9.31305215102455 -0.12406351050262743 0.0)
(8.920078648189843 -0.1144196056487228 0.0)
(8.439110814039536 -0.10281612937027358 0.0)
(7.869926909672269 -0.08941519278114281 0.0)
(7.214534868283673 -0.07419664478691351 0.0)
(6.4623235947542 -0.05693860037091758 0.0)
(5.60326392010092 -0.038934194942617156 0.0)
(4.668115685555541 -0.02296159422714093 0.0)
(3.669786920363676 -0.011037490488083503 0.0)
(2.575958699279102 -0.0038550479243192547 0.0)
(1.3553981885814244 -0.0007818277407963879 0.0)
(0.022546058069612653 -4.778169607315165e-05 0.0)
(-0.02254400736423146 -4.772242264043952e-05 0.0)
(1.222394111170916 -0.0007810952553448913 0.0)
(2.4019238288429583 -0.003852738330640347 0.0)
(3.530611497296084 -0.011034019677978351 0.0)
(4.577062506792208 -0.02295843686243134 0.0)
(5.508050014062388 -0.038930172202386044 0.0)
(6.336544308677088 -0.05692859676010416 0.0)
(7.095579494761453 -0.07417928419562352 0.0)
(7.774449319574518 -0.08939560986893673 0.0)
(8.36085325659903 -0.10279701778595231 0.0)
(8.857645087102009 -0.11440110404438131 0.0)
(9.264697251816441 -0.12404578295122803 0.0)
(9.58234185467597 -0.13162820442602985 0.0)
(9.81066020629289 -0.13708143330924913 0.0)
(9.949846608640996 -0.14036636636867417 0.0)
(10.000000000000005 -0.1414633042837873 0.0)
(9.961264502470133 -0.14036636636867456 0.0)
(9.833784238151562 -0.1370814333092502 0.0)
(9.617658145324047 -0.1316282044260298 0.0)
(9.313080525961341 -0.12404578295122987 0.0)
(8.92013269067578 -0.11440110404438322 0.0)
(8.439146743400986 -0.10279701778595536 0.0)
(7.869995124869921 -0.08939560986894098 0.0)
(7.215531616349649 -0.0741792841956267 0.0)
(6.46345569132294 -0.05692859676010624 0.0)
(5.603061097048707 -0.03893017220238844 0.0)
(4.667381937652168 -0.022958436862432947 0.0)
(3.669388502703866 -0.011034019677979115 0.0)
(2.5758539489348 -0.0038527383306409314 0.0)
(1.3553836666068608 -0.0007810952553450837 0.0)
(0.022544007364218747 -4.772242264045766e-05 0.0)
(-0.022549161398151694 -4.76763022200081e-05 0.0)
(1.2223823133455805 -0.0007805712151685321 0.0)
(2.401979500060376 -0.0038514074669842926 0.0)
(3.530968140957181 -0.011033188312616455 0.0)
(4.5778700901368135 -0.022960444691461454 0.0)
(5.508534062918545 -0.03893433584323223 0.0)
(6.33565282484673 -0.05692914984466907 0.0)
(7.094529252643828 -0.07417287890632458 0.0)
(7.774307724180697 -0.08938616434132561 0.0)
(8.360810763020826 -0.10278729060225346 0.0)
(8.857584074716955 -0.1143912947758228 0.0)
(9.264664691603855 -0.12403609032970636 0.0)
(9.582321336740318 -0.13161871522520052 0.0)
(9.810648717685007 -0.13707214962134148 0.0)
(9.94984139384612 -0.14035722316207971 0.0)
(10.000000000000005 -0.14145421427629704 0.0)
(9.96126971726501 -0.1403572231620801 0.0)
(9.833795726759446 -0.1370721496213425 0.0)
(9.6176786632597 -0.13161871522520047 0.0)
(9.313113086173928 -0.12403609032970819 0.0)
(8.920193703060834 -0.11439129477582471 0.0)
(8.43918923697919 -0.10278729060225654 0.0)
(7.8701367202637424 -0.08938616434132986 0.0)
(7.2165818584672765 -0.07417287890632782 0.0)
(6.4643471751533 -0.05692914984467119 0.0)
(5.602577048192548 -0.03893433584323466 0.0)
(4.666574354307561 -0.022960444691463088 0.0)
(3.6690318590427684 -0.011033188312617228 0.0)
(2.575798277717382 -0.0038514074669848777 0.0)
(1.3553954644321966 -0.0007805712151687243 0.0)
(0.022549161398139023 -4.7676302220026175e-05 0.0)
(-0.022561293712564674 -4.764536125873798e-05 0.0)
(1.2223447140952075 -0.0007802786456337615 0.0)
(2.401983646059464 -0.0038511138090648054 0.0)
(3.5312673403495585 -0.011035032920670115 0.0)
(4.578716025187925 -0.022967529493895307 0.0)
(5.5092780693574515 -0.03894650292239172 0.0)
(6.335041123923334 -0.056940235323086286 0.0)
(7.093471662191836 -0.07417771035570721 0.0)
(7.774098970033272 -0.0893872712175083 0.0)
(8.360763572315953 -0.10278737521383031 0.0)
(8.857518773205365 -0.11439060884436023 0.0)
(9.264629376751644 -0.12403485851411808 0.0)
(9.582299060758636 -0.13161712315842966 0.0)
(9.81063630273158 -0.13707033575230496 0.0)
(9.94983571442351 -0.14035528440883838 0.0)
(10.000000000000005 -0.14145223882261057 0.0)
(9.961275396687618 -0.14035528440883882 0.0)
(9.833808141712872 -0.13707033575230598 0.0)
(9.617700939241379 -0.1316171231584296 0.0)
(9.313148401026139 -0.12403485851411994 0.0)
(8.920259004572424 -0.11439060884436217 0.0)
(8.439236427684063 -0.10278737521383342 0.0)
(7.8703454744111685 -0.0893872712175126 0.0)
(7.217639448919272 -0.07417771035571047 0.0)
(6.464958876076696 -0.05694023532308848 0.0)
(5.601833041753638 -0.03894650292239421 0.0)
(4.665728419256447 -0.022967529493896983 0.0)
(3.66873265965039 -0.011035032920670903 0.0)
(2.575794131718294 -0.003851113809065394 0.0)
(1.3554330636825698 -0.0007802786456339542 0.0)
(0.022561293712552066 -4.764536125875604e-05 0.0)
(-0.02257987123577054 -4.763095924586247e-05 0.0)
(1.2222829654620724 -0.000780230401710697 0.0)
(2.401936084672607 -0.0038518702596736353 0.0)
(3.531495949199285 -0.011039472453436066 0.0)
(4.57956314310699 -0.022979379976475235 0.0)
(5.5102493430973025 -0.03896613884066528 0.0)
(6.3347360829263994 -0.05696136611971449 0.0)
(7.092453191995129 -0.07419356625872438 0.0)
(7.773832229407575 -0.08939888186337029 0.0)
(8.360713757957653 -0.10279726790300499 0.0)
(8.857452051796194 -0.11439907638856722 0.0)
(9.264592858929813 -0.12404214162818661 0.0)
(9.58227600549681 -0.1316234981782185 0.0)
(9.81062350692295 -0.13707607140022668 0.0)
(9.94982981991661 -0.14036063529422077 0.0)
(10.000000000000005 -0.14145746472054885 0.0)
(9.96128129119452 -0.14036063529422121 0.0)
(9.833820937521503 -0.13707607140022776 0.0)
(9.617723994503207 -0.13162349817821845 0.0)
(9.31318491884797 -0.1240421416281885 0.0)
(8.920325725981597 -0.11439907638856922 0.0)
(8.439286242042364 -0.10279726790300815 0.0)
(7.870612215036866 -0.08939888186337465 0.0)
(7.218657919115979 -0.07419356625872772 0.0)
(6.46526391707363 -0.05696136611971678 0.0)
(5.600861768013783 -0.038966138840667866 0.0)
(4.664881301337379 -0.02297937997647696 0.0)
(3.6685040508006637 -0.011039472453436875 0.0)
(2.5758416931051515 -0.00385187025967423 0.0)
(1.355494812315705 -0.0007802304017108903 0.0)
(0.022579871235758 -4.763095924588056e-05 0.0)
(-0.02260407770538624 -4.76337289794796e-05 0.0)
(1.2221997805681495 -0.0007804286031490574 0.0)
(2.401838905660133 -0.003853643581754918 0.0)
(3.5316439228517322 -0.011046311845966468 0.0)
(4.580374223082404 -0.022995475450676525 0.0)
(5.511405208146864 -0.03899238083172688 0.0)
(6.334751104799274 -0.05699161378600752 0.0)
(7.091518591770914 -0.07421974993600507 0.0)
(7.773519222398711 -0.08942048612837351 0.0)
(8.360663508697694 -0.10281653400311329 0.0)
(8.857386842106093 -0.11441632536004226 0.0)
(9.264556742664643 -0.12405761966520384 0.0)
(9.582253183960862 -0.13163756017786032 0.0)
(9.810610892483538 -0.1370891045512301 0.0)
(9.949823969319265 -0.1403730407101123 0.0)
(10.000000000000005 -0.14146966235371697 0.0)
(9.961287141791866 -0.14037304071011275 0.0)
(9.833833551960915 -0.1370891045512312 0.0)
(9.617746816039155 -0.13163756017786032 0.0)
(9.31322103511314 -0.12405761966520576 0.0)
(8.920390935671696 -0.11441632536004431 0.0)
(8.439336491302322 -0.10281653400311654 0.0)
(7.870925222045731 -0.08942048612837798 0.0)
(7.219592519340197 -0.07421974993600852 0.0)
(6.465248895200753 -0.05699161378600992 0.0)
(5.599705902964218 -0.03899238083172957 0.0)
(4.664070221361963 -0.022995475450678312 0.0)
(3.6683560771482164 -0.011046311845967305 0.0)
(2.5759388721176264 -0.0038536435817555213 0.0)
(1.355577997209628 -0.0007804286031492522 0.0)
(0.02260407770537379 -4.7633728979497754e-05 0.0)
(-0.02263284953342135 -4.76535487625613e-05 0.0)
(1.2220988144054952 -0.0007808645413402412 0.0)
(2.4016963788900645 -0.0038563558587806036 0.0)
(3.531704759615321 -0.011055250587865854 0.0)
(4.581113627743877 -0.023015108710808613 0.0)
(5.512694877910455 -0.039024075870497645 0.0)
(6.335085529508347 -0.05702964929484501 0.0)
(7.090708926143239 -0.07425511092467126 0.0)
(7.773173701962019 -0.08945113476063761 0.0)
(8.360615032396632 -0.10284432699696282 0.0)
(8.857326009329553 -0.11444159787053482 0.0)
(9.264522614838754 -0.1240806125485395 0.0)
(9.582231598887335 -0.13165869129881658 0.0)
(9.810599013668735 -0.1371088625525035 0.0)
(9.94981841969602 -0.14039195558523382 0.0)
(10.000000000000005 -0.1414882957804285 0.0)
(9.961292691415109 -0.14039195558523432 0.0)
(9.833845430775717 -0.13710886255250465 0.0)
(9.617768401112682 -0.13165869129881663 0.0)
(9.31325516293903 -0.1240806125485415 0.0)
(8.920451768448237 -0.11444159787053695 0.0)
(8.439384967603385 -0.10284432699696615 0.0)
(7.871270742482424 -0.08945113476064216 0.0)
(7.220402184967873 -0.07425511092467482 0.0)
(6.464914470491679 -0.05702964929484754 0.0)
(5.5984162332006235 -0.03902407587050043 0.0)
(4.66333081670049 -0.023015108710810462 0.0)
(3.6682952403846283 -0.011055250587866721 0.0)
(2.576081398887695 -0.0038563558587812173 0.0)
(1.3556789633722828 -0.000780864541340438 0.0)
(0.02263284953340899 -4.765354876257956e-05 0.0)
(-0.022664922538388577 -4.768954775009823e-05 0.0)
(1.221984503242584 -0.0007815190619576538 0.0)
(2.4015147667279346 -0.003859887918260153 0.0)
(3.531675786433957 -0.011065895927168124 0.0)
(4.581748869003285 -0.023037417107339322 0.0)
(5.514061686658046 -0.03905983133495842 0.0)
(6.335724663043712 -0.05707380143555264 0.0)
(7.090059770338542 -0.07429809552757206 0.0)
(7.772810849633376 -0.08948948111533099 0.0)
(8.36057045901445 -0.10287942571124965 0.0)
(8.85727222634748 -0.11447378349216861 0.0)
(9.264491974966377 -0.12411011001296413 0.0)
(9.582212198684866 -0.13168596307829072 0.0)
(9.810588392411933 -0.13713447727361724 0.0)
(9.94981341488717 -0.14041654883457627 0.0)
(10.000000000000005 -0.14151254628200263 0.0)
(9.96129769622396 -0.14041654883457672 0.0)
(9.83385605203252 -0.13713447727361838 0.0)
(9.61778780131515 -0.13168596307829084 0.0)
(9.313285802811405 -0.12411011001296618 0.0)
(8.92050555143031 -0.1144737834921708 0.0)
(8.439429540985566 -0.10287942571125307 0.0)
(7.871633594811067 -0.08948948111533565 0.0)
(7.22105134077257 -0.07429809552757574 0.0)
(6.46427533695631 -0.057073801435555294 0.0)
(5.597049424453029 -0.039059831334961284 0.0)
(4.662695575441081 -0.023037417107341234 0.0)
(3.668324213565992 -0.011065895927169027 0.0)
(2.576263011049826 -0.003859887918260779 0.0)
(1.3557932745351942 -0.000781519061957853 0.0)
(0.022664922538376316 -4.7689547750116644e-05 0.0)
(-0.022698887491125568 -4.774014421243632e-05 0.0)
(1.221861869702788 -0.0007823634065627776 0.0)
(2.4013020488798964 -0.003864084567961756 0.0)
(3.531558276336225 -0.011077780127139442 0.0)
(4.582252035521831 -0.02306142045013715 0.0)
(5.515445579313774 -0.03909807619541355 0.0)
(6.33664042304709 -0.05712213024384179 0.0)
(7.0895996470752864 -0.07434681507989412 0.0)
(7.7724466084802835 -0.08953384032378107 0.0)
(8.36053174702402 -0.10292028797267931 0.0)
(8.857227856285714 -0.11451146804761098 0.0)
(9.264466169307454 -0.12414481599385499 0.0)
(9.582195835762864 -0.13171817724418505 0.0)
(9.810579495391723 -0.1371648232505864 0.0)
(9.949809174794858 -0.1404457398757556 0.0)
(10.000000000000005 -0.14154134833576518 0.0)
(9.961301936316273 -0.14044573987575604 0.0)
(9.833864949052728 -0.1371648232505876 0.0)
(9.617804164237151 -0.13171817724418516 0.0)
(9.313311608470329 -0.1241448159938571 0.0)
(8.920549921492075 -0.11451146804761325 0.0)
(8.439468252975999 -0.10292028797268284 0.0)
(7.871997835964161 -0.08953384032378588 0.0)
(7.221511464035827 -0.07434681507989793 0.0)
(6.4633595769529295 -0.05712213024384456 0.0)
(5.595665531797297 -0.039098076195416526 0.0)
(4.662192408922533 -0.02306142045013913 0.0)
(3.668441723663725 -0.011077780127140375 0.0)
(2.5764757288978646 -0.003864084567962394 0.0)
(1.3559159080749905 -0.0007823634065629796 0.0)
(0.02269888749111339 -4.7740144212454905e-05 0.0)
(-0.02273325203374618 -4.7803115033584034e-05 0.0)
(1.2217363020794942 -0.0007833604761983485 0.0)
(2.4010675717790364 -0.003868761414775077 0.0)
(3.53135739250084 -0.011090381017774592 0.0)
(4.582601019083207 -0.02308606407623244 0.0)
(5.5167857501661075 -0.03913713004266165 0.0)
(6.337792572699265 -0.057172512240291254 0.0)
(7.089348773327886 -0.0743991289336383 0.0)
(7.772096982592647 -0.08958226332352147 0.0)
(8.360500597359373 -0.10296511836823997 0.0)
(8.8571948486836 -0.11455299574643771 0.0)
(9.264446331715428 -0.12418320557390453 0.0)
(9.582183229078186 -0.13175391836498418 0.0)
(9.810572713526899 -0.13719856713669928 0.0)
(9.949805885720982 -0.14047824610782583 0.0)
(10.000000000000005 -0.14157343643216577 0.0)
(9.961305225390149 -0.14047824610782633 0.0)
(9.833871730917554 -0.13719856713670048 0.0)
(9.61781677092183 -0.1317539183649844 0.0)
(9.313331446062355 -0.12418320557390672 0.0)
(8.92058292909419 -0.11455299574644007 0.0)
(8.439499402640644 -0.10296511836824361 0.0)
(7.872347461851799 -0.08958226332352638 0.0)
(7.221762337783227 -0.07439912893364226 0.0)
(6.462207427300751 -0.057172512240294154 0.0)
(5.5943253609449615 -0.039137130042664725 0.0)
(4.661843425361157 -0.023086064076234484 0.0)
(3.6686426074991108 -0.01109038101777556 0.0)
(2.576710205998725 -0.003868761414775728 0.0)
(1.3560414756982846 -0.0007833604761985536 0.0)
(0.02273325203373409 -4.780311503360281e-05 0.0)
(-0.022766506251115818 -4.787569339086199e-05 0.0)
(1.2216133175843507 -0.0007844664614486671 0.0)
(2.4008216379202034 -0.003873712966607189 0.0)
(3.531081961396023 -0.011103144938991746 0.0)
(4.582780485988176 -0.02311026518977881 0.0)
(5.518023314559566 -0.03917527692210163 0.0)
(6.33913048865232 -0.057222733732148326 0.0)
(7.0893181720298415 -0.07445273851377658 0.0)
(7.771777333892347 -0.08963262249653096 0.0)
(8.360478378679792 -0.1030119471323656 0.0)
(8.857174653834784 -0.11459654193753516 0.0)
(9.264433333817799 -0.12422359198519714 0.0)
(9.582174932545492 -0.1317916160412268 0.0)
(9.81056834480019 -0.13723422628733287 0.0)
(9.949803692181433 -0.14051263926641838 0.0)
(10.000000000000005 -0.14160740067895203 0.0)
(9.961307418929698 -0.14051263926641888 0.0)
(9.833876099644263 -0.13723422628733412 0.0)
(9.617825067454525 -0.13179161604122708 0.0)
(9.313344443959984 -0.12422359198519939 0.0)
(8.920603123943005 -0.1145965419375376 0.0)
(8.439521621320226 -0.10301194713236932 0.0)
(7.8726671105521 -0.08963262249653596 0.0)
(7.22179293908127 -0.07445273851378065 0.0)
(6.46086951134769 -0.05722273373215135 0.0)
(5.5930877965515 -0.039175276922104804 0.0)
(4.661663958456189 -0.023110265189780908 0.0)
(3.6689180386039286 -0.011103144938992745 0.0)
(2.576956139857559 -0.003873712966607852 0.0)
(1.3561644601934286 -0.0007844664614488749 0.0)
(0.022766506251103807 -4.7875693390881e-05 0.0)
(-0.02279718901376013 -4.7954690324029773e-05 0.0)
(1.2214983199310798 -0.0007856327673451765 0.0)
(2.40057505318723 -0.003878721661329196 0.0)
(3.5307440849606326 -0.011115511067443554 0.0)
(4.582782550789255 -0.023132960438121707 0.0)
(5.5191038961787635 -0.039210840729638645 0.0)
(6.340595385326927 -0.05727058807893842 0.0)
(7.089509187746206 -0.07450528831343363 0.0)
(7.771501707158493 -0.08968270515287698 0.0)
(8.360466067233407 -0.10305871669483131 0.0)
(8.857168159063981 -0.114640193280932 0.0)
(9.26442774671841 -0.12426420072270544 0.0)
(9.58217131069925 -0.1318296139059848 0.0)
(9.810566581165459 -0.1372702339046448 0.0)
(9.949802690556325 -0.14054740817906514 0.0)
(10.000000000000005 -0.14164174874925597 0.0)
(9.961308420554806 -0.1405474081790657 0.0)
(9.833877863278994 -0.1372702339046461 0.0)
(9.617828689300765 -0.13182961390598508 0.0)
(9.313350031059374 -0.12426420072270775 0.0)
(8.920609618713808 -0.11464019328093453 0.0)
(8.43953393276661 -0.10305871669483511 0.0)
(7.872942737285953 -0.08968270515288208 0.0)
(7.221601923364904 -0.07450528831343783 0.0)
(6.45940461467308 -0.057270588078941545 0.0)
(5.592007214932301 -0.0392108407296419 0.0)
(4.66166189365511 -0.023132960438123854 0.0)
(3.6692559150393205 -0.011115511067444581 0.0)
(2.5772027245905327 -0.0038787216613298714 0.0)
(1.3562794578466997 -0.0007856327673453874 0.0)
(0.022797189013748182 -4.7954690324048984e-05 0.0)
(-0.022823952177221062 -4.803663485236478e-05 0.0)
(1.2213963619061845 -0.0007868081485404812 0.0)
(2.40033865206217 -0.003883567426058162 0.0)
(3.5303586088671115 -0.011126936058069038 0.0)
(4.582607122762865 -0.02315315263356873 0.0)
(5.519980016244219 -0.039242258856631664 0.0)
(6.342122897843155 -0.05731397264821064 0.0)
(7.089913427595856 -0.07455446939054967 0.0)
(7.771282212925528 -0.08973031075226333 0.0)
(8.360464203962652 -0.10310337208662486 0.0)
(8.857175649739537 -0.11468203181645725 0.0)
(9.264429815904187 -0.12430324751279495 0.0)
(9.58217252267676 -0.13186624240259576 0.0)
(9.810567500113587 -0.1373050078798045 0.0)
(9.949802924855232 -0.1405810251633523 0.0)
(10.000000000000005 -0.14167497145170646 0.0)
(9.961308186255899 -0.14058102516335286 0.0)
(9.833876944330866 -0.13730500787980582 0.0)
(9.617827477323257 -0.1318662424025961 0.0)
(9.313347961873596 -0.12430324751279731 0.0)
(8.920602128038253 -0.11468203181645983 0.0)
(8.439535796037365 -0.10310337208662874 0.0)
(7.8731622315189185 -0.08973031075226855 0.0)
(7.221197683515253 -0.07455446939055396 0.0)
(6.457877102156848 -0.05731397264821385 0.0)
(5.591131094866844 -0.03924225885663497 0.0)
(4.661837321681502 -0.023153152633570918 0.0)
(3.6696413911328425 -0.01112693605807009 0.0)
(2.577439125715593 -0.0038835674260588476 0.0)
(1.356381415871595 -0.0007868081485406947 0.0)
(0.022823952177209162 -4.803663485238421e-05 0.0)
(-0.02284561981705795 -4.811792648320526e-05 0.0)
(1.2213119233587517 -0.0007879409609351582 0.0)
(2.400122821577975 -0.0038880373467569717 0.0)
(3.529942470229801 -0.011136917917681547 0.0)
(4.582261909895548 -0.02316995456799252 0.0)
(5.520613179643073 -0.03926815084805844 0.0)
(6.343645910095546 -0.05735098120136098 0.0)
(7.090513130019333 -0.07459812081857047 0.0)
(7.771128495368494 -0.08977334759174498 0.0)
(8.360472870736233 -0.10314395123152557 0.0)
(8.857196796734872 -0.1147202192354014 0.0)
(9.264439450458891 -0.12433901671094319 0.0)
(9.582178515225948 -0.1318998921419286 0.0)
(9.810571061267677 -0.13733702030796072 0.0)
(9.94980438478349 -0.14061201315049093 0.0)
(10.000000000000005 -0.14170560904153714 0.0)
(9.96130672632764 -0.1406120131504915 0.0)
(9.833873383176776 -0.13733702030796202 0.0)
(9.617821484774069 -0.131899892141929 0.0)
(9.313338327318892 -0.12433901671094558 0.0)
(8.920580981042917 -0.11472021923540404 0.0)
(8.439527129263784 -0.10314395123152952 0.0)
(7.873315949075953 -0.08977334759175025 0.0)
(7.220597981091774 -0.07459812081857484 0.0)
(6.456354089904454 -0.057350981201364254 0.0)
(5.59049793146799 -0.03926815084806179 0.0)
(4.66218253454882 -0.023169954567994738 0.0)
(3.670057529770154 -0.011136917917682612 0.0)
(2.577654956199789 -0.003888037346757666 0.0)
(1.356465854419028 -0.0007879409609353742 0.0)
(0.022845619817046085 -4.811792648322486e-05 0.0)
(-0.0228612398968162 -4.81949934110109e-05 0.0)
(1.2212487143640796 -0.0007889814308250071 0.0)
(2.3999370449312694 -0.003891935023287608 0.0)
(3.5295139534191207 -0.011145018061630997 0.0)
(4.5817620802091445 -0.023182627995132765 0.0)
(5.52097556633392 -0.03928737905718376 0.0)
(6.345097503712004 -0.05737998765026926 0.0)
(7.091281945189274 -0.0746343246336068 0.0)
(7.771047308555628 -0.08980992471132875 0.0)
(8.360491686751976 -0.10317867115614394 0.0)
(8.857230670889699 -0.11475307765243789 0.0)
(9.264456227057819 -0.12436993668402141 0.0)
(9.582189025045162 -0.13192908461599745 0.0)
(9.81057710815713 -0.13736486462158523 0.0)
(9.949807006194522 -0.140639010585017 0.0)
(10.000000000000005 -0.1417323153591006 0.0)
(9.961304104916607 -0.14063901058501754 0.0)
(9.833867336287323 -0.1373648646215866 0.0)
(9.617810974954855 -0.13192908461599784 0.0)
(9.313321550719964 -0.12436993668402385 0.0)
(8.92054710688809 -0.11475307765244058 0.0)
(8.43950831324804 -0.10317867115614794 0.0)
(7.873397135888819 -0.08980992471133407 0.0)
(7.219829165921831 -0.07463432463361122 0.0)
(6.4549024962879935 -0.05737998765027258 0.0)
(5.590135544777143 -0.03928737905718713 0.0)
(4.662682364235225 -0.02318262799513499 0.0)
(3.6704860465808355 -0.011145018061632076 0.0)
(2.577840732846495 -0.0038919350232883092 0.0)
(1.3565290634137004 -0.0007889814308252251 0.0)
(0.022861239896804348 -4.819499341103068e-05 0.0)
(-0.022870126098767356 -4.8264449455963886e-05 0.0)
(1.2212095122097562 -0.0007898838418665539 0.0)
(2.39978948480804 -0.003895089198873913 0.0)
(3.5290918866797822 -0.011150880584411044 0.0)
(4.581129595305664 -0.023190616067786295 0.0)
(5.521051253708532 -0.039299098631675654 0.0)
(6.346413898324634 -0.05739971750463625 0.0)
(7.09218609277362 -0.07466149010625898 0.0)
(7.7710422196869615 -0.0898384349792961 0.0)
(8.36051982526857 -0.10320600633051057 0.0)
(8.857275783835624 -0.11477916332883498 0.0)
(9.264479408567901 -0.12439464886497908 0.0)
(9.582203590352176 -0.1319525371608979 0.0)
(9.810585375092689 -0.1373873173924772 0.0)
(9.949810673908322 -0.14066083124904777 0.0)
(10.000000000000005 -0.14175391697766102 0.0)
(9.961300437202807 -0.14066083124904838 0.0)
(9.833859069351764 -0.1373873173924785 0.0)
(9.61779640964784 -0.13195253716089828 0.0)
(9.313298369209882 -0.12439464886498153 0.0)
(8.920501993942166 -0.11477916332883767 0.0)
(8.439480174731447 -0.10320600633051459 0.0)
(7.873402224757486 -0.08983843497930145 0.0)
(7.218925018337482 -0.07466149010626344 0.0)
(6.45358610167536 -0.05739971750463957 0.0)
(5.590059857402532 -0.03929909863167902 0.0)
(4.663314849138708 -0.023190616067788525 0.0)
(3.670908113320175 -0.01115088058441213 0.0)
(2.577988292969724 -0.0038950891988746186 0.0)
(1.3565682655680236 -0.0007898838418667735 0.0)
(0.022870126098755498 -4.8264449455983815e-05 0.0)
(-0.022871887979454535 -4.832324284651524e-05 0.0)
(1.2211960393667245 -0.0007906085437695474 0.0)
(2.3996866247301494 -0.0038973612848110257 0.0)
(3.528694814852163 -0.011154247897495922 0.0)
(4.580392245414665 -0.023193567804654487 0.0)
(5.520836916202134 -0.03930279463487132 0.0)
(6.347537253962436 -0.057409303870755796 0.0)
(7.093185846181605 -0.0746784236353565 0.0)
(7.7711134523580725 -0.08985762570663057 0.0)
(8.360556049931075 -0.10322475569707205 0.0)
(8.857330153392336 -0.1147973301076941 0.0)
(9.264507976435995 -0.12441206744579456 0.0)
(9.582221571174045 -0.13196921931471217 0.0)
(9.810595498840328 -0.13740339208695976 0.0)
(9.949815226772257 -0.14067651638252565 0.0)
(10.000000000000005 -0.14176946476161786 0.0)
(9.961295884338872 -0.14067651638252626 0.0)
(9.833848945604124 -0.13740339208696106 0.0)
(9.61777842882597 -0.13196921931471256 0.0)
(9.313269801341788 -0.12441206744579703 0.0)
(8.920447624385453 -0.11479733010769683 0.0)
(8.439443950068942 -0.10322475569707608 0.0)
(7.873330992086374 -0.08985762570663593 0.0)
(7.217925264929494 -0.07467842363536095 0.0)
(6.452462746037557 -0.0574093038707591 0.0)
(5.590274194908932 -0.039302794634874655 0.0)
(4.664052199029709 -0.023193567804656697 0.0)
(3.671305185147795 -0.011154247897497005 0.0)
(2.578091153047615 -0.003897361284811733 0.0)
(1.3565817384110552 -0.0007906085437697679 0.0)
(0.02287188797944265 -4.8323242846535265e-05 0.0)
(-0.022866448125063613 -4.836879030864358e-05 0.0)
(1.2212088878070593 -0.0007911236944581746 0.0)
(2.399632984181242 -0.003898651449799532 0.0)
(3.5283401845459457 -0.011154972047309001 0.0)
(4.579582428341416 -0.023191353511819397 0.0)
(5.5203419714126385 -0.03929830467115198 0.0)
(6.348418212433804 -0.057408325541238384 0.0)
(7.094237278077481 -0.07468438119260985 0.0)
(7.77125787673571 -0.08986665368788156 0.0)
(8.360598769094091 -0.10323409544296268 0.0)
(8.85739139066098 -0.11480677977398746 0.0)
(9.264540675442241 -0.12442142708589321 0.0)
(9.582242177466354 -0.13197839809412087 0.0)
(9.810607034581098 -0.13741238241236517 0.0)
(9.949820464741814 -0.14068537680938076 0.0)
(10.000000000000005 -0.14177827556978798 0.0)
(9.961290646369315 -0.1406853768093813 0.0)
(9.833837409863355 -0.13741238241236653 0.0)
(9.617757822533664 -0.13197839809412126 0.0)
(9.313237102335542 -0.12442142708589565 0.0)
(8.920386387116809 -0.11480677977399012 0.0)
(8.439401230905926 -0.1032340954429667 0.0)
(7.873186567708736 -0.08986665368788692 0.0)
(7.216873833033615 -0.07468438119261428 0.0)
(6.4515817875661865 -0.05740832554124163 0.0)
(5.59076913969843 -0.03929830467115526 0.0)
(4.66486201610296 -0.023191353511821586 0.0)
(3.671659815454013 -0.011154972047310073 0.0)
(2.5781447935965227 -0.0038986514498002387 0.0)
(1.3565688899707202 -0.0007911236944583954 0.0)
(0.02286644812505168 -4.8368790308663674e-05 0.0)
(-0.02285404555284459 -4.8399090570189744e-05 0.0)
(1.221247492993798 -0.0007914066591536189 0.0)
(2.399630920028904 -0.003898903006350129 0.0)
(3.5280435775680083 -0.01115302121603229 0.0)
(4.578735725966596 -0.023184070481257278 0.0)
(5.51958816630862 -0.03928582602130929 0.0)
(6.349018066035176 -0.0573968255020932 0.0)
(7.095294190467282 -0.07467910101385235 0.0)
(7.771469147076937 -0.08986512225006914 0.0)
(8.36064610575575 -0.10323361519683459 0.0)
(8.857456804988002 -0.1148070971266657 0.0)
(9.264576068852126 -0.12442231653981209 0.0)
(9.582264503826313 -0.13197967020034884 0.0)
(9.81061947545565 -0.13741389335024248 0.0)
(9.949826157670193 -0.14068702321866666 0.0)
(10.000000000000005 -0.1417799622713792 0.0)
(9.961284953440936 -0.14068702321866722 0.0)
(9.833824968988802 -0.13741389335024384 0.0)
(9.617735496173704 -0.13197967020034923 0.0)
(9.313201708925657 -0.1244223165398145 0.0)
(8.920320972789787 -0.11480709712666837 0.0)
(8.439353894244267 -0.10323361519683859 0.0)
(7.872975297367508 -0.08986512225007444 0.0)
(7.215816920643811 -0.07467910101385669 0.0)
(6.450981933964815 -0.05739682550209638 0.0)
(5.591522944802452 -0.03928582602131252 0.0)
(4.665708718477783 -0.02318407048125942 0.0)
(3.671956422431951 -0.011153021216033348 0.0)
(2.57814685774886 -0.0038989030063508313 0.0)
(1.3565302847839813 -0.0007914066591538395 0.0)
(0.022854045552832592 -4.839909057020985e-05 0.0)
(-0.02283522520913091 -4.841281229309414e-05 0.0)
(1.2213101586856614 -0.0007914450049048319 0.0)
(2.399680522968213 -0.003898104901528191 0.0)
(3.527818026286334 -0.011148481119623145 0.0)
(4.577889340843558 -0.023172038716007086 0.0)
(5.5186086217073 -0.039265906974388316 0.0)
(6.349310458296707 -0.05737530904400155 0.0)
(7.096310144554168 -0.07466281510047877 0.0)
(7.771737980549468 -0.08985309868176906 0.0)
(8.360695980029735 -0.1032233360598241 0.0)
(8.857523522187545 -0.11479826822183281 0.0)
(9.264612601543968 -0.12441469672657318 0.0)
(9.582287569274511 -0.13197297973937566 0.0)
(9.810632274834722 -0.13740785851274553 0.0)
(9.949832055420538 -0.14068138327017138 0.0)
(10.000000000000005 -0.14177445075580944 0.0)
(9.961279055690593 -0.14068138327017193 0.0)
(9.83381216960973 -0.13740785851274684 0.0)
(9.617712430725506 -0.13197297973937605 0.0)
(9.313165176233815 -0.12441469672657557 0.0)
(8.920254255590244 -0.11479826822183542 0.0)
(8.439304019970281 -0.10322333605982804 0.0)
(7.872706463894976 -0.08985309868177428 0.0)
(7.214800966556924 -0.07466281510048306 0.0)
(6.450689541703285 -0.05737530904400463 0.0)
(5.592502489403775 -0.039265906974391473 0.0)
(4.666555103600823 -0.023172038716009178 0.0)
(3.6721819737136254 -0.011148481119624179 0.0)
(2.578097254809551 -0.003898104901528887 0.0)
(1.3564676190921177 -0.0007914450049050514 0.0)
(0.022835225209118837 -4.8412812293114204e-05 0.0)
(-0.0228108140253945 -4.840935256995552e-05 0.0)
(1.2213941314667927 -0.0007912370468696565 0.0)
(2.3997796135367624 -0.003896292202599504 0.0)
(3.5276734410116055 -0.011141551241611909 0.0)
(4.577080461586188 -0.023155786869822427 0.0)
(5.517446377006436 -0.0392394227368699 0.0)
(6.3492825420373435 -0.05734472156076874 0.0)
(7.097240501174196 -0.07463623902572854 0.0)
(7.772052565102339 -0.08983111127657593 0.0)
(8.360746200531693 -0.1032037096784063 0.0)
(8.857588610827916 -0.11478068098541505 0.0)
(9.264648668338126 -0.12439890244683016 0.0)
(9.582310360357353 -0.13195862067781672 0.0)
(9.810644870337008 -0.13739454305959356 0.0)
(9.949837898856485 -0.14066870477291388 0.0)
(10.000000000000005 -0.14176198318898972 0.0)
(9.961273212254646 -0.14066870477291443 0.0)
(9.833799574107445 -0.13739454305959486 0.0)
(9.617689639642665 -0.131958620677817 0.0)
(9.313129109439657 -0.12439890244683252 0.0)
(8.920189166949873 -0.1147806809854176 0.0)
(8.439253799468323 -0.10320370967841014 0.0)
(7.872391879342105 -0.0898311112765811 0.0)
(7.213870609936894 -0.07463623902573271 0.0)
(6.45071745796265 -0.05734472156077172 0.0)
(5.5936647341046415 -0.03923942273687295 0.0)
(4.667363982858194 -0.023155786869824464 0.0)
(3.6723265589883543 -0.011141551241612915 0.0)
(2.577998164241001 -0.0038962922026001914 0.0)
(1.3563836463109862 -0.0007912370468698747 0.0)
(0.022810814025382344 -4.840935256997552e-05 0.0)
(-0.022781884584389747 -4.838886341467923e-05 0.0)
(1.2214957217268125 -0.0007907919223437101 0.0)
(2.3999238378762504 -0.0038935445562387552 0.0)
(3.5276161745562824 -0.011132536068160543 0.0)
(4.576344628869255 -0.023136029019092744 0.0)
(5.516152499111918 -0.03920753697769904 0.0)
(6.348935543846449 -0.0573064070104498 0.0)
(7.098044382159521 -0.07460054049370661 0.0)
(7.772399078465809 -0.08980012612084916 0.0)
(8.36079456066464 -0.10317559839987518 0.0)
(8.857649211033333 -0.11475510816840573 0.0)
(9.264682684525642 -0.12437562767234014 0.0)
(9.582331875676353 -0.13193722392656765 0.0)
(9.810656708539183 -0.13737453204743807 0.0)
(9.949843431228151 -0.14064954479686897 0.0)
(10.000000000000005 -0.14174310737299742 0.0)
(9.96126767988298 -0.14064954479686947 0.0)
(9.83378773590527 -0.13737453204743932 0.0)
(9.617668124323664 -0.13193722392656793 0.0)
(9.31309509325214 -0.12437562767234242 0.0)
(8.920128566744456 -0.11475510816840823 0.0)
(8.439205439335376 -0.10317559839987896 0.0)
(7.872045365978633 -0.08980012612085421 0.0)
(7.213066728951568 -0.07460054049371068 0.0)
(6.451064456153547 -0.057306407010452656 0.0)
(5.594958611999164 -0.03920753697770199 0.0)
(4.668099815575129 -0.02313602901909471 0.0)
(3.672383825443677 -0.011132536068161518 0.0)
(2.5778539399015123 -0.003893544556239432 0.0)
(1.3562820560509659 -0.0007907919223439262 0.0)
(0.022781884584377497 -4.8388863414699104e-05 0.0)
(-0.022749707992829476 -4.8352245083264244e-05 0.0)
(1.2216104657755502 -0.0007901291892843304 0.0)
(2.4001068590330514 -0.003889982689000358 0.0)
(3.5276487431036463 -0.011121831709497704 0.0)
(4.575714173836171 -0.023113633287633127 0.0)
(5.514783838651347 -0.03917165069880036 0.0)
(6.348284710189717 -0.057262048864291246 0.0)
(7.098686466450307 -0.07455728803260141 0.0)
(7.772762295476619 -0.08976150464564563 0.0)
(8.360838935572811 -0.1031402373823813 0.0)
(8.857702660141635 -0.11472267339360007 0.0)
(9.264713155497471 -0.1243458950541142 0.0)
(9.582351169887755 -0.13190972961973418 0.0)
(9.8106672692923 -0.13734870472354407 0.0)
(9.949848409453246 -0.14062474519633184 0.0)
(10.000000000000005 -0.14171865267665482 0.0)
(9.961262701657885 -0.14062474519633233 0.0)
(9.833777175152154 -0.13734870472354527 0.0)
(9.61764883011226 -0.1319097296197344 0.0)
(9.313064622280312 -0.12434589505411642 0.0)
(8.920075117636152 -0.11472267339360248 0.0)
(8.439161064427205 -0.103140237382385 0.0)
(7.871682148967823 -0.08976150464565057 0.0)
(7.212424644660781 -0.07455728803260533 0.0)
(6.451715289810282 -0.05726204886429398 0.0)
(5.596327272459739 -0.03917165069880321 0.0)
(4.668730270608214 -0.02311363328763504 0.0)
(3.6723512568963126 -0.011121831709498651 0.0)
(2.5776709187447104 -0.0038899826890010244 0.0)
(1.356167312002228 -0.0007901291892845441 0.0)
(0.02274970799281713 -4.835224508328398e-05 0.0)
(-0.022715698031281446 -4.8301106518201605e-05 0.0)
(1.2217333219694224 -0.0007892779669697107 0.0)
(2.4003206353923634 -0.003885763102814517 0.0)
(3.5277697156513077 -0.011109908495559975 0.0)
(4.575216797527705 -0.023089583702912093 0.0)
(5.513400532061467 -0.039133340677616583 0.0)
(6.347358637507358 -0.05721359613808437 0.0)
(7.099138542037476 -0.07450838207642575 0.0)
(7.773126257043799 -0.08971694380792974 0.0)
(8.36087737550392 -0.10309918032434222 0.0)
(8.857746609696788 -0.11468480178566529 0.0)
(9.264738742414854 -0.12431101098900288 0.0)
(9.58236739523921 -0.13187734580685911 0.0)
(9.810676088576187 -0.13731819589327374 0.0)
(9.949852614797667 -0.14059539562038054 0.0)
(10.000000000000005 -0.14168969359458064 0.0)
(9.961258496313464 -0.14059539562038104 0.0)
(9.833768355868266 -0.13731819589327493 0.0)
(9.617632604760807 -0.13187734580685928 0.0)
(9.313039035362928 -0.12431101098900504 0.0)
(8.920031168081001 -0.11468480178566762 0.0)
(8.439122624496097 -0.1030991803243458 0.0)
(7.871318187400641 -0.08971694380793456 0.0)
(7.211972569073611 -0.07450838207642957 0.0)
(6.452641362492645 -0.057213596138086964 0.0)
(5.597710579049623 -0.039133340677619324 0.0)
(4.6692276469166805 -0.02308958370291393 0.0)
(3.6722302843486503 -0.011109908495560884 0.0)
(2.577457142385398 -0.0038857631028151704 0.0)
(1.3560444558083555 -0.0007892779669699216 0.0)
(0.022715698031269004 -4.8301106518221154e-05 0.0)
(-0.02268134903523659 -4.823769465448479e-05 0.0)
(1.2218588922320293 -0.0007882756565510881 0.0)
(2.4005557740120507 -0.0038810711985787227 0.0)
(3.527973776886836 -0.011097290310554868 0.0)
(4.574874353748927 -0.023064936959684798 0.0)
(5.512063359303149 -0.03909429018639233 0.0)
(6.346198015738832 -0.05716317775597693 0.0)
(7.099380745546778 -0.0744559714634231 0.0)
(7.773474971361937 -0.08966840152938903 0.0)
(8.360908191477717 -0.10305423119777639 0.0)
(8.85777912863574 -0.1146431573537699 0.0)
(9.264758321035453 -0.12427250821900862 0.0)
(9.582379838818454 -0.13184149537343565 0.0)
(9.810682778887646 -0.13728434605881476 0.0)
(9.949855862486272 -0.1405627856356888 0.0)
(10.000000000000005 -0.1416575025358621 0.0)
(9.961255248624859 -0.1405627856356893 0.0)
(9.833761665556809 -0.13728434605881595 0.0)
(9.617620161181561 -0.13184149537343576 0.0)
(9.31301945674233 -0.1242725082190107 0.0)
(8.91999864914205 -0.11464315735377215 0.0)
(8.4390918085223 -0.10305423119777986 0.0)
(7.8709694730825035 -0.08966840152939375 0.0)
(7.21173036556431 -0.07445597146342678 0.0)
(6.453801984261174 -0.0571631777559794 0.0)
(5.599047751807943 -0.03909429018639497 0.0)
(4.6695700906954585 -0.023064936959686578 0.0)
(3.672026223113121 -0.011097290310555742 0.0)
(2.5772220037657103 -0.0038810711985793633 0.0)
(1.3559188855457482 -0.0007882756565512961 0.0)
(0.022681349035224074 -4.823769465450415e-05 0.0)
)
