(
(-0.019389554240798957 5.660339327951163e-05 0.0)
(1.2119278406615497 0.0007293367653356179 0.0)
(2.3323279826762002 0.0025502594683889167 0.0)
(3.3736274274953253 0.004786716326813625 0.0)
(4.352425113215249 0.0061867195051663534 0.0)
(5.270415677983677 0.006852613137674093 0.0)
(6.139429059292557 0.00828692443182371 0.0)
(6.948053789425747 0.011018282424026391 0.0)
(7.656889032074005 0.01390918863211918 0.0)
(8.264102836060623 0.016352199130756653 0.0)
(8.780132122333127 0.01842809467210557 0.0)
(9.20473221373976 0.020149652263962665 0.0)
(9.5385576895115 0.021501337926615214 0.0)
(9.782034312829696 0.022472614409356148 0.0)
(9.935703625426132 0.023057819395665074 0.0)
(10.000000000000004 0.02325303340430231 0.0)
(9.975407485684963 0.023057819395663443 0.0)
(9.86241013161476 0.022472614409353 0.0)
(9.661442310488496 0.02150133792661108 0.0)
(9.373045564038005 0.02014965226395718 0.0)
(8.997645655444654 0.01842809467209966 0.0)
(8.535897163939357 0.01635219913074921 0.0)
(7.987555412370438 0.013909188632111073 0.0)
(7.363057321685388 0.011018282424019305 0.0)
(6.660570940707459 0.008286924431816731 0.0)
(5.840695433127442 0.006852613137667045 0.0)
(4.892019331229214 0.006186719505162348 0.0)
(3.826372572504674 0.004786716326812243 0.0)
(2.6454497951015856 0.0025502594683886794 0.0)
(1.3658499371162427 0.0007293367653354625 0.0)
(0.019389554240803214 5.6603393279496365e-05 0.0)
(-0.01939933543300054 5.662585840166027e-05 0.0)
(1.2118972138121904 0.0007295425767102745 0.0)
(2.3323272712230954 0.00255040551928214 0.0)
(3.3738513838586672 0.00478510773912524 0.0)
(4.353073408952467 0.006180932322742421 0.0)
(5.271002871265987 0.00684272833013091 0.0)
(6.138983397584958 0.008277674662499377 0.0)
(6.947246341246945 0.011013751240891975 0.0)
(7.656724711420601 0.01390755059822989 0.0)
(8.264066478380567 0.016351396733754638 0.0)
(8.780081977575431 0.01842793193768788 0.0)
(9.204705062893606 0.020149955837435663 0.0)
(9.538540561700664 0.021501958743936175 0.0)
(9.782024771098648 0.022473436586059763 0.0)
(9.935699257333548 0.023058756808946482 0.0)
(10.000000000000004 0.023254005578830273 0.0)
(9.97541185377755 0.023058756808944845 0.0)
(9.862419673345808 0.022473436586056602 0.0)
(9.66145943829933 0.021501958743932025 0.0)
(9.373072714884158 0.020149955837430157 0.0)
(8.997695800202349 0.018427931937681948 0.0)
(8.535933521619414 0.01635139673374716 0.0)
(7.987719733023843 0.01390755059822175 0.0)
(7.3638647698641915 0.011013751240884844 0.0)
(6.661016602415058 0.008277674662492346 0.0)
(5.840108239845129 0.006842728330123813 0.0)
(4.891371035491995 0.006180932322738385 0.0)
(3.826148616141332 0.004785107739123845 0.0)
(2.64545050655469 0.002550405519281899 0.0)
(1.365880563965602 0.0007295425767101186 0.0)
(0.019399335433004844 5.6625858401645013e-05 0.0)
(-0.019413993952898115 5.663560279150401e-05 0.0)
(1.2118482862652427 0.0007295610115660715 0.0)
(2.332287095581056 0.002549749412687027 0.0)
(3.374020494110291 0.004781525431390507 0.0)
(4.353719812088704 0.0061715325424178125 0.0)
(5.271761001336909 0.006827185324276177 0.0)
(6.13877372522246 0.008260797379451647 0.0)
(6.946472234538529 0.01100082484211233 0.0)
(7.656516839352872 0.013897902301474533 0.0)
(8.264028274891018 0.016343111479040183 0.0)
(8.780030965262108 0.018420783232429176 0.0)
(9.20467711091867 0.02014375881927463 0.0)
(9.538522912935619 0.021496495759799342 0.0)
(9.782014979812217 0.022468492815914953 0.0)
(9.935694743906527 0.02305412613862978 0.0)
(10.000000000000004 0.02324947690764338 0.0)
(9.975416367204568 0.02305412613862814 0.0)
(9.862429464632239 0.02246849281591178 0.0)
(9.661477087064377 0.021496495759795172 0.0)
(9.373100666859093 0.020143758819269095 0.0)
(8.997746812515672 0.01842078323242321 0.0)
(8.535971725108961 0.01634311147903267 0.0)
(7.987927605091572 0.01389790230146634 0.0)
(7.3646388765726085 0.011000824842105133 0.0)
(6.661226274777556 0.008260797379444547 0.0)
(5.839350109774204 0.006827185324269017 0.0)
(4.890724632355757 0.006171532542413738 0.0)
(3.825979505889708 0.004781525431389094 0.0)
(2.64549068219673 0.002549749412686782 0.0)
(1.36592949151255 0.000729561011565915 0.0)
(0.019413993952902477 5.663560279148873e-05 0.0)
(-0.019432885731944394 5.6632198298380004e-05 0.0)
(1.211783207807609 0.0007293912599091708 0.0)
(2.3322092209942933 0.002548319976727056 0.0)
(3.3741273278551187 0.0047761268036576425 0.0)
(4.354335920852712 0.006158933173343576 0.0)
(5.272656757348087 0.006806667051352027 0.0)
(6.138809254825086 0.008237034139621523 0.0)
(6.945765482133078 0.010980071190001658 0.0)
(7.656274549389185 0.013880667670361474 0.0)
(8.263989904183418 0.01632770740554801 0.0)
(8.779981326780879 0.01840696265736034 0.0)
(9.204649585973593 0.020131333495120435 0.0)
(9.538505518670812 0.02148518900773345 0.0)
(9.782005369181617 0.0224580003191375 0.0)
(9.935690283456799 0.02304413084789712 0.0)
(10.000000000000004 0.02323964637226861 0.0)
(9.975420827654297 0.02304413084789547 0.0)
(9.86243907526284 0.02245800031913431 0.0)
(9.661494481329184 0.021485189007729253 0.0)
(9.37312819180417 0.020131333495114867 0.0)
(8.997796450996901 0.018406962657354323 0.0)
(8.536010095816563 0.016327707405540442 0.0)
(7.988169895055261 0.013880667670353218 0.0)
(7.365345628978061 0.010980071189994384 0.0)
(6.661190745174929 0.008237034139614336 0.0)
(5.838454353763024 0.006806667051344795 0.0)
(4.8901085235917465 0.006158933173339456 0.0)
(3.8258726721448806 0.0047761268036562105 0.0)
(2.645568556783493 0.0025483199767268047 0.0)
(1.365994569970184 0.0007293912599090132 0.0)
(0.019432885731948818 5.6632198298364656e-05 0.0)
(-0.019455180699929613 5.6615794509487754e-05 0.0)
(1.2117048378676596 0.0007290407803168251 0.0)
(2.332097069129682 0.002546180018203228 0.0)
(3.37416719101385 0.0047691490617527196 0.0)
(4.354894664552542 0.006143687808746941 0.0)
(5.2736507814191285 0.006782075046733626 0.0)
(6.139088425287095 0.00820742905629352 0.0)
(6.945157137438319 0.010952402162065965 0.0)
(7.656008487307284 0.013856603963051956 0.0)
(8.26395305219646 0.0163058613400864 0.0)
(8.779935243155798 0.018387077463265858 0.0)
(9.204623697454108 0.02011322581098494 0.0)
(9.538489143178415 0.021468535285739148 0.0)
(9.781996361480372 0.022442420116840334 0.0)
(9.935686071968362 0.023029210111537423 0.0)
(10.000000000000004 0.02322494590844588 0.0)
(9.975425039142733 0.023029210111535765 0.0)
(9.862448082964084 0.022442420116837124 0.0)
(9.66151085682158 0.021468535285734922 0.0)
(9.373154080323655 0.020113225810979324 0.0)
(8.997842534621983 0.018387077463259786 0.0)
(8.53604694780352 0.016305861340078765 0.0)
(7.9884359571371615 0.013856603963043624 0.0)
(7.365953973672821 0.010952402162058601 0.0)
(6.660911574712918 0.00820742905628624 0.0)
(5.83746032969198 0.0067820750467263175 0.0)
(4.889549779891915 0.0061436878087427725 0.0)
(3.8258328089861493 0.004769149061751263 0.0)
(2.6456807086481042 0.002546180018202969 0.0)
(1.3660729399101335 0.0007290407803166657 0.0)
(0.019455180699934106 5.6615794509472325e-05 0.0)
(-0.01947989925674799 5.658711217730131e-05 0.0)
(1.2116166198771827 0.0007285249722211373 0.0)
(2.331955567734978 0.0025434235629781363 0.0)
(3.374138332072217 0.004760898794889622 0.0)
(4.355371493012215 0.006126466302057676 0.0)
(5.274699397950868 0.006754489838114107 0.0)
(6.139598970369117 0.008173282922668102 0.0)
(6.944673930007207 0.010919033484773692 0.0)
(7.655730343388305 0.013826768494821853 0.0)
(8.263919338139033 0.016278533158805487 0.0)
(8.779894739217044 0.018362001369195316 0.0)
(9.204600582854399 0.020090231385381973 0.0)
(9.538474505967606 0.02144726632789375 0.0)
(9.781988352490398 0.02242243677460922 0.0)
(9.935682294486316 0.023010019519409616 0.0)
(10.000000000000004 0.02320602142766182 0.0)
(9.975428816624781 0.023010019519407943 0.0)
(9.862456091954058 0.022422436774605984 0.0)
(9.661525494032388 0.02144726632788949 0.0)
(9.373177194923365 0.020090231385376314 0.0)
(8.997883038560737 0.01836200136918919 0.0)
(8.536080661860947 0.016278533158797782 0.0)
(7.988714101056142 0.013826768494813435 0.0)
(7.366437181103934 0.01091903348476623 0.0)
(6.6604010296308935 0.00817328292266072 0.0)
(5.8364117131602375 0.006754489838106718 0.0)
(4.889072951432242 0.006126466302053456 0.0)
(3.8258616679277826 0.004760898794888142 0.0)
(2.6458222100428093 0.002543423562977868 0.0)
(1.3661611579006108 0.0007285249722209762 0.0)
(0.01947989925675256 5.658711217728577e-05 0.0)
(-0.01950595531423425 5.654741155102411e-05 0.0)
(1.2115224299732894 0.0007278664992861879 0.0)
(2.331790934122594 0.0025401717246515804 0.0)
(3.3740420190393197 0.00475173850470088 0.0)
(4.355745455261546 0.006108025334773854 0.0)
(5.2757565326512905 0.006725123469094497 0.0)
(6.140318457654263 0.00813609605738818 0.0)
(6.94433709109026 0.01088143131675879 0.0)
(7.655452338767194 0.013792472181562744 0.0)
(8.263890243345141 0.01624692361199527 0.0)
(8.779861594633587 0.01833283617284675 0.0)
(9.204581257787689 0.020063360551305424 0.0)
(9.538462250170653 0.021422316653294516 0.0)
(9.781981694112062 0.022398928323943294 0.0)
(9.935679116986309 0.0229874022710236 0.0)
(10.000000000000004 0.023183704436980725 0.0)
(9.975431994124786 0.02298740227102192 0.0)
(9.862462750332394 0.022398928323940036 0.0)
(9.66153774982934 0.021422316653290214 0.0)
(9.373196519990076 0.020063360551299717 0.0)
(8.997916183144193 0.01833283617284056 0.0)
(8.536109756654838 0.01624692361198749 0.0)
(7.988992105677252 0.013792472181554239 0.0)
(7.366774020020881 0.010881431316751225 0.0)
(6.659681542345746 0.008136096057380698 0.0)
(5.835354578459812 0.006725123469087031 0.0)
(4.88869898918291 0.006108025334769583 0.0)
(3.8259579809606805 0.004751738504699372 0.0)
(2.6459868436551934 0.0025401717246513024 0.0)
(1.3662553478045043 0.0007278664992860246 0.0)
(0.01950595531423889 5.654741155100842e-05 0.0)
(-0.019532204016890663 5.64984370035445e-05 0.0)
(1.2114264066880411 0.0007270942936080966 0.0)
(2.33161040199227 0.002536567383050557 0.0)
(3.3738824837336234 0.004742070677579105 0.0)
(4.356000120083445 0.0060891751692611264 0.0)
(5.276775736955633 0.0066952662442052654 0.0)
(6.141215274187486 0.00809750238328271 0.0)
(6.94416142077326 0.010841247828492613 0.0)
(7.655186688458412 0.013755221940535908 0.0)
(8.263867046186803 0.01621242156531455 0.0)
(8.779837265717786 0.018300863339591508 0.0)
(9.204566571362056 0.020033793964045813 0.0)
(9.538452914284852 0.0213947825049992 0.0)
(9.781976678902325 0.022372927683157323 0.0)
(9.93567667908188 0.022962352126896377 0.0)
(10.000000000000004 0.02315897550414533 0.0)
(9.975434432029216 0.022962352126894677 0.0)
(9.862467765542132 0.022372927683154045 0.0)
(9.661547085715144 0.021394782504994863 0.0)
(9.373211206415709 0.02003379396404005 0.0)
(8.997940512059994 0.018300863339585256 0.0)
(8.536132953813178 0.01621242156530669 0.0)
(7.989257755986037 0.013755221940527312 0.0)
(7.366949690337881 0.010841247828484947 0.0)
(6.658784725812519 0.008097502383275132 0.0)
(5.834335374155468 0.006695266244197725 0.0)
(4.888444324361011 0.006089175169256807 0.0)
(3.826117516266377 0.004742070677577572 0.0)
(2.646167375785518 0.0025365673830502694 0.0)
(1.3663513710897528 0.0007270942936079309 0.0)
(0.019532204016895365 5.649843700352868e-05 0.0)
(-0.01955749204474314 5.6442340386882376e-05 0.0)
(1.2113327691089222 0.0007262422844916479 0.0)
(2.331421903595538 0.00253276890635106 0.0)
(3.3736667358445995 0.004732320100161242 0.0)
(4.356124297971533 0.0060707440473067205 0.0)
(5.277712228891344 0.006666230035285797 0.0)
(6.1422500154909985 0.008059197635786757 0.0)
(6.944154637688556 0.010800248608935963 0.0)
(7.654945064650529 0.013716654479184673 0.0)
(8.263850765904715 0.01617654297557477 0.0)
(8.779822821437694 0.01826748769723017 0.0)
(9.204557168872173 0.020002830725356777 0.0)
(9.538446908511942 0.0213658736831116 0.0)
(9.78197352722033 0.022345577272840624 0.0)
(9.935675087890088 0.02293596974453294 0.0)
(10.000000000000004 0.023132921173224134 0.0)
(9.975436023221008 0.022935969744531232 0.0)
(9.862470917224126 0.022345577272837317 0.0)
(9.661553091488054 0.021365873683107228 0.0)
(9.37322060890559 0.020002830725350973 0.0)
(8.997954956340086 0.018267487697223854 0.0)
(8.536149234095266 0.016176542975566834 0.0)
(7.989499379793919 0.013716654479175987 0.0)
(7.366956473422584 0.010800248608928203 0.0)
(6.657749984509004 0.008059197635779088 0.0)
(5.833398882219755 0.006666230035278187 0.0)
(4.888320146472923 0.006070744047302358 0.0)
(3.826333264155402 0.004732320100159685 0.0)
(2.6463558741822504 0.002532768906350763 0.0)
(1.366445008668872 0.0007262422844914801 0.0)
(0.019557492044747903 5.644234038686639e-05 0.0)
(-0.019580708288110985 5.638158648374799e-05 0.0)
(1.2112456314998539 0.0007253479076587122 0.0)
(2.331233721207103 0.002528943192670149 0.0)
(3.373404254939792 0.004722915194980852 0.0)
(4.356112532776585 0.0060535417986905295 0.0)
(5.278524860716032 0.006639290640235766 0.0)
(6.143377216924929 0.008022864855428732 0.0)
(6.944317039872482 0.010760235088790208 0.0)
(7.654738083851628 0.013678464381203632 0.0)
(8.263842117824689 0.01614086428237107 0.0)
(8.779818896448553 0.01823417571042909 0.0)
(9.204553463446246 0.019971831303300682 0.0)
(9.5384444967346 0.021336860388378263 0.0)
(9.781972377545218 0.02231807881998634 0.0)
(9.93567441332499 0.022909414317549146 0.0)
(10.000000000000004 0.023106686223852747 0.0)
(9.975436697786106 0.022909414317547425 0.0)
(9.862472066899238 0.022318078819983007 0.0)
(9.661555503265395 0.021336860388373857 0.0)
(9.37322431433152 0.01997183130329483 0.0)
(8.997958881329227 0.018234175710422712 0.0)
(8.53615788217529 0.016140864282363065 0.0)
(7.989706360592821 0.01367846438119487 0.0)
(7.366794071238657 0.010760235088782358 0.0)
(6.65662278307507 0.008022864855420987 0.0)
(5.832586250395066 0.0066392906402281005 0.0)
(4.888331911667873 0.00605354179868613 0.0)
(3.8265957450602106 0.004722915194979274 0.0)
(2.646544056570686 0.0025289431926698424 0.0)
(1.3665321462779403 0.0007253479076585422 0.0)
(0.019580708288115797 5.6381586483731826e-05 0.0)
(-0.019600832667733537 5.6318844709498934e-05 0.0)
(1.211168822527965 0.0007244504603911126 0.0)
(2.3310541232168425 0.0025252583368680164 0.0)
(3.373106573949962 0.004714269196365776 0.0)
(4.355965341439743 0.006038324258746123 0.0)
(5.279177926873988 0.006615631726789445 0.0)
(6.144547351320427 0.00799010043810863 0.0)
(6.94464149167018 0.01072296538892788 0.0)
(7.65457484041935 0.013642329649631267 0.0)
(8.263841481927543 0.016106953142210494 0.0)
(8.779825663207205 0.018202391046945737 0.0)
(9.20455561789391 0.01994215775577082 0.0)
(9.538445784921912 0.02130901741189144 0.0)
(9.781973280391608 0.02229164055630589 0.0)
(9.935674685025743 0.022883852642824876 0.0)
(10.000000000000004 0.02308142337171108 0.0)
(9.975436426085352 0.02288385264282315 0.0)
(9.862471164052849 0.022291640556302544 0.0)
(9.661554215078084 0.021309017411887007 0.0)
(9.373222159883854 0.019942157755764932 0.0)
(8.997952114570575 0.01820239104693932 0.0)
(8.536158518072439 0.016106953142202434 0.0)
(7.989869604025098 0.013642329649622436 0.0)
(7.366469619440958 0.010722965388919958 0.0)
(6.65545264867957 0.007990100438100821 0.0)
(5.8319331842371085 0.006615631726781736 0.0)
(4.888479103004716 0.006038324258741694 0.0)
(3.8268934260500416 0.004714269196364181 0.0)
(2.6467236545609474 0.002525258336867702 0.0)
(1.3666089552498295 0.0007244504603909404 0.0)
(0.019600832667738384 5.631884470948261e-05 0.0)
(-0.01961698095518669 5.625687182291289e-05 0.0)
(1.211105717038962 0.0007235893748799539 0.0)
(2.330891000831883 0.0025218762447673554 0.0)
(3.3727867724332117 0.0047067619936777515 0.0)
(4.355689191279067 0.006025760058338957 0.0)
(5.279642732832982 0.006596292824320905 0.0)
(6.145709005112855 0.007962343992382683 0.0)
(6.945113737263229 0.010690077071777947 0.0)
(7.654462506971466 0.013609837978466242 0.0)
(8.26384888615343 0.016076299548553025 0.0)
(8.779842824394654 0.018173530266745182 0.0)
(9.204563537552676 0.019915113884159442 0.0)
(9.53845071647328 0.02128356812310069 0.0)
(9.781976196090083 0.02226742413073797 0.0)
(9.935675891054313 0.022860407853583755 0.0)
(10.000000000000004 0.023058242620305144 0.0)
(9.975435220056784 0.02286040785358202 0.0)
(9.862468248354373 0.0222674241307346 0.0)
(9.661549283526716 0.021283568123096227 0.0)
(9.373214240225089 0.01991511388415352 0.0)
(8.997934953383126 0.01817353026673872 0.0)
(8.536151113846552 0.016076299548544917 0.0)
(7.989981937472983 0.013609837978457355 0.0)
(7.3659973738479065 0.01069007707176997 0.0)
(6.6542909948871385 0.00796234399237483 0.0)
(5.831468378278114 0.006596292824313165 0.0)
(4.888755253165392 0.006025760058334509 0.0)
(3.8272132275667925 0.0047067619936761425 0.0)
(2.646886776945907 0.002521876244767034 0.0)
(1.3666720607388325 0.00072358937487978 0.0)
(0.019616980955191557 5.625687182289642e-05 0.0)
(-0.019628443624262203 5.619839079925025e-05 0.0)
(1.211059087772584 0.000722802485647285 0.0)
(2.330751521351395 0.0025189455193077056 0.0)
(3.372458901883126 0.00470072343966885 0.0)
(4.355296215827417 0.006016401245449365 0.0)
(5.279898855869515 0.00658212364882509 0.0)
(6.146811137359759 0.007940815085697113 0.0)
(6.945713027044219 0.010663015189828502 0.0)
(7.654406019234166 0.013582416992297716 0.0)
(8.263864005174211 0.016050250364224805 0.0)
(8.779869625979721 0.018148861459710133 0.0)
(9.204576874447227 0.01989188794670978 0.0)
(9.538459074705361 0.0212616307171973 0.0)
(9.781980996530185 0.02224649356871932 0.0)
(9.93567797842001 0.022840110070974005 0.0)
(10.000000000000004 0.02303816248944374 0.0)
(9.975433132691087 0.022840110070972263 0.0)
(9.862463447914271 0.022246493568715945 0.0)
(9.661540925294634 0.021261630717192826 0.0)
(9.373200903330536 0.01989188794670383 0.0)
(8.99790815179806 0.01814886145970364 0.0)
(8.536135994825768 0.016050250364216662 0.0)
(7.990038425210282 0.013582416992288791 0.0)
(7.365398084066915 0.010663015189820482 0.0)
(6.653188862640232 0.007940815085689232 0.0)
(5.8312122552415815 0.006582123648817337 0.0)
(4.889148228617043 0.0060164012454449085 0.0)
(3.827541098116879 0.004700723439667233 0.0)
(2.6470262564263947 0.00251894551930738 0.0)
(1.3667186900052106 0.0007228024856471096 0.0)
(0.019628443624267085 5.619839079923366e-05 0.0)
(-0.01963471702625127 5.614597118770275e-05 0.0)
(1.2110309835334894 0.0007221243671664162 0.0)
(2.3306418132485827 0.0025165949312041555 0.0)
(3.372137368331854 0.004696418857355002 0.0)
(4.354803681707211 0.0060106590291942544 0.0)
(5.279935042405924 0.006573746767951513 0.0)
(6.147805322386504 0.007926459658825658 0.0)
(6.946413029316543 0.010642968792664083 0.0)
(7.654407859175287 0.013561271519092657 0.0)
(8.263886174687775 0.01602995014272958 0.0)
(8.779904890349787 0.018129468528091393 0.0)
(9.204595042578816 0.01987350044862272 0.0)
(9.53847049237273 0.021244169083663344 0.0)
(9.78198747078936 0.022229768520853663 0.0)
(9.935680855407803 0.022823851142429758 0.0)
(10.000000000000004 0.023022065263341347 0.0)
(9.975430255703293 0.022823851142428016 0.0)
(9.862456973655096 0.022229768520850287 0.0)
(9.661529507627266 0.021244169083658854 0.0)
(9.373182735198947 0.019873500448616764 0.0)
(8.997872887427993 0.018129468528084884 0.0)
(8.536113825312205 0.016029950142721423 0.0)
(7.990036585269161 0.013561271519083712 0.0)
(7.3646980817945895 0.010642968792656046 0.0)
(6.652194677613485 0.00792645965881777 0.0)
(5.831176068705172 0.006573746767943764 0.0)
(4.889640762737252 0.006010659029189798 0.0)
(3.8278626316681517 0.004696418857353383 0.0)
(2.6471359645292076 0.0025165949312038263 0.0)
(1.3667467942443052 0.0007221243671662397 0.0)
(0.01963471702625614 5.614597118768605e-05 0.0)
(-0.019635525519347354 5.6101916210102805e-05 0.0)
(1.2110226391705288 0.0007215848147228143 0.0)
(2.330566696896777 0.0025149277609976934 0.0)
(3.3718362993754094 0.004694037382208067 0.0)
(4.354233229966622 0.006008785712050784 0.0)
(5.279749702472003 0.006571530246520688 0.0)
(6.148647877521826 0.007919908462962536 0.0)
(6.947182987260972 0.010630818682302253 0.0)
(7.654467945951182 0.01354733065225915 0.0)
(8.263914420606252 0.016016290838661643 0.0)
(8.779947068052948 0.01811620356182593 0.0)
(9.204617243672978 0.019860759302925243 0.0)
(9.538484467803968 0.021231950454731124 0.0)
(9.781995334400502 0.022217983855146617 0.0)
(9.935684395608115 0.022812345455526382 0.0)
(10.000000000000004 0.023010658224663864 0.0)
(9.975426715502982 0.022812345455524633 0.0)
(9.862449110043954 0.022217983855143234 0.0)
(9.661515532196027 0.021231950454726634 0.0)
(9.373160534104786 0.01986075930291928 0.0)
(8.997830709724832 0.01811620356181942 0.0)
(8.53608557939373 0.01601629083865348 0.0)
(7.989976498493267 0.0135473306522502 0.0)
(7.363928123850158 0.010630818682294223 0.0)
(6.651352122478162 0.00791990846295467 0.0)
(5.831361408639095 0.006571530246512962 0.0)
(4.890211214477842 0.006008785712046341 0.0)
(3.828163700624597 0.0046940373822064495 0.0)
(2.6472110808810134 0.0025149277609973633 0.0)
(1.3667551386072658 0.0007215848147226372 0.0)
(0.0196355255193522 5.6101916210086034e-05 0.0)
(-0.0196308335798429 5.6068161561569874e-05 0.0)
(1.211034421319745 0.0007212075352637677 0.0)
(2.330529472771054 0.0025140172610971906 0.0)
(3.3715689234329482 0.004693683651889215 0.0)
(4.353609925211522 0.006010863604147104 0.0)
(5.279350979565377 0.006575571474429278 0.0)
(6.149301782434488 0.007921449345668907 0.0)
(6.947989070334027 0.010627098712364308 0.0)
(7.654583639458842 0.013541206927981754 0.0)
(8.26394750185566 0.01600987261685275 0.0)
(8.77999430587809 0.018109649399263884 0.0)
(9.204642502254252 0.019854224332250012 0.0)
(9.538500386944195 0.021225511694602583 0.0)
(9.782004241850926 0.0222116573682499 0.0)
(9.935688443471019 0.022806098549097344 0.0)
(10.000000000000004 0.023004442577822196 0.0)
(9.975422667640078 0.022806098549095603 0.0)
(9.86244020259353 0.022211657368246516 0.0)
(9.6614996130558 0.0212255116945981 0.0)
(9.373135275523513 0.019854224332244055 0.0)
(8.997783471899691 0.018109649399257383 0.0)
(8.536052498144322 0.016009872616844608 0.0)
(7.9898608049856055 0.013541206927972825 0.0)
(7.3631220407771005 0.010627098712356306 0.0)
(6.650698217565499 0.007921449345661075 0.0)
(5.831760131545724 0.006575571474421586 0.0)
(4.890834519232944 0.006010863604142684 0.0)
(3.8284310765670586 0.004693683651887606 0.0)
(2.6472483050067357 0.0025140172610968615 0.0)
(1.3667433564580493 0.0007212075352635904 0.0)
(0.019630833579847712 5.606816156155306e-05 0.0)
(-0.01962084736297608 5.604619035960809e-05 0.0)
(1.2110658122950568 0.0007210091057584939 0.0)
(2.3305317764314 0.0025139034372025624 0.0)
(3.3713469885142318 0.0046953732086615265 0.0)
(4.352961154312546 0.006016801406705895 0.0)
(5.278756392841121 0.006585692887516191 0.0)
(6.149738305738915 0.007931014603377608 0.0)
(6.948795860720165 0.010631972331523836 0.0)
(7.654749856337197 0.013543169411502194 0.0)
(8.263983964906418 0.016010977482227386 0.0)
(8.780044528281591 0.018110094018317716 0.0)
(9.204669708506785 0.01985418267125311 0.0)
(9.538517550335513 0.02122513571061838 0.0)
(9.782013801763554 0.02221106703442377 0.0)
(9.935692821140822 0.02280538490078275 0.0)
(10.000000000000004 0.02300369142696736 0.0)
(9.975418289970273 0.022805384900781007 0.0)
(9.862430642680902 0.0222110670344204 0.0)
(9.661482449664483 0.02122513571061391 0.0)
(9.373108069270979 0.019854182671247174 0.0)
(8.99773324949619 0.01811009401831124 0.0)
(8.536016035093564 0.016010977482219264 0.0)
(7.989694588107249 0.013543169411493297 0.0)
(7.36231525039096 0.010631972331515875 0.0)
(6.650261694261072 0.007931014603369832 0.0)
(5.832354718269983 0.00658569288750855 0.0)
(4.891483290131921 0.006016801406701506 0.0)
(3.8286530114857755 0.00469537320865993 0.0)
(2.6472460013463897 0.0025139034372022367 0.0)
(1.3667119654827375 0.0007210091057583167 0.0)
(0.019620847362980844 5.604619035959127e-05 0.0)
(-0.01960600564484676 5.6036967978636485e-05 0.0)
(1.2111154328344365 0.0007209982448364378 0.0)
(2.3305735066591935 0.0025145912905275044 0.0)
(3.37118024603357 0.004699031816491381 0.0)
(4.352315423076101 0.006026338223545631 0.0)
(5.277992067352132 0.0066014497694069935 0.0)
(6.149938267399706 0.007948183956164073 0.0)
(6.949567909525801 0.010645225401870993 0.0)
(7.654959293320699 0.013553131874884834 0.0)
(8.264022207638783 0.01601955688902227 0.0)
(8.780095528582924 0.01811751788323962 0.0)
(9.204697667037614 0.019860636150442538 0.0)
(9.538535203849907 0.021230839022826953 0.0)
(9.782023594093316 0.02221623879185658 0.0)
(9.935697336270726 0.02281023586698395 0.0)
(10.000000000000004 0.023008437776293727 0.0)
(9.97541377484037 0.022810235866982217 0.0)
(9.86242085035114 0.022216238791853225 0.0)
(9.661464796150089 0.021230839022822506 0.0)
(9.373080110740151 0.01986063615043663 0.0)
(8.997682249194856 0.018117517883233188 0.0)
(8.535977792361196 0.016019556889014196 0.0)
(7.9894851511237475 0.013553131874875989 0.0)
(7.361543201585324 0.010645225401863098 0.0)
(6.650061732600283 0.007948183956156369 0.0)
(5.833119043758973 0.0066014497693994145 0.0)
(4.892129021368368 0.00602633822354128 0.0)
(3.8288197539664375 0.004699031816489801 0.0)
(2.6472042711185964 0.002514591290527183 0.0)
(1.3666623449433575 0.0007209982448362615 0.0)
(0.01960600564485146 5.60369679786197e-05 0.0)
(-0.019586960543397373 5.604089963320308e-05 0.0)
(1.2111811027021624 0.0007211754297066454 0.0)
(2.3306528299045675 0.0025160505980553103 0.0)
(3.3710760223505165 0.00470449872284397 0.0)
(4.3517011037513855 0.006039055024381483 0.0)
(5.277091586162103 0.006622149791537803 0.0)
(6.149892881467306 0.007972203014077299 0.0)
(6.950271294338838 0.010666275607740538 0.0)
(7.655202748131444 0.013570656585714456 0.0)
(8.264060549737062 0.016035233873798425 0.0)
(8.78014506592215 0.018131594802986505 0.0)
(9.204725149400042 0.019873301215749 0.0)
(9.53855257182425 0.02124237103812376 0.0)
(9.782033188583155 0.022226945402988176 0.0)
(9.935701790474182 0.022820438305120667 0.0)
(10.000000000000004 0.02301847307989509 0.0)
(9.975409320636915 0.022820438305118946 0.0)
(9.862411255861302 0.02222694540298484 0.0)
(9.661447428175746 0.02124237103811934 0.0)
(9.373052628377723 0.019873301215743128 0.0)
(8.99763271185563 0.018131594802980114 0.0)
(8.53593945026292 0.0160352338737904 0.0)
(7.989241696313002 0.013570656585705677 0.0)
(7.360839816772285 0.01066627560773272 0.0)
(6.650107118532684 0.007972203014069682 0.0)
(5.834019524949005 0.006622149791530295 0.0)
(4.892743340693085 0.006039055024377177 0.0)
(3.8289239776494908 0.0047044987228424115 0.0)
(2.6471249478732215 0.002516050598054996 0.0)
(1.3665966750756313 0.00072117542970647 0.0)
(0.01958696054340201 5.604089963318635e-05 0.0)
(-0.019564548865543586 5.605781257359898e-05 0.0)
(1.2112599364843861 0.0007215328751900699 0.0)
(2.330766260849239 0.0025182172404829358 0.0)
(3.3710388968630327 0.004711533721855583 0.0)
(4.3511451884056624 0.006054393056249455 0.0)
(5.2760945147671405 0.006646883432805815 0.0)
(6.149604142116552 0.00800201642365421 0.0)
(6.950875109717398 0.010694198041596825 0.0)
(7.655469523810438 0.013594973540257758 0.0)
(8.264097306519597 0.016057319618525016 0.0)
(8.78019096371921 0.018151706263457676 0.0)
(9.204750948069343 0.019891621387373024 0.0)
(9.538568891141523 0.021259225060853894 0.0)
(9.78204216366874 0.022242716438912638 0.0)
(9.935705988041637 0.022835543938726003 0.0)
(10.000000000000004 0.023033356404890282 0.0)
(9.97540512306946 0.022835543938724296 0.0)
(9.862402280775717 0.022242716438909325 0.0)
(9.661431108858473 0.021259225060849502 0.0)
(9.373026829708422 0.019891621387367192 0.0)
(8.997586814058568 0.01815170626345134 0.0)
(8.535902693480383 0.01605731961851706 0.0)
(7.988974920634007 0.013594973540249055 0.0)
(7.360236001393725 0.010694198041589097 0.0)
(6.6503958578834395 0.008002016423646686 0.0)
(5.835016596343971 0.006646883432798383 0.0)
(4.8932992560388096 0.006054393056245198 0.0)
(3.8289611031369746 0.0047115337218540465 0.0)
(2.6470115169285497 0.002518217240482629 0.0)
(1.3665178412934074 0.0007215328751898962 0.0)
(0.019564548865548155 5.605781257358234e-05 0.0)
(-0.019539755339409288 5.6086963676164534e-05 0.0)
(1.211348470368939 0.0007220548757860979 0.0)
(2.330908815545015 0.0025209960195058715 0.0)
(3.3710705007971193 0.004719827708539815 0.0)
(4.350672102942203 0.006071678394089404 0.0)
(5.275044662660248 0.006674563942262625 0.0)
(6.149084736026284 0.008036314238220085 0.0)
(6.951352825118395 0.010727765842778854 0.0)
(7.655747898722397 0.013625014296018721 0.0)
(8.264130862960611 0.01608484371598349 0.0)
(8.78023120530887 0.018176968603872926 0.0)
(9.204773929499183 0.01991479171048925 0.0)
(9.538583444760782 0.021280660556092148 0.0)
(9.782050125001232 0.022262858949163744 0.0)
(9.935709744539656 0.02285488905389432 0.0)
(10.000000000000004 0.02305243380520729 0.0)
(9.97540136657144 0.02285488905389262 0.0)
(9.862394319443224 0.022262858949160445 0.0)
(9.661416555239214 0.021280660556087797 0.0)
(9.37300384827858 0.019914791710483465 0.0)
(8.997546572468911 0.018176968603866646 0.0)
(8.53586913703937 0.016084843715975603 0.0)
(7.988696545722047 0.013625014296010101 0.0)
(7.359758285992727 0.010727765842771226 0.0)
(6.650915263973709 0.008036314238212659 0.0)
(5.836066448450866 0.006674563942255275 0.0)
(4.893772341502269 0.006071678394085199 0.0)
(3.8289294992028875 0.004719827708538305 0.0)
(2.6468689622327735 0.0025209960195055735 0.0)
(1.3664293074088543 0.0007220548757859262 0.0)
(0.01953975533941378 5.6086963676148006e-05 0.0)
(-0.01951366934717434 5.612707209478346e-05 0.0)
(1.2114428143389022 0.0007227184957435131 0.0)
(2.3310742303993592 0.0025242648406574824 0.0)
(3.371169445533731 0.004729016260295182 0.0)
(4.350302633870787 0.006090151551779275 0.0)
(5.273988158422352 0.006703975088962769 0.0)
(6.148357484949882 0.008073589474548979 0.0)
(6.951683450601065 0.010765504103513249 0.0)
(7.656025641582962 0.013659458917147212 0.0)
(8.264159744651474 0.01611659680768543 0.0)
(8.780264022549296 0.01820627184321054 0.0)
(9.20479308392758 0.019941794123488867 0.0)
(9.53859559322262 0.02130573568739289 0.0)
(9.782056722774245 0.022286487908690727 0.0)
(9.935712894914591 0.022877623661655997 0.0)
(10.000000000000004 0.02307486705477729 0.0)
(9.975398216196504 0.02287762366165431 0.0)
(9.862387721670212 0.022286487908687456 0.0)
(9.661404406777375 0.021305735687388572 0.0)
(9.372984693850183 0.019941794123483132 0.0)
(8.997513755228484 0.018206271843204322 0.0)
(8.535840255348507 0.01611659680767762 0.0)
(7.9884188028614815 0.013659458917138685 0.0)
(7.359427660510057 0.010765504103505722 0.0)
(6.651642515050114 0.008073589474541653 0.0)
(5.837122952688764 0.006703975088955497 0.0)
(4.894141810573686 0.006090151551775121 0.0)
(3.8288305544662755 0.004729016260293698 0.0)
(2.646703547378429 0.002524264840657194 0.0)
(1.3663349634388908 0.0007227184957433435 0.0)
(0.019513669347178762 5.6127072094767066e-05 0.0)
(-0.019487437059614577 5.61763755389179e-05 0.0)
(1.2115388230928328 0.0007234945768154451 0.0)
(2.33125523738619 0.002527880077916505 0.0)
(3.3713313836221546 0.004738695648967535 0.0)
(4.3500530149864876 0.006109000852565863 0.0)
(5.2729714229168465 0.006733824600926409 0.0)
(6.147454342969173 0.008112204326949719 0.0)
(6.951852459086562 0.010805754673663532 0.0)
(7.656290548878958 0.013696793970005505 0.0)
(8.264182682583527 0.01615118372087209 0.0)
(8.780287973510985 0.01823832845074279 0.0)
(9.204807569743993 0.01997144218974418 0.0)
(9.53860480274585 0.021333348699360415 0.0)
(9.782061667093704 0.022312565104239943 0.0)
(9.935715300744729 0.02290274884493779 0.0)
(10.000000000000004 0.023099670477654658 0.0)
(9.975395810366367 0.02290274884493611 0.0)
(9.862382777350753 0.02231256510423669 0.0)
(9.661395197254146 0.021333348699356134 0.0)
(9.37297020803377 0.0199714421897385 0.0)
(8.997489804266795 0.01823832845073664 0.0)
(8.535817317416454 0.016151183720864357 0.0)
(7.988153895565485 0.01369679396999707 0.0)
(7.359258652024559 0.010805754673656109 0.0)
(6.652545657030826 0.00811220432694249 0.0)
(5.838139688194272 0.006733824600919211 0.0)
(4.894391429457984 0.006109000852561755 0.0)
(3.828668616377851 0.0047386956489660756 0.0)
(2.6465225403915973 0.002527880077916227 0.0)
(1.36623895468496 0.0007234945768152775 0.0)
(0.019487437059618938 5.617637553890166e-05 0.0)
(-0.019462211075454757 5.62327077054307e-05 0.0)
(1.211632278181726 0.0007243490194193932 0.0)
(2.3314438833896487 0.0025316828843716696 0.0)
(3.371549199799042 0.004748440579926549 0.0)
(4.349934214086417 0.006127398092656425 0.0)
(5.272039129641778 0.006762800945206003 0.0)
(6.14641499249054 0.008150462129451686 0.0)
(6.951852424651227 0.010846749016813644 0.0)
(7.656530981068431 0.013735379020673552 0.0)
(8.264198668906001 0.01618708476985302 0.0)
(8.780302005832496 0.018271729917780616 0.0)
(9.204816750468147 0.020002433227463545 0.0)
(9.53861066868087 0.021362286326765453 0.0)
(9.782064740715255 0.022339944751545833 0.0)
(9.935716856322296 0.02292916064915151 0.0)
(10.000000000000004 0.02312575425681473 0.0)
(9.9753942547888 0.022929160649149846 0.0)
(9.862379703729202 0.02233994475154261 0.0)
(9.661389331319127 0.021362286326761206 0.0)
(9.372961027309616 0.020002433227457914 0.0)
(8.997475771945284 0.018271729917774523 0.0)
(8.53580133109398 0.016187084769845362 0.0)
(7.987913463376012 0.013735379020665203 0.0)
(7.359258686459896 0.01084674901680631 0.0)
(6.653585007509463 0.008150462129444548 0.0)
(5.839071981469343 0.006762800945198873 0.0)
(4.894510230358056 0.006127398092652361 0.0)
(3.8284508002009625 0.004748440579925115 0.0)
(2.646333894388138 0.0025316828843714003 0.0)
(1.3661454995960667 0.0007243490194192279 0.0)
(0.019462211075459063 5.623270770541462e-05 0.0)
(-0.019439099778289236 5.629359346198207e-05 0.0)
(1.2117190733599472 0.0007252442809104985 0.0)
(2.331631879649462 0.0025355061716643714 0.0)
(3.3718133236200654 0.004757822878733735 0.0)
(4.349951451064784 0.006144534930978182 0.0)
(5.27123224185807 0.006789630954244633 0.0)
(6.145285100672575 0.008186681904203623 0.0)
(6.951683348808084 0.01088668591652259 0.0)
(7.656736374000834 0.013773518712614355 0.0)
(8.264207001209131 0.016222722528215112 0.0)
(8.780305502959292 0.018305008644968625 0.0)
(9.204820222715822 0.020033405547146072 0.0)
(9.538612933289224 0.021391277103199716 0.0)
(9.782065808589591 0.022367423838995426 0.0)
(9.935717493298059 0.022955698587939045 0.0)
(10.000000000000004 0.023151972318720158 0.0)
(9.975393617813037 0.022955698587937393 0.0)
(9.862378635854865 0.02236742383899223 0.0)
(9.661387066710772 0.021391277103195504 0.0)
(9.37295755506194 0.020033405547140483 0.0)
(8.997472274818488 0.018305008644962595 0.0)
(8.53579299879085 0.016222722528207525 0.0)
(7.987708070443608 0.013773518712606082 0.0)
(7.35942776230304 0.010886685916515348 0.0)
(6.6547148993274305 0.008186681904196564 0.0)
(5.839878869253052 0.006789630954237558 0.0)
(4.894492993379688 0.0061445349309741555 0.0)
(3.8281866763799384 0.0047578228787323205 0.0)
(2.646145898128325 0.0025355061716641125 0.0)
(1.3660587044178452 0.0007252442809103355 0.0)
(0.019439099778293494 5.629359346196615e-05 0.0)
(-0.01941911863623454 5.6356357599816485e-05 0.0)
(1.2117953950061526 0.0007261410251366766 0.0)
(2.331810965953902 0.002539181951545478 0.0)
(3.372112149967729 0.004766430304343934 0.0)
(4.350103968560292 0.006159658406206234 0.0)
(5.27058621273878 0.0068131357665292495 0.0)
(6.14411431289468 0.008219272220565132 0.0)
(6.951352660440365 0.010923810618479662 0.0)
(7.656897703086474 0.01380953725753863 0.0)
(8.26420731338676 0.01625653113805338 0.0)
(8.780298311234022 0.018336702425915896 0.0)
(9.204817833922805 0.020062998281727164 0.0)
(9.538611497068166 0.021419047226983814 0.0)
(9.78206482379627 0.02239379498575776 0.0)
(9.935717183684469 0.02298119663281985 0.0)
(10.000000000000004 0.023177172689695383 0.0)
(9.975393927426628 0.022981196632818206 0.0)
(9.862379620648186 0.02239379498575458 0.0)
(9.661388502931828 0.02141904722697963 0.0)
(9.372959943854958 0.020062998281721617 0.0)
(8.997479466543757 0.018336702425909915 0.0)
(8.535792686613219 0.016256531138045847 0.0)
(7.987546741357968 0.013809537257530426 0.0)
(7.3597584506707605 0.01092381061847249 0.0)
(6.655885687105329 0.008219272220558136 0.0)
(5.840524898372343 0.00681313576652222 0.0)
(4.894340475884179 0.006159658406202235 0.0)
(3.8278878500322744 0.0047664303043425385 0.0)
(2.6459668118238837 0.002539181951545226 0.0)
(1.3659823827716395 0.0007261410251365157 0.0)
(0.019419118636238762 5.635635759980073e-05 0.0)
(-0.01940314558411808 5.6418242377541256e-05 0.0)
(1.2118578896868346 0.0007269998507971763 0.0)
(2.3319732735783822 0.002542548716971661 0.0)
(3.3724325489590035 0.004773884662222675 0.0)
(4.350385065233213 0.006172104020506679 0.0)
(5.270129427621533 0.00683228262360891 0.0)
(6.142954071429921 0.008246801119657587 0.0)
(6.95087488938997 0.010956491931198582 0.0)
(7.657007879820471 0.013841852066476468 0.0)
(8.264199591722377 0.016287025110902617 0.0)
(8.780280746647936 0.01836541869386974 0.0)
(9.204809689048291 0.02008991118058771 0.0)
(9.538606423122623 0.02144437652968267 0.0)
(9.782061829605306 0.022417899491888757 0.0)
(9.935715941085379 0.023004534446349218 0.0)
(10.000000000000004 0.02320024811154255 0.0)
(9.975395170025717 0.023004534446347587 0.0)
(9.86238261483915 0.02241789949188559 0.0)
(9.661393576877373 0.021444376529678514 0.0)
(9.372968088729474 0.02008991118058219 0.0)
(8.997497031129843 0.018365418693863794 0.0)
(8.535800408277602 0.016287025110895133 0.0)
(7.987436564623971 0.013841852066468317 0.0)
(7.3602362217211565 0.010956491931191468 0.0)
(6.657045928570089 0.008246801119650633 0.0)
(5.8409816834895905 0.006832282623601908 0.0)
(4.894059379211257 0.0061721040205027 0.0)
(3.827567451040999 0.004773884662221292 0.0)
(2.6458045041994036 0.0025425487169714158 0.0)
(1.3659198880909575 0.0007269998507970173 0.0)
(0.019403145584122282 5.641824237752565e-05 0.0)
(-0.01939188244862799 5.647652869123816e-05 0.0)
(1.2119038115000549 0.0007277830226636525 0.0)
(2.3321116710228154 0.0025454585384294182 0.0)
(3.3727604428483664 0.004779858421522128 0.0)
(4.350782390209989 0.006181324936355762 0.0)
(5.269881956808715 0.006846230247611718 0.0)
(6.141855355165658 0.008268059032017563 0.0)
(6.950271028042798 0.010983293897587256 0.0)
(7.657062063238695 0.013869043285841418 0.0)
(8.264184175491788 0.016312864597382987 0.0)
(8.780253580956813 0.018389895708551186 0.0)
(9.204796145963165 0.02011296174018753 0.0)
(9.538597934392477 0.02146615208807436 0.0)
(9.782056957575973 0.02243867824948695 0.0)
(9.935713820098321 0.023024686607696004 0.0)
(10.000000000000004 0.023220184692440967 0.0)
(9.975397291012776 0.023024686607694366 0.0)
(9.862387486868483 0.022438678249483795 0.0)
(9.661402065607518 0.021466152088070217 0.0)
(9.372981631814598 0.02011296174018204 0.0)
(8.997524196820967 0.018389895708545267 0.0)
(8.535815824508193 0.016312864597375538 0.0)
(7.987382381205747 0.013869043285833304 0.0)
(7.3608400830683305 0.01098329389758018 0.0)
(6.658144644834355 0.008268059032010633 0.0)
(5.8412291543024075 0.006846230247604728 0.0)
(4.893662054234479 0.0061813249363517914 0.0)
(3.827239557151635 0.004779858421520751 0.0)
(2.64566610675497 0.0025454585384291776 0.0)
(1.3658739662777373 0.0007277830226634949 0.0)
(0.019391882448632186 5.647652869122268e-05 0.0)
(-0.01938582411133238 5.652865554691513e-05 0.0)
(1.2119311427253519 0.0007284561295970646 0.0)
(2.332220077356684 0.0025477835636872627 0.0)
(3.3730814245781833 0.004784089106187358 0.0)
(4.351278485758027 0.0061869160035802635 0.0)
(5.269854673715107 0.0068543658054554465 0.0)
(6.140866439684498 0.008282111923866214 0.0)
(6.949567608961709 0.01100303888827538 0.0)
(7.657057872620876 0.013889916183199506 0.0)
(8.264161742055961 0.016332914257730542 0.0)
(8.780218007771424 0.018409057994714567 0.0)
(9.204777799725814 0.020131137161107617 0.0)
(9.538586403857003 0.0214834171239604 0.0)
(9.782050421776326 0.022455218277957142 0.0)
(9.935710913915587 0.023040767667757946 0.0)
(10.000000000000004 0.023236106455498912 0.0)
(9.97540019719551 0.023040767667756323 0.0)
(9.86239402266813 0.022455218277953996 0.0)
(9.661413596142992 0.02148341712395627 0.0)
(9.37299997805195 0.02013113716110214 0.0)
(8.997559770006356 0.01840905799470867 0.0)
(8.53583825794402 0.016332914257723107 0.0)
(7.987386571823566 0.013889916183191414 0.0)
(7.361543502149422 0.011003038888268318 0.0)
(6.659133560315517 0.008282111923859291 0.0)
(5.841256437396015 0.006854365805448452 0.0)
(4.893165958686439 0.006186916003576291 0.0)
(3.8269185754218173 0.0047840891061859845 0.0)
(2.6455577004211013 0.0025477835636870255 0.0)
(1.3658466350524403 0.0007284561295969082 0.0)
(0.01938582411133658 5.6528655546899755e-05 0.0)
(-0.019385236764488594 5.657233258589712e-05 0.0)
(1.211938682478687 0.0007289895965101728 0.0)
(2.3322937294040025 0.0025494216353888796 0.0)
(3.3733813907984667 0.004786390827673995 0.0)
(4.351851554346528 0.0061886315609149065 0.0)
(5.270048777109929 0.006856331835612026 0.0)
(6.1400307761235124 0.00828834233684475 0.0)
(6.948795539094258 0.01101485934449455 0.0)
(7.656995492095094 0.01390355364162671 0.0)
(8.264133277099024 0.01634629314654943 0.0)
(8.780175590112455 0.018422063596562274 0.0)
(9.204755456436342 0.020143638848603745 0.0)
(9.538572338146833 0.021495413043249454 0.0)
(9.782042509377446 0.02246679283870749 0.0)
(9.935707350229528 0.02305207105417541 0.0)
(10.000000000000004 0.023247313827575663 0.0)
(9.97540376088157 0.02305207105417378 0.0)
(9.86240193506701 0.022466792838704345 0.0)
(9.661427661853162 0.02149541304324532 0.0)
(9.373022321341423 0.02014363884859826 0.0)
(8.997602187665326 0.018422063596556376 0.0)
(8.535866722900955 0.016346293146541995 0.0)
(7.987448952349349 0.013903553641618617 0.0)
(7.362315572016875 0.011014859344487484 0.0)
(6.659969223876504 0.00828834233683781 0.0)
(5.841062334001191 0.006856331835605011 0.0)
(4.892592890097937 0.00618863156091092 0.0)
(3.8266186092015335 0.0047863908276726186 0.0)
(2.645484048373783 0.0025494216353886432 0.0)
(1.3658390952991053 0.0007289895965100171 0.0)
(0.019385236764492816 5.6572332585881815e-05 0.0)
(-0.019390146215042436 5.660564071899616e-05 0.0)
(1.2119260994770926 0.0007293599838427655 0.0)
(2.3323293910285536 0.002550300779660466 0.0)
(3.3736471615422685 0.004786662452550796 0.0)
(4.352476416390111 0.006186396229908931 0.0)
(5.270455738445115 0.006852041954313125 0.0)
(6.139385082010769 0.008286476518005115 0.0)
(6.947988741777957 0.011018235897023415 0.0)
(7.6568776625475286 0.013909356456148759 0.0)
(8.264100031319112 0.016352413419940932 0.0)
(8.780128191734239 0.018428341071742203 0.0)
(9.204730097818011 0.020149917501398506 0.0)
(9.538556355283543 0.02150161276719387 0.0)
(9.782033568035663 0.022472893366713674 0.0)
(9.935703285621988 0.02305810011682816 0.0)
(10.000000000000004 0.02325331437724547 0.0)
(9.975407825489107 0.02305810011682653 0.0)
(9.862410876408793 0.02247289336671052 0.0)
(9.661443644716453 0.021501612767189728 0.0)
(9.373047679959754 0.02014991750139302 0.0)
(8.997649586043542 0.01842834107173629 0.0)
(8.535899968680868 0.016352413419933483 0.0)
(7.9875667818969145 0.01390935645614065 0.0)
(7.363122369333178 0.011018235897016325 0.0)
(6.660614917989248 0.008286476517998133 0.0)
(5.840655372666004 0.006852041954306073 0.0)
(4.891968028054352 0.006186396229904922 0.0)
(3.8263528384577308 0.0047866624525494126 0.0)
(2.6454483867492318 0.002550300779660229 0.0)
(1.3658516783006998 0.0007293599838426098 0.0)
(0.019390146215046693 5.660564071898089e-05 0.0)
)
