(
(-0.0257391005661048 -3.498768344115012e-05 0.0)
(1.2087827041873795 -0.0006111121161123125 0.0)
(2.372010371848255 -0.0032179614554399523 0.0)
(3.4849066362585392 -0.009704030821886743 0.0)
(4.524084219587983 -0.020922554635498736 0.0)
(5.461333144703476 -0.036185420767907414 0.0)
(6.2996939197528095 -0.05323340091409213 0.0)
(7.058744091132268 -0.06924346655678848 0.0)
(7.741004836561574 -0.08321099190154654 0.0)
(8.335092092098307 -0.09552198363101651 0.0)
(8.83707342213945 -0.10618763591633854 0.0)
(9.248763737698077 -0.11504920307095888 0.0)
(9.570710095315228 -0.12201440370759205 0.0)
(9.803056288075595 -0.12702291769755863 0.0)
(9.946088904900382 -0.130039591939138 0.0)
(10.000000000000007 -0.1310469262839097 0.0)
(9.965022206210744 -0.1300395919391388 0.0)
(9.84138815636886 -0.12702291769756052 0.0)
(9.629289904684788 -0.12201440370759319 0.0)
(9.329014040079702 -0.11504920307096227 0.0)
(8.940704355638339 -0.10618763591634219 0.0)
(8.464907907901704 -0.09552198363102166 0.0)
(7.903439607882868 -0.08321099190155307 0.0)
(7.252367019978824 -0.06924346655679386 0.0)
(6.500306080247187 -0.05323340091409637 0.0)
(5.6497779664076075 -0.03618542076791172 0.0)
(4.720360224856408 -0.02092255463550148 0.0)
(3.7150933637414223 -0.00970403082188798 0.0)
(2.6057674059295106 -0.0032179614554406584 0.0)
(1.3689950735904022 -0.0006111121161125531 0.0)
(0.025739100566093978 -3.498768344117238e-05 0.0)
(-0.025708038376442848 -3.4952249477767234e-05 0.0)
(1.2088934848169395 -0.0006104713194103487 0.0)
(2.3721871913727774 -0.00321451988214304 0.0)
(3.4849386606177264 -0.009693693089826231 0.0)
(4.523476739643755 -0.020900932008068734 0.0)
(5.460012313566074 -0.036150774815521036 0.0)
(6.299064020609382 -0.05319056849434398 0.0)
(7.059362409091625 -0.06920169058767164 0.0)
(7.741355339365038 -0.08317368282099624 0.0)
(8.33513487304136 -0.09548782247386776 0.0)
(8.837124935475984 -0.10615630027835116 0.0)
(9.248793108685238 -0.11502047688971347 0.0)
(9.570728693176637 -0.1219878392228103 0.0)
(9.80306646726284 -0.1269979632238728 0.0)
(9.94609370358341 -0.13001563008692751 0.0)
(10.000000000000007 -0.13102329756546047 0.0)
(9.965017407527718 -0.13001563008692832 0.0)
(9.841377977181615 -0.1269979632238747 0.0)
(9.629271306823378 -0.12198783922281138 0.0)
(9.328984669092542 -0.11502047688971677 0.0)
(8.940652842301805 -0.1061563002783547 0.0)
(8.464865126958651 -0.09548782247387283 0.0)
(7.903089105079404 -0.08317368282100268 0.0)
(7.2517487020194675 -0.06920169058767692 0.0)
(6.500935979390618 -0.053190568494348084 0.0)
(5.651098797545012 -0.03615077481552525 0.0)
(4.720967704800637 -0.02090093200807141 0.0)
(3.715061339382235 -0.009693693089827433 0.0)
(2.6055905864049875 -0.0032145198821437355 0.0)
(1.368884292960842 -0.0006104713194105869 0.0)
(0.025708038376431937 -3.495224947778936e-05 0.0)
(-0.025675217097874865 -3.4902818910233975e-05 0.0)
(1.209012057107086 -0.0006096488862994357 0.0)
(2.3723936257483658 -0.003210444872647924 0.0)
(3.4850559573694606 -0.009682182718410518 0.0)
(4.522997825647167 -0.020877720570104678 0.0)
(5.458677759156584 -0.03611380135016787 0.0)
(6.298168795296723 -0.05314379923973272 0.0)
(7.059797238139362 -0.0691544735934943 0.0)
(7.741706452783298 -0.08313065557074822 0.0)
(8.335171915447381 -0.09544817690984835 0.0)
(8.837167268891761 -0.10611972941983275 0.0)
(9.248817759065787 -0.11498678999502167 0.0)
(9.570744324835486 -0.12195656605170395 0.0)
(9.803074963350285 -0.12696850022404538 0.0)
(9.946097755204349 -0.1299872862899794 0.0)
(10.000000000000007 -0.13099533077975264 0.0)
(9.965013355906777 -0.12998728628998027 0.0)
(9.84136948109417 -0.1269685002240472 0.0)
(9.629255675164528 -0.121956566051705 0.0)
(9.328960018711992 -0.11498678999502489 0.0)
(8.940610508886028 -0.10611972941983623 0.0)
(8.46482808455263 -0.09544817690985333 0.0)
(7.9027379916611435 -0.08313065557075452 0.0)
(7.251313872971729 -0.06915447359349947 0.0)
(6.501831204703279 -0.05314379923973671 0.0)
(5.652433351954507 -0.03611380135017198 0.0)
(4.721446618797225 -0.02087772057010729 0.0)
(3.7149440426305 -0.009682182718411689 0.0)
(2.6053841520293988 -0.0032104448726486077 0.0)
(1.3687657206706951 -0.0006096488862996713 0.0)
(0.02567521709786387 -3.490281891025592e-05 0.0)
(-0.025642078837336307 -3.484156362725708e-05 0.0)
(1.209133211208312 -0.0006086809529858687 0.0)
(2.372620604626218 -0.0032059154754168007 0.0)
(3.4852533727090593 -0.009670005452301981 0.0)
(4.522668520203082 -0.0208539401897266 0.0)
(5.457388119354259 -0.03607612491827451 0.0)
(6.297047578377303 -0.053095148105744054 0.0)
(7.06002947268262 -0.06910389020259958 0.0)
(7.7420427495350985 -0.0830838006894622 0.0)
(8.335201591740818 -0.09540478889251179 0.0)
(8.837198562333938 -0.10607953019740216 0.0)
(9.2488366057471 -0.11494962252740777 0.0)
(9.570756303465284 -0.12192195828019876 0.0)
(9.803081403035392 -0.1269358232483877 0.0)
(9.946100881742392 -0.12995580592287814 0.0)
(10.000000000000007 -0.13096425473618648 0.0)
(9.965010229368735 -0.12995580592287895 0.0)
(9.841363041409062 -0.12693582324838953 0.0)
(9.62924369653473 -0.12192195828019976 0.0)
(9.32894117203068 -0.11494962252741096 0.0)
(8.94057921544385 -0.10607953019740553 0.0)
(8.464798408259195 -0.09540478889251666 0.0)
(7.902401694909341 -0.08308380068946838 0.0)
(7.251081638428472 -0.0691038902026046 0.0)
(6.5029524216227035 -0.053095148105747905 0.0)
(5.653722991756835 -0.03607612491827852 0.0)
(4.721775924241311 -0.02085394018972915 0.0)
(3.7147466272909004 -0.009670005452303121 0.0)
(2.6051571731515457 -0.003205915475417471 0.0)
(1.3686445665694689 -0.0006086809529861015 0.0)
(0.025642078837325222 -3.4841563627278835e-05 0.0)
(-0.02561007962937049 -3.477117507390719e-05 0.0)
(1.2092516238310547 -0.0006076100486886616 0.0)
(2.372858154969687 -0.003201130703877707 0.0)
(3.485522232567662 -0.009657696338295755 0.0)
(4.522503292390264 -0.020830635733343327 0.0)
(5.4562000585726835 -0.036039400953331246 0.0)
(6.295749634071353 -0.053046752734200696 0.0)
(7.06004890876043 -0.06905216295664365 0.0)
(7.742349453356406 -0.08303517689490328 0.0)
(8.335222597999625 -0.09535956481196371 0.0)
(8.837217440825917 -0.10603746889135054 0.0)
(9.248848820640477 -0.11491060755740283 0.0)
(9.570764102746953 -0.12188553651046159 0.0)
(9.803085503370179 -0.12690136806342944 0.0)
(9.946102945823174 -0.1299225721753624 0.0)
(10.000000000000007 -0.13093143485926426 0.0)
(9.965008165287953 -0.1299225721753632 0.0)
(9.841358941074276 -0.12690136806343122 0.0)
(9.629235897253063 -0.12188553651046254 0.0)
(9.328928957137302 -0.11491060755740594 0.0)
(8.940560336951872 -0.10603746889135386 0.0)
(8.464777402000387 -0.0953595648119685 0.0)
(7.902094991088034 -0.08303517689490938 0.0)
(7.2510622023506635 -0.06905216295664857 0.0)
(6.504250365928658 -0.053046752734204436 0.0)
(5.654911052538412 -0.03603940095333518 0.0)
(4.721941152054128 -0.02083063573334582 0.0)
(3.714477767432297 -0.009657696338296867 0.0)
(2.604919622808076 -0.0032011307038783653 0.0)
(1.3685261539467257 -0.0006076100486888915 0.0)
(0.025610079629359336 -3.4771175073928746e-05 0.0)
(-0.02558062546063455 -3.469474599444626e-05 0.0)
(1.2093620921413006 -0.0006064832269834697 0.0)
(2.3730958392512673 -0.003196300792138578 0.0)
(3.4858507237349463 -0.009645796216342385 0.0)
(4.522509402016535 -0.020808831156134047 0.0)
(5.455165778029105 -0.036005243039173115 0.0)
(6.2943319916771525 -0.05300073952919144 0.0)
(7.059854692387088 -0.06900156465618154 0.0)
(7.7426130882424085 -0.08298692062764973 0.0)
(8.335234011247222 -0.0953144917315683 0.0)
(8.837223074881296 -0.10599539359851687 0.0)
(9.248853867045852 -0.11487145933141298 0.0)
(9.57076737999432 -0.12184890104842287 0.0)
(9.803087084193436 -0.12686664856696356 0.0)
(9.946103856754764 -0.12988904527749862 0.0)
(10.000000000000007 -0.13089831319433573 0.0)
(9.965007254356363 -0.12988904527749937 0.0)
(9.841357360251019 -0.12686664856696533 0.0)
(9.629232620005693 -0.12184890104842379 0.0)
(9.328923910731927 -0.11487145933141603 0.0)
(8.940554702896492 -0.1059953935985201 0.0)
(8.46476598875279 -0.095314491731573 0.0)
(7.901831356202031 -0.08298692062765572 0.0)
(7.251256418724006 -0.06900156465618631 0.0)
(6.5056680083228615 -0.05300073952919508 0.0)
(5.655945333081992 -0.036005243039176967 0.0)
(4.721935042427857 -0.020808831156136492 0.0)
(3.7141492762650112 -0.009645796216343466 0.0)
(2.6046819385264954 -0.003196300792139225 0.0)
(1.3684156856364795 -0.0006064832269836966 0.0)
(0.025580625460623334 -3.469474599446761e-05 0.0)
(-0.025555010493417855 -3.4615634542802776e-05 0.0)
(1.2094597623635939 -0.000605349998354557 0.0)
(2.373323214058457 -0.0031916379576851575 0.0)
(3.48622441290998 -0.009634827956029839 0.0)
(4.522686580636091 -0.020789484511330985 0.0)
(5.454330722118446 -0.03597515201205806 0.0)
(6.292856939808002 -0.052959130226765606 0.0)
(7.059455357074731 -0.06895431849796854 0.0)
(7.742822070558521 -0.08294115217980227 0.0)
(8.33523533000639 -0.09527155008001921 0.0)
(8.837215216949991 -0.10595515303029365 0.0)
(9.248851523233403 -0.11483389795086853 0.0)
(9.570765991211138 -0.12181366158926195 0.0)
(9.80308607604668 -0.12683319027014728 0.0)
(9.946103574512492 -0.12985669833984315 0.0)
(10.000000000000007 -0.1308663450467634 0.0)
(9.965007536598634 -0.1298566983398439 0.0)
(9.841358368397774 -0.12683319027014905 0.0)
(9.629234008788877 -0.12181366158926281 0.0)
(9.328926254544376 -0.11483389795087152 0.0)
(8.940562560827798 -0.10595515303029683 0.0)
(8.464764669993622 -0.09527155008002383 0.0)
(7.901622373885917 -0.08294115217980819 0.0)
(7.251655754036364 -0.06895431849797323 0.0)
(6.507143060192016 -0.05295913022676918 0.0)
(5.656780388992653 -0.035975152012061855 0.0)
(4.721757863808299 -0.020789484511333396 0.0)
(3.7137755870899767 -0.009634827956030902 0.0)
(2.604454563719305 -0.003191637957685794 0.0)
(1.3683180154141863 -0.0006053499983547814 0.0)
(0.02555501049340659 -3.4615634542823925e-05 0.0)
(-0.02553436020251865 -3.453731673143162e-05 0.0)
(1.209540343047049 -0.000604260154794695 0.0)
(2.3735302889581984 -0.003187347076932915 0.0)
(3.4866268808740566 -0.009625273482650394 0.0)
(4.5230270433445305 -0.020773445855113096 0.0)
(5.453731581669728 -0.03595045001666755 0.0)
(6.291389289544499 -0.05292375306354973 0.0)
(7.058868448886422 -0.06891250039176214 0.0)
(7.7429672180040985 -0.08289988253322833 0.0)
(8.335226496333263 -0.095232626634926 0.0)
(8.837194212295126 -0.10591851528363058 0.0)
(9.248841892185963 -0.11479957379411403 0.0)
(9.570759997417992 -0.12178136649034556 0.0)
(9.803082523226038 -0.12680246326933253 0.0)
(9.946102111497568 -0.1298269526276596 0.0)
(10.000000000000007 -0.13083693503846758 0.0)
(9.965008999613557 -0.12982695262766034 0.0)
(9.841361921218416 -0.12680246326933425 0.0)
(9.629240002582021 -0.12178136649034639 0.0)
(9.328935885591816 -0.11479957379411697 0.0)
(8.940583565482664 -0.1059185152836337 0.0)
(8.464773503666748 -0.09523262663493057 0.0)
(7.90147722644034 -0.08289988253323416 0.0)
(7.252242662224677 -0.06891250039176675 0.0)
(6.508610710455522 -0.052923753063553236 0.0)
(5.6573795294413705 -0.03595045001667132 0.0)
(4.721417401099858 -0.020773445855115487 0.0)
(3.713373119125899 -0.009625273482651436 0.0)
(2.604247488819563 -0.003187347076933543 0.0)
(1.368237434730731 -0.0006042601547949169 0.0)
(0.025534360202507357 -3.4537316731452594e-05 0.0)
(-0.025519581923940406 -3.446323370168608e-05 0.0)
(1.2096002936238535 -0.0006032615820360913 0.0)
(2.3737079654582303 -0.0031836166833321584 0.0)
(3.487040443921129 -0.00961755260228492 0.0)
(4.523515830833301 -0.02076141989669272 0.0)
(5.453394681818172 -0.03593222241348802 0.0)
(6.289993526754232 -0.05289616244737482 0.0)
(7.058119755494235 -0.06887794774864497 0.0)
(7.74304215306592 -0.08286492500069767 0.0)
(8.335207898363278 -0.09519943162125767 0.0)
(8.837160983822809 -0.10588709015408918 0.0)
(9.248825397074135 -0.11476999500180297 0.0)
(9.570749661971194 -0.1217534347392379 0.0)
(9.803076581835947 -0.1267758176527216 0.0)
(9.946099531992193 -0.12980111511312303 0.0)
(10.000000000000007 -0.13081137539140872 0.0)
(9.965011579118933 -0.12980111511312378 0.0)
(9.841367862608507 -0.12677581765272333 0.0)
(9.62925033802882 -0.1217534347392387 0.0)
(9.328952380703644 -0.11476999500180589 0.0)
(8.94061679395498 -0.10588709015409227 0.0)
(8.464792101636734 -0.09519943162126218 0.0)
(7.901402291378519 -0.08286492500070347 0.0)
(7.252991355616866 -0.06887794774864955 0.0)
(6.510006473245792 -0.0528961624473783 0.0)
(5.657716429292926 -0.035932222413491775 0.0)
(4.720928613611085 -0.02076141989669509 0.0)
(3.7129595560788253 -0.009617552602285952 0.0)
(2.604069812319531 -0.0031836166833327803 0.0)
(1.3681774841539263 -0.0006032615820363113 0.0)
(0.025519581923929106 -3.446323370170688e-05 0.0)
(-0.025511324988207757 -3.4396640526362094e-05 0.0)
(1.209636979975339 -0.0006023981555389217 0.0)
(2.3738484367781907 -0.003180610683553144 0.0)
(3.4874469308475016 -0.009612004556291727 0.0)
(4.52413146667436 -0.020753935034681956 0.0)
(5.453334825326914 -0.03592127009005673 0.0)
(6.28873097870073 -0.05287757065943998 0.0)
(7.057242173116127 -0.06885217874854335 0.0)
(7.743043583234459 -0.08283781555223671 0.0)
(8.335180353257211 -0.09517342356718621 0.0)
(8.837116991531323 -0.10586225840437083 0.0)
(9.248802762662958 -0.11474646121195665 0.0)
(9.570735438991365 -0.12173109360598293 0.0)
(9.803068512930219 -0.1267544241799617 0.0)
(9.946095949335113 -0.12978032104935378 0.0)
(10.000000000000007 -0.13079078914971845 0.0)
(9.965015161776014 -0.12978032104935452 0.0)
(9.841375931514236 -0.12675442417996335 0.0)
(9.62926456100865 -0.12173109360598373 0.0)
(9.328975015114821 -0.11474646121195957 0.0)
(8.940660786246465 -0.1058622584043739 0.0)
(8.464819646742802 -0.09517342356719069 0.0)
(7.9014008612099795 -0.08283781555224248 0.0)
(7.253868937994976 -0.0688521787485479 0.0)
(6.511269021299296 -0.05287757065944346 0.0)
(5.657776285784183 -0.035921270090060485 0.0)
(4.720312977770025 -0.020753935034684333 0.0)
(3.712553069152452 -0.009612004556292755 0.0)
(2.6039293409995703 -0.0031806106835537617 0.0)
(1.368140797802441 -0.0006023981555391404 0.0)
(0.025511324988196464 -3.4396640526382755e-05 0.0)
(-0.025509952189971163 -3.4340463187754604e-05 0.0)
(1.2096487901703372 -0.000601707812683878 0.0)
(2.373945530865266 -0.003178461155726839 0.0)
(3.4878284813612757 -0.009608873115661895 0.0)
(4.524846900955124 -0.02075132014022441 0.0)
(5.453554642180677 -0.03591807427142854 0.0)
(6.287657119435697 -0.05286879458889438 0.0)
(7.056274261116303 -0.06883632563417869 0.0)
(7.742971445670728 -0.08281974532741548 0.0)
(8.335145071296632 -0.09515574521902713 0.0)
(8.837064168361477 -0.10584511109612976 0.0)
(9.24877498346705 -0.11473000645624708 0.0)
(9.570717953410218 -0.12171532471910394 0.0)
(9.80305867104181 -0.1267392228411075 0.0)
(9.946091520941724 -0.1297654840894722 0.0)
(10.000000000000007 -0.13077608083519524 0.0)
(9.965019590169401 -0.12976548408947294 0.0)
(9.841385773402644 -0.12673922284110917 0.0)
(9.629282046589797 -0.12171532471910472 0.0)
(9.32900279431073 -0.11473000645624999 0.0)
(8.940713609416312 -0.10584511109613286 0.0)
(8.46485492870338 -0.09515574521903161 0.0)
(7.901472998773712 -0.08281974532742126 0.0)
(7.2548368499948035 -0.06883632563418324 0.0)
(6.512342880564331 -0.05286879458889787 0.0)
(5.6575564689304185 -0.03591807427143231 0.0)
(4.719597543489258 -0.0207513201402268 0.0)
(3.7121715186386774 -0.009608873115662928 0.0)
(2.603832246912495 -0.0031784611557274557 0.0)
(1.368128987607443 -0.0006017078126840956 0.0)
(0.025509952189959897 -3.434046318777517e-05 0.0)
(-0.025515523847473662 -3.429717001534852e-05 0.0)
(1.2096352052904857 -0.0006012208858730639 0.0)
(2.3739949815828982 -0.0031772625461734833 0.0)
(3.488168330830903 -0.009608295870167887 0.0)
(4.525630698802146 -0.020753690106998717 0.0)
(5.454044474029049 -0.035922775376027366 0.0)
(6.286819132370669 -0.05287021984022241 0.0)
(7.055258547777287 -0.06883108496239371 0.0)
(7.742828909967303 -0.08281150829885409 0.0)
(8.33510360270634 -0.09514717333105692 0.0)
(8.837004835266715 -0.10583640165072 0.0)
(9.248743280053455 -0.11472135372653698 0.0)
(9.5706979735122 -0.12170682093464201 0.0)
(9.803047488605293 -0.12673088155517825 0.0)
(9.946086441387532 -0.12975725614235206 0.0)
(10.000000000000007 -0.1307678967042711 0.0)
(9.965024669723594 -0.1297572561423528 0.0)
(9.841396955839164 -0.12673088155517992 0.0)
(9.629302026487814 -0.12170682093464281 0.0)
(9.329034497724324 -0.1147213537265399 0.0)
(8.940772942511074 -0.1058364016507231 0.0)
(8.464896397293671 -0.09514717333106143 0.0)
(7.901615534477137 -0.08281150829885986 0.0)
(7.255852563333821 -0.06883108496239829 0.0)
(6.5131808676293605 -0.05287021984022594 0.0)
(5.657066637082044 -0.03592277537603119 0.0)
(4.718813745642234 -0.020753690107001135 0.0)
(3.711831669169049 -0.00960829587016893 0.0)
(2.6037827961948627 -0.003177262546174101 0.0)
(1.3681425724872944 -0.0006012208858732815 0.0)
(0.025515523847462446 -3.429717001536903e-05 0.0)
(-0.025527795152277672 -3.4268663231936715e-05 0.0)
(1.2095968222305524 -0.0006009587697797395 0.0)
(2.373994616157023 -0.0031770675196040555 0.0)
(3.4884515468924255 -0.00961029818292067 0.0)
(4.526448421571946 -0.02076094080300055 0.0)
(5.454782798556733 -0.03593516684591759 0.0)
(6.286253837124229 -0.05288178379048814 0.0)
(7.054239661685003 -0.06883668699871912 0.0)
(7.742622238882232 -0.08281346638651829 0.0)
(8.33505776954033 -0.09514808453635117 0.0)
(8.836941599234676 -0.10583651274523934 0.0)
(9.248709045412173 -0.11472088320794009 0.0)
(9.57067637717748 -0.12170595589332915 0.0)
(9.803035456956467 -0.12672976682301773 0.0)
(9.946080933858855 -0.12975599872893717 0.0)
(10.000000000000007 -0.13076659635268642 0.0)
(9.96503017725227 -0.12975599872893792 0.0)
(9.841408987487988 -0.12672976682301945 0.0)
(9.629323622822536 -0.12170595589332998 0.0)
(9.329068732365608 -0.11472088320794303 0.0)
(8.940836178543114 -0.10583651274524246 0.0)
(8.464942230459682 -0.09514808453635573 0.0)
(7.901822205562208 -0.08281346638652412 0.0)
(7.256871449426108 -0.06883668699872375 0.0)
(6.513746162875801 -0.05288178379049174 0.0)
(5.656328312554357 -0.03593516684592147 0.0)
(4.717996022872432 -0.02076094080300301 0.0)
(3.711548453107526 -0.009610298182921726 0.0)
(2.6037831616207385 -0.0031770675196046766 0.0)
(1.368180955547228 -0.0006009587697799573 0.0)
(0.02552779515226651 -3.426866323195721e-05 0.0)
(-0.02554622692569981 -3.425619537343064e-05 0.0)
(1.2095353274719711 -0.0006009329813055173 0.0)
(2.373944450643784 -0.003177884645129225 0.0)
(3.488665685550229 -0.009614792075961014 0.0)
(4.527264140022 -0.020772753645912367 0.0)
(5.455737175134712 -0.03595470422258176 0.0)
(6.285986071735326 -0.05290297834087255 0.0)
(7.053262370830344 -0.06885288559992739 0.0)
(7.742360513164899 -0.08282553355561836 0.0)
(8.335009585624066 -0.09515843879821627 0.0)
(8.836877238740916 -0.10584543949839784 0.0)
(9.248673783750705 -0.1147286155741828 0.0)
(9.570654113309493 -0.12171276760349815 0.0)
(9.803023104743973 -0.12673592762391778 0.0)
(9.946075240346428 -0.12976176709767268 0.0)
(10.000000000000007 -0.1307722369155109 0.0)
(9.965035870764698 -0.12976176709767342 0.0)
(9.841421339700481 -0.12673592762391944 0.0)
(9.629345886690523 -0.12171276760349901 0.0)
(9.329103994027074 -0.1147286155741858 0.0)
(8.940900539036873 -0.10584543949840099 0.0)
(8.464990414375945 -0.09515843879822086 0.0)
(7.902083931279543 -0.08282553355562425 0.0)
(7.257848740280768 -0.06885288559993208 0.0)
(6.514013928264703 -0.05290297834087625 0.0)
(5.655373935976375 -0.035954704222585725 0.0)
(4.717180304422376 -0.020772753645914875 0.0)
(3.711334314449722 -0.009614792075962095 0.0)
(2.603833327133978 -0.003177884645129853 0.0)
(1.3682424503058095 -0.000600932981305736 0.0)
(0.025546226925688725 -3.425619537345117e-05 0.0)
(-0.025570009309335884 -3.426031425472374e-05 0.0)
(1.2094534229819323 -0.0006011446535487761 0.0)
(2.3738466892240577 -0.0031796780197483063 0.0)
(3.4888013379434453 -0.009621580095850074 0.0)
(4.528042012975928 -0.020788609601027606 0.0)
(5.456865670202132 -0.035980529069431916 0.0)
(6.286027601325288 -0.05293287224160608 0.0)
(7.0523696155855635 -0.06887896902911594 0.0)
(7.74205523256451 -0.08284717959682028 0.0)
(8.334961168070679 -0.09517778116932842 0.0)
(8.836814581667792 -0.10586278968499277 0.0)
(9.248639044401951 -0.11474421107923836 0.0)
(9.57063216014187 -0.12172695677106583 0.0)
(9.80301097470143 -0.1267490932635576 0.0)
(9.946069611012769 -0.12977430779698923 0.0)
(10.000000000000007 -0.13078457055673312 0.0)
(9.965041500098357 -0.12977430779699003 0.0)
(9.841433469743025 -0.12674909326355938 0.0)
(9.629367839858146 -0.1217269567710667 0.0)
(9.329138733375828 -0.11474421107924139 0.0)
(8.940963196109998 -0.10586278968499598 0.0)
(8.465038831929332 -0.09517778116933306 0.0)
(7.902389211879933 -0.08284717959682625 0.0)
(7.258741495525552 -0.06887896902912075 0.0)
(6.513972398674739 -0.05293287224160988 0.0)
(5.6542454409089515 -0.03598052906943596 0.0)
(4.716402431468447 -0.02078860960103017 0.0)
(3.711198662056506 -0.009621580095851179 0.0)
(2.6039310885537046 -0.003179678019748942 0.0)
(1.3683243547958486 -0.0006011446535489964 0.0)
(0.025570009309324883 -3.4260314254744345e-05 0.0)
(-0.025598097348757575 -3.4280838899707286e-05 0.0)
(1.2093547074938884 -0.0006015844860183907 0.0)
(2.3737056273557777 -0.0031823688458614214 0.0)
(3.4888525437540854 -0.009630363989412251 0.0)
(4.5287478621192125 -0.02080781198668615 0.0)
(5.458118699750251 -0.03601150668994264 0.0)
(6.286376601159906 -0.052970152009379844 0.0)
(7.051600621982865 -0.06891379122812452 0.0)
(7.7417198105521505 -0.08287745342267397 0.0)
(8.334914644258888 -0.09520526178128681 0.0)
(8.836756381052465 -0.1058878009695664 0.0)
(9.248606353749341 -0.11476698448514579 0.0)
(9.570611482256632 -0.12174789994996758 0.0)
(9.802999599800716 -0.12676868526781743 0.0)
(9.946064293200502 -0.12979306981150146 0.0)
(10.000000000000007 -0.13080305535872158 0.0)
(9.965046817910624 -0.1297930698115022 0.0)
(9.84144484464374 -0.12676868526781915 0.0)
(9.629388517743383 -0.12174789994996853 0.0)
(9.32917142402844 -0.11476698448514887 0.0)
(8.941021396725324 -0.10588780096956966 0.0)
(8.465085355741126 -0.09520526178129157 0.0)
(7.9027246338922925 -0.08287745342268005 0.0)
(7.259510489128251 -0.06891379122812943 0.0)
(6.513623398840119 -0.05297015200938375 0.0)
(5.652992411360828 -0.036011506689946786 0.0)
(4.715696582325162 -0.020807811986688775 0.0)
(3.7111474562458664 -0.009630363989413384 0.0)
(2.604072150421985 -0.0031823688458620675 0.0)
(1.3684230702838929 -0.0006015844860186129 0.0)
(0.025598097348746657 -3.4280838899727995e-05 0.0)
(-0.0256292569068983 -3.431686749302945e-05 0.0)
(1.2092435183857888 -0.0006022331532802969 0.0)
(2.373527463039371 -0.003185838893491889 0.0)
(3.488817053092508 -0.009640757808434106 0.0)
(4.529350673731812 -0.020829517085191932 0.0)
(5.4594412079530805 -0.036046275984140674 0.0)
(6.287017736824925 -0.053013179639399256 0.0)
(7.050989178194318 -0.0689558221732341 0.0)
(7.741368984957407 -0.08291502485665583 0.0)
(8.334872058359867 -0.09523967318627642 0.0)
(8.836705194123502 -0.10591937440203142 0.0)
(9.248577148160344 -0.11479593517011229 0.0)
(9.570592988202229 -0.12177467693523698 0.0)
(9.802989479834157 -0.1267938427998725 0.0)
(9.94605952056457 -0.12981722877261576 0.0)
(10.000000000000007 -0.1308268791330939 0.0)
(9.965051590546556 -0.12981722877261656 0.0)
(9.841454964610298 -0.12679384279987427 0.0)
(9.629407011797786 -0.12177467693523795 0.0)
(9.329200629617437 -0.11479593517011542 0.0)
(8.94107258365429 -0.10591937440203479 0.0)
(8.465127941640144 -0.09523967318628124 0.0)
(7.903075459487037 -0.082915024856662 0.0)
(7.260121932916798 -0.06895582217323915 0.0)
(6.512982263175097 -0.0530131796394033 0.0)
(5.6516699031579956 -0.036046275984144914 0.0)
(4.715093770712561 -0.02082951708519462 0.0)
(3.7111829469074444 -0.009640757808435273 0.0)
(2.604250314738392 -0.0031858388934925454 0.0)
(1.3685342593919927 -0.0006022331532805212 0.0)
(0.02562925690688747 -3.4316867493050316e-05 0.0)
(-0.025662118889778162 -3.436681700421214e-05 0.0)
(1.2091247411036292 -0.0006030621540817093 0.0)
(2.3733200244889576 -0.0031899356950950974 0.0)
(3.4886964253534543 -0.009652304867522771 0.0)
(4.529823961374281 -0.020852771214224974 0.0)
(5.460775086219647 -0.03608330925284757 0.0)
(6.287922837992149 -0.053060064576318115 0.0)
(7.0505621499413875 -0.06900321510161 0.0)
(7.741018170415095 -0.08295824307869165 0.0)
(8.334835281520116 -0.0952795034101158 0.0)
(8.836663269940912 -0.10595612270352728 0.0)
(9.248552710875108 -0.1148297910940042 0.0)
(9.570577490573577 -0.12180611119512837 0.0)
(9.802981059454572 -0.12682346048378879 0.0)
(9.946055502805862 -0.12984572317977844 0.0)
(10.000000000000007 -0.13085499510678847 0.0)
(9.965055608305263 -0.1298457231797792 0.0)
(9.841463384989883 -0.12682346048379062 0.0)
(9.629422509426437 -0.12180611119512937 0.0)
(9.329225066902673 -0.11482979109400741 0.0)
(8.941114507836877 -0.10595612270353073 0.0)
(8.465164718479897 -0.09527950341012076 0.0)
(7.90342627402935 -0.08295824307869792 0.0)
(7.26054896116973 -0.0690032151016152 0.0)
(6.51207716200787 -0.053060064576322286 0.0)
(5.650336024891425 -0.03608330925285192 0.0)
(4.7146204830700915 -0.020852771214227725 0.0)
(3.7113035746464984 -0.00965230486752397 0.0)
(2.6044577532888065 -0.003189935695095767 0.0)
(1.3686530366741527 -0.0006030621540819365 0.0)
(0.025662118889767424 -3.436681700423317e-05 0.0)
(-0.02569523940198871 -3.4428492743114014e-05 0.0)
(1.2090035945038904 -0.0006040350636440286 0.0)
(2.373092426174945 -0.00319447924470349 0.0)
(3.4884959606990966 -0.009664497810026639 0.0)
(4.5301469296534655 -0.020876552629897783 0.0)
(5.46206172637918 -0.036120979321986796 0.0)
(6.289052136172125 -0.053108746781781756 0.0)
(7.05033830006428 -0.06905388765468232 0.0)
(7.740682781074406 -0.0830052091591707 0.0)
(8.334805929646686 -0.09532300238563686 0.0)
(8.836632450576584 -0.1059964312209154 0.0)
(9.248534115623242 -0.11486706468946338 0.0)
(9.570565670308127 -0.12184082156576946 0.0)
(9.802974708638033 -0.12685623697271908 0.0)
(9.946052416457348 -0.1298773010408677 0.0)
(10.000000000000007 -0.13088616791535793 0.0)
(9.965058694653777 -0.1298773010408685 0.0)
(9.841469735806422 -0.12685623697272091 0.0)
(9.629434329691888 -0.12184082156577052 0.0)
(9.329243662154537 -0.11486706468946666 0.0)
(8.941145327201205 -0.10599643122091891 0.0)
(8.465194070353325 -0.0953230023856419 0.0)
(7.903761663370039 -0.08300520915917711 0.0)
(7.260772811046837 -0.06905388765468765 0.0)
(6.51094786382789 -0.05310874678178605 0.0)
(5.6490493847318906 -0.036120979321991244 0.0)
(4.714297514790906 -0.020876552629900597 0.0)
(3.711504039300857 -0.009664497810027872 0.0)
(2.6046853516028197 -0.003194479244704171 0.0)
(1.3687741832738918 -0.0006040350636442585 0.0)
(0.025695239401978057 -3.4428492743135244e-05 0.0)
(-0.025727163188815693 -3.449918479060031e-05 0.0)
(1.2088854015465336 -0.000605109134100974 0.0)
(2.3728546683508713 -0.0031992699070594616 0.0)
(3.4882244671796077 -0.009676800900358449 0.0)
(4.530305387934032 -0.020899816420312568 0.0)
(5.46324459581691 -0.036157631037635835 0.0)
(6.290356012068818 -0.05315708724874369 0.0)
(7.050327464117074 -0.06910561337317186 0.0)
(7.7403775533293935 -0.08305385949443878 0.0)
(8.334785292407203 -0.09536825884743429 0.0)
(8.836614090177004 -0.10603852887168402 0.0)
(9.248522179446095 -0.1149061182228955 0.0)
(9.570558046766719 -0.12187728293697515 0.0)
(9.802970706427804 -0.12689073212770258 0.0)
(9.946050397127534 -0.1299105748824374 0.0)
(10.000000000000007 -0.13091902788262275 0.0)
(9.965060713983592 -0.12991057488243826 0.0)
(9.841473738016653 -0.12689073212770446 0.0)
(9.629441953233295 -0.12187728293697626 0.0)
(9.329255598331684 -0.11490611822289883 0.0)
(8.941163687600785 -0.10603852887168762 0.0)
(8.465214707592809 -0.09536825884743944 0.0)
(7.904066891115053 -0.08305385949444527 0.0)
(7.260783646994042 -0.06910561337317728 0.0)
(6.509643987931193 -0.0531570872487481 0.0)
(5.647866515294158 -0.03615763103764035 0.0)
(4.714139056510341 -0.020899816420315437 0.0)
(3.7117755328203472 -0.00967680090035971 0.0)
(2.6049231094268936 -0.0031992699070601547 0.0)
(1.368892376231249 -0.0006051091341012068 0.0)
(0.025727163188805108 -3.4499184790621745e-05 0.0)
(-0.025756487577468835 -3.457578706743193e-05 0.0)
(1.208775355413877 -0.0006062371727616235 0.0)
(2.3726171976605612 -0.0032040971892233604 0.0)
(3.48789387372355 -0.009688673563236888 0.0)
(4.530292373849023 -0.0209215404170784 0.0)
(5.464271721413742 -0.03619165399046147 0.0)
(6.291777175760701 -0.053202961985522 0.0)
(7.050530118211466 -0.0691561195236377 0.0)
(7.740115898328774 -0.08310205647776742 0.0)
(8.334774276564213 -0.09541328430937109 0.0)
(8.83660899546454 -0.10608056596207394 0.0)
(9.248517426797452 -0.1149452357534879 0.0)
(9.570554954913815 -0.12191389326279882 0.0)
(9.802969228673675 -0.12692543029473646 0.0)
(9.946049533542078 -0.12994408271276175 0.0)
(10.000000000000007 -0.1309521312017369 0.0)
(9.965061577569047 -0.12994408271276262 0.0)
(9.84147521577078 -0.12692543029473835 0.0)
(9.6294450450862 -0.12191389326279999 0.0)
(9.329260350980327 -0.11494523575349129 0.0)
(8.941168782313252 -0.10608056596207759 0.0)
(8.4652257234358 -0.09541328430937629 0.0)
(7.904328546115672 -0.08310205647777402 0.0)
(7.260580992899649 -0.06915611952364326 0.0)
(6.508222824239306 -0.0532029619855265 0.0)
(5.646839389697323 -0.036191653990466054 0.0)
(4.71415207059535 -0.020921540417081316 0.0)
(3.7121061262764057 -0.009688673563238173 0.0)
(2.6051605801172046 -0.0032040971892240656 0.0)
(1.3690024223639057 -0.0006062371727618591 0.0)
(0.02575648757745832 -3.457578706745356e-05 0.0)
(-0.02578192410795818 -3.465493380970477e-05 0.0)
(1.208678291331666 -0.0006073696156709168 0.0)
(2.3723904481317057 -0.0032087489892481686 0.0)
(3.4875187060025796 -0.009699594135575498 0.0)
(4.530108459213525 -0.020940770107520327 0.0)
(5.4650979731500255 -0.03622155327415977 0.0)
(6.293253183915098 -0.053244355340108095 0.0)
(7.050937358097293 -0.0692031869582268 0.0)
(7.739909312714591 -0.08314768242188308 0.0)
(8.334773366133701 -0.0954561004350215 0.0)
(8.836617390291535 -0.10612069545923802 0.0)
(9.248520066500001 -0.11498269852850994 0.0)
(9.570556530599774 -0.12194904395250049 0.0)
(9.802970340305464 -0.12695880689983974 0.0)
(9.946049863645346 -0.12997635225907717 0.0)
(10.000000000000007 -0.13098402337341933 0.0)
(9.96506124746578 -0.12997635225907803 0.0)
(9.84147410413899 -0.12695880689984168 0.0)
(9.62944346940024 -0.12194904395250168 0.0)
(9.329257711277778 -0.11498269852851338 0.0)
(8.941160387486256 -0.10612069545924176 0.0)
(8.46522663386631 -0.09545610043502678 0.0)
(7.904535131729856 -0.0831476824218898 0.0)
(7.260173753013819 -0.06920318695823244 0.0)
(6.506746816084905 -0.05324435534011267 0.0)
(5.64601313796104 -0.036221553274164424 0.0)
(4.714335985230848 -0.02094077010752328 0.0)
(3.7124812939973775 -0.009699594135576806 0.0)
(2.6053873296460606 -0.0032087489892488833 0.0)
(1.3690994864461168 -0.0006073696156711552 0.0)
(0.025781924107947704 -3.465493380972661e-05 0.0)
(-0.02580235514566884 -3.4733147454358275e-05 0.0)
(1.2085984741180993 -0.0006084567053591652 0.0)
(2.3721843827237765 -0.0032130209155510226 0.0)
(3.4871154482000057 -0.009709082787404346 0.0)
(4.529761724900161 -0.020956660574220045 0.0)
(5.4656870470360515 -0.036246015168904244 0.0)
(6.294719183433986 -0.05327944856422847 0.0)
(7.051531290398997 -0.06924474761997074 0.0)
(7.739766873480794 -0.08318873260627166 0.0)
(8.334782601118324 -0.09549482596215429 0.0)
(8.83663890580465 -0.10615715414648577 0.0)
(9.24852998257004 -0.1150168605021633 0.0)
(9.57056270459184 -0.12198119054908106 0.0)
(9.802973992480101 -0.12698939543604498 0.0)
(9.946051372933203 -0.13000596565655398 0.0)
(10.000000000000007 -0.13101330311399143 0.0)
(9.965059738177924 -0.13000596565655484 0.0)
(9.841470451964353 -0.12698939543604693 0.0)
(9.629437295408176 -0.12198119054908226 0.0)
(9.329247795207738 -0.11501686050216677 0.0)
(8.94113887197314 -0.10615715414648956 0.0)
(8.465217398881688 -0.09549482596215964 0.0)
(7.904677570963653 -0.0831887326062784 0.0)
(7.259579820712113 -0.06924474761997643 0.0)
(6.505280816566015 -0.0532794485642331 0.0)
(5.645424064075013 -0.03624601516890893 0.0)
(4.714682719544214 -0.020956660574223025 0.0)
(3.7128845517999522 -0.009709082787405673 0.0)
(2.60559339505399 -0.003213020915551746 0.0)
(1.3691793036596835 -0.0006084567053594058 0.0)
(0.025802355145658394 -3.473314745438029e-05 0.0)
(-0.02581688298818133 -3.4806991436934156e-05 0.0)
(1.2085394107955196 -0.0006094506770942414 0.0)
(2.3720080555738123 -0.003216725267505444 0.0)
(3.486701818725934 -0.009716722604721067 0.0)
(4.529267405780327 -0.020968513619141562 0.0)
(5.466013060242949 -0.036263964863791576 0.0)
(6.296110760980474 -0.05330669972581651 0.0)
(7.0522858188178095 -0.06927897540942554 0.0)
(7.739694839146731 -0.08322340336093026 0.0)
(8.334801575749749 -0.09552775936195367 0.0)
(8.8366725966516 -0.10618834009579878 0.0)
(9.248546739313595 -0.11504622065982321 0.0)
(9.570573205616094 -0.12200892058989728 0.0)
(9.802980024727717 -0.12701585189903147 0.0)
(9.9460539950903 -0.1300316217466832 0.0)
(10.000000000000007 -0.1310386839252182 0.0)
(9.965057116020825 -0.13003162174668406 0.0)
(9.84146441971674 -0.12701585189903342 0.0)
(9.629426794383921 -0.1220089205898985 0.0)
(9.329231038464185 -0.11504622065982671 0.0)
(8.94110518112619 -0.1061883400958026 0.0)
(8.465198424250262 -0.09552775936195906 0.0)
(7.904749605297716 -0.08322340336093706 0.0)
(7.258825292293298 -0.06927897540943129 0.0)
(6.503889239019523 -0.05330669972582118 0.0)
(5.645098050868117 -0.03626396486379629 0.0)
(4.715177038664051 -0.020968513619144556 0.0)
(3.713298181274025 -0.009716722604722405 0.0)
(2.6057697222039544 -0.0032167252675061736 0.0)
(1.3692383669822634 -0.000609450677094484 0.0)
(0.02581688298817089 -3.4806991436956335e-05 0.0)
(-0.025824869308673604 -3.4873221187931784e-05 0.0)
(1.2085036964982674 -0.0006103078575765263 0.0)
(2.3718692141742013 -0.0032196992826634754 0.0)
(3.486295991702742 -0.00972217790792942 0.0)
(4.528647221331815 -0.020975808441175563 0.0)
(5.46606168834683 -0.03627461368206647 0.0)
(6.297366773182989 -0.053324911458686626 0.0)
(7.053167790755379 -0.06930436642014057 0.0)
(7.739696374769257 -0.08325017131632756 0.0)
(8.334829456317385 -0.09555345360108235 0.0)
(8.836716982518206 -0.10621288305361731 0.0)
(9.248569600470006 -0.11506948896987503 0.0)
(9.570587572276743 -0.12203101566768636 0.0)
(9.802988172002383 -0.12703701384021626 0.0)
(9.946057614903857 -0.1300521932478011 0.0)
(10.000000000000007 -0.13105905062068726 0.0)
(9.96505349620727 -0.13005219324780196 0.0)
(9.841456272442072 -0.1270370138402182 0.0)
(9.629412427723272 -0.1220310156676876 0.0)
(9.329208177307773 -0.11506948896987855 0.0)
(8.941060795259583 -0.10621288305362116 0.0)
(8.465170543682627 -0.09555345360108777 0.0)
(7.90474806967519 -0.08325017131633439 0.0)
(7.257943320355727 -0.06930436642014634 0.0)
(6.5026332268170055 -0.05332491145869131 0.0)
(5.645049422764235 -0.03627461368207118 0.0)
(4.715797223112564 -0.02097580844117855 0.0)
(3.713704008297218 -0.00972217790793076 0.0)
(2.605908563603566 -0.0032196992826642092 0.0)
(1.3692740812795154 -0.0006103078575767702 0.0)
(0.02582486930866315 -3.48732211879541e-05 0.0)
(-0.025825963202833774 -3.4928926693256245e-05 0.0)
(1.208492900447227 -0.0006109905838637955 0.0)
(2.3717739589620384 -0.003221812288239881 0.0)
(3.4859157984273885 -0.00972520900098662 0.0)
(4.527928421324701 -0.020978224519187367 0.0)
(5.465830794717775 -0.036277493734135385 0.0)
(6.298432033163163 -0.053333283572613945 0.0)
(7.054138453978289 -0.06931980501755652 0.0)
(7.739771412875927 -0.08326786033747399 0.0)
(8.334865017800096 -0.09557077972167934 0.0)
(8.836770113170694 -0.10622970464727494 0.0)
(9.248597561561887 -0.11508564306534323 0.0)
(9.570605173329001 -0.12204650496515208 0.0)
(9.802998076327757 -0.12705195144261838 0.0)
(9.946062073325884 -0.13006677628578306 0.0)
(10.000000000000007 -0.13107350832505946 0.0)
(9.965049037785242 -0.13006677628578392 0.0)
(9.841446368116697 -0.12705195144262038 0.0)
(9.629394826671014 -0.12204650496515333 0.0)
(9.329180216215892 -0.11508564306534676 0.0)
(8.941007664607096 -0.10622970464727878 0.0)
(8.465134982199915 -0.09557077972168476 0.0)
(7.904673031568518 -0.08326786033748082 0.0)
(7.256972657132814 -0.0693198050175623 0.0)
(6.50156796683683 -0.0533332835726186 0.0)
(5.6452803163932925 -0.036277493734140055 0.0)
(4.716516023119681 -0.02097822451919034 0.0)
(3.714084201572572 -0.009725209000987958 0.0)
(2.606003818815729 -0.0032218122882406155 0.0)
(1.3692848773305561 -0.0006109905838640402 0.0)
(0.025825963202823293 -3.4928926693278654e-05 0.0)
(-0.025820116606953675 -3.49716603549139e-05 0.0)
(1.2085074970011296 -0.0006114688582119986 0.0)
(2.3717264752770824 -0.003222971442635266 0.0)
(3.4855779438968493 -0.009725682703208964 0.0)
(4.527142588516288 -0.020975655695129224 0.0)
(5.465330524399435 -0.036272478475779316 0.0)
(6.299259735346304 -0.05333144821222884 0.0)
(7.055155159320305 -0.06932461285794708 0.0)
(7.739916656429615 -0.0832756932011415 0.0)
(8.334906697691391 -0.0955789764457028 0.0)
(8.836829654145387 -0.10623806576672051 0.0)
(9.248629394030011 -0.11509397316482602 0.0)
(9.570625235414832 -0.12205470791090063 0.0)
(9.803009302525904 -0.12706000837531595 0.0)
(9.946067174461474 -0.13007473010861903 0.0)
(10.000000000000007 -0.1310814217932543 0.0)
(9.965043936649653 -0.1300747301086199 0.0)
(9.84143514191855 -0.1270600083753179 0.0)
(9.629374764585183 -0.12205470791090188 0.0)
(9.329148383747768 -0.11509397316482951 0.0)
(8.940948123632403 -0.10623806576672436 0.0)
(8.465093302308622 -0.0955789764457082 0.0)
(7.904527788014831 -0.08327569320114833 0.0)
(7.255955951790796 -0.06932461285795283 0.0)
(6.500740264653689 -0.05333144821223344 0.0)
(5.645780586711635 -0.036272478475783944 0.0)
(4.717301855928096 -0.02097565569513217 0.0)
(3.7144220561031123 -0.009725682703210291 0.0)
(2.606051302500685 -0.0032229714426359997 0.0)
(1.369270280776653 -0.0006114688582122436 0.0)
(0.025820116606943153 -3.497166035493636e-05 0.0)
(-0.02580758640976023 -3.499954453399055e-05 0.0)
(1.208546844814101 -0.000611721666121254 0.0)
(2.3717288494655806 -0.0032231258147261124 0.0)
(3.485297272821108 -0.009723578200987416 0.0)
(4.526324250962537 -0.020968214838430723 0.0)
(5.46458285835438 -0.036259788268275264 0.0)
(6.299813512012723 -0.05331948601990893 0.0)
(7.056173234608707 -0.06931857869360117 0.0)
(7.740125723694284 -0.0832733257456304 0.0)
(8.334952664653095 -0.09557768362409468 0.0)
(8.83689298932079 -0.1062375990396619 0.0)
(9.248663699213967 -0.11509411325899159 0.0)
(9.570646877042886 -0.12205526408250274 0.0)
(9.803021357338212 -0.12706083063142587 0.0)
(9.946072694176062 -0.1300757052398847 0.0)
(10.000000000000007 -0.13108244332195665 0.0)
(9.965038416935064 -0.13007570523988557 0.0)
(9.841423087106243 -0.1270608306314278 0.0)
(9.629353122957127 -0.12205526408250396 0.0)
(9.329114078563812 -0.11509411325899509 0.0)
(8.940884788457 -0.10623759903966569 0.0)
(8.465047335346917 -0.09557768362410005 0.0)
(7.904318720750161 -0.0832733257456372 0.0)
(7.2549378765023915 -0.06931857869360686 0.0)
(6.500186487987269 -0.05331948601991347 0.0)
(5.646528252756694 -0.03625978826827984 0.0)
(4.718120193481849 -0.020968214838433627 0.0)
(3.7147027271788535 -0.00972357820098873 0.0)
(2.606048928312186 -0.003223125814726842 0.0)
(1.3692309329636816 -0.0006117216661214987 0.0)
(0.025807586409749644 -3.499954453401303e-05 0.0)
(-0.02578892316519477 -3.5011354050670245e-05 0.0)
(1.208609215015224 -0.000611737899674528 0.0)
(2.3717809772100344 -0.003222268621685162 0.0)
(3.4850861173737604 -0.009718987962299514 0.0)
(4.525509364918454 -0.020956228886722533 0.0)
(5.463620647660812 -0.0362399806961249 0.0)
(6.300069031228804 -0.05329792259250054 0.0)
(7.05714794747784 -0.06930196765466096 0.0)
(7.740389428636805 -0.08326086199260471 0.0)
(8.335000898981006 -0.09556695806107125 0.0)
(8.83695733586516 -0.10622832497323215 0.0)
(9.248698969806732 -0.11508605719235863 0.0)
(9.57066914731962 -0.12204814904279564 0.0)
(9.803033711098283 -0.12705438208251896 0.0)
(9.946078389943487 -0.13006965883409627 0.0)
(10.000000000000007 -0.13107652802706407 0.0)
(9.96503272116764 -0.13006965883409713 0.0)
(9.841410733346171 -0.1270543820825209 0.0)
(9.629330852680393 -0.12204814904279686 0.0)
(9.329078807971047 -0.1150860571923621 0.0)
(8.940820441912628 -0.10622832497323588 0.0)
(8.464999101019005 -0.09556695806107657 0.0)
(7.904055015807639 -0.08326086199261143 0.0)
(7.253963163633256 -0.06930196765466654 0.0)
(6.499930968771189 -0.05329792259250499 0.0)
(5.647490463450264 -0.03623998069612939 0.0)
(4.718935079525934 -0.020956228886725388 0.0)
(3.7149138826262016 -0.009718987962300803 0.0)
(2.6059968005677323 -0.0032222686216858863 0.0)
(1.3691685627625585 -0.0006117378996747719 0.0)
(0.025788923165184115 -3.501135405069268e-05 0.0)
(-0.025764946902080064 -3.500657001639495e-05 0.0)
(1.2086918671719638 -0.0006115168455991884 0.0)
(2.3718805681127173 -0.003220437527006446 0.0)
(3.4849537553388643 -0.009712113673835598 0.0)
(4.524733734986024 -0.020940224480795033 0.0)
(5.462486170096293 -0.036213926067811555 0.0)
(6.300015065947652 -0.05326770538755483 0.0)
(7.05803647082742 -0.06927550959978843 0.0)
(7.740696184544436 -0.08323884957657054 0.0)
(8.335049281346999 -0.0955472710182499 0.0)
(8.83701986650906 -0.10621065105294378 0.0)
(9.248733656082983 -0.11507015893375684 0.0)
(9.570691067729816 -0.1220336754136075 0.0)
(9.8030458210045 -0.12704094606603694 0.0)
(9.94608401150215 -0.1300568565592624 0.0)
(10.000000000000007 -0.13106393581581252 0.0)
(9.965027099608978 -0.13005685655926327 0.0)
(9.841398623439954 -0.12704094606603883 0.0)
(9.629308932270197 -0.12203367541360867 0.0)
(9.329044121694796 -0.11507015893376026 0.0)
(8.94075791126873 -0.10621065105294746 0.0)
(8.464950718653013 -0.09554727101825514 0.0)
(7.903748259900007 -0.08323884957657718 0.0)
(7.253074640283674 -0.06927550959979392 0.0)
(6.499984934052343 -0.05326770538755918 0.0)
(5.648624941014787 -0.03621392606781596 0.0)
(4.719710709458365 -0.020940224480797826 0.0)
(3.7150462446610977 -0.009712113673836863 0.0)
(2.605897209665049 -0.0032204375270071615 0.0)
(1.3690859106058182 -0.0006115168455994307 0.0)
(0.025764946902069326 -3.500657001641732e-05 0.0)
(-0.02573671109355404 -3.4985402632878594e-05 0.0)
(1.2087911696997615 -0.0006110682166068982 0.0)
(2.372023246331562 -0.0032177129856402528 0.0)
(3.4849060024620844 -0.009703257379254619 0.0)
(4.524031440925504 -0.020920904824965437 0.0)
(5.46122927252954 -0.03618276917603774 0.0)
(6.2996539873049935 -0.0532301620937763 0.0)
(7.058799764566975 -0.06924036704751105 0.0)
(7.741032513123792 -0.08320825568281792 0.0)
(8.335095685918423 -0.09551948750827578 0.0)
(8.83707783377039 -0.10618535383852074 0.0)
(9.2487662339912 -0.11504711702358413 0.0)
(9.570711675130754 -0.12201247913972606 0.0)
(9.80305715496974 -0.12702111293596352 0.0)
(9.946089311851043 -0.13003786092391828 0.0)
(10.000000000000007 -0.1310452199669275 0.0)
(9.965021799260082 -0.13003786092391914 0.0)
(9.841387289474715 -0.1270211129359654 0.0)
(9.629288324869261 -0.1220124791397272 0.0)
(9.32901154378658 -0.11504711702358748 0.0)
(8.940699944007399 -0.10618535383852436 0.0)
(8.464904314081588 -0.09551948750828093 0.0)
(7.903411931320651 -0.08320825568282444 0.0)
(7.252311346544118 -0.06924036704751643 0.0)
(6.500346012695004 -0.05323016209378052 0.0)
(5.649881838581544 -0.03618276917604205 0.0)
(4.720413003518887 -0.020920904824968174 0.0)
(3.7150939975378776 -0.009703257379255852 0.0)
(2.605754531446204 -0.003217712985640958 0.0)
(1.3689866080780202 -0.0006110682166071386 0.0)
(0.02573671109354321 -3.4985402632900854e-05 0.0)
)
