(
(-0.011191314266188884 -7.291900801349991e-05 0.0)
(1.2659189416288343 -0.0010943710421466002 0.0)
(2.4872986011779528 -0.004871538585766452 0.0)
(3.6502286649424738 -0.012686979179375548 0.0)
(4.71594997365003 -0.024502178431565016 0.0)
(5.651921797843859 -0.039720667025683186 0.0)
(6.468309418411078 -0.05722264994820884 0.0)
(7.203899273494969 -0.07470214698614049 0.0)
(7.861787435737625 -0.09038084081471813 0.0)
(8.432025992814834 -0.10414010468481505 0.0)
(8.914594663802504 -0.11603479723539367 0.0)
(9.308764580073193 -0.12592029466476123 0.0)
(9.614512931360085 -0.1336917333485908 0.0)
(9.831701239321035 -0.13928077294094496 0.0)
(9.96024051016296 -0.14264768522193513 0.0)
(10.000000000000004 -0.1437719143388341 0.0)
(9.950870600948177 -0.14264768522193466 0.0)
(9.812743205123411 -0.13928077294094426 0.0)
(9.585487068639932 -0.13369173334858855 0.0)
(9.269013197704597 -0.12592029466475999 0.0)
(8.863183113975284 -0.11603479723539226 0.0)
(8.367974007185191 -0.1041401046848139 0.0)
(7.782657008706815 -0.09038084081471769 0.0)
(7.107211837616125 -0.07470214698613954 0.0)
(6.331690581588951 -0.057222649948206965 0.0)
(5.459189313267238 -0.03972066702568163 0.0)
(4.528494470794338 -0.024502178431564353 0.0)
(3.5497713350574767 -0.012686979179375486 0.0)
(2.490479176599801 -0.004871538585766848 0.0)
(1.311858836148934 -0.0010943710421466937 0.0)
(0.011191314266174672 -7.291900801350856e-05 0.0)
(-0.01120051936088175 -7.2875850897253e-05 0.0)
(1.265892905948466 -0.0010939104752698578 0.0)
(2.487333922376336 -0.004870595925624359 0.0)
(3.6505926723612285 -0.01268741484223524 0.0)
(4.716859317664358 -0.024506955861848572 0.0)
(5.6525865519641805 -0.03972929857786411 0.0)
(6.467468329073287 -0.05722858018086297 0.0)
(7.2027381778731066 -0.07470076479974362 0.0)
(7.8615974683080845 -0.09037576252730535 0.0)
(8.431976791339032 -0.10413434186944101 0.0)
(8.914525260421234 -0.11602859616786498 0.0)
(9.308727306623355 -0.12591388744850524 0.0)
(9.614489432146055 -0.13368526555100052 0.0)
(9.831688110724984 -0.1392743157519731 0.0)
(9.96023452865728 -0.14264124878899412 0.0)
(10.000000000000004 -0.1437654911169484 0.0)
(9.950876582453859 -0.14264124878899365 0.0)
(9.812756333719461 -0.1392743157519724 0.0)
(9.585510567853964 -0.13368526555099822 0.0)
(9.269050471154433 -0.12591388744850399 0.0)
(8.863252517356553 -0.1160285961678636 0.0)
(8.368023208660995 -0.10413434186943989 0.0)
(7.782846976136356 -0.09037576252730493 0.0)
(7.108372933237991 -0.07470076479974273 0.0)
(6.332531670926742 -0.05722858018086117 0.0)
(5.458524559146913 -0.03972929857786262 0.0)
(4.527585126780007 -0.024506955861847944 0.0)
(3.549407327638721 -0.01268741484223519 0.0)
(2.4904438554014177 -0.0048705959256247575 0.0)
(1.3118848718293026 -0.0010939104752699512 0.0)
(0.0112005193608676 -7.287585089726162e-05 0.0)
(-0.01121714533531687 -7.285010856779025e-05 0.0)
(1.2658392712639612 -0.0010937114867354014 0.0)
(2.487312369942919 -0.004870802800791141 0.0)
(3.650886734090813 -0.01269075852613588 0.0)
(4.717792149017375 -0.02451717093881643 0.0)
(5.653521269065522 -0.03974647997824895 0.0)
(6.466949142576695 -0.05724587121850725 0.0)
(7.201592459140389 -0.07471165843539958 0.0)
(7.861338124494644 -0.09038228858679602 0.0)
(8.431923461026713 -0.10413938992943664 0.0)
(8.914452579823648 -0.11603246438731649 0.0)
(9.308687781385352 -0.12591683151616756 0.0)
(9.614464489987677 -0.13368753585835114 0.0)
(9.831674236850759 -0.1392761306831 0.0)
(9.96022816118814 -0.14264279481115696 0.0)
(10.000000000000004 -0.14376695209406606 0.0)
(9.950882949922999 -0.1426427948111565 0.0)
(9.812770207593687 -0.13927613068309935 0.0)
(9.58553551001234 -0.1336875358583489 0.0)
(9.269089996392436 -0.1259168315161663 0.0)
(8.863325197954142 -0.11603246438731513 0.0)
(8.368076538973312 -0.10413938992943557 0.0)
(7.783106319949797 -0.09038228858679566 0.0)
(7.109518651970712 -0.07471165843539875 0.0)
(6.333050857423334 -0.05724587121850553 0.0)
(5.457589842045568 -0.03974647997824753 0.0)
(4.52665229542699 -0.02451717093881585 0.0)
(3.5491132659091362 -0.012690758526135852 0.0)
(2.4904654078348347 -0.004870802800791543 0.0)
(1.3119385065138076 -0.0010937114867354957 0.0)
(0.011217145335302789 -7.285010856779887e-05 0.0)
(-0.011240461674593912 -7.284291209597395e-05 0.0)
(1.2657603941852353 -0.0010937828197353965 0.0)
(2.4872348908521964 -0.0048721501215504325 0.0)
(3.651097929596799 -0.012696863315723976 0.0)
(4.718707480805993 -0.02453237483067457 0.0)
(5.654684879388468 -0.03977145630753728 0.0)
(6.466774671026137 -0.057273763324580625 0.0)
(7.200512458081897 -0.07473434924668691 0.0)
(7.861020799390011 -0.09040013225007519 0.0)
(8.431868345114239 -0.10415502706228091 0.0)
(8.914379815462235 -0.11604623193126212 0.0)
(9.308647741025831 -0.12592899751080106 0.0)
(9.614439200797761 -0.13369844451749113 0.0)
(9.831660227291014 -0.1392861379895722 0.0)
(9.960221687530483 -0.14265225535903817 0.0)
(10.000000000000004 -0.14377623307752527 0.0)
(9.950889423580653 -0.1426522553590377 0.0)
(9.812784217153432 -0.13928613798957157 0.0)
(9.585560799202257 -0.13369844451748894 0.0)
(9.269130036751958 -0.12592899751079986 0.0)
(8.863397962315553 -0.11604623193126085 0.0)
(8.368131654885786 -0.10415502706227993 0.0)
(7.783423645054431 -0.09040013225007491 0.0)
(7.110598653029206 -0.07473434924668619 0.0)
(6.3332253289738905 -0.057273763324579 0.0)
(5.456426231722618 -0.03977145630753596 0.0)
(4.525736963638369 -0.024532374830674046 0.0)
(3.54890207040315 -0.012696863315723972 0.0)
(2.490542886925558 -0.0048721501215508445 0.0)
(1.3120173835925337 -0.0010937828197354921 0.0)
(0.011240461674579922 -7.284291209598262e-05 0.0)
(-0.011269443901421091 -7.285457768161018e-05 0.0)
(1.2656597404268262 -0.0010941213400283232 0.0)
(2.4871048893936707 -0.004874578689092929 0.0)
(3.6512169793350253 -0.012705460977713417 0.0)
(4.719565095025974 -0.02455189950622948 0.0)
(5.656026256024192 -0.03980313015151308 0.0)
(6.466952580382359 -0.057311030970969394 0.0)
(7.199545627968335 -0.07476784024086934 0.0)
(7.860659435678753 -0.09042850949922247 0.0)
(8.43181386529397 -0.104180566200964 0.0)
(8.914310164469919 -0.11606929387900802 0.0)
(9.308608944844936 -0.12594985088085864 0.0)
(9.614414675737049 -0.13371751222189476 0.0)
(9.831646697600174 -0.13930389796865125 0.0)
(9.960215392124988 -0.14266921475347147 0.0)
(10.000000000000004 -0.1437929262778919 0.0)
(9.95089571898615 -0.142669214753471 0.0)
(9.812797746844272 -0.13930389796865061 0.0)
(9.58558532426297 -0.13371751222189263 0.0)
(9.269168832932852 -0.1259498508808575 0.0)
(8.863467613307868 -0.1160692938790068 0.0)
(8.368186134706056 -0.10418056620096307 0.0)
(7.783785008765691 -0.0904285094992223 0.0)
(7.111565483142769 -0.07476784024086876 0.0)
(6.333047419617667 -0.05731103097096791 0.0)
(5.455084855086891 -0.03980313015151187 0.0)
(4.524879349418386 -0.024551899506229033 0.0)
(3.548783020664924 -0.012705460977713445 0.0)
(2.4906728883840845 -0.004874578689093349 0.0)
(1.3121180373509433 -0.0010941213400284206 0.0)
(0.011269443901407194 -7.285457768161893e-05 0.0)
(-0.011302818589773098 -7.288459276020763e-05 0.0)
(1.2655417325307372 -0.0010947121736518154 0.0)
(2.486928077593598 -0.004877981796603746 0.0)
(3.6512386524777893 -0.012716173746565368 0.0)
(4.720327309677453 -0.02457488708695667 0.0)
(5.6574864613372995 -0.03984010981941772 0.0)
(6.467475053633723 -0.05735603668547049 0.0)
(7.198734449546128 -0.07481065988493256 0.0)
(7.860269911021245 -0.09046617348982501 0.0)
(8.43176241530954 -0.10421488520245467 0.0)
(8.91424668718388 -0.11610063693076078 0.0)
(9.308573097475884 -0.12597847536741014 0.0)
(9.614391992391836 -0.13374390117151386 0.0)
(9.831634242248102 -0.1393286302793473 0.0)
(9.96020955158025 -0.1426929278296917 0.0)
(10.000000000000004 -0.14381629822648126 0.0)
(9.950901559530886 -0.14269292782969129 0.0)
(9.812810202196344 -0.13932863027934672 0.0)
(9.585608007608183 -0.13374390117151172 0.0)
(9.269204680301906 -0.1259784753674091 0.0)
(8.863531090593908 -0.11610063693075964 0.0)
(8.368237584690485 -0.10421488520245385 0.0)
(7.784174533423199 -0.09046617348982496 0.0)
(7.112376661564977 -0.07481065988493209 0.0)
(6.3325249463663 -0.057356036685469146 0.0)
(5.453624649773779 -0.03984010981941661 0.0)
(4.524117134766906 -0.024574887086956293 0.0)
(3.54876134752216 -0.01271617374656543 0.0)
(2.4908497001841576 -0.0048779817966041784 0.0)
(1.3122360452470327 -0.001094712173651915 0.0)
(0.011302818589759305 -7.288459276021655e-05 0.0)
(-0.011339119316901021 -7.293163852412379e-05 0.0)
(1.2654115555480332 -0.0010955293604573567 0.0)
(2.486712224239006 -0.004882209917764673 0.0)
(3.6511619967468483 -0.012728530922814932 0.0)
(4.720960634443076 -0.024600327540613576 0.0)
(5.659001336577703 -0.03988077049229583 0.0)
(6.468319134261402 -0.057406802999324345 0.0)
(7.198114564511139 -0.07486092676205273 0.0)
(7.859869340418324 -0.09051146933504005 0.0)
(8.431716255779143 -0.10425647615261224 0.0)
(8.914192172679938 -0.11613888393016694 0.0)
(9.308541773986486 -0.12601361326288352 0.0)
(9.614372147426817 -0.13377645188417941 0.0)
(9.831623408500182 -0.13935924822917492 0.0)
(9.960204422519126 -0.14272235267851172 0.0)
(10.000000000000004 -0.14384532200263003 0.0)
(9.95090668859201 -0.14272235267851124 0.0)
(9.812821035944266 -0.1393592482291744 0.0)
(9.585627852573202 -0.13377645188417733 0.0)
(9.269236003791303 -0.12601361326288255 0.0)
(8.863585605097851 -0.11613888393016589 0.0)
(8.368283744220882 -0.10425647615261154 0.0)
(7.784575104026121 -0.09051146933504013 0.0)
(7.112996546599967 -0.0748609267620524 0.0)
(6.331680865738617 -0.05740680299932314 0.0)
(5.452109774533371 -0.03988077049229485 0.0)
(4.523483810001282 -0.024600327540613275 0.0)
(3.548838003253102 -0.012728530922815033 0.0)
(2.4910655535387507 -0.004882209917765118 0.0)
(1.312366222229737 -0.0010955293604574593 0.0)
(0.011339119316887329 -7.293163852413287e-05 0.0)
(-0.011376751095265154 -7.299364786855996e-05 0.0)
(1.2652749292171823 -0.0010965369947517124 0.0)
(2.4864668135314028 -0.004887077276667024 0.0)
(3.6509903802547816 -0.012741989554744518 0.0)
(4.721437242191277 -0.024627103060208506 0.0)
(5.660504320898727 -0.03992332561456779 0.0)
(6.46944773490682 -0.05746109933357458 0.0)
(7.197713209477757 -0.07491643223760987 0.0)
(7.85947532420946 -0.09056240681829529 0.0)
(8.431677414868096 -0.10430351162117535 0.0)
(8.914149016225663 -0.11618235437404348 0.0)
(9.308516350673564 -0.12605372067243464 0.0)
(9.614356012793449 -0.13381373414112668 0.0)
(9.831614672371476 -0.13939440652143262 0.0)
(9.960200230303174 -0.1427561964259055 0.0)
(10.000000000000004 -0.1438787223547118 0.0)
(9.950910880807962 -0.1427561964259051 0.0)
(9.81282977207297 -0.1393944065214321 0.0)
(9.58564398720657 -0.13381373414112466 0.0)
(9.269261427104226 -0.12605372067243373 0.0)
(8.863628761552125 -0.1161823543740425 0.0)
(8.36832258513193 -0.10430351162117472 0.0)
(7.784969120234987 -0.09056240681829549 0.0)
(7.113397901633349 -0.07491643223760967 0.0)
(6.330552265093196 -0.05746109933357351 0.0)
(5.450606790212345 -0.0399233256145669 0.0)
(4.523007202253081 -0.024627103060208273 0.0)
(3.5490096197451697 -0.012741989554744653 0.0)
(2.4913109642463547 -0.004887077276667482 0.0)
(1.3125028485605883 -0.001096536994751818 0.0)
(0.011376751095251563 -7.299364786856926e-05 0.0)
(-0.011414060453369575 -7.306789621636452e-05 0.0)
(1.265137856649211 -0.001097690802927404 0.0)
(2.4862026283683143 -0.004892370010465211 0.0)
(3.6507313435162874 -0.012755958294689009 0.0)
(4.721736191649528 -0.02465403717839489 0.0)
(5.661929375918934 -0.03996590539201333 0.0)
(6.47081126692233 -0.05751654000662656 0.0)
(7.19754801925189 -0.07497473750255236 0.0)
(7.859105174746036 -0.09061674783976394 0.0)
(8.431647599174973 -0.10435392495570422 0.0)
(8.914119114036705 -0.11622913825061337 0.0)
(9.308497944590975 -0.12609703534986222 0.0)
(9.614344297418002 -0.1338541098281914 0.0)
(9.8316084177115 -0.1394325603650788 0.0)
(9.960197159130693 -0.14279297203952804 0.0)
(10.000000000000004 -0.14391503173236028 0.0)
(9.950913951980443 -0.14279297203952762 0.0)
(9.812836026732946 -0.13943256036507828 0.0)
(9.585655702582017 -0.13385410982818943 0.0)
(9.269279833186813 -0.12609703534986136 0.0)
(8.863658663741083 -0.11622913825061251 0.0)
(8.368352400825055 -0.10435392495570371 0.0)
(7.785339269698411 -0.09061674783976427 0.0)
(7.1135630918592145 -0.0749747375025523 0.0)
(6.3291887330776815 -0.05751654000662563 0.0)
(5.449181735192134 -0.03996590539201255 0.0)
(4.522708252794829 -0.02465403717839472 0.0)
(3.549268656483665 -0.012755958294689182 0.0)
(2.4915751494094436 -0.004892370010465686 0.0)
(1.31263992112856 -0.0010976908029275126 0.0)
(0.011414060453356073 -7.306789621637403e-05 0.0)
(-0.011449408086274718 -7.315112123096845e-05 0.0)
(1.265006360561989 -0.0010989400887640227 0.0)
(2.4859312765624932 -0.00489785556611893 0.0)
(3.6503962681317605 -0.012769823381770335 0.0)
(4.721844347525548 -0.024679946459294184 0.0)
(5.663213887327803 -0.04000663894710899 0.0)
(6.472349819205685 -0.05757068905673223 0.0)
(7.197626251989857 -0.07503328073020511 0.0)
(7.858775155718307 -0.09067210475437677 0.0)
(8.431628118746783 -0.10440550108650828 0.0)
(8.914103779960543 -0.11627717996192885 0.0)
(9.308487364468318 -0.12614165412748207 0.0)
(9.614337516052643 -0.13389580491154923 0.0)
(9.83160491933857 -0.1394720333500242 0.0)
(9.960195343943386 -0.14283106366619577 0.0)
(10.000000000000004 -0.1439526547679477 0.0)
(9.95091576716775 -0.1428310636661954 0.0)
(9.812839525105877 -0.13947203335002373 0.0)
(9.585662483947374 -0.13389580491154732 0.0)
(9.269290413309472 -0.12614165412748132 0.0)
(8.863673997817246 -0.11627717996192807 0.0)
(8.368371881253244 -0.10440550108650788 0.0)
(7.78566928872614 -0.09067210475437722 0.0)
(7.113484859121247 -0.0750332807302052 0.0)
(6.327650180794322 -0.057570689056731426 0.0)
(5.447897223783262 -0.04000663894710831 0.0)
(4.5226000969188105 -0.024679946459294076 0.0)
(3.5496037318681926 -0.01276982338177054 0.0)
(2.4918465012152655 -0.0048978555661194165 0.0)
(1.312771417215782 -0.0010989400887641348 0.0)
(0.011449408086261293 -7.315112123097818e-05 0.0)
(-0.011481240883657394 -7.323966615748588e-05 0.0)
(1.2648862186530236 -0.0011002299609274126 0.0)
(2.4856646808158636 -0.004903292918348291 0.0)
(3.6499998767005946 -0.012782975609427599 0.0)
(4.721756957648008 -0.024703692496503376 0.0)
(5.664301416043975 -0.04004373652196384 0.0)
(6.4739957905842545 -0.05762116727369284 0.0)
(7.197944470288275 -0.07508948963824687 0.0)
(7.858499767558599 -0.09072604528057833 0.0)
(8.431619829517903 -0.10445597385275585 0.0)
(8.914103687748428 -0.11632436864308451 0.0)
(9.308485075176826 -0.12618561653783333 0.0)
(9.61433596665816 -0.13393698738551635 0.0)
(9.83160433096479 -0.1395110911055241 0.0)
(9.96019486449726 -0.14286879762951962 0.0)
(10.000000000000004 -0.1439899383741198 0.0)
(9.950916246613875 -0.14286879762951926 0.0)
(9.812840113479655 -0.13951109110552368 0.0)
(9.585664033341859 -0.1339369873855145 0.0)
(9.269292702600964 -0.12618561653783264 0.0)
(8.86367409002936 -0.11632436864308382 0.0)
(8.368380170482125 -0.10445597385275555 0.0)
(7.785944676885849 -0.09072604528057888 0.0)
(7.113166640822827 -0.07508948963824709 0.0)
(6.326004209415747 -0.057621167273692146 0.0)
(5.446809695067088 -0.040043736521963226 0.0)
(4.522687486796351 -0.024703692496503317 0.0)
(3.55000012329936 -0.012782975609427835 0.0)
(2.4921130969618956 -0.0049032929183487894 0.0)
(1.3128915591247479 -0.0011002299609275277 0.0)
(0.011481240883644031 -7.323966615749586e-05 0.0)
(-0.011508160170637067 -7.332964049383405e-05 0.0)
(1.264782709738001 -0.001101503744794468 0.0)
(2.485414554857809 -0.004908443159843693 0.0)
(3.649559585937097 -0.012794837092838863 0.0)
(4.721477861768253 -0.024724231932589633 0.0)
(5.66514417804524 -0.04007556811700682 0.0)
(6.475676860086885 -0.05766575673700244 0.0)
(7.198488692217272 -0.07514089451008958 0.0)
(7.85829111031884 -0.0907761993703287 0.0)
(8.431623095701886 -0.10450312557343536 0.0)
(8.914118841451995 -0.11636863090975968 0.0)
(9.308491177303775 -0.12622699095303214 0.0)
(9.614339717312111 -0.13397584776752786 0.0)
(9.831606678442231 -0.139548017505256 0.0)
(9.960195741858305 -0.14290451596818346 0.0)
(10.000000000000004 -0.14402524437742978 0.0)
(9.950915369252831 -0.1429045159681831 0.0)
(9.812837766002215 -0.13954801750525558 0.0)
(9.585660282687908 -0.13397584776752605 0.0)
(9.269286600474013 -0.1262269909530315 0.0)
(8.863658936325795 -0.11636863090975905 0.0)
(8.368376904298142 -0.10450312557343512 0.0)
(7.786153334125609 -0.09077619937032934 0.0)
(7.112622418893827 -0.07514089451008989 0.0)
(6.324323139913114 -0.05766575673700181 0.0)
(5.445966933065823 -0.040075568117006265 0.0)
(4.522966582676108 -0.02472423193258961 0.0)
(3.5504404140628587 -0.01279483709283912 0.0)
(2.4923632229199506 -0.004908443159844202 0.0)
(1.3129950680397704 -0.0011015037447945862 0.0)
(0.01150816017062375 -7.332964049384424e-05 0.0)
(-0.011528983162991297 -7.341709093227718e-05 0.0)
(1.2647003818092837 -0.0011027054726323931 0.0)
(2.485191888765334 -0.004913079998415928 0.0)
(3.649094741411927 -0.012804886660123008 0.0)
(4.721019322848648 -0.024740662302307172 0.0)
(5.66570514391105 -0.040100735110186005 0.0)
(6.47731916459506 -0.05770249826721729 0.0)
(7.199235005660918 -0.07518523670970702 0.0)
(7.858158352016417 -0.09082036334467856 0.0)
(8.43163777378858 -0.10454488448820173 0.0)
(8.914148575245228 -0.11640802195893213 0.0)
(9.308505402732877 -0.126263959456967 0.0)
(9.614348603217625 -0.1340106786034913 0.0)
(9.831611858627028 -0.13958119007077055 0.0)
(9.960197937476876 -0.14293664928373126 0.0)
(10.000000000000004 -0.14405702149668267 0.0)
(9.95091317363426 -0.14293664928373095 0.0)
(9.812832585817418 -0.1395811900707702 0.0)
(9.585651396782394 -0.1340106786034895 0.0)
(9.269272375044913 -0.12626395945696636 0.0)
(8.86362920253256 -0.11640802195893155 0.0)
(8.368362226211445 -0.10454488448820158 0.0)
(7.786286092428031 -0.09082036334467929 0.0)
(7.11187610545018 -0.0751852367097074 0.0)
(6.322680835404935 -0.05770249826721673 0.0)
(5.4454059672000135 -0.04010073511018549 0.0)
(4.5234251215957135 -0.02474066230230717 0.0)
(3.5509052585880303 -0.012804886660123282 0.0)
(2.492585889012426 -0.0049130799984164475 0.0)
(1.313077395968488 -0.0011027054726325135 0.0)
(0.011528983162978004 -7.341709093228758e-05 0.0)
(-0.011542794936530622 -7.349817506053614e-05 0.0)
(1.2646428522054443 -0.0011037823427184875 0.0)
(2.485006466079186 -0.0049169996998609895 0.0)
(3.6486257675431104 -0.01281268275167873 0.0)
(4.720401488250448 -0.0247522616852691 0.0)
(5.665959665827521 -0.040118131709862816 0.0)
(6.4788505442532 -0.057729777508716516 0.0)
(7.200150618971838 -0.07522056792196975 0.0)
(7.858107325808266 -0.09085659671939071 0.0)
(8.431663218849714 -0.10457941578673596 0.0)
(8.914191582679653 -0.11644081101996512 0.0)
(9.308527126424796 -0.12629489772120694 0.0)
(9.614362233944266 -0.1340399494901956 0.0)
(9.831619643911337 -0.13960915126022658 0.0)
(9.960201354881514 -0.1429637856970641 0.0)
(10.000000000000004 -0.14408387350339316 0.0)
(9.950909756229624 -0.14296378569706375 0.0)
(9.81282480053311 -0.13960915126022622 0.0)
(9.585637766055752 -0.1340399494901938 0.0)
(9.269250651352992 -0.12629489772120636 0.0)
(8.863586195098135 -0.11644081101996456 0.0)
(8.368336781150314 -0.10457941578673584 0.0)
(7.786337118636181 -0.09085659671939149 0.0)
(7.110960492139256 -0.0752205679219702 0.0)
(6.321149455746791 -0.057729777508715975 0.0)
(5.4451514452835434 -0.0401181317098623 0.0)
(4.524042956193917 -0.02475226168526911 0.0)
(3.5513742324568476 -0.012812682751679015 0.0)
(2.4927713116985744 -0.004916999699861514 0.0)
(1.3131349255723275 -0.00110378234271861 0.0)
(0.01154279493651733 -7.349817506054671e-05 0.0)
(-0.01154898862719365 -7.356933019035448e-05 0.0)
(1.2646126486720282 -0.0011046870393512462 0.0)
(2.484866433932973 -0.004920030039668272 0.0)
(3.648173270184481 -0.012817882821505618 0.0)
(4.7196515044956 -0.024758520425808558 0.0)
(5.665896560567277 -0.04012699354127363 0.0)
(6.4802037130407095 -0.05774639586153458 0.0)
(7.201195301776219 -0.07524533575804761 0.0)
(7.858140273692622 -0.0908833074662674 0.0)
(8.431698312875847 -0.10460520222695363 0.0)
(8.914245974087278 -0.11646555740150275 0.0)
(9.308555393880255 -0.12631844637502126 0.0)
(9.614380010582845 -0.1340623743184285 0.0)
(9.831629692224007 -0.139630672510113 0.0)
(9.960205843917707 -0.14298473288382477 0.0)
(10.000000000000004 -0.1441046205695107 0.0)
(9.950905267193429 -0.14298473288382446 0.0)
(9.81281475222044 -0.13963067251011263 0.0)
(9.585619989417173 -0.13406237431842674 0.0)
(9.269222383897533 -0.12631844637502074 0.0)
(8.86353180369051 -0.11646555740150222 0.0)
(8.368301687124179 -0.10460520222695353 0.0)
(7.7863041707518255 -0.09088330746626817 0.0)
(7.109915809334872 -0.07524533575804805 0.0)
(6.31979628695928 -0.05774639586153404 0.0)
(5.445214550543789 -0.040126993541273116 0.0)
(4.524792939948767 -0.024758520425808554 0.0)
(3.551826729815478 -0.012817882821505902 0.0)
(2.4929113438447876 -0.0049200300396688 0.0)
(1.3131651291057436 -0.0011046870393513705 0.0)
(0.01154898862718034 -7.356933019036519e-05 0.0)
(-0.011547292095543688 -7.362742989550258e-05 0.0)
(1.2646110982970378 -0.0011053798118157224 0.0)
(2.4847779450830174 -0.004922037870250493 0.0)
(3.6477571312421557 -0.012820258388048738 0.0)
(4.718802324498236 -0.024759163526316273 0.0)
(5.665518600860005 -0.04012693123175854 0.0)
(6.481319215196615 -0.05775162314565108 0.0)
(7.202323152622829 -0.07525845196453478 0.0)
(7.858255747999723 -0.09089932196395671 0.0)
(8.431741513899675 -0.10462111079984657 0.0)
(8.914309359609161 -0.11648117379281248 0.0)
(9.308588963078975 -0.12633357073364243 0.0)
(9.614401152060383 -0.13407696778226258 0.0)
(9.831641562060565 -0.1396448082160817 0.0)
(9.960211207345422 -0.1429985704629488 0.0)
(10.000000000000004 -0.14411835110690582 0.0)
(9.950899903765714 -0.1429985704629485 0.0)
(9.812802882383881 -0.13964480821608133 0.0)
(9.585598847939636 -0.13407696778226083 0.0)
(9.269188814698815 -0.12633357073364185 0.0)
(8.863468418168626 -0.11648117379281195 0.0)
(8.36825848610035 -0.10462111079984647 0.0)
(7.786188696444723 -0.09089932196395749 0.0)
(7.10878795848826 -0.07525845196453522 0.0)
(6.318680784803373 -0.057751623145650514 0.0)
(5.445592510251062 -0.04012693123175797 0.0)
(4.525642119946133 -0.024759163526316248 0.0)
(3.552242868757804 -0.012820258388049016 0.0)
(2.492999832694743 -0.004922037870251021 0.0)
(1.3131666794807337 -0.001105379811815847 0.0)
(0.01154729209553034 -7.362742989551337e-05 0.0)
(-0.011537779884077715 -7.366992138122665e-05 0.0)
(1.264638269201114 -0.0011058302209572182 0.0)
(2.4847448875675013 -0.0049229349712050915 0.0)
(3.6473956350999557 -0.01281970507326016 0.0)
(4.717891259673909 -0.02475416273013246 0.0)
(5.664842393563786 -0.04011794751908362 0.0)
(6.48214803759694 -0.05774522968376499 0.0)
(7.203484615808813 -0.07525934023931365 0.0)
(7.85844867499977 -0.09090393656472796 0.0)
(8.431790923747247 -0.10462644251182576 0.0)
(8.914378954201428 -0.11648697403822955 0.0)
(9.308626359051775 -0.1263396062604218 0.0)
(9.614424729459035 -0.13408308867159496 0.0)
(9.831654731882105 -0.139650937281073 0.0)
(9.960217209505455 -0.14300469043652467 0.0)
(10.000000000000004 -0.14412446182088465 0.0)
(9.950893901605681 -0.14300469043652436 0.0)
(9.812789712562342 -0.13965093728107264 0.0)
(9.585575270540982 -0.13408308867159321 0.0)
(9.269151418726015 -0.1263396062604212 0.0)
(8.86339882357636 -0.116486974038229 0.0)
(8.368209076252779 -0.10462644251182564 0.0)
(7.785995769444677 -0.09090393656472871 0.0)
(7.107626495302273 -0.07525934023931403 0.0)
(6.317851962403046 -0.05774522968376435 0.0)
(5.446268717547285 -0.04011794751908299 0.0)
(4.526553184770463 -0.024754162730132395 0.0)
(3.552604364900005 -0.012819705073260424 0.0)
(2.4930328902102588 -0.004922934971205618 0.0)
(1.3131395085766573 -0.0011058302209573428 0.0)
(0.011537779884064308 -7.366992138123749e-05 0.0)
(-0.01152086994196545 -7.369493764937996e-05 0.0)
(1.2646929675444396 -0.001106018476622056 0.0)
(2.4847687138731795 -0.004922681925557324 0.0)
(3.647104665237031 -0.012816247188779438 0.0)
(4.716958340544255 -0.024743737763092733 0.0)
(5.663897649990129 -0.040100437131148574 0.0)
(6.482653763301703 -0.057727496392895074 0.0)
(7.204628658766615 -0.07524796155321546 0.0)
(7.85871057783333 -0.09089694851146539 0.0)
(8.431844371440251 -0.10462096309722094 0.0)
(8.914451700005019 -0.1164827032855816 0.0)
(9.308665938688025 -0.12633628776535438 0.0)
(9.614449706831039 -0.1340804680457462 0.0)
(9.831668623030763 -0.13964879040518405 0.0)
(9.960223586673873 -0.1430028239041096 0.0)
(10.000000000000004 -0.1441226842178542 0.0)
(9.950887524437263 -0.14300282390410923 0.0)
(9.812775821413682 -0.13964879040518363 0.0)
(9.58555029316898 -0.1340804680457444 0.0)
(9.269111839089764 -0.1263362877653538 0.0)
(8.86332607777277 -0.116482703285581 0.0)
(8.368155628559775 -0.10462096309722076 0.0)
(7.785733866611116 -0.09089694851146608 0.0)
(7.106482452344467 -0.07524796155321577 0.0)
(6.317346236698284 -0.05772749639289434 0.0)
(5.4472134611209455 -0.040100437131147866 0.0)
(4.527486103900119 -0.024743737763092626 0.0)
(3.55289533476293 -0.01281624718877968 0.0)
(2.4930090639045805 -0.004922681925557846 0.0)
(1.3130848102333317 -0.0011060184766221802 0.0)
(0.011520869941951969 -7.36949376493908e-05 0.0)
(-0.011497305261127438 -7.370137953090581e-05 0.0)
(1.2647727899818764 -0.0011059363072007272 0.0)
(2.484848377115769 -0.004921289851670019 0.0)
(3.646897006336844 -0.012810036667724624 0.0)
(4.716044557869102 -0.024728346679176883 0.0)
(5.6627258804433005 -0.04007516944236492 0.0)
(6.482814171648634 -0.0576992024414 0.0)
(7.205705014341638 -0.0752248158648907 0.0)
(7.859029948969034 -0.09087866484644509 0.0)
(8.431899508584838 -0.10460491331148553 0.0)
(8.914524400702403 -0.11646854918392685 0.0)
(9.308705962930919 -0.12632376105704246 0.0)
(9.614474986716361 -0.13406922105022184 0.0)
(9.831682625154883 -0.1396384619182137 0.0)
(9.960230058649566 -0.14299305287772315 0.0)
(10.000000000000004 -0.1441130964024396 0.0)
(9.95088105246157 -0.1429930528777228 0.0)
(9.812761819289562 -0.13963846191821333 0.0)
(9.585525013283657 -0.13406922105021998 0.0)
(9.269071814846871 -0.12632376105704182 0.0)
(8.863253377075385 -0.11646854918392618 0.0)
(8.36810049141519 -0.10460491331148526 0.0)
(7.785414495475411 -0.0908786648464457 0.0)
(7.105406096769443 -0.0752248158648909 0.0)
(6.317185828351354 -0.057699202441399165 0.0)
(5.448385230667777 -0.04007516944236413 0.0)
(4.528399886575274 -0.024728346679176713 0.0)
(3.553102993663117 -0.012810036667724843 0.0)
(2.492929400661991 -0.004921289851670533 0.0)
(1.3130049877958945 -0.0011059363072008501 0.0)
(0.011497305261113871 -7.37013795309166e-05 0.0)
(-0.01146812123052934 -7.368896398131504e-05 0.0)
(1.2648742292615545 -0.0011055873230672803 0.0)
(2.48498037703813 -0.0049188199147230565 0.0)
(3.6467817825515674 -0.012801346389029048 0.0)
(4.71519006158748 -0.024708665734454984 0.0)
(5.661378570333498 -0.040043254668751894 0.0)
(6.48262221458843 -0.05766159101374616 0.0)
(7.206666389439052 -0.07519092015354047 0.0)
(7.859392755823452 -0.09084988892045905 0.0)
(8.431953912555743 -0.10457899835284248 0.0)
(8.914593861957943 -0.11644513363859779 0.0)
(9.308744673188444 -0.1263025765361323 0.0)
(9.614499458363092 -0.1340498418574293 0.0)
(9.831696123026743 -0.1396204056349841 0.0)
(9.96023634106576 -0.1429758066783892 0.0)
(10.000000000000004 -0.1440961196457097 0.0)
(9.950874770045376 -0.14297580667838883 0.0)
(9.812748321417702 -0.13962040563498368 0.0)
(9.585500541636927 -0.13404984185742744 0.0)
(9.269033104589345 -0.12630257653613156 0.0)
(8.863183915819844 -0.11644513363859704 0.0)
(8.368046087444283 -0.10457899835284214 0.0)
(7.7850516886209915 -0.09084988892045955 0.0)
(7.104444721672027 -0.07519092015354055 0.0)
(6.31737778541156 -0.057661591013745205 0.0)
(5.4497325407775845 -0.04004325466875099 0.0)
(4.529254382856898 -0.024708665734454745 0.0)
(3.5532182174483937 -0.012801346389029236 0.0)
(2.4927974007396294 -0.00491881991472356 0.0)
(1.312903548516216 -0.001105587323067401 0.0)
(0.011468121230515672 -7.368896398132574e-05 0.0)
(-0.011434600143084957 -7.365823651714309e-05 0.0)
(1.2649928283271028 -0.0011049868579460905 0.0)
(2.4851589138051615 -0.004915380639227266 0.0)
(3.646764056603531 -0.01279055818764018 0.0)
(4.714432396702746 -0.024685559673632843 0.0)
(5.6599149180021096 -0.04000609508707561 0.0)
(6.482086326363139 -0.05761631468725651 0.0)
(7.207470542995861 -0.07514776373471106 0.0)
(7.859783057327139 -0.09081188509505099 0.0)
(8.432005192942016 -0.10454435687716451 0.0)
(8.914657031771146 -0.11641348548581865 0.0)
(9.308780368602704 -0.12627366501171666 0.0)
(9.61452204653184 -0.13402318195364682 0.0)
(9.83170852357455 -0.13959541491554725 0.0)
(9.960242157884581 -0.1429518430725554 0.0)
(10.000000000000004 -0.14407249987529722 0.0)
(9.950868953226555 -0.14295184307255504 0.0)
(9.812735920869896 -0.13959541491554683 0.0)
(9.585477953468178 -0.13402318195364485 0.0)
(9.268997409175086 -0.12627366501171586 0.0)
(8.863120746006642 -0.11641348548581784 0.0)
(8.36799480705801 -0.10454435687716408 0.0)
(7.784661387117304 -0.09081188509505135 0.0)
(7.103640568115217 -0.07514776373471103 0.0)
(6.317913673636855 -0.0576163146872554 0.0)
(5.451196193108977 -0.040006095087074596 0.0)
(4.530012047741634 -0.024685559673632534 0.0)
(3.55323594339643 -0.012790558187640329 0.0)
(2.4926188639725972 -0.004915380639227756 0.0)
(1.3127849494506674 -0.0011049868579462087 0.0)
(0.011434600143071188 -7.365823651715363e-05 0.0)
(-0.0113982148540515 -7.361054724695132e-05 0.0)
(1.2651233761525522 -0.0011041612951760626 0.0)
(2.4853761428379437 -0.004911123140655953 0.0)
(3.646844607338462 -0.012778146077390582 0.0)
(4.7138048536238255 -0.024660043734751638 0.0)
(5.658399233654902 -0.039965323421373385 0.0)
(6.481230052921001 -0.05756536282088628 0.0)
(7.208082141975939 -0.07509724282249343 0.0)
(7.860183704346057 -0.09076632318878332 0.0)
(8.432051096577299 -0.10450251096751811 0.0)
(8.914711134575985 -0.11637499528752393 0.0)
(9.308811480782499 -0.12623829680328624 0.0)
(9.614541758739797 -0.13399041272627354 0.0)
(9.831719281940918 -0.13956458780639605 0.0)
(9.960247253525653 -0.142922214977222 0.0)
(10.000000000000004 -0.14404327490070287 0.0)
(9.950863857585484 -0.14292221497722157 0.0)
(9.812725162503527 -0.13956458780639558 0.0)
(9.58545824126022 -0.13399041272627157 0.0)
(9.26896629699529 -0.12623829680328538 0.0)
(8.863066643201803 -0.11637499528752301 0.0)
(8.367948903422729 -0.10450251096751757 0.0)
(7.784260740098385 -0.09076632318878357 0.0)
(7.1030289691351385 -0.07509724282249323 0.0)
(6.318769947078996 -0.05756536282088504 0.0)
(5.4527118774561885 -0.03996532342137226 0.0)
(4.530639590820555 -0.024660043734751252 0.0)
(3.553155392661498 -0.012778146077390693 0.0)
(2.492401634939814 -0.004911123140656431 0.0)
(1.3126544016252177 -0.0011041612951761782 0.0)
(0.01139821485403763 -7.36105472469617e-05 0.0)
(-0.011360564066464095 -7.354799155002697e-05 0.0)
(1.2652601367052825 -0.001103146908474988 0.0)
(2.4856225194901858 -0.004906234485707469 0.0)
(3.6470198955044313 -0.012764655423697311 0.0)
(4.713335005445549 -0.024633239041485715 0.0)
(5.656898113689224 -0.039922731104046545 0.0)
(6.4800910173505555 -0.05751097414642999 0.0)
(7.2084743138389875 -0.07504157721334499 0.0)
(7.860577093183159 -0.09071520510846427 0.0)
(8.432089606539833 -0.1044552992566182 0.0)
(8.914753793194194 -0.11633135423261082 0.0)
(9.308836642715567 -0.12619802592521517 0.0)
(9.614557728868608 -0.13395297399521072 0.0)
(9.831727925422912 -0.13952927879430996 0.0)
(9.960251404095827 -0.14288822419669475 0.0)
(10.000000000000004 -0.1440097288138448 0.0)
(9.95085970701531 -0.14288822419669434 0.0)
(9.812716519021533 -0.13952927879430937 0.0)
(9.585442271131411 -0.1339529739952087 0.0)
(9.26894113506222 -0.1261980259252142 0.0)
(8.863023984583593 -0.11633135423260982 0.0)
(8.367910393460193 -0.10445529925661755 0.0)
(7.783867351261281 -0.09071520510846441 0.0)
(7.10263679727209 -0.07504157721334466 0.0)
(6.319908982649445 -0.057510974146428605 0.0)
(5.45421299742187 -0.03992273110404531 0.0)
(4.531109438998832 -0.02463323904148526 0.0)
(3.5529801044955276 -0.012764655423697388 0.0)
(2.4921552582875712 -0.004906234485707933 0.0)
(1.312517641072487 -0.0011031469084751006 0.0)
(0.011360564066450125 -7.354799155003711e-05 0.0)
(-0.011323302087049163 -7.347331800925041e-05 0.0)
(1.2653971009768032 -0.0011019882681387433 0.0)
(2.485887218422521 -0.00490092947293671 0.0)
(3.647282219260107 -0.012750678981203195 0.0)
(4.713043496437308 -0.024606323343019387 0.0)
(5.655477514570148 -0.03988018956359796 0.0)
(6.478719266790961 -0.05745553840274197 0.0)
(7.208629827270803 -0.07498321275229437 0.0)
(7.860945939052628 -0.09066077688902523 0.0)
(8.43211903077232 -0.10440479614067039 0.0)
(8.91478313328413 -0.11628447982919318 0.0)
(9.308854748832603 -0.1261546218062124 0.0)
(9.614569255220028 -0.13391251074980903 0.0)
(9.831734074241746 -0.139491039292684 0.0)
(9.960254427226644 -0.1428513642236858 0.0)
(10.000000000000004 -0.1439733355684086 0.0)
(9.950856683884492 -0.14285136422368533 0.0)
(9.812710370202701 -0.13949103929268342 0.0)
(9.585430744779991 -0.13391251074980695 0.0)
(9.268923028945187 -0.12615462180621137 0.0)
(8.862994644493657 -0.1162844798291921 0.0)
(8.367880969227706 -0.10440479614066962 0.0)
(7.783498505391813 -0.09066077688902523 0.0)
(7.102481283840275 -0.0749832127522939 0.0)
(6.321280733209044 -0.05745553840274046 0.0)
(5.455633596540949 -0.03988018956359662 0.0)
(4.5314009480070725 -0.02460632334301887 0.0)
(3.552717780739851 -0.012750678981203236 0.0)
(2.491890559355235 -0.00490092947293716 0.0)
(1.3123806768009658 -0.0011019882681388524 0.0)
(0.011323302087035103 -7.347331800926036e-05 0.0)
(-0.011288066139013331 -7.338980764339202e-05 0.0)
(1.2655282510075931 -0.0011007362827040305 0.0)
(2.486158609248116 -0.004895441194899575 0.0)
(3.6476200525795726 -0.012736830849222251 0.0)
(4.712943134971623 -0.024580479265902382 0.0)
(5.654199854824052 -0.03983956799748741 0.0)
(6.47717507345226 -0.05740149133498306 0.0)
(7.208541849295696 -0.07492471386698539 0.0)
(7.861274035541743 -0.09060543000685468 0.0)
(8.432138076427812 -0.10435322063419653 0.0)
(8.914797865695919 -0.11623643165280287 0.0)
(9.308865003583945 -0.12610999154386132 0.0)
(9.614575831347263 -0.13387080087104597 0.0)
(9.831737458229567 -0.13945154947526242 0.0)
(9.960256190087268 -0.1428132546179756 0.0)
(10.000000000000004 -0.14393569421701932 0.0)
(9.95085492102387 -0.14281325461797517 0.0)
(9.812706986214879 -0.13945154947526184 0.0)
(9.585424168652755 -0.13387080087104383 0.0)
(9.268912774193844 -0.12610999154386024 0.0)
(8.862979912081869 -0.1162364316528017 0.0)
(8.367861923572214 -0.10435322063419565 0.0)
(7.783170408902697 -0.09060543000685457 0.0)
(7.102569261815383 -0.07492471386698478 0.0)
(6.322824926547749 -0.057401491334981423 0.0)
(5.456911256287047 -0.03983956799748598 0.0)
(4.531501309472757 -0.024580479265901803 0.0)
(3.552379947420384 -0.012736830849222261 0.0)
(2.4916191685296396 -0.0048954411949000114 0.0)
(1.3122495267701757 -0.0011007362827041365 0.0)
(0.011288066138999195 -7.338980764340173e-05 0.0)
(-0.01125640442545095 -7.330112974514973e-05 0.0)
(1.2656478243052312 -0.0010994459621204086 0.0)
(2.4864247675505897 -0.0048900107964924945 0.0)
(3.648018551684819 -0.012723719489339277 0.0)
(4.713038330747691 -0.024556842351602822 0.0)
(5.6531212724827675 -0.039802651243014735 0.0)
(6.475526286364732 -0.05735120767243427 0.0)
(7.208214245504942 -0.07486865089141782 0.0)
(7.861546966691007 -0.09055159630270097 0.0)
(8.432145906675052 -0.10430283887059635 0.0)
(8.914797343114337 -0.11618932085240882 0.0)
(9.308866956394583 -0.1260660961102409 0.0)
(9.614577168307314 -0.13382967701468834 0.0)
(9.831737928700143 -0.13941254445237825 0.0)
(9.960256615220825 -0.14277556984591963 0.0)
(10.000000000000004 -0.143898458651794 0.0)
(9.950854495890312 -0.14277556984591916 0.0)
(9.812706515744303 -0.1394125444523776 0.0)
(9.585422831692705 -0.1338296770146862 0.0)
(9.268910821383205 -0.12606609611023975 0.0)
(8.86298043466345 -0.1161893208524076 0.0)
(8.367854093324974 -0.10430283887059542 0.0)
(7.782897477753432 -0.09055159630270075 0.0)
(7.102896865606139 -0.0748686508914171 0.0)
(6.324473713635282 -0.05735120767243252 0.0)
(5.457989838628333 -0.039802651243013236 0.0)
(4.531406113696688 -0.024556842351602194 0.0)
(3.5519814483151366 -0.012723719489339256 0.0)
(2.4913530102271655 -0.004890010796492919 0.0)
(1.3121299534725375 -0.0010994459621205112 0.0)
(0.011256404425436751 -7.330112974515919e-05 0.0)
(-0.011229708104132482 -7.321118065914066e-05 0.0)
(1.2657505670377724 -0.0010981740007137467 0.0)
(2.486673998821054 -0.004884876879486843 0.0)
(3.648460207254195 -0.012711920990720974 0.0)
(4.713324901037266 -0.02453645116289251 0.0)
(5.652289158481159 -0.03977106135483418 0.0)
(6.473845350216634 -0.05730689678723661 0.0)
(7.207661410209771 -0.07481748713017382 0.0)
(7.861752740405037 -0.09050164113103863 0.0)
(8.432142177467298 -0.10425586453239169 0.0)
(8.914781588500665 -0.1161452173903936 0.0)
(9.30886052146159 -0.1260248641904 0.0)
(9.6145732073566 -0.13379094608775055 0.0)
(9.831735464981858 -0.1393757380333792 0.0)
(9.960255683947729 -0.1427399657074596 0.0)
(10.000000000000004 -0.14386326493534815 0.0)
(9.95085542716341 -0.14273996570745912 0.0)
(9.81270897946259 -0.13937573803337855 0.0)
(9.58542679264342 -0.13379094608774836 0.0)
(9.2689172563162 -0.1260248641903988 0.0)
(8.862996189277123 -0.1161452173903923 0.0)
(8.367857822532727 -0.10425586453239065 0.0)
(7.782691704039403 -0.09050164113103833 0.0)
(7.1034497009013124 -0.07481748713017299 0.0)
(6.326154649783384 -0.05730689678723478 0.0)
(5.458821952629942 -0.03977106135483261 0.0)
(4.531119543407112 -0.024536451162891847 0.0)
(3.5515397927457593 -0.012711920990720932 0.0)
(2.4911037789567008 -0.004884876879487257 0.0)
(1.312027210739996 -0.0010981740007138467 0.0)
(0.011229708104118242 -7.32111806591499e-05 0.0)
(-0.01120915016257712 -7.312391258364685e-05 0.0)
(1.2658319648775116 -0.0010969762861412664 0.0)
(2.4868953522934403 -0.004880265018803616 0.0)
(3.648925613749969 -0.01270195375781189 0.0)
(4.713790254466091 -0.024520201651298753 0.0)
(5.65174007438615 -0.039746186334840304 0.0)
(6.472206122267126 -0.057270505618621216 0.0)
(7.20690763398167 -0.07477347062532096 0.0)
(7.861882315363289 -0.09045775943072008 0.0)
(8.432127052659121 -0.10421436158606606 0.0)
(8.914751294083803 -0.11610605909219313 0.0)
(9.308845981524145 -0.1259881074394647 0.0)
(9.61456412253205 -0.133756309856306 0.0)
(9.831730175325983 -0.1393427474249808 0.0)
(9.960253437186411 -0.1427080065833035 0.0)
(10.000000000000004 -0.1438316594151973 0.0)
(9.950857673924727 -0.14270800658330302 0.0)
(9.812714269118462 -0.1393427474249801 0.0)
(9.585435877467967 -0.13375630985630374 0.0)
(9.268931796253643 -0.12598810743946345 0.0)
(8.863026483693984 -0.1161060590921918 0.0)
(8.367872947340905 -0.10421436158606497 0.0)
(7.78256212908115 -0.09045775943071972 0.0)
(7.104203477129416 -0.07477347062532004 0.0)
(6.327793877732895 -0.05727050561861933 0.0)
(5.459371036724952 -0.03974618633483871 0.0)
(4.530654189978285 -0.02452020165129807 0.0)
(3.5510743862499843 -0.01270195375781183 0.0)
(2.490882425484314 -0.004880265018804021 0.0)
(1.3119458129002568 -0.0010969762861413638 0.0)
(0.011209150162562855 -7.31239125836559e-05 0.0)
(-0.011195633879127115 -7.304315991825304e-05 0.0)
(1.2658884413522835 -0.0010959054437901252 0.0)
(2.4870791021011267 -0.004876377851164068 0.0)
(3.649394322062153 -0.012694255732591512 0.0)
(4.714413944255843 -0.024508807790633347 0.0)
(5.651498145948352 -0.039729119145904095 0.0)
(6.470680627193428 -0.057243633127961276 0.0)
(7.205986036369107 -0.07473853538155655 0.0)
(7.861929998279148 -0.09042187928337804 0.0)
(8.432101196806919 -0.10418015359515356 0.0)
(8.914707790945007 -0.11607356650179226 0.0)
(9.308823975440506 -0.1259574408818266 0.0)
(9.614550313004237 -0.13372729017299917 0.0)
(9.831722292150324 -0.13931502217416133 0.0)
(9.960249973655456 -0.14268109669889925 0.0)
(10.000000000000004 -0.1438050307800762 0.0)
(9.95086113745568 -0.14268109669889878 0.0)
(9.812722152294121 -0.13931502217416064 0.0)
(9.585449686995782 -0.13372729017299687 0.0)
(9.268953802337284 -0.12595744088182534 0.0)
(8.86306998683278 -0.11607356650179088 0.0)
(8.367898803193107 -0.10418015359515244 0.0)
(7.78251444616529 -0.09042187928337762 0.0)
(7.105125074741982 -0.0747385353815556 0.0)
(6.329319372806597 -0.05724363312795936 0.0)
(5.459612965162749 -0.0397291191459025 0.0)
(4.530030500188531 -0.02450880779063265 0.0)
(3.550605677937799 -0.012694255732591442 0.0)
(2.490698675676627 -0.004876377851164468 0.0)
(1.3118893364254849 -0.0010959054437902208 0.0)
(0.01119563387911285 -7.304315991826193e-05 0.0)
(-0.011189753134549923 -7.297247078734386e-05 0.0)
(1.2659175149891075 -0.0010950085245141818 0.0)
(2.4872171746137246 -0.004873386171602914 0.0)
(3.649845738004988 -0.012689165152204881 0.0)
(4.715168566618168 -0.02450277020628944 0.0)
(5.651574003060728 -0.03972060968908387 0.0)
(6.469335892458263 -0.05722746004333456 0.0)
(7.204937110685163 -0.07471421638957938 0.0)
(7.861893694052527 -0.09039557719704584 0.0)
(8.432065745969535 -0.10415474359619312 0.0)
(8.914652990532609 -0.1160491672841697 0.0)
(9.308795470117724 -0.12593421194992538 0.0)
(9.614532385538546 -0.13370516210962452 0.0)
(9.831712161827197 -0.13929378047771993 0.0)
(9.960245445536076 -0.1426604184253373 0.0)
(10.000000000000004 -0.14378454904349638 0.0)
(9.95086566557506 -0.14266041842533683 0.0)
(9.81273228261725 -0.13929378047771923 0.0)
(9.585467614461473 -0.13370516210962222 0.0)
(9.268982307660066 -0.12593421194992413 0.0)
(8.863124787245178 -0.11604916728416831 0.0)
(8.36793425403049 -0.10415474359619196 0.0)
(7.782550750391913 -0.0903955771970454 0.0)
(7.106174000425929 -0.07471421638957844 0.0)
(6.3306641075417645 -0.05722746004333266 0.0)
(5.459537108050371 -0.03972060968908229 0.0)
(4.529275877826204 -0.024502770206288757 0.0)
(3.550154261994963 -0.012689165152204812 0.0)
(2.4905606031640293 -0.00487338617160331 0.0)
(1.3118602627886609 -0.0010950085245142762 0.0)
(0.011189753134535676 -7.297247078735259e-05 0.0)
(-0.01119176631800374 -7.291495114200931e-05 0.0)
(1.2659179083455705 -0.0010943249373055537 0.0)
(2.4873035031776265 -0.0048714214290469455 0.0)
(3.650260027187787 -0.01268690568744124 0.0)
(4.716020964827008 -0.024502354178677663 0.0)
(5.651964312700535 -0.0397210318543447 0.0)
(6.468231003245771 -0.05722269698049174 0.0)
(7.203806944805435 -0.07470158218140664 0.0)
(7.861774997824725 -0.0903800088372786 0.0)
(8.43202225779191 -0.10413924805805277 0.0)
(8.914589300676477 -0.11603393349631067 0.0)
(9.308761718027535 -0.12591944128053267 0.0)
(9.614511127835023 -0.13369089793280464 0.0)
(9.831700229464465 -0.1392799556569377 0.0)
(9.960240051785556 -0.14264688032812814 0.0)
(10.000000000000004 -0.14377111413549284 0.0)
(9.95087105932558 -0.14264688032812767 0.0)
(9.81274421497998 -0.13927995565693702 0.0)
(9.585488872164996 -0.13369089793280234 0.0)
(9.269016059750255 -0.12591944128053142 0.0)
(8.86318847710131 -0.11603393349630928 0.0)
(8.367977742208115 -0.10413924805805162 0.0)
(7.782669446619716 -0.09038000883727816 0.0)
(7.107304166305659 -0.0747015821814057 0.0)
(6.331768996754258 -0.057222696980489866 0.0)
(5.459146798410562 -0.03972103185434315 0.0)
(4.528423479617361 -0.024502354178677 0.0)
(3.549739972812163 -0.012686905687441177 0.0)
(2.490474274600127 -0.00487142142904734 0.0)
(1.3118598694321981 -0.0010943249373056472 0.0)
(0.011191766317989535 -7.291495114201796e-05 0.0)
)
