(
(-0.01383937727216379 -6.919412124503569e-05 0.0)
(1.2561741666662993 -0.001051994370240683 0.0)
(2.468977752739381 -0.004761174557793267 0.0)
(3.625278288169487 -0.012607915351820962 0.0)
(4.687335277361142 -0.02469384921290423 0.0)
(5.623171258309828 -0.040392920861778446 0.0)
(6.4435802201387755 -0.05837651277602444 0.0)
(7.183446228485878 -0.07618489377926115 0.0)
(7.8441714887709155 -0.09209702012881552 0.0)
(8.417648970371124 -0.10606757634406745 0.0)
(8.903130839086616 -0.11814858646415094 0.0)
(9.299873255298488 -0.12818864761760246 0.0)
(9.608017644751754 -0.136081420623177 0.0)
(9.82745040268633 -0.1417576224231345 0.0)
(9.958140039930335 -0.14517696890299717 0.0)
(10.000000000000004 -0.14631871200661942 0.0)
(9.952971071180801 -0.14517696890299683 0.0)
(9.816994041758118 -0.14175762242313417 0.0)
(9.591982355248264 -0.13608142062317513 0.0)
(9.2779045224793 -0.12818864761760188 0.0)
(8.874646938691171 -0.11814858646415022 0.0)
(8.382351029628902 -0.1060675763440672 0.0)
(7.800272955673523 -0.09209702012881608 0.0)
(7.127664882625213 -0.07618489377926109 0.0)
(6.35641977986125 -0.05837651277602334 0.0)
(5.487939852801271 -0.040392920861777676 0.0)
(4.5571091670832296 -0.024693849212904025 0.0)
(3.5747217118304637 -0.012607915351821071 0.0)
(2.508800025038373 -0.004761174557793713 0.0)
(1.3216036111114706 -0.001051994370240801 0.0)
(0.013839377272149563 -6.91941212450467e-05 0.0)
(-0.013836795035870703 -6.912973094161996e-05 0.0)
(1.2561911553691545 -0.0010511962409313444 0.0)
(2.4690929026809822 -0.004758641098381881 0.0)
(3.625708650450799 -0.012604046743180771 0.0)
(4.6881199376989535 -0.024690184800113205 0.0)
(5.6233744562573555 -0.0403881677781513 0.0)
(6.442350950518532 -0.058365207727310485 0.0)
(7.182377860910473 -0.07616566145507565 0.0)
(7.84410203382309 -0.09207544249670135 0.0)
(8.417610702855722 -0.10604654478233268 0.0)
(8.90307312721212 -0.11812824677876665 0.0)
(9.299842981366425 -0.1281691743128474 0.0)
(9.607998592547627 -0.13606279122114215 0.0)
(9.827439669366404 -0.14173968536835424 0.0)
(9.958135217734018 -0.1451594749801026 0.0)
(10.000000000000004 -0.1463013739546691 0.0)
(9.952975893377117 -0.14515947498010232 0.0)
(9.817004775078043 -0.1417396853683539 0.0)
(9.592001407452392 -0.1360627912211403 0.0)
(9.277934796411362 -0.12816917431284683 0.0)
(8.874704650565667 -0.11812824677876593 0.0)
(8.382389297144302 -0.10604654478233243 0.0)
(7.800342410621349 -0.09207544249670195 0.0)
(7.1287332502006215 -0.0761656614550756 0.0)
(6.357649049481497 -0.05836520772730941 0.0)
(5.487736654853741 -0.04038816777815056 0.0)
(4.556324506745416 -0.024690184800113014 0.0)
(3.574291349549151 -0.01260404674318088 0.0)
(2.508684875096772 -0.004758641098382325 0.0)
(1.3215866224086155 -0.0010511962409314615 0.0)
(0.013836795035856508 -6.912973094163084e-05 0.0)
(-0.01384196742435948 -6.907936937971709e-05 0.0)
(1.2561798316969248 -0.001050620912584938 0.0)
(2.469155437135263 -0.004757156381418171 0.0)
(3.6260949424091757 -0.012603012753121177 0.0)
(4.688985810555698 -0.024692075909339552 0.0)
(5.623880996705374 -0.04039222197661473 0.0)
(6.441378203387661 -0.058365248938858076 0.0)
(7.181249581156971 -0.07615818770477088 0.0)
(7.843953392483143 -0.09206473742972135 0.0)
(8.417565282899382 -0.10603557592504158 0.0)
(8.903007784185753 -0.11811722586576298 0.0)
(9.299808134497471 -0.1281583135540013 0.0)
(9.607976634833165 -0.13605217867746486 0.0)
(9.827427371534982 -0.1417293161267028 0.0)
(9.95812963794324 -0.14514927064705999 0.0)
(10.000000000000004 -0.14629123151483217 0.0)
(9.952981473167897 -0.1451492706470597 0.0)
(9.817017072909465 -0.14172931612670248 0.0)
(9.592023365166854 -0.13605217867746305 0.0)
(9.277969643280317 -0.12815831355400073 0.0)
(8.874769993592036 -0.11811722586576226 0.0)
(8.382434717100644 -0.10603557592504133 0.0)
(7.8004910519612976 -0.09206473742972195 0.0)
(7.129861529954127 -0.07615818770477085 0.0)
(6.358621796612368 -0.05836524893885705 0.0)
(5.487230114405721 -0.040392221976614046 0.0)
(4.555458633888669 -0.02469207590933939 0.0)
(3.5739050575907734 -0.012603012753121296 0.0)
(2.508622340642491 -0.004757156381418615 0.0)
(1.3215979460808454 -0.0010506209125850546 0.0)
(0.01384196742434533 -6.907936937972792e-05 0.0)
(-0.013854667172342539 -6.904524935422324e-05 0.0)
(1.256140693191052 -0.001050293664076471 0.0)
(2.469162608452706 -0.004756785642649307 0.0)
(3.626420191082668 -0.012604858813273764 0.0)
(4.68989485106212 -0.024699439448703547 0.0)
(5.624668623193287 -0.04040490532310519 0.0)
(6.440704719475504 -0.05837663459990721 0.0)
(7.180110963773609 -0.07616280091126239 0.0)
(7.84373209577962 -0.09206537528893419 0.0)
(8.417514706171891 -0.10603515172371651 0.0)
(8.902937681060546 -0.11811600796389507 0.0)
(9.299770245799298 -0.12815654254293873 0.0)
(9.60795273639017 -0.13605004928789924 0.0)
(9.82741404953628 -0.14172697030368825 0.0)
(9.958123545723796 -0.14514680426359491 0.0)
(10.000000000000004 -0.14628873032735992 0.0)
(9.95298756538734 -0.14514680426359464 0.0)
(9.817030394908167 -0.14172697030368792 0.0)
(9.59204726360985 -0.13605004928789743 0.0)
(9.27800753197849 -0.12815654254293815 0.0)
(8.874840096717243 -0.11811600796389438 0.0)
(8.382485293828134 -0.10603515172371629 0.0)
(7.80071234866482 -0.09206537528893484 0.0)
(7.13100014733749 -0.07616280091126242 0.0)
(6.359295280524526 -0.05837663459990627 0.0)
(5.486442487917805 -0.040404905323104576 0.0)
(4.554549593382245 -0.024699439448703432 0.0)
(3.5735798089172803 -0.012604858813273901 0.0)
(2.5086151693250485 -0.004756785642649757 0.0)
(1.3216370845867185 -0.0010502936640765877 0.0)
(0.013854667172328455 -6.904524935423407e-05 0.0)
(-0.013874336276127034 -6.902887003663778e-05 0.0)
(1.2560754595258818 -0.001050228874106722 0.0)
(2.469114101538742 -0.004757545171658551 0.0)
(3.6266701056395876 -0.012609503811132707 0.0)
(4.690807117641411 -0.024711951877756756 0.0)
(5.625702728854137 -0.04042566053458143 0.0)
(6.440360090433057 -0.05839886444534088 0.0)
(7.179012037525173 -0.07617929837869657 0.0)
(7.843447867084824 -0.092077328047973 0.0)
(8.417461194922128 -0.1060452908169877 0.0)
(8.902865898039574 -0.11812464658554292 0.0)
(9.299730980031988 -0.12816393909464574 0.0)
(9.607927947272508 -0.13605649661392719 0.0)
(9.827400288714548 -0.14173275097048232 0.0)
(9.958117208756663 -0.1451521841980847 0.0)
(10.000000000000004 -0.14629398028985421 0.0)
(9.952993902354473 -0.14515218419808437 0.0)
(9.8170441557299 -0.14173275097048205 0.0)
(9.592072052727511 -0.13605649661392538 0.0)
(9.2780467977458 -0.1281639390946452 0.0)
(8.874911879738214 -0.11812464658554228 0.0)
(8.382538805077898 -0.10604529081698753 0.0)
(7.800996577359618 -0.09207732804797371 0.0)
(7.1320990735859295 -0.07617929837869668 0.0)
(6.359639909566972 -0.05839886444534002 0.0)
(5.485408382256951 -0.040425660534580896 0.0)
(4.553637326802952 -0.02471195187775669 0.0)
(3.57332989436036 -0.012609503811132869 0.0)
(2.5086636762390127 -0.004757545171659006 0.0)
(1.3217023182518888 -0.0010502288741068395 0.0)
(0.01387433627611303 -6.90288700366486e-05 0.0)
(-0.013900110511276287 -6.90309511042103e-05 0.0)
(1.255986996949321 -0.001050429389428431 0.0)
(2.4690120476984303 -0.00475940159613075 0.0)
(3.62683370529151 -0.012616743653989859 0.0)
(4.69168252696902 -0.02472906342325742 0.0)
(5.626937876977029 -0.04045357566502176 0.0)
(6.440359458629964 -0.05843096173641905 0.0)
(7.178001087220589 -0.07620695523853561 0.0)
(7.843113194887621 -0.09210007052447258 0.0)
(8.41740710033651 -0.10606554771164574 0.0)
(8.902795589137455 -0.11814276216547526 0.0)
(9.29969206246152 -0.12818017821817201 0.0)
(9.607903356668656 -0.13607123737183804 0.0)
(9.827386693695116 -0.14174640413516154 0.0)
(9.958110905476584 -0.14516517406605015 0.0)
(10.000000000000004 -0.1463067507285675 0.0)
(9.95300020563455 -0.14516517406604987 0.0)
(9.817057750749331 -0.14174640413516126 0.0)
(9.592096643331361 -0.1360712373718363 0.0)
(9.278085715316267 -0.12818017821817154 0.0)
(8.874982188640335 -0.11814276216547467 0.0)
(8.382592899663514 -0.10606554771164566 0.0)
(7.801331249556822 -0.0921000705244734 0.0)
(7.133110023890515 -0.07620695523853584 0.0)
(6.359640541370063 -0.05843096173641831 0.0)
(5.484173234134055 -0.04045357566502132 0.0)
(4.55276191747534 -0.02472906342325741 0.0)
(3.573166294708438 -0.012616743653990048 0.0)
(2.508765730079325 -0.004759401596131215 0.0)
(1.32179078082845 -0.0010504293894285498 0.0)
(0.013900110511262373 -6.903095110422121e-05 0.0)
(-0.013930857405050468 -6.905140111863887e-05 0.0)
(1.2558791923451453 -0.0010508863997651947 0.0)
(2.4688609309908114 -0.0047622733481708325 0.0)
(3.6269038017690263 -0.012626260236395001 0.0)
(4.69248261516061 -0.02475002223520092 0.0)
(5.6283197974130825 -0.04048742417466391 0.0)
(6.440702851826496 -0.058471516176892106 0.0)
(7.177122532166759 -0.076244556298955 0.0)
(7.842742784072092 -0.09213260345562174 0.0)
(8.417354799232168 -0.10609503235679828 0.0)
(8.90272984359872 -0.11816955873825136 0.0)
(9.299655203054746 -0.12820454639613832 0.0)
(9.607880045044764 -0.13609362387969673 0.0)
(9.827373861818268 -0.14176732990264762 0.0)
(9.958104912838156 -0.1451852031164572 0.0)
(10.000000000000004 -0.14632648053378558 0.0)
(9.953006198272979 -0.1451852031164569 0.0)
(9.81707058262618 -0.14176732990264734 0.0)
(9.592119954955255 -0.13609362387969504 0.0)
(9.278122574723042 -0.1282045463961379 0.0)
(8.875047934179069 -0.11816955873825086 0.0)
(8.382645200767858 -0.10609503235679828 0.0)
(7.801701660372352 -0.09213260345562264 0.0)
(7.133988578944346 -0.07624455629895534 0.0)
(6.359297148173528 -0.058471516176891496 0.0)
(5.482791313697997 -0.04048742417466358 0.0)
(4.55196182928375 -0.024750022235200987 0.0)
(3.5730961982309224 -0.012626260236395225 0.0)
(2.5089168467869443 -0.004762273348171306 0.0)
(1.321898585432626 -0.0010508863997653161 0.0)
(0.013930857405036651 -6.905140111864989e-05 0.0)
(-0.013965225995186995 -6.908932154370171e-05 0.0)
(1.2557567824504394 -0.001051579824918893 0.0)
(2.4686673912075583 -0.004766034248247875 0.0)
(3.626877315161152 -0.012637635417127344 0.0)
(4.69317222780476 -0.024773907421733538 0.0)
(5.629787771106491 -0.04052571882191832 0.0)
(6.44137518195382 -0.058518745878837895 0.0)
(7.176414974465478 -0.0762904494381491 0.0)
(7.842352909811823 -0.09217349740394307 0.0)
(8.417306589623943 -0.10613244925107797 0.0)
(8.902671550162065 -0.11820385891148635 0.0)
(9.299622021346563 -0.12823597293538525 0.0)
(9.607859036670936 -0.13612267251530283 0.0)
(9.827362356893198 -0.14179460883299988 0.0)
(9.958099494146948 -0.145211391309473 0.0)
(10.000000000000004 -0.1463523028139618 0.0)
(9.953011616964188 -0.14521139130947278 0.0)
(9.817082087551249 -0.14179460883299966 0.0)
(9.592140963329083 -0.1361226725153012 0.0)
(9.278155756431225 -0.12823597293538494 0.0)
(8.875106227615724 -0.11820385891148594 0.0)
(8.382693410376083 -0.10613244925107808 0.0)
(7.802091534632621 -0.09217349740394408 0.0)
(7.134696136645628 -0.07629044943814957 0.0)
(6.358624818046202 -0.05851874587883742 0.0)
(5.481323340004585 -0.04052571882191809 0.0)
(4.551272216639598 -0.024773907421733674 0.0)
(3.573122684838797 -0.012637635417127603 0.0)
(2.5091103865701982 -0.0047660342482483626 0.0)
(1.322020995327332 -0.001051579824919017 0.0)
(0.013965225995173278 -6.908932154371292e-05 0.0)
(-0.014001706188710822 -6.914304622529509e-05 0.0)
(1.2556251457320344 -0.0010524791970568574 0.0)
(2.4684399321326755 -0.004770519049292868 0.0)
(3.626755409240982 -0.012650369391555814 0.0)
(4.693721064583499 -0.024799669511455732 0.0)
(5.631277297978746 -0.040566777010042694 0.0)
(6.442346908056132 -0.05857057565555724 0.0)
(7.1759095029077 -0.07634261819554082 0.0)
(7.8419607024685565 -0.09222095556416068 0.0)
(8.417264589753824 -0.10617615436460241 0.0)
(8.90262327013445 -0.11824415559831875 0.0)
(9.299593975280528 -0.1282730770112715 0.0)
(9.607841254616684 -0.13615710693475083 0.0)
(9.827352684425268 -0.14182704233992394 0.0)
(9.958094887490336 -0.1452425879838065 0.0)
(10.000000000000004 -0.14638308298534583 0.0)
(9.9530162236208 -0.14524258798380627 0.0)
(9.81709176001918 -0.14182704233992377 0.0)
(9.592158745383335 -0.1361571069347492 0.0)
(9.27818380249726 -0.1282730770112712 0.0)
(8.87515450764334 -0.11824415559831841 0.0)
(8.382735410246202 -0.10617615436460263 0.0)
(7.802483741975888 -0.09222095556416184 0.0)
(7.135201608203407 -0.07634261819554146 0.0)
(6.357653091943885 -0.05857057565555691 0.0)
(5.479833813132326 -0.04056677701004259 0.0)
(4.550723379860859 -0.024799669511455937 0.0)
(3.5732445907589674 -0.012650369391556107 0.0)
(2.509337845645082 -0.00477051904929337 0.0)
(1.3221526320457377 -0.001052479197056984 0.0)
(0.014001706188697206 -6.914304622530646e-05 0.0)
(-0.014038695112657146 -6.921021459919625e-05 0.0)
(1.255490066066514 -0.0010535449994127008 0.0)
(2.4681885479017893 -0.004775530697352607 0.0)
(3.6265434403316275 -0.012663902652140173 0.0)
(4.694105010612836 -0.024826176565275523 0.0)
(5.6327229309440945 -0.04060879471736469 0.0)
(6.443575334266221 -0.058624728201480965 0.0)
(7.175628326988939 -0.07639877037137045 0.0)
(7.841583394915432 -0.09227289271153691 0.0)
(8.417230645019266 -0.10622422737463962 0.0)
(8.902587124851964 -0.1182886782360498 0.0)
(9.299572297149474 -0.12831422833858258 0.0)
(9.607827480192942 -0.13619541415264616 0.0)
(9.827345269405019 -0.14186320535446112 0.0)
(9.958091295276386 -0.1452774224146601 0.0)
(10.000000000000004 -0.1464174686235177 0.0)
(9.95301981583475 -0.14527742241465988 0.0)
(9.817099175039429 -0.14186320535446095 0.0)
(9.592172519807077 -0.13619541415264458 0.0)
(9.278205480628314 -0.1283142283385824 0.0)
(8.875190652925825 -0.11828867823604955 0.0)
(8.38276935498076 -0.10622422737463995 0.0)
(7.802861049529015 -0.09227289271153817 0.0)
(7.135482784122168 -0.07639877037137123 0.0)
(6.356424665733793 -0.058624728201480784 0.0)
(5.4783881801669745 -0.040608794717364685 0.0)
(4.550339433831521 -0.024826176565275797 0.0)
(3.573456559668323 -0.0126639026521405 0.0)
(2.5095892298759686 -0.004775530697353121 0.0)
(1.3222877117112584 -0.001053544999412831 0.0)
(0.01403869511264362 -6.921021459920784e-05 0.0)
(-0.014074567541377083 -6.928787540993709e-05 0.0)
(1.25535747860726 -0.0010547304025807379 0.0)
(2.4679242838781104 -0.004780848989779893 0.0)
(3.6262507219591793 -0.01267764057216874 0.0)
(4.694307196006653 -0.024852263911741352 0.0)
(5.634061151534749 -0.040649925762693793 0.0)
(6.445006485783757 -0.058678824152810484 0.0)
(7.175583801064669 -0.07645643874175954 0.0)
(7.841237565356069 -0.09232702682283234 0.0)
(8.417206246889808 -0.10627455604107562 0.0)
(8.902564702472192 -0.11833547058142946 0.0)
(9.299557939450818 -0.12835761880328067 0.0)
(9.607818318622687 -0.13623591101991553 0.0)
(9.827340437634877 -0.14190150893991094 0.0)
(9.958088875340406 -0.14531436404086992 0.0)
(10.000000000000004 -0.14645394888644295 0.0)
(9.953022235770728 -0.1453143640408697 0.0)
(9.81710400680957 -0.14190150893991083 0.0)
(9.59218168137733 -0.13623591101991406 0.0)
(9.27821983832697 -0.12835761880328053 0.0)
(8.875213075305597 -0.11833547058142929 0.0)
(8.382793753110217 -0.10627455604107607 0.0)
(7.803206879088378 -0.09232702682283374 0.0)
(7.135527310046437 -0.07645643874176043 0.0)
(6.354993514216253 -0.05867882415281043 0.0)
(5.477049959576317 -0.0406499257626939 0.0)
(4.5501372484377045 -0.02485226391174169 0.0)
(3.573749278040772 -0.012677640572169106 0.0)
(2.5098534938996484 -0.004780848989780422 0.0)
(1.3224202991705125 -0.001054730402580871 0.0)
(0.014074567541363645 -6.928787540994889e-05 0.0)
(-0.014107747305979438 -6.937261638357007e-05 0.0)
(1.2552332090046705 -0.0010559833221143982 0.0)
(2.4676587513393815 -0.004786240250535016 0.0)
(3.6258901156334105 -0.012690979532568283 0.0)
(4.694318737108632 -0.024876785320574964 0.0)
(5.6352331607861625 -0.04068836292314538 0.0)
(6.446577480429276 -0.058730486632410116 0.0)
(7.175777881522545 -0.07651308946401446 0.0)
(7.840938408908628 -0.0923809793442322 0.0)
(8.417192467374623 -0.10632492901438094 0.0)
(8.902556988193481 -0.11838247666440593 0.0)
(9.299551533035572 -0.12840134190772762 0.0)
(9.60781417244856 -0.13627681817829815 0.0)
(9.827338401413984 -0.1419402701068031 0.0)
(9.958087734009958 -0.14535178971496307 0.0)
(10.000000000000004 -0.14649092089810742 0.0)
(9.953023377101179 -0.1453517897149629 0.0)
(9.817106043030464 -0.14194027010680305 0.0)
(9.592185827551459 -0.13627681817829668 0.0)
(9.278226244742216 -0.12840134190772753 0.0)
(8.875220789584306 -0.11838247666440588 0.0)
(8.382807532625403 -0.10632492901438147 0.0)
(7.803506035535819 -0.09238097934423371 0.0)
(7.13533322958856 -0.07651308946401549 0.0)
(6.353422519570729 -0.05873048663241017 0.0)
(5.475877950324902 -0.04068836292314555 0.0)
(4.550125707335726 -0.024876785320575356 0.0)
(3.574109884366542 -0.012690979532568676 0.0)
(2.510119026438378 -0.004786240250535557 0.0)
(1.3225445687731023 -0.0010559833221145348 0.0)
(0.014107747305966069 -6.937261638358211e-05 0.0)
(-0.014136776548308248 -6.946071415674298e-05 0.0)
(1.255122717437738 -0.001057248707021525 0.0)
(2.4674036172995764 -0.004791467597483429 0.0)
(3.6254774657365636 -0.012703333443821775 0.0)
(4.694139126823867 -0.024898663365932865 0.0)
(5.636187462755958 -0.04072241734020799 0.0)
(6.44821929157211 -0.0587774456854401 0.0)
(7.176202040822306 -0.07656623340903894 0.0)
(7.840699069960119 -0.09243237970064958 0.0)
(8.417189911920396 -0.10637313299826325 0.0)
(8.902564320967127 -0.11842763112368845 0.0)
(9.299553359389904 -0.12844347653870308 0.0)
(9.607815223845861 -0.13631633824209213 0.0)
(9.827339250210159 -0.14197778576037606 0.0)
(9.95808792143301 -0.14538805502128824 0.0)
(10.000000000000004 -0.1465267601759568 0.0)
(9.953023189678124 -0.14538805502128807 0.0)
(9.817105194234289 -0.141977785760376 0.0)
(9.592184776154156 -0.13631633824209072 0.0)
(9.278224418387884 -0.12844347653870306 0.0)
(8.87521345681066 -0.11842763112368845 0.0)
(8.382810088079628 -0.10637313299826386 0.0)
(7.803745374484328 -0.09243237970065117 0.0)
(7.134909070288796 -0.07656623340904005 0.0)
(6.351780708427891 -0.05877744568544024 0.0)
(5.474923648355106 -0.04072241734020822 0.0)
(4.550305317620493 -0.0248986633659333 0.0)
(3.5745225342633904 -0.012703333443822193 0.0)
(2.5103741604781837 -0.004791467597483982 0.0)
(1.322655060340035 -0.0010572487070216643 0.0)
(0.014136776548294927 -6.946071415675525e-05 0.0)
(-0.014160379776563077 -6.954829787447294e-05 0.0)
(1.2550308587037753 -0.0010584709586042554 0.0)
(2.4671700918816497 -0.004796301350563377 0.0)
(3.6250309033501846 -0.012714159497669585 0.0)
(4.693776256899681 -0.02491693676652677 0.0)
(5.636882127161427 -0.040750592725096686 0.0)
(6.44985978103425 -0.058817638017019426 0.0)
(7.176837642180301 -0.07661353552911264 0.0)
(7.8405300646260825 -0.09247896945445772 0.0)
(8.417198692809114 -0.10641704999785749 0.0)
(8.902586378604468 -0.11846894995494386 0.0)
(9.299563338267145 -0.1284821713776052 0.0)
(9.607821426618122 -0.1363527347719943 0.0)
(9.827342946728852 -0.14201240753144467 0.0)
(9.95808942937454 -0.145421566528631 0.0)
(10.000000000000004 -0.14655989200768868 0.0)
(9.953021681736596 -0.1454215665286309 0.0)
(9.817101497715596 -0.14201240753144462 0.0)
(9.592178573381897 -0.1363527347719929 0.0)
(9.278214439510643 -0.12848217137760523 0.0)
(8.875191399173321 -0.11846894995494392 0.0)
(8.38280130719091 -0.10641704999785816 0.0)
(7.803914379818366 -0.0924789694544594 0.0)
(7.1342734689307985 -0.07661353552911386 0.0)
(6.350140218965747 -0.058817638017019634 0.0)
(5.474228983949636 -0.04075059272509697 0.0)
(4.55066818754468 -0.02491693676652723 0.0)
(3.5749690966497703 -0.012714159497670024 0.0)
(2.510607685896111 -0.004796301350563939 0.0)
(1.322746919073998 -0.0010584709586043972 0.0)
(0.014160379776549794 -6.954829787448542e-05 0.0)
(-0.014177519908075297 -6.963151926843278e-05 0.0)
(1.2549616689075014 -0.0010595963733640893 0.0)
(2.466968435765242 -0.004800529123507632 0.0)
(3.624570049608569 -0.012722982017111348 0.0)
(4.693246071176693 -0.02493080262256484 0.0)
(5.637286631719448 -0.040771651102944874 0.0)
(6.45142686870992 -0.058849297649628325 0.0)
(7.177656758435658 -0.07665291745561638 0.0)
(7.840438818691707 -0.0925187015371079 0.0)
(8.41721842422459 -0.10645475038054535 0.0)
(8.902622191933274 -0.1185046176843175 0.0)
(9.299581031213684 -0.12851572624400281 0.0)
(9.607832508226872 -0.13638440857106635 0.0)
(9.827349328551794 -0.14204261420272696 0.0)
(9.958092191578354 -0.14545085180266634 0.0)
(10.000000000000004 -0.14658886064122964 0.0)
(9.95301891953278 -0.14545085180266618 0.0)
(9.817095115892654 -0.1420426142027269 0.0)
(9.592167491773147 -0.13638440857106499 0.0)
(9.278196746564104 -0.1285157262440029 0.0)
(8.875155585844514 -0.11850461768431758 0.0)
(8.382781575775434 -0.10645475038054607 0.0)
(7.80400562575274 -0.09251870153710963 0.0)
(7.1334543526754395 -0.07665291745561763 0.0)
(6.348573131290075 -0.058849297649628575 0.0)
(5.473824479391615 -0.040771651102945186 0.0)
(4.55119837326767 -0.024930802622565314 0.0)
(3.575429950391387 -0.012722982017111797 0.0)
(2.5108093420125184 -0.004800529123508201 0.0)
(1.322816108870272 -0.0010595963733642337 0.0)
(0.014177519908062028 -6.963151926844545e-05 0.0)
(-0.014187443836823249 -6.970672174282115e-05 0.0)
(1.254918188121986 -0.001060575502635369 0.0)
(2.46680750935119 -0.004803965155707511 0.0)
(3.6241151535820144 -0.01272941335678313 0.0)
(4.692571865045623 -0.02493965169369961 0.0)
(5.63738320323976 -0.040784667207155116 0.0)
(6.452851699633556 -0.058871033516929606 0.0)
(7.178623399118647 -0.07668264881874674 0.0)
(7.840429341336422 -0.09254983019357621 0.0)
(8.417248239204525 -0.10648457766048243 0.0)
(8.902670187381396 -0.1185330671370329 0.0)
(9.29960566083382 -0.12854266679845328 0.0)
(9.6078479817665 -0.1364099679505226 0.0)
(9.827358115273361 -0.14206707854834827 0.0)
(9.95809608667827 -0.14547462410202897 0.0)
(10.000000000000004 -0.14661239324781858 0.0)
(9.953015024432865 -0.1454746241020288 0.0)
(9.817086329171087 -0.14206707854834827 0.0)
(9.592152018233518 -0.13640996795052124 0.0)
(9.278172116943969 -0.12854266679845336 0.0)
(8.875107590396393 -0.11853306713703302 0.0)
(8.382751760795498 -0.10648457766048318 0.0)
(7.804015103108027 -0.092549830193578 0.0)
(7.1324877119924475 -0.07668264881874802 0.0)
(6.347148300366435 -0.05887103351692987 0.0)
(5.473727907871304 -0.04078466720715543 0.0)
(4.551872579398743 -0.024939651693700084 0.0)
(3.5758848464179427 -0.012729413356783586 0.0)
(2.510970268426571 -0.004803965155708085 0.0)
(1.3228595896557873 -0.0010605755026355148 0.0)
(0.01418744383680997 -6.970672174283395e-05 0.0)
(-0.014189715523533054 -6.977060103849243e-05 0.0)
(1.2549023268133983 -0.0010613653252691802 0.0)
(2.4666943834517197 -0.004806458474194198 0.0)
(3.6236862025697194 -0.01273317093538556 0.0)
(4.691783261890445 -0.02494309516793435 0.0)
(5.637167598546435 -0.04078906913392071 0.0)
(6.454071669341031 -0.05888189058467871 0.0)
(7.179695091806077 -0.07670142327679975 0.0)
(7.840502048977878 -0.09257098768764574 0.0)
(8.417286827733246 -0.10650522128155575 0.0)
(8.902728256116648 -0.1185530482961846 0.0)
(9.299636144947101 -0.1285618093222804 0.0)
(9.60786716735798 -0.1364282898779893 0.0)
(9.82736892082108 -0.1420847256497183 0.0)
(9.958100943530724 -0.14549183891537507 0.0)
(10.000000000000004 -0.1466294558477735 0.0)
(9.953010167580413 -0.14549183891537495 0.0)
(9.817075523623368 -0.1420847256497183 0.0)
(9.592132832642038 -0.136428289877988 0.0)
(9.278141632830687 -0.12856180932228048 0.0)
(8.875049521661142 -0.11855304829618474 0.0)
(8.382713172266778 -0.10650522128155653 0.0)
(7.80394239546657 -0.09257098768764753 0.0)
(7.131416019305014 -0.07670142327680106 0.0)
(6.345928330658959 -0.05888189058467894 0.0)
(5.473943512564631 -0.040789069133921 0.0)
(4.552661182553923 -0.02494309516793481 0.0)
(3.5763137974302386 -0.012733170935386012 0.0)
(2.5110833943260413 -0.004806458474194774 0.0)
(1.322875450964375 -0.0010613653252693272 0.0)
(0.014189715523519747 -6.977060103850535e-05 0.0)
(-0.014184235154446627 -6.982035041605871e-05 0.0)
(1.2549147818986206 -0.0010619311379039327 0.0)
(2.4666340286118955 -0.004807899527114784 0.0)
(3.623302043894421 -0.01273408965178914 0.0)
(4.690914911491088 -0.02494098174531084 0.0)
(5.636649290915258 -0.04078466347063268 0.0)
(6.455033174595267 -0.05888139181318116 0.0)
(7.18082474828187 -0.07670841591443552 0.0)
(7.840653746975325 -0.0925812443977336 0.0)
(8.417332494301398 -0.10651577420082183 0.0)
(8.902793846705036 -0.11856368322619396 0.0)
(9.299671144137362 -0.12857231272800745 0.0)
(9.607889222021525 -0.13643856932149265 0.0)
(9.827381270418956 -0.14209478012548732 0.0)
(9.958106548734502 -0.14550173985529993 0.0)
(10.000000000000004 -0.14663929874166773 0.0)
(9.953004562376634 -0.14550173985529977 0.0)
(9.817063174025492 -0.14209478012548732 0.0)
(9.592110777978494 -0.13643856932149134 0.0)
(9.278106633640427 -0.12857231272800754 0.0)
(8.874983931072752 -0.11856368322619407 0.0)
(8.382667505698628 -0.10651577420082257 0.0)
(7.803790697469122 -0.09258124439773537 0.0)
(7.130286362829219 -0.07670841591443676 0.0)
(6.344966825404721 -0.058881391813181354 0.0)
(5.47446182019581 -0.040784663470632906 0.0)
(4.553529532953282 -0.024940981745311272 0.0)
(3.5766979561055385 -0.012734089651789586 0.0)
(2.5111437491658655 -0.00480789952711536 0.0)
(1.3228629958791525 -0.0010619311379040802 0.0)
(0.014184235154433272 -6.982035041607171e-05 0.0)
(-0.014171243526955564 -6.985378397888365e-05 0.0)
(1.254955006123994 -0.0010622480797675812 0.0)
(2.466629096712964 -0.00480822499724027 0.0)
(3.622979556785512 -0.012732129139275846 0.0)
(4.6900049675755 -0.024933404285752758 0.0)
(5.635851053835329 -0.04077164379407595 0.0)
(6.45569396861442 -0.05886955911754411 0.0)
(7.181962733507126 -0.07670331948794894 0.0)
(7.840877769996279 -0.09258014966276265 0.0)
(8.41738323240352 -0.1065157727423141 0.0)
(8.902864077216103 -0.11856450464769241 0.0)
(9.299709120604208 -0.1285737155152023 0.0)
(9.607913176715561 -0.13644035462109075 0.0)
(9.827394621448247 -0.14209680020038418 0.0)
(9.958112656007208 -0.1455038918926164 0.0)
(10.000000000000004 -0.14664148945075053 0.0)
(9.952998455103929 -0.14550389189261623 0.0)
(9.817049822996202 -0.14209680020038418 0.0)
(9.592086823284456 -0.1364403546210894 0.0)
(9.27806865717358 -0.12857371551520239 0.0)
(8.874913700561686 -0.1185645046476925 0.0)
(8.382616767596506 -0.10651577274231482 0.0)
(7.803566674448167 -0.09258014966276439 0.0)
(7.12914837760396 -0.07670331948795013 0.0)
(6.344306031385568 -0.05886955911754422 0.0)
(5.475260057275744 -0.04077164379407611 0.0)
(4.554439476868874 -0.02493340428575315 0.0)
(3.577020443214448 -0.012732129139276271 0.0)
(2.511148681064797 -0.004808224997240843 0.0)
(1.322822771653779 -0.0010622480797677278 0.0)
(0.014171243526942143 -6.985378397889668e-05 0.0)
(-0.014151311469404319 -6.98694327173817e-05 0.0)
(1.2550212321106435 -0.001062302225014465 0.0)
(2.466679804453541 -0.004807420584008774 0.0)
(3.622732910736585 -0.01272737553917885 0.0)
(4.689093411414634 -0.02492069572897052 0.0)
(5.634807960383602 -0.040750582165019596 0.0)
(6.456025017318174 -0.05884691240476652 0.0)
(7.183059046492932 -0.07668635792499622 0.0)
(7.841164274879038 -0.09256775158338476 0.0)
(8.417436812700226 -0.10650521697011674 0.0)
(8.902935861849674 -0.11855547646892206 0.0)
(9.299748405731162 -0.12856595604796184 0.0)
(9.607937978914661 -0.1364335673339854 0.0)
(9.827408387289154 -0.14209069711601352 0.0)
(9.95811899700645 -0.14549820047074188 0.0)
(10.000000000000004 -0.14663593171927256 0.0)
(9.952992114104685 -0.14549820047074172 0.0)
(9.817036057155294 -0.14209069711601346 0.0)
(9.592062021085356 -0.13643356733398404 0.0)
(9.278029372046626 -0.12856595604796187 0.0)
(8.874841915928114 -0.11855547646892209 0.0)
(8.3825631872998 -0.10650521697011738 0.0)
(7.803280169565407 -0.09256775158338641 0.0)
(7.128052064618151 -0.07668635792499733 0.0)
(6.343974982681815 -0.05884691240476655 0.0)
(5.476303150727473 -0.04075058216501967 0.0)
(4.5553510330297415 -0.024920695728970856 0.0)
(3.5772670892633744 -0.012727375539179254 0.0)
(2.5110979733242194 -0.00480742058400934 0.0)
(1.322756545667129 -0.0010623022250146107 0.0)
(0.014151311469390818 -6.986943271739468e-05 0.0)
(-0.014125314759937021 -6.98666090546118e-05 0.0)
(1.2551105500098731 -0.001062091194601492 0.0)
(2.4667839238282734 -0.004805521631866055 0.0)
(3.6225729429238043 -0.012720037715989955 0.0)
(4.688220295118554 -0.024903414465699488 0.0)
(5.633565842178065 -0.04072240399291321 0.0)
(6.456011775032123 -0.05881444672997687 0.0)
(7.184065517252342 -0.07665827648562316 0.0)
(7.841500673123199 -0.09254459490852615 0.0)
(8.417490880971302 -0.10648457068554883 0.0)
(8.903006046520277 -0.1185369953715415 0.0)
(9.299787273401618 -0.12854937526308113 0.0)
(9.607962538855569 -0.13641850568115502 0.0)
(9.827421963095809 -0.14207673903073725 0.0)
(9.958125293120323 -0.14548491566034136 0.0)
(10.000000000000004 -0.14662286974378744 0.0)
(9.952985817990813 -0.1454849156603412 0.0)
(9.817022481348639 -0.1420767390307372 0.0)
(9.592037461144448 -0.1364185056811536 0.0)
(9.27799050437617 -0.1285493752630811 0.0)
(8.87477173125751 -0.11853699537154147 0.0)
(8.382509119028724 -0.10648457068554941 0.0)
(7.802943771321245 -0.09254459490852772 0.0)
(7.127045593858739 -0.07665827648562419 0.0)
(6.343988224967867 -0.05881444672997677 0.0)
(5.477545268933015 -0.040722403992913186 0.0)
(4.556224149325823 -0.024903414465699762 0.0)
(3.5774270570761555 -0.012720037715990331 0.0)
(2.5109938539494867 -0.004805521631866612 0.0)
(1.322667227767899 -0.0010620911946016365 0.0)
(0.01412531475992343 -6.986660905462471e-05 0.0)
(-0.014094395646408025 -6.984543705715032e-05 0.0)
(1.255219035356593 -0.0010616242608189393 0.0)
(2.4669368800223155 -0.00480261157729523 0.0)
(3.6225066820402096 -0.012710438080235906 0.0)
(4.687423981819989 -0.02488231980303261 0.0)
(5.632179275620276 -0.040688347375088633 0.0)
(6.455654823598092 -0.05877358857553114 0.0)
(7.184937923301472 -0.07662030901690235 0.0)
(7.841872184005338 -0.09251169710011617 0.0)
(8.417543061555833 -0.106454741048583 0.0)
(8.903071547441884 -0.11850987338115943 0.0)
(9.299824015841242 -0.12852470168991414 0.0)
(9.607985777419414 -0.1363958314440705 0.0)
(9.827434752372106 -0.14205553923728692 0.0)
(9.958131267709101 -0.14546462117168 0.0)
(10.000000000000004 -0.14660287744360176 0.0)
(9.952979843402035 -0.14546462117167983 0.0)
(9.817009692072341 -0.14205553923728687 0.0)
(9.592014222580605 -0.13639583144406903 0.0)
(9.277953761936544 -0.12852470168991406 0.0)
(8.874706230335903 -0.11850987338115931 0.0)
(8.382456938444191 -0.1064547410485835 0.0)
(7.8025722604391055 -0.0925116971001176 0.0)
(7.1261731878096075 -0.07662030901690321 0.0)
(6.344345176401901 -0.05877358857553091 0.0)
(5.478931835490808 -0.0406883473750885 0.0)
(4.557020462624389 -0.024882319803032814 0.0)
(3.5774933179597497 -0.012710438080236251 0.0)
(2.5108408977554437 -0.004802611577295775 0.0)
(1.3225587424211789 -0.0010616242608190816 0.0)
(0.014094395646394337 -6.98454370571631e-05 0.0)
(-0.014059912658100882 -6.980684698383264e-05 0.0)
(1.2553419215031367 -0.001060921939882981 0.0)
(2.4671319524203277 -0.004798818282770344 0.0)
(3.6225370394678063 -0.012698998422349703 0.0)
(4.686739460068464 -0.024858338601855875 0.0)
(5.630709183908131 -0.040649908697028246 0.0)
(6.454969846809066 -0.05872613317398779 0.0)
(7.185637932714545 -0.07657412373994978 0.0)
(7.842262484016952 -0.09247050362767148 0.0)
(8.417591061734395 -0.10641703871889575 0.0)
(8.903129486623833 -0.11847530218841493 0.0)
(9.299857018654457 -0.12849301944012675 0.0)
(9.60800667354621 -0.1363665408872279 0.0)
(9.827446193180643 -0.14202802921580282 0.0)
(9.958136658260283 -0.14543820870746185 0.0)
(10.000000000000004 -0.14657683324381074 0.0)
(9.952974452850853 -0.14543820870746163 0.0)
(9.816998251263804 -0.14202802921580265 0.0)
(9.591993326453808 -0.13636654088722638 0.0)
(9.277920759123331 -0.12849301944012662 0.0)
(8.874648291153957 -0.11847530218841473 0.0)
(8.382408938265629 -0.10641703871889614 0.0)
(7.8021819604274905 -0.09247050362767283 0.0)
(7.1254731783965335 -0.07657412373995053 0.0)
(6.34503015319093 -0.058726133173987415 0.0)
(5.480401927202956 -0.040649908697028 0.0)
(4.557704984375915 -0.02485833860185601 0.0)
(3.5774629605321526 -0.01269899842235001 0.0)
(2.510645825357431 -0.004798818282770877 0.0)
(1.3224358562746348 -0.0010609219398831206 0.0)
(0.014059912658087093 -6.980684698384526e-05 0.0)
(-0.01402338091443696 -6.97525344118818e-05 0.0)
(1.255473809057039 -0.0010600150904906834 0.0)
(2.467360569898015 -0.004794308418713187 0.0)
(3.622662681356762 -0.012686221379970605 0.0)
(4.686196806497445 -0.024832524552276625 0.0)
(5.629220160182008 -0.040608776883924454 0.0)
(6.453986941292026 -0.05867416562887342 0.0)
(7.186134788358583 -0.07652174995134119 0.0)
(7.842654424089566 -0.09242282445701 0.0)
(8.417632772466959 -0.10637312026787908 0.0)
(8.903177318324461 -0.11843480078827101 0.0)
(9.299884831758023 -0.12845572057381366 0.0)
(9.60802430909838 -0.13633192098410937 0.0)
(9.82745578283322 -0.1419954177063007 0.0)
(9.958141227922914 -0.14540683878304436 0.0)
(10.000000000000004 -0.14654588147890676 0.0)
(9.952969883188223 -0.1454068387830442 0.0)
(9.816988661611228 -0.14199541770630053 0.0)
(9.59197569090164 -0.13633192098410785 0.0)
(9.277892946019765 -0.1284557205738134 0.0)
(8.874600459453326 -0.11843480078827073 0.0)
(8.382367227533067 -0.10637312026787936 0.0)
(7.801790020354876 -0.09242282445701121 0.0)
(7.124976322752496 -0.0765217499513418 0.0)
(6.346013058707973 -0.058674165628872905 0.0)
(5.481890950929083 -0.040608776883924114 0.0)
(4.558247637946935 -0.024832524552276684 0.0)
(3.5773373186431963 -0.012686221379970873 0.0)
(2.5104172078797427 -0.004794308418713706 0.0)
(1.3223039687207323 -0.00106001509049082 0.0)
(0.01402338091442307 -6.975253441189423e-05 0.0)
(-0.013986405553399915 -6.968488573634727e-05 0.0)
(1.2556089031204627 -0.0010589435579453097 0.0)
(2.467612687421653 -0.004789280140299866 0.0)
(3.6228780872323325 -0.012672668352965804 0.0)
(4.6858198643120845 -0.024806011876407897 0.0)
(5.627777629420339 -0.04056675919239653 0.0)
(6.452749294117217 -0.05861996929904844 0.0)
(7.186406659305557 -0.07646548885953293 0.0)
(7.843030783093422 -0.09237075452366403 0.0)
(8.41766636106024 -0.10632491539192414 0.0)
(8.903212940906354 -0.11839014873815476 0.0)
(9.299906233095054 -0.12841444393492424 0.0)
(9.60803790920202 -0.13629349286992262 0.0)
(9.827463099978047 -0.14195913759884704 0.0)
(9.958144775914375 -0.14537188973551687 0.0)
(10.000000000000004 -0.14651138211281503 0.0)
(9.952966335196761 -0.14537188973551665 0.0)
(9.8169813444664 -0.14195913759884682 0.0)
(9.591962090797997 -0.13629349286992104 0.0)
(9.277871544682734 -0.12841444393492393 0.0)
(8.874564836871436 -0.1183901487381544 0.0)
(8.382333638939786 -0.1063249153919243 0.0)
(7.8014136613510185 -0.09237075452366512 0.0)
(7.124704451805523 -0.0764654888595334 0.0)
(6.347250705882787 -0.05861996929904779 0.0)
(5.483333481690755 -0.040566759192396065 0.0)
(4.558624580132296 -0.024806011876407894 0.0)
(3.577121912767625 -0.012672668352966038 0.0)
(2.510165090356104 -0.004789280140300371 0.0)
(1.3221688746573084 -0.0010589435579454432 0.0)
(0.013986405553385931 -6.968488573635948e-05 0.0)
(-0.013950611204709204 -6.960687331627228e-05 0.0)
(1.2557412679074085 -0.0010577544234265902 0.0)
(2.4678772274084877 -0.004783954380884889 0.0)
(3.623173792554418 -0.012658934836547335 0.0)
(4.685625195662411 -0.024779965492723804 0.0)
(5.626444973785756 -0.04052570180294098 0.0)
(6.451311285237287 -0.05856592547209596 0.0)
(7.18644160004343 -0.07640781247397228 0.0)
(7.8433750245024205 -0.09231658168524554 0.0)
(8.4176903516929 -0.106274542125092 0.0)
(8.903234789178427 -0.11834330796745968 0.0)
(9.299920282329955 -0.12837100314345784 0.0)
(9.60804687629346 -0.1362529450057028 0.0)
(9.82746782311317 -0.14192078297499078 0.0)
(9.958147146342414 -0.14533489716209022 0.0)
(10.000000000000004 -0.14647485098456678 0.0)
(9.952963964768722 -0.14533489716209 0.0)
(9.816976621331278 -0.14192078297499056 0.0)
(9.591953123706558 -0.13625294500570112 0.0)
(9.277857495447833 -0.12837100314345748 0.0)
(8.87454298859936 -0.11834330796745923 0.0)
(8.382309648307126 -0.10627454212509206 0.0)
(7.80106941994202 -0.0923165816852465 0.0)
(7.1246695110676495 -0.07640781247397262 0.0)
(6.348688714762721 -0.05856592547209518 0.0)
(5.48466613732534 -0.04052570180294042 0.0)
(4.558819248781969 -0.02477996549272373 0.0)
(3.576826207445538 -0.012658934836547535 0.0)
(2.5099005503692684 -0.00478395438088538 0.0)
(1.3220365098703621 -0.0010577544234267207 0.0)
(0.013950611204695137 -6.960687331628428e-05 0.0)
(-0.013917570606562386 -6.952192487467527e-05 0.0)
(1.2558650875512927 -0.0010564999353298175 0.0)
(2.468142566455461 -0.004778565144593746 0.0)
(3.6235368045721446 -0.012645624256301863 0.0)
(4.685621353932755 -0.0247555298316729 0.0)
(5.625280747728819 -0.040487408702138135 0.0)
(6.449736098131657 -0.058514408734901886 0.0)
(7.186238075340105 -0.07635125498952482 0.0)
(7.843672022978822 -0.09226268619716821 0.0)
(8.417703690260426 -0.10622421377657203 0.0)
(8.90324190316758 -0.11829633657395736 0.0)
(9.299926362165046 -0.12832730690831884 0.0)
(9.608050816375107 -0.13621205899042346 0.0)
(9.827469744712667 -0.1418820390667364 0.0)
(9.95814823505476 -0.14529748644876475 0.0)
(10.000000000000004 -0.1464378932051055 0.0)
(9.952962876056377 -0.14529748644876453 0.0)
(9.81697469973178 -0.1418820390667362 0.0)
(9.591949183624912 -0.1362120589904217 0.0)
(9.277851415612743 -0.12832730690831842 0.0)
(8.874535874610208 -0.1182963365739568 0.0)
(8.382296309739598 -0.106224213776572 0.0)
(7.800772421465617 -0.09226268619716906 0.0)
(7.124873035770976 -0.07635125498952501 0.0)
(6.350263901868355 -0.058514408734901 0.0)
(5.485830363382279 -0.0404874087021375 0.0)
(4.558823090511624 -0.024755529831672778 0.0)
(3.5764631954278108 -0.012645624256302035 0.0)
(2.509635211322295 -0.004778565144594225 0.0)
(1.3219126902264775 -0.001056499935329945 0.0)
(0.013917570606548253 -6.952192487468702e-05 0.0)
(-0.01388873550239597 -6.943377289067117e-05 0.0)
(1.2559749216434848 -0.0010552352135669428 0.0)
(2.468397046050272 -0.004773349224609741 0.0)
(3.623951173201564 -0.01263332145477436 0.0)
(4.68580850792169 -0.024733778551497988 0.0)
(5.624336105212579 -0.04045356241878203 0.0)
(6.4480929436400265 -0.058467682638651326 0.0)
(7.1858050276987075 -0.07629830143858814 0.0)
(7.843908728952917 -0.09221143612857913 0.0)
(8.417705790690569 -0.10617614168192509 0.0)
(8.903233970298142 -0.11825129839474649 0.0)
(9.299924205463494 -0.12828527516213922 0.0)
(9.608049556326979 -0.13617263128079712 0.0)
(9.827468780344976 -0.14184460821053263 0.0)
(9.95814799421538 -0.1452613013538431 0.0)
(10.000000000000004 -0.14640213263164828 0.0)
(9.952963116895754 -0.14526130135384283 0.0)
(9.816975664099472 -0.14184460821053235 0.0)
(9.59195044367304 -0.13617263128079538 0.0)
(9.277853572314294 -0.1282852751621387 0.0)
(8.874543807479645 -0.11825129839474591 0.0)
(8.382294209309455 -0.10617614168192498 0.0)
(7.800535715491522 -0.09221143612857989 0.0)
(7.125306083412377 -0.07629830143858825 0.0)
(6.35190705635999 -0.058467682638650355 0.0)
(5.4867750058985205 -0.04045356241878133 0.0)
(4.558635936522688 -0.024733778551497825 0.0)
(3.5760488267983894 -0.012633321454774507 0.0)
(2.509380731727483 -0.004773349224610209 0.0)
(1.3218028561342854 -0.0010552352135670673 0.0)
(0.013888735502381781 -6.943377289068273e-05 0.0)
(-0.01386537285393469 -6.934629060116768e-05 0.0)
(1.2560659442749094 -0.0010540158276984835 0.0)
(2.4686294848250823 -0.004768535798914717 0.0)
(3.624398691843167 -0.012622566994556605 0.0)
(4.68617843442533 -0.02471566736365712 0.0)
(5.623652552101023 -0.04042565009664328 0.0)
(6.44645401896469 -0.05842780024253056 0.0)
(7.185161484440361 -0.07625127850331466 0.0)
(7.844074741997245 -0.09216508331373283 0.0)
(8.417696560694267 -0.10613243804104451 0.0)
(8.903211339125885 -0.11821017232502667 0.0)
(9.299913906986822 -0.12824675470295122 0.0)
(9.608043151513286 -0.13613639425825383 0.0)
(9.827464972382648 -0.14181013504972317 0.0)
(9.958146434406322 -0.14522793178419727 0.0)
(10.000000000000004 -0.14636914051837077 0.0)
(9.952964676704813 -0.14522793178419693 0.0)
(9.816979472061801 -0.14181013504972284 0.0)
(9.591956848486733 -0.13613639425825202 0.0)
(9.277863870790966 -0.12824675470295063 0.0)
(8.874566438651902 -0.11821017232502601 0.0)
(8.382303439305758 -0.10613243804104434 0.0)
(7.800369702447194 -0.09216508331373348 0.0)
(7.125949626670726 -0.07625127850331466 0.0)
(6.35354598103533 -0.05842780024252952 0.0)
(5.487458559010077 -0.040425650096642535 0.0)
(4.558266010019046 -0.024715667363656928 0.0)
(3.5756013081567857 -0.012622566994556732 0.0)
(2.5091482929526725 -0.004768535798915175 0.0)
(1.3217118335028606 -0.0010540158276986053 0.0)
(0.01386537285392047 -6.934629060117902e-05 0.0)
(-0.013848509173211182 -6.926332181792125e-05 0.0)
(1.2561341560776629 -0.0010528953553086966 0.0)
(2.468829669845362 -0.0047643363606277985 0.0)
(3.624859697346553 -0.012613833406955832 0.0)
(4.686714879549868 -0.024701992040610524 0.0)
(5.623260122467349 -0.040404898152092535 0.0)
(6.444891335457556 -0.05839651390606234 0.0)
(7.184335721678507 -0.07621225228545424 0.0)
(7.84416276780235 -0.09212566441051348 0.0)
(8.417676405820673 -0.10609502311195708 0.0)
(8.903175004023115 -0.1181747653690633 0.0)
(9.299895919231254 -0.12821343804926033 0.0)
(9.608031883349826 -0.13610494011127036 0.0)
(9.82745848814058 -0.14178013427192715 0.0)
(9.958143624162739 -0.1451988439376696 0.0)
(10.000000000000004 -0.14634036647837298 0.0)
(9.952967486948397 -0.14519884393766933 0.0)
(9.816985956303867 -0.14178013427192687 0.0)
(9.591968116650191 -0.13610494011126856 0.0)
(9.277881858546534 -0.12821343804925975 0.0)
(8.874602773754674 -0.1181747653690626 0.0)
(8.382323594179352 -0.10609502311195686 0.0)
(7.800281676642089 -0.0921256644105141 0.0)
(7.126775389432582 -0.07621225228545418 0.0)
(6.355108664542468 -0.05839651390606126 0.0)
(5.487850988643751 -0.040404898152091764 0.0)
(4.557729564894506 -0.02470199204061032 0.0)
(3.575140302653399 -0.012613833406955948 0.0)
(2.5089481079323925 -0.00476433636062825 0.0)
(1.321643621700107 -0.0010528953553088159 0.0)
(0.013848509173196948 -6.92633218179324e-05 0.0)
(-0.013838885419505202 -6.918851203748057e-05 0.0)
(1.2561765599499226 -0.0010519230279045424 0.0)
(2.468988805347547 -0.004760935425384658 0.0)
(3.6253139339732883 -0.012607504429833577 0.0)
(4.687394272877928 -0.02469335345103459 0.0)
(5.6231760589517314 -0.04039221838760872 0.0)
(6.443473554573077 -0.058375198293634335 0.0)
(7.183364021918214 -0.07618293752562323 0.0)
(7.844168938675395 -0.09209491141341378 0.0)
(8.41764621163806 -0.1060655408381982 0.0)
(8.903126561487774 -0.11814663324372623 0.0)
(9.29987103254586 -0.1281867890738787 0.0)
(9.608016246939087 -0.13607965087752147 0.0)
(9.827449612524507 -0.1417559240564361 0.0)
(9.958139686961593 -0.14517531588102187 0.0)
(10.000000000000004 -0.14631707479033182 0.0)
(9.952971424149544 -0.1451753158810216 0.0)
(9.81699483191994 -0.14175592405643578 0.0)
(9.591983753060932 -0.13607965087751966 0.0)
(9.277906745231927 -0.12818678907387812 0.0)
(8.874651216290015 -0.11814663324372551 0.0)
(8.382353788361964 -0.10606554083819796 0.0)
(7.8002755057690445 -0.09209491141341435 0.0)
(7.127747089192877 -0.07618293752562315 0.0)
(6.356526445426949 -0.05837519829363324 0.0)
(5.487935052159367 -0.04039221838760797 0.0)
(4.557050171566444 -0.024693353451034385 0.0)
(3.574686066026662 -0.012607504429833686 0.0)
(2.508788972430207 -0.004760935425385104 0.0)
(1.3216012178278473 -0.0010519230279046603 0.0)
(0.013838885419490979 -6.918851203749159e-05 0.0)
)
