(
(0.00680813380104116 -7.923301133950099e-05 0.0)
(1.3279908742616544 -0.0011084321465310268 0.0)
(2.59418205053891 -0.00446647551138595 0.0)
(3.7835252682077143 -0.010385546212575033 0.0)
(4.863611793806309 -0.017997553871869493 0.0)
(5.809817948892851 -0.027017042537828686 0.0)
(6.61380500193983 -0.037796982515461285 0.0)
(7.317352260921835 -0.04940267815536231 0.0)
(7.955115098751153 -0.0601147670124896 0.0)
(8.510064864248184 -0.0694640714045338 0.0)
(8.976844827258999 -0.07752222588933297 0.0)
(9.35703687252623 -0.08421665528047746 0.0)
(9.649778430094193 -0.08947839953906135 0.0)
(9.854788095576602 -0.0932620329983254 0.0)
(9.971646472775587 -0.09554140543749291 0.0)
(10.0 -0.09630239194372989 0.0)
(9.939464638335549 -0.09554140543749161 0.0)
(9.789656348867833 -0.09326203299832299 0.0)
(9.55022156990582 -0.08947839953905742 0.0)
(9.220740905251562 -0.0842166552804733 0.0)
(8.800932950518785 -0.07752222588932846 0.0)
(8.289935135751845 -0.06946407140452845 0.0)
(7.689329345693297 -0.06011476701248428 0.0)
(6.993758850189266 -0.04940267815535749 0.0)
(6.186194998060168 -0.03779698251545607 0.0)
(5.301293162218224 -0.02701704253782354 0.0)
(4.380832650638067 -0.017997553871866728 0.0)
(3.416474731792256 -0.010385546212574195 0.0)
(2.383595727238851 -0.004466475511386051 0.0)
(1.2497869035161093 -0.001108432146530979 0.0)
(-0.006808133801051521 -7.923301133949565e-05 0.0)
(0.006774517276563748 -7.93336285146565e-05 0.0)
(1.3278631000192358 -0.001109880494774167 0.0)
(2.5938888916066065 -0.004472477617728787 0.0)
(3.783057169555866 -0.010399783658529692 0.0)
(4.863422857852484 -0.018022846547984875 0.0)
(5.8109301944265255 -0.02705643559248209 0.0)
(6.61567940183743 -0.037851185457794805 0.0)
(7.317817895969154 -0.049463860453655695 0.0)
(7.954835689086876 -0.06017386820651308 0.0)
(8.5100609506276 -0.06951947761531486 0.0)
(8.976851904182354 -0.07757411110872495 0.0)
(9.357038240976262 -0.08426505828918383 0.0)
(9.64977917762129 -0.08952378997515771 0.0)
(9.854788814278175 -0.09330511502575668 0.0)
(9.971646570679379 -0.0955830477628611 0.0)
(10.0 -0.09634354384317897 0.0)
(9.939464540431757 -0.09558304776285982 0.0)
(9.78965563016626 -0.0933051150257543 0.0)
(9.550220822378725 -0.08952378997515384 0.0)
(9.220739536801531 -0.0842650582891797 0.0)
(8.80092587359543 -0.07757411110872055 0.0)
(8.289939049372428 -0.06951947761530963 0.0)
(7.689608755357575 -0.06017386820650787 0.0)
(6.993293215141946 -0.04946386045365098 0.0)
(6.1843205981625635 -0.037851185457789704 0.0)
(5.300180916684548 -0.027056435592477023 0.0)
(4.381021586591893 -0.01802284654798215 0.0)
(3.4169428304441056 -0.010399783658528885 0.0)
(2.383888886171155 -0.0044724776177289 0.0)
(1.2499146777585282 -0.0011098804947741229 0.0)
(-0.006774517276574049 -7.933362851465141e-05 0.0)
(0.006747003916850507 -7.943399706242916e-05 0.0)
(1.3277562422053253 -0.0011112843221032444 0.0)
(2.593619499184963 -0.004478049065358751 0.0)
(3.782548632109989 -0.010412318715993515 0.0)
(4.863023312302807 -0.01804409474399922 0.0)
(5.811748721496586 -0.027089225975051905 0.0)
(6.617558627872824 -0.037897818751210795 0.0)
(7.318527366714366 -0.0495185564158139 0.0)
(7.954635919304102 -0.06022765755199353 0.0)
(8.51007001243037 -0.06957015941653473 0.0)
(8.976875876118005 -0.07762177715153878 0.0)
(9.357048954842126 -0.08430968387285544 0.0)
(9.649785829886175 -0.08956575514982752 0.0)
(9.854792798200721 -0.09334502710722485 0.0)
(9.97164818190385 -0.09562167577351703 0.0)
(10.0 -0.09638173287795784 0.0)
(9.939462929207284 -0.09562167577351575 0.0)
(9.789651646243714 -0.09334502710722246 0.0)
(9.550214170113838 -0.0895657551498237 0.0)
(9.220728822935667 -0.08430968387285136 0.0)
(8.800901901659778 -0.07762177715153444 0.0)
(8.289929987569659 -0.06957015941652958 0.0)
(7.689808525140349 -0.06022765755198842 0.0)
(6.992583744396731 -0.0495185564158093 0.0)
(6.182441372127165 -0.03789781875120579 0.0)
(5.299362389614487 -0.027089225975046885 0.0)
(4.381421132141572 -0.018044094743996538 0.0)
(3.4174513678899845 -0.010412318715992732 0.0)
(2.384158278592799 -0.004478049065358876 0.0)
(1.250021535572439 -0.0011112843221032032 0.0)
(-0.006747003916860766 -7.943399706242433e-05 0.0)
(0.006726802608592965 -7.952970697244893e-05 0.0)
(1.3276749959567753 -0.0011125819469136487 0.0)
(2.5933857098841475 -0.004482945055059657 0.0)
(3.782022000075111 -0.010422600617473781 0.0)
(4.862430712457783 -0.018060364853052145 0.0)
(5.812237565521027 -0.027113972936116306 0.0)
(6.619360110291962 -0.03793483341410977 0.0)
(7.319449500310867 -0.049564362801323175 0.0)
(7.95452456692162 -0.060273771643495365 0.0)
(8.510091651497454 -0.06961388994256755 0.0)
(8.976915689782954 -0.07766312965905581 0.0)
(9.357068543376162 -0.08434857126498595 0.0)
(9.6497980946005 -0.08960245119006889 0.0)
(9.854799872297974 -0.09338001557888727 0.0)
(9.971651235654747 -0.09565559222534041 0.0)
(10.0 -0.09641528109174319 0.0)
(9.93945987545639 -0.09565559222533913 0.0)
(9.789644572146463 -0.09338001557888491 0.0)
(9.550201905399515 -0.08960245119006507 0.0)
(9.220709234401632 -0.08434857126498192 0.0)
(8.800862087994828 -0.07766312965905149 0.0)
(8.289908348502573 -0.06961388994256246 0.0)
(7.689919877522831 -0.06027377164349032 0.0)
(6.991661610800227 -0.04956436280131863 0.0)
(6.180639889708023 -0.03793483341410481 0.0)
(5.298873545590046 -0.02711397293611132 0.0)
(4.382013731986598 -0.018060364853049477 0.0)
(3.4179779999248634 -0.010422600617473013 0.0)
(2.3843920678936152 -0.00448294505505979 0.0)
(1.2501027818209889 -0.00111258194691361 0.0)
(-0.0067268026086032065 -7.95297069724443e-05 0.0)
(0.00671480096031871 -7.961655292636587e-05 0.0)
(1.3276229310851113 -0.0011137163539451482 0.0)
(2.593197795978332 -0.004486950466001007 0.0)
(3.7815004126993994 -0.010430177595029653 0.0)
(4.861671096070472 -0.01807094199631719 0.0)
(5.812375247587729 -0.027129589139479427 0.0)
(6.621004695253067 -0.03796060308992035 0.0)
(7.320543779895422 -0.049599266961404626 0.0)
(7.9545065245594015 -0.06031018431220133 0.0)
(8.510124917047836 -0.06964874775410214 0.0)
(8.976969595837604 -0.07769635167774797 0.0)
(9.357096145894015 -0.08438001182470765 0.0)
(9.649815432875153 -0.08963226573900708 0.0)
(9.854809725747039 -0.09340854311130871 0.0)
(9.97165559775584 -0.09568330689148653 0.0)
(10.0 -0.09644271443739597 0.0)
(9.939455513355297 -0.09568330689148528 0.0)
(9.789634718697398 -0.09340854311130638 0.0)
(9.55018456712486 -0.08963226573900332 0.0)
(9.220681631883778 -0.08438001182470366 0.0)
(8.80080818194018 -0.07769635167774368 0.0)
(8.289875082952193 -0.06964874775409707 0.0)
(7.6899379198850495 -0.06031018431219633 0.0)
(6.990567331215669 -0.04959926696140012 0.0)
(6.178995304746914 -0.037960603089915404 0.0)
(5.298735863523346 -0.027129589139474435 0.0)
(4.382773348373911 -0.01807094199631452 0.0)
(3.4184995873005763 -0.010430177595028891 0.0)
(2.3845799817994306 -0.004486950466001146 0.0)
(1.250154846692653 -0.0011137163539451118 0.0)
(-0.006714800960328959 -7.96165529263614e-05 0.0)
(0.006711526302496516 -7.969071907184503e-05 0.0)
(1.3276023352255442 -0.0011146376994281178 0.0)
(2.5930640140607593 -0.004489889307753733 0.0)
(3.7810067875779256 -0.010434716730129016 0.0)
(4.860777839295253 -0.018075361433469612 0.0)
(5.812155718198564 -0.027135388437734515 0.0)
(6.622420122701632 -0.03797399550623171 0.0)
(7.321762124825013 -0.04962173527111964 0.0)
(7.954582584965834 -0.0603352956520636 0.0)
(8.510168347454087 -0.06967320126267028 0.0)
(8.977035225748526 -0.07771998349289189 0.0)
(9.357130549591552 -0.08440262411134526 0.0)
(9.649837082898067 -0.08965388879990598 0.0)
(9.85482192560539 -0.0934293562569042 0.0)
(9.971661076544386 -0.0957036020402275 0.0)
(10.0 -0.0964628275438961 0.0)
(9.93945003456675 -0.09570360204022622 0.0)
(9.789622518839046 -0.09342935625690187 0.0)
(9.550162917101948 -0.08965388879990221 0.0)
(9.220647228186241 -0.08440262411134127 0.0)
(8.800742552029256 -0.07771998349288763 0.0)
(8.28983165254594 -0.06967320126266521 0.0)
(7.689861859478615 -0.06033529565205861 0.0)
(6.989348986286074 -0.04962173527111514 0.0)
(6.177579877298348 -0.03797399550622674 0.0)
(5.298955392912513 -0.027135388437729495 0.0)
(4.383666605149133 -0.01807536143346693 0.0)
(3.4189932124220515 -0.010434716730128255 0.0)
(2.3847137637170035 -0.004489889307753873 0.0)
(1.25017544255222 -0.0011146376994280826 0.0)
(-0.006711526302506798 -7.969071907184069e-05 0.0)
(0.006717122517600278 -7.974894668413718e-05 0.0)
(1.3276141133224644 -0.00111530550112759 0.0)
(2.5929902422641407 -0.004491632452987674 0.0)
(3.780562813695465 -0.010436018581479717 0.0)
(4.859790190200663 -0.018073428982526077 0.0)
(5.811588623073274 -0.027131116020325762 0.0)
(6.623544201345016 -0.037974422224771855 0.0)
(7.323051003252334 -0.049630780514043946 0.0)
(7.95474940618581 -0.06034800231674851 0.0)
(8.510220034463611 -0.06968617602584186 0.0)
(8.977109695857505 -0.07773298676576337 0.0)
(9.357170242833242 -0.08441541458239189 0.0)
(9.649862093406842 -0.08966637029502793 0.0)
(9.854835935833576 -0.09344154052413288 0.0)
(9.971667431292442 -0.09571558593985653 0.0)
(10.0 -0.09647473667813986 0.0)
(9.939443679818694 -0.09571558593985525 0.0)
(9.789608508610861 -0.09344154052413055 0.0)
(9.550137906593173 -0.08966637029502417 0.0)
(9.220607534944552 -0.08441541458238787 0.0)
(8.800668081920277 -0.07773298676575909 0.0)
(8.289779965536416 -0.0696861760258368 0.0)
(7.689695038258639 -0.06034800231674349 0.0)
(6.988060107858749 -0.049630780514039415 0.0)
(6.1764557986549615 -0.03797442222476684 0.0)
(5.299522488037805 -0.027131116020320693 0.0)
(4.384654254243727 -0.01807342898252336 0.0)
(3.4194371863045125 -0.010436018581478941 0.0)
(2.384787535513622 -0.0044916324529878145 0.0)
(1.2501636644552996 -0.0011153055011275553 0.0)
(-0.006717122517610611 -7.974894668413295e-05 0.0)
(0.0067313437181763195 -7.978867734848263e-05 0.0)
(1.3276577478678404 -0.001115690417058598 0.0)
(2.5929797219862576 -0.00449210331109025 0.0)
(3.7801879984521864 -0.010434025948115072 0.0)
(4.858751544281064 -0.018065229551845717 0.0)
(5.810698879334193 -0.02711695960945795 0.0)
(6.624327541224075 -0.037961864496308804 0.0)
(7.324353784217224 -0.04962600525875126 0.0)
(7.954999658400112 -0.06034774599865599 0.0)
(8.51027770704377 -0.06968710195625981 0.0)
(8.977189734084192 -0.07773479015634122 0.0)
(9.35721348157066 -0.08441782124794926 0.0)
(9.649889365485478 -0.08966916181031155 0.0)
(9.854851140847794 -0.09344456055858318 0.0)
(9.971674382784004 -0.09571873203974786 0.0)
(10.0 -0.09647791857455573 0.0)
(9.939436728327133 -0.09571873203974658 0.0)
(9.789593303596641 -0.09344456055858082 0.0)
(9.550110634514537 -0.08966916181030773 0.0)
(9.220564296207133 -0.08441782124794524 0.0)
(8.800588043693592 -0.0777347901563369 0.0)
(8.28972229295626 -0.06968710195625472 0.0)
(7.689444786044336 -0.06034774599865092 0.0)
(6.986757326893856 -0.04962600525874667 0.0)
(6.175672458775903 -0.037961864496303704 0.0)
(5.300412231776891 -0.027116959609452797 0.0)
(4.3856929001633285 -0.018065229551842952 0.0)
(3.419812001547792 -0.01043402594811428 0.0)
(2.3847980557915047 -0.004492103311090387 0.0)
(1.250120029909923 -0.001115690417058563 0.0)
(-0.006731343718186726 -7.978867734847843e-05 0.0)
(0.0067535650506882795 -7.980816537217524e-05 0.0)
(1.327731321639576 -0.0011157755347193181 0.0)
(2.593032915468874 -0.004491281193417842 0.0)
(3.7798988105441738 -0.010428826382699711 0.0)
(4.857707537738015 -0.0180511234094122 0.0)
(5.809525580693476 -0.027093541211926173 0.0)
(6.624735723817602 -0.0379368740844575 0.0)
(7.325613225907457 -0.04960761932122307 0.0)
(7.9553223459842695 -0.060334537959934105 0.0)
(8.510338831166896 -0.06967593837023552 0.0)
(8.977271823695327 -0.0777253144269427 0.0)
(9.35725836597279 -0.0844097383635357 0.0)
(9.649917700848732 -0.08966214069168217 0.0)
(9.854866872567541 -0.09343828366546635 0.0)
(9.971681625583248 -0.09571290210602788 0.0)
(10.0 -0.09647223342643632 0.0)
(9.939429485527889 -0.0957129021060266 0.0)
(9.789577571876896 -0.09343828366546399 0.0)
(9.550082299151283 -0.08966214069167833 0.0)
(9.220519411805002 -0.08440973836353162 0.0)
(8.800505954082455 -0.07772531442693832 0.0)
(8.289661168833133 -0.06967593837023034 0.0)
(7.689122098460179 -0.06033453795992896 0.0)
(6.98549788520362 -0.04960761932121837 0.0)
(6.175264276182377 -0.03793687408445229 0.0)
(5.301585530417611 -0.02709354121192093 0.0)
(4.38673690670638 -0.018051123409409373 0.0)
(3.4201011894558047 -0.01042882638269889 0.0)
(2.384744862308888 -0.004491281193417971 0.0)
(1.2500464561381874 -0.0011157755347192821 0.0)
(-0.006753565050698778 -7.980816537217101e-05 0.0)
(0.006782810150438363 -7.98065544871063e-05 0.0)
(1.3278316019407401 -0.0011155571141954557 0.0)
(2.5931474854876786 -0.0044892022223169525 0.0)
(3.779707956359051 -0.010420648344625642 0.0)
(4.856704042309061 -0.018031730353317593 0.0)
(5.808120279746907 -0.027061889789275245 0.0)
(6.624750814329185 -0.03790054902219602 0.0)
(7.326773990759247 -0.04957643054591822 0.0)
(7.955703290636172 -0.06030895853764088 0.0)
(8.510400721150846 -0.06965317577531567 0.0)
(8.977352357823582 -0.07770497592378214 0.0)
(9.357302923901115 -0.08439152107630506 0.0)
(9.64994585449258 -0.08964561543424764 0.0)
(9.854882439769831 -0.09342298563998273 0.0)
(9.971688841454826 -0.09569835229531871 0.0)
(10.0 -0.09645793102878927 0.0)
(9.93942226965631 -0.09569835229531741 0.0)
(9.789562004674606 -0.09342298563998032 0.0)
(9.550054145507433 -0.08964561543424374 0.0)
(9.220474853876679 -0.08439152107630092 0.0)
(8.8004254199542 -0.07770497592377772 0.0)
(8.289599278849183 -0.06965317577531041 0.0)
(7.688741153808275 -0.06030895853763564 0.0)
(6.984337120351828 -0.049576430545913396 0.0)
(6.175249185670795 -0.03790054902219067 0.0)
(5.302990831364184 -0.027061889789269884 0.0)
(4.387740402135336 -0.018031730353314696 0.0)
(3.420292043640927 -0.01042064834462479 0.0)
(2.384630292290083 -0.004489202222317072 0.0)
(1.249946175837023 -0.001115557114195418 0.0)
(-0.006782810150448966 -7.980655448710196e-05 0.0)
(0.006817794041245951 -7.978391547261866e-05 0.0)
(1.3279541826383574 -0.0011150447524852411 0.0)
(2.5933183980456453 -0.004485957743974388 0.0)
(3.779623821680555 -0.010409851161924544 0.0)
(4.855785149747508 -0.018007902478968094 0.0)
(5.806544722847153 -0.027023396047111795 0.0)
(6.624372149709355 -0.03785448536630532 0.0)
(7.327785076888566 -0.04953380931056536 0.0)
(7.956125754344735 -0.06027213164479565 0.0)
(8.51046065766295 -0.06961981431827809 0.0)
(8.97742779794669 -0.07767466828348027 0.0)
(9.357345197561779 -0.0843639698205307 0.0)
(9.649972589397422 -0.08962031212758746 0.0)
(9.854897158460274 -0.09339933864938506 0.0)
(9.971695713346543 -0.09567572189968478 0.0)
(10.0 -0.09643563980280176 0.0)
(9.939415397764591 -0.09567572189968347 0.0)
(9.789547285984163 -0.09339933864938264 0.0)
(9.550027410602594 -0.08962031212758353 0.0)
(9.220432580216015 -0.0843639698205265 0.0)
(8.800349979831092 -0.07767466828347576 0.0)
(8.28953934233708 -0.06961981431827272 0.0)
(7.68831869009971 -0.06027213164479028 0.0)
(6.983326034222507 -0.0495338093105604 0.0)
(6.175627850290628 -0.03785448536629982 0.0)
(5.304566388263943 -0.027023396047106317 0.0)
(4.3886592946968905 -0.018007902478965127 0.0)
(3.4203761783194233 -0.010409851161923658 0.0)
(2.3844593797321156 -0.004485957743974494 0.0)
(1.2498235951394052 -0.0011150447524852008 0.0)
(-0.006817794041256663 -7.978391547261421e-05 0.0)
(0.006856979594950173 -7.974124304559204e-05 0.0)
(1.3280936777608296 -0.0011142609618248808 0.0)
(2.593538143557652 -0.0044816903148329115 0.0)
(3.7796501032325382 -0.010396909243051419 0.0)
(4.854991234511443 -0.01798068673957077 0.0)
(5.804868137081989 -0.02697975133004418 0.0)
(6.623616367788758 -0.03780070706955415 0.0)
(7.328602059020621 -0.04948162831427255 0.0)
(7.956571174827481 -0.06022567538769711 0.0)
(8.510516007202515 -0.06957731984051187 0.0)
(8.977494829363657 -0.07763572316830566 0.0)
(9.35738332952747 -0.08432829514798774 0.0)
(9.649996730880442 -0.08958734255270527 0.0)
(9.854910381926537 -0.09336838169917931 0.0)
(9.97170193932005 -0.09564600525730908 0.0)
(10.0 -0.09640633918416297 0.0)
(9.939409171791086 -0.09564600525730775 0.0)
(9.7895340625179 -0.09336838169917684 0.0)
(9.550003269119573 -0.08958734255270129 0.0)
(9.220394448250321 -0.08432829514798347 0.0)
(8.800282948414125 -0.07763572316830104 0.0)
(8.289483992797514 -0.06957731984050639 0.0)
(7.687873269616964 -0.06022567538769162 0.0)
(6.9825090520904505 -0.04948162831426744 0.0)
(6.176383632211229 -0.037800707069548495 0.0)
(5.306242974029112 -0.026979751330038576 0.0)
(4.389453209932957 -0.017980686739567712 0.0)
(3.4203498967674397 -0.01039690924305049 0.0)
(2.3842396342201084 -0.004481690314833003 0.0)
(1.2496841000169325 -0.0011142609618248378 0.0)
(-0.0068569795949610015 -7.974124304558741e-05 0.0)
(0.006898645070009214 -7.968041215440297e-05 0.0)
(1.3282439581476744 -0.0011132401805420875 0.0)
(2.5937970668079147 -0.0044765874379219615 0.0)
(3.7797856462516877 -0.010382391232244974 0.0)
(4.854357179783913 -0.017951278944924938 0.0)
(5.80316418856271 -0.0269328733070946 0.0)
(6.622516676242322 -0.03774157705191714 0.0)
(7.329189040455157 -0.049422180294554474 0.0)
(7.957019981123269 -0.06017163096929289 0.0)
(8.510564337812033 -0.06952755947162868 0.0)
(8.977550506836653 -0.07758985175537098 0.0)
(9.35741564434938 -0.08428606453852276 0.0)
(9.650017218209047 -0.08954815533240519 0.0)
(9.854921529153707 -0.09333147498112336 0.0)
(9.97170724581746 -0.09561050806309256 0.0)
(10.0 -0.09637131658845197 0.0)
(9.939403865293677 -0.09561050806309122 0.0)
(9.789522915290728 -0.09333147498112086 0.0)
(9.549982781790968 -0.08954815533240115 0.0)
(9.220362133428413 -0.0842860645385184 0.0)
(8.800227270941129 -0.07758985175536627 0.0)
(8.289435662187996 -0.06952755947162309 0.0)
(7.687424463321174 -0.06017163096928725 0.0)
(6.981922070655915 -0.049422180294549194 0.0)
(6.177483323757669 -0.03774157705191132 0.0)
(5.307946922548395 -0.026932873307088864 0.0)
(4.390087264660488 -0.017951278944921798 0.0)
(3.4202143537482894 -0.010382391232244005 0.0)
(2.383980710969845 -0.004476587437922038 0.0)
(1.2495338196300874 -0.001113240180542041 0.0)
(-0.0068986450700201565 -7.968041215439812e-05 0.0)
(0.006940959761673811 -7.960409559712336e-05 0.0)
(1.328398420753624 -0.0011120272598989602 0.0)
(2.5940837911825034 -0.004470873324317554 0.0)
(3.7800244952257103 -0.0103669350243401 0.0)
(4.8539108447696755 -0.0179209712197273 0.0)
(5.801507745669967 -0.026884821712830537 0.0)
(6.621121393504768 -0.03767969337819397 0.0)
(7.329520230301792 -0.049358077288640445 0.0)
(7.957452453504533 -0.06011237300245618 0.0)
(8.51060352593294 -0.0694727195912032 0.0)
(8.97759238399937 -0.07753906955064124 0.0)
(9.357440722173349 -0.08423913352785693 0.0)
(9.650033151207497 -0.08950447228145626 0.0)
(9.854930110353015 -0.09329024010888966 0.0)
(9.971711399680983 -0.09557078999880882 0.0)
(10.0 -0.09633211084445226 0.0)
(9.939399711430154 -0.09557078999880743 0.0)
(9.789514334091422 -0.09329024010888713 0.0)
(9.549966848792518 -0.08950447228145217 0.0)
(9.220337055604444 -0.08423913352785249 0.0)
(8.80018539377841 -0.0775390695506364 0.0)
(8.28939647406709 -0.06947271959119747 0.0)
(7.6869919909399105 -0.0601123730024504 0.0)
(6.98159088080928 -0.04935807728863501 0.0)
(6.1788786064952275 -0.037679693378187995 0.0)
(5.309603365441142 -0.026884821712824677 0.0)
(4.3905335996747255 -0.017920971219724083 0.0)
(3.4199755047742655 -0.010366935024339089 0.0)
(2.3836939865952553 -0.004470873324317616 0.0)
(1.2493793570241376 -0.00111202725989891 0.0)
(-0.006940959761684859 -7.960409559711827e-05 0.0)
(0.00698206443980476 -7.951564658366283e-05 0.0)
(1.3285502787743542 -0.0011106754934095825 0.0)
(2.594385718536946 -0.004464799041717793 0.0)
(3.78035615556765 -0.010351219736835802 0.0)
(4.853671840612709 -0.017891095229976624 0.0)
(5.799971589474089 -0.026837707846396042 0.0)
(6.619491825746986 -0.03761777510379504 0.0)
(7.329581076684559 -0.049292135865337205 0.0)
(7.957849589926023 -0.0600505051738404 0.0)
(8.510631849710894 -0.06941520976325459 0.0)
(8.977618620845895 -0.0774856078312888 0.0)
(9.357457461125671 -0.08418956417874106 0.0)
(9.650043829808988 -0.08945821275320127 0.0)
(9.854935748482262 -0.0932464888673271 0.0)
(9.971714218397455 -0.0955285962035403 0.0)
(10.0 -0.09629044458083028 0.0)
(9.93939689271368 -0.09552859620353892 0.0)
(9.789508695962175 -0.09324648886732452 0.0)
(9.549956170191027 -0.0894582127531971 0.0)
(9.220320316652122 -0.08418956417873653 0.0)
(8.800159156931887 -0.0774856078312839 0.0)
(8.289368150289135 -0.06941520976324875 0.0)
(7.686594854518418 -0.060050505173834465 0.0)
(6.981530034426514 -0.049292135865331606 0.0)
(6.1805081742530135 -0.037617775103788914 0.0)
(5.311139521637023 -0.02683770784639008 0.0)
(4.390772603831692 -0.017891095229973338 0.0)
(3.4196438444323247 -0.010351219736834753 0.0)
(2.383392059240812 -0.004464799041717838 0.0)
(1.249227499003407 -0.0011106754934095287 0.0)
(-0.0069820644398159055 -7.951564658365749e-05 0.0)
(0.007020153040043874 -7.941895140185998e-05 0.0)
(1.3286928598462506 -0.0011092442752205101 0.0)
(2.594689582735649 -0.004458631482987523 0.0)
(3.7807660547288373 -0.010335935870714713 0.0)
(4.853650668718424 -0.01786296367200598 0.0)
(5.798623215868007 -0.026793601804889874 0.0)
(6.617699573195045 -0.03755854280442116 0.0)
(7.329368906124716 -0.04922725337014827 0.0)
(7.958193940939922 -0.059988745842650924 0.0)
(8.510648064650912 -0.06935755686441168 0.0)
(8.977628064577189 -0.07743181560745663 0.0)
(9.357465125727403 -0.0841395344776907 0.0)
(9.650048784815306 -0.08941140930668233 0.0)
(9.854938195812363 -0.09320214360594929 0.0)
(9.971715578117635 -0.09548578059545977 0.0)
(10.0 -0.09624814853698332 0.0)
(9.939395532993501 -0.09548578059545838 0.0)
(9.789506248632074 -0.09320214360594666 0.0)
(9.54995121518471 -0.08941140930667812 0.0)
(9.220312652050389 -0.08413953447768611 0.0)
(8.800149713200593 -0.07743181560745159 0.0)
(8.289351935349117 -0.06935755686440573 0.0)
(7.686250503504519 -0.05998874584264488 0.0)
(6.981742204986359 -0.04922725337014253 0.0)
(6.18230042680496 -0.03755854280441491 0.0)
(5.312487895243108 -0.026793601804883813 0.0)
(4.390793775725976 -0.017862963672002633 0.0)
(3.4192339452711358 -0.010335935870713629 0.0)
(2.383088195042108 -0.004458631482987554 0.0)
(1.24908491793151 -0.0011092442752204529 0.0)
(-0.007020153040055098 -7.941895140185437e-05 0.0)
(0.007053552018977768 -7.931825866110438e-05 0.0)
(1.328819899217859 -0.001107796490440632 0.0)
(2.5949820325416253 -0.004452641639374125 0.0)
(3.781236182490019 -0.010321754971093153 0.0)
(4.853848259341122 -0.017837812595007364 0.0)
(5.797521869921191 -0.026754441527086083 0.0)
(6.615823384147243 -0.03750459903894438 0.0)
(7.328893041008507 -0.049166280621213074 0.0)
(7.9584703763926505 -0.05992980860091474 0.0)
(8.51065145829819 -0.06930229405757661 0.0)
(8.977620300252974 -0.07738005641104972 0.0)
(9.35746337920997 -0.08409124263824329 0.0)
(9.65004779851254 -0.08936611839971502 0.0)
(9.854937344812111 -0.09315915277441379 0.0)
(9.971715419097903 -0.09544422441405735 0.0)
(10.0 -0.0962070811236996 0.0)
(9.939395692013234 -0.09544422441405594 0.0)
(9.789507099632326 -0.09315915277441113 0.0)
(9.549952201487475 -0.08936611839971076 0.0)
(9.220314398567822 -0.08409124263823863 0.0)
(8.800157477524808 -0.07738005641104463 0.0)
(8.289348541701838 -0.06930229405757055 0.0)
(7.685974068051791 -0.059929808600908574 0.0)
(6.982218070102571 -0.04916628062120721 0.0)
(6.184176615852768 -0.03750459903893803 0.0)
(5.313589241189925 -0.026754441527079946 0.0)
(4.390596185103275 -0.017837812595003968 0.0)
(3.4187638175099533 -0.010321754971092037 0.0)
(2.3827957452361312 -0.004452641639374142 0.0)
(1.2489578785599016 -0.0011077964904405713 0.0)
(-0.0070535520189890545 -7.93182586610985e-05 0.0)
(0.007080793886573794 -7.921799261621267e-05 0.0)
(1.3289258150116028 -0.0011063957520845284 0.0)
(2.5952502182454213 -0.004447092693647861 0.0)
(3.7817458822974426 -0.010309300120757266 0.0)
(4.854255930710326 -0.017816747091291496 0.0)
(5.796715942759689 -0.02672194764394967 0.0)
(6.613945694917947 -0.03745831399773244 0.0)
(7.328174389978566 -0.04911189664957333 0.0)
(7.95866675021614 -0.05987628304321108 0.0)
(8.51064188154208 -0.06925184948938128 0.0)
(8.977595669023453 -0.07733260444646753 0.0)
(9.35745229831215 -0.0840468105154767 0.0)
(9.65004091423703 -0.08932433003189406 0.0)
(9.854933232872899 -0.09311940531120881 0.0)
(9.971713748325294 -0.09540575356191895 0.0)
(10.0 -0.0961690467679881 0.0)
(9.939397362785842 -0.09540575356191754 0.0)
(9.789511211571536 -0.09311940531120612 0.0)
(9.549959085762985 -0.08932433003188978 0.0)
(9.220325479465643 -0.08404681051547201 0.0)
(8.80018210875433 -0.07733260444646235 0.0)
(8.28935811845795 -0.06925184948937513 0.0)
(7.6857776942283005 -0.05987628304320482 0.0)
(6.982936721132514 -0.04911189664956737 0.0)
(6.186054305082067 -0.037458313997726006 0.0)
(5.314395168351428 -0.026721947643943485 0.0)
(4.390188513734071 -0.01781674709128807 0.0)
(3.418254117702528 -0.01030930012075613 0.0)
(2.3825275595323343 -0.004447092693647868 0.0)
(1.2488519627661576 -0.0011063957520844642 0.0)
(-0.00708079388658512 -7.921799261620654e-05 0.0)
(0.00710068168500737 -7.912255877376583e-05 0.0)
(1.329005953481272 -0.0011051036060329878 0.0)
(2.5954823562578455 -0.004442228456332435 0.0)
(3.78227275887404 -0.010299118563045308 0.0)
(4.854855770491885 -0.01780069274055341 0.0)
(5.796240845348575 -0.026697547877259763 0.0)
(6.612149007736761 -0.037421721360820094 0.0)
(7.327244529246415 -0.04906649098745024 0.0)
(7.958774434103842 -0.05983052098462321 0.0)
(8.51061975516772 -0.06920843960186644 0.0)
(8.977555253139789 -0.07729154466622279 0.0)
(9.357432369908322 -0.08400819037557906 0.0)
(9.650028434471244 -0.0892878803076519 0.0)
(9.854926040665816 -0.09308464764715162 0.0)
(9.971710639210501 -0.09537205837790715 0.0)
(10.0 -0.0961357166298569 0.0)
(9.939400471900633 -0.09537205837790567 0.0)
(9.78951840377862 -0.09308464764714892 0.0)
(9.54997156552877 -0.08928788030764756 0.0)
(9.22034540786947 -0.08400819037557432 0.0)
(8.800222524637993 -0.07729154466621758 0.0)
(8.289380244832309 -0.06920843960186024 0.0)
(7.685670010340599 -0.05983052098461687 0.0)
(6.983866581864668 -0.04906649098744421 0.0)
(6.187850992263257 -0.037421721360813606 0.0)
(5.314870265762541 -0.02669754787725355 0.0)
(4.389588673952509 -0.017800692740549965 0.0)
(3.417727241125929 -0.010299118563044158 0.0)
(2.38229542151991 -0.004442228456332433 0.0)
(1.2487718242964883 -0.001105103606032921 0.0)
(-0.007100681685018711 -7.912255877375951e-05 0.0)
(0.007112341580799025 -7.903615032220972e-05 0.0)
(1.3290567934891189 -0.0011039768268196002 0.0)
(2.595668246859315 -0.0044382626531166165 0.0)
(3.7827936622269287 -0.01029165765697651 0.0)
(4.855621422823174 -0.01779035494159393 0.0)
(5.796117452598928 -0.026682314308126617 0.0)
(6.610512265751478 -0.03739642894172892 0.0)
(7.326144315191493 -0.04903205867657015 0.0)
(7.958788696622733 -0.05979453312628615 0.0)
(8.510586051367525 -0.06917397174607336 0.0)
(8.977500828401972 -0.07725868116194276 0.0)
(9.357404469616094 -0.08397707911684389 0.0)
(9.650010907553263 -0.08925837076118882 0.0)
(9.854916084203282 -0.09305640697041355 0.0)
(9.971706228362342 -0.09534461936676374 0.0)
(10.0 -0.09610855517459968 0.0)
(9.939404882748795 -0.09534461936676229 0.0)
(9.789528360241155 -0.09305640697041083 0.0)
(9.549989092446753 -0.08925837076118448 0.0)
(9.2203733081617 -0.08397707911683912 0.0)
(8.80027694937581 -0.07725868116193753 0.0)
(8.289413948632504 -0.06917397174606713 0.0)
(7.685655747821707 -0.05979453312627979 0.0)
(6.984966795919593 -0.04903205867656409 0.0)
(6.189487734248544 -0.03739642894172242 0.0)
(5.314993658512187 -0.026682314308120403 0.0)
(4.388823021621218 -0.017790354941590484 0.0)
(3.417206337773039 -0.010291657656975354 0.0)
(2.38210953091844 -0.004438262653116608 0.0)
(1.2487209842886413 -0.0011039768268195321 0.0)
(-0.007112341580810358 -7.903615032220322e-05 0.0)
(0.007115261259458846 -7.89625638908259e-05 0.0)
(1.3290761012182077 -0.0011030649230616188 0.0)
(2.5957997223568796 -0.0044353695341384745 0.0)
(3.7832857048157487 -0.010287245221114193 0.0)
(4.856519246341477 -0.01778618791838686 0.0)
(5.7963511861624255 -0.026676916271708904 0.0)
(6.609107384410596 -0.03738354804308263 0.0)
(7.324922089206588 -0.049010112609681036 0.0)
(7.958708911103826 -0.059769900708857314 0.0)
(8.510542251024813 -0.06914996037652844 0.0)
(8.977434786133415 -0.07723545789588343 0.0)
(9.35736982332326 -0.08395484371106358 0.0)
(9.649989103583795 -0.08923709798799025 0.0)
(9.854903800954045 -0.09303592412466562 0.0)
(9.971700709585413 -0.0953246421484402 0.0)
(10.0 -0.09608875582687001 0.0)
(9.939410401525723 -0.09532464214843873 0.0)
(9.789540643490392 -0.0930359241246629 0.0)
(9.550010896416218 -0.0892370979879859 0.0)
(9.220407954454531 -0.08395484371105881 0.0)
(8.800342991644367 -0.07723545789587817 0.0)
(8.289457748975215 -0.06914996037652218 0.0)
(7.685735533340615 -0.05976990070885095 0.0)
(6.986189021904502 -0.049010112609674965 0.0)
(6.190892615589428 -0.037383548043076156 0.0)
(5.314759924948687 -0.026676916271702718 0.0)
(4.387925198102912 -0.01778618791838343 0.0)
(3.416714295184218 -0.010287245221113036 0.0)
(2.3819780554208756 -0.004435369534138464 0.0)
(1.2487016765595527 -0.001103064923061549 0.0)
(-0.007115261259470148 -7.896256389081926e-05 0.0)
(0.007109312435647927 -7.89050327327868e-05 0.0)
(1.3290630283222449 -0.0011024079621418871 0.0)
(2.5958710059577035 -0.004433676217753098 0.0)
(3.7837272671893136 -0.010286075129817822 0.0)
(4.8575097923239205 -0.017788374762308573 0.0)
(5.796931776213893 -0.02668159094785139 0.0)
(6.607996091630076 -0.03738364462800279 0.0)
(7.323631553665478 -0.04900161705681279 0.0)
(7.958538583176858 -0.059757706035694795 0.0)
(8.510490278646515 -0.0691374605088819 0.0)
(8.977360028110576 -0.07722289525586964 0.0)
(9.357329953324548 -0.0839424611412896 0.0)
(9.649963980589373 -0.08922499667479307 0.0)
(9.854889730621606 -0.09302409908867766 0.0)
(9.971694325364677 -0.09531300448536233 0.0)
(10.0 -0.09607718853378525 0.0)
(9.93941678574646 -0.09531300448536086 0.0)
(9.789554713822831 -0.09302409908867497 0.0)
(9.55003601941064 -0.0892249966747887 0.0)
(9.220447824453244 -0.08394246114128483 0.0)
(8.800417749667206 -0.07722289525586441 0.0)
(8.289509721353514 -0.06913746050887568 0.0)
(7.6859058612675835 -0.059757706035688446 0.0)
(6.987479557445615 -0.04900161705680676 0.0)
(6.192003908369949 -0.03738364462799637 0.0)
(5.314179334897217 -0.02668159094784526 0.0)
(4.386934652120465 -0.017788374762305176 0.0)
(3.4162727328106524 -0.010286075129816679 0.0)
(2.3819067718200517 -0.004433676217753089 0.0)
(1.2487147494555155 -0.0011024079621418173 0.0)
(-0.007109312435659173 -7.89050327327801e-05 0.0)
(0.00709475648980145 -7.88660846619264e-05 0.0)
(1.3290181492003628 -0.0011020348097213434 0.0)
(2.595878965590776 -0.004433257105184626 0.0)
(3.7840989479047447 -0.010288198794758341 0.0)
(4.85854953799219 -0.017796819387437865 0.0)
(5.797833712688626 -0.02669613293983646 0.0)
(6.607227215581642 -0.03739671445272471 0.0)
(7.32232941233887 -0.04900694529701627 0.0)
(7.958285196739333 -0.05975848491842783 0.0)
(8.51043241780385 -0.06913702136445031 0.0)
(8.977279839064213 -0.07722154522132094 0.0)
(9.35728661143476 -0.08394047547498452 0.0)
(9.64993664242841 -0.08922259853116042 0.0)
(9.854874491430632 -0.09302145143289774 0.0)
(9.971687356211113 -0.09531021771515526 0.0)
(10.0 -0.09607436154104174 0.0)
(9.939423754900023 -0.09531021771515381 0.0)
(9.789569953013805 -0.09302145143289504 0.0)
(9.550063357571606 -0.0892225985311561 0.0)
(9.220491166343033 -0.0839404754749798 0.0)
(8.80049793871357 -0.07722154522131573 0.0)
(8.28956758219618 -0.0691370213644441 0.0)
(7.686159247705109 -0.05975848491842152 0.0)
(6.988781698772226 -0.04900694529701031 0.0)
(6.192772784418383 -0.037396714452718374 0.0)
(5.31327739842248 -0.0266961329398304 0.0)
(4.385894906452193 -0.017796819387434517 0.0)
(3.415901052095221 -0.010288198794757215 0.0)
(2.3818988121869795 -0.004433257105184621 0.0)
(1.248759628577398 -0.0011020348097212735 0.0)
(-0.007094756489812623 -7.886608466191967e-05 0.0)
(0.007072232983550562 -7.884743098522483e-05 0.0)
(1.3289434357590728 -0.001101961861434682 0.0)
(2.595823251524382 -0.004434130611472572 0.0)
(3.7843844159913758 -0.010293522905983399 0.0)
(4.859592798823783 -0.01781115075239556 0.0)
(5.799017366147973 -0.0267199032991401 0.0)
(6.606834539272243 -0.03742218325306069 0.0)
(7.321072878934456 -0.049025863217164664 0.0)
(7.95795988512776 -0.05977220313437404 0.0)
(8.510371210796391 -0.06914866223843653 0.0)
(8.977197742354324 -0.07723146711028553 0.0)
(9.357241702017241 -0.08394897395869318 0.0)
(9.64990829028968 -0.08923000892713627 0.0)
(9.854858752963294 -0.09302809749047704 0.0)
(9.97168010833658 -0.09531640428340367 0.0)
(10.0 -0.09608039906152879 0.0)
(9.939431002774556 -0.09531640428340225 0.0)
(9.789585691481143 -0.09302809749047435 0.0)
(9.550091709710333 -0.08923000892713198 0.0)
(9.220536075760553 -0.08394897395868849 0.0)
(8.80058003542346 -0.07723146711028038 0.0)
(8.289628789203638 -0.06914866223843044 0.0)
(7.686484559316683 -0.05977220313436782 0.0)
(6.9900382321766426 -0.0490258632171588 0.0)
(6.193165460727782 -0.037422183253054464 0.0)
(5.3120937449631285 -0.026719903299134144 0.0)
(4.384851645620597 -0.017811150752392275 0.0)
(3.4156155840085893 -0.010293522905982297 0.0)
(2.381954526253374 -0.004434130611472575 0.0)
(1.2488343420186883 -0.0011019618614346136 0.0)
(-0.007072232983561645 -7.884743098521811e-05 0.0)
(0.007042731558554335 -7.884989131111037e-05 0.0)
(1.328842170770301 -0.0011021923224961649 0.0)
(2.5957063117326724 -0.004436258356348678 0.0)
(3.7845711285037305 -0.010301813531785949 0.0)
(4.860593735846351 -0.017830739163223905 0.0)
(5.800430729024362 -0.02675185759966117 0.0)
(6.606835316180533 -0.037458931976517805 0.0)
(7.3199171632312625 -0.04905753959845603 0.0)
(7.957576941939211 -0.059798257930221525 0.0)
(8.510309346948073 -0.06917187165213405 0.0)
(8.977117345160146 -0.07725222497311393 0.0)
(9.357197198309638 -0.08396758318458887 0.0)
(9.649880169914297 -0.08924690226347838 0.0)
(9.854843206739055 -0.09304374524580412 0.0)
(9.971672900199424 -0.09533129236361672 0.0)
(10.0 -0.09609503581764159 0.0)
(9.939438210911712 -0.0953312923636153 0.0)
(9.789601237705382 -0.09304374524580149 0.0)
(9.550119830085718 -0.08924690226347412 0.0)
(9.220580579468155 -0.08396758318458424 0.0)
(8.800660432617638 -0.07725222497310887 0.0)
(8.289690653051954 -0.06917187165212804 0.0)
(7.686867502505234 -0.0597982579302154 0.0)
(6.991193947879839 -0.049057539598450293 0.0)
(6.19316468381949 -0.037458931976511706 0.0)
(5.310680382086735 -0.026751857599655322 0.0)
(4.383850708598028 -0.01783073916322069 0.0)
(3.4154288714962346 -0.010301813531784882 0.0)
(2.382071466045084 -0.00443625835634869 0.0)
(1.2489356070074604 -0.0011021923224960976 0.0)
(-0.007042731558565314 -7.884989131110376e-05 0.0)
(0.007007548453455772 -7.887335753736471e-05 0.0)
(1.3287188036323947 -0.001102716066868366 0.0)
(2.5955332843361596 -0.0044395468505956884 0.0)
(3.784650881635596 -0.010312706397235503 0.0)
(4.861508369718283 -0.017854723940987097 0.0)
(5.802011700738679 -0.026790591827893496 0.0)
(6.607229512170582 -0.03750534595141724 0.0)
(7.318913045262967 -0.049100582638646736 0.0)
(7.957153192996813 -0.059835504505906655 0.0)
(8.510249544443214 -0.06920562982636543 0.0)
(8.97704217998731 -0.07728290674728888 0.0)
(9.357155055723444 -0.08399548549733042 0.0)
(9.649853516860107 -0.08927253627789335 0.0)
(9.854828535830565 -0.09306770716513675 0.0)
(9.971666048512006 -0.09535422780078683 0.0)
(10.0 -0.09611762869709367 0.0)
(9.93944506259913 -0.09535422780078541 0.0)
(9.789615908613872 -0.09306770716513411 0.0)
(9.550146483139908 -0.08927253627788914 0.0)
(9.22062272205435 -0.08399548549732584 0.0)
(8.800735597790473 -0.0772829067472839 0.0)
(8.289750455556813 -0.0692056298263595 0.0)
(7.687291251447633 -0.05983550450590065 0.0)
(6.992198065848136 -0.04910058263864114 0.0)
(6.1927704878294385 -0.03750534595141129 0.0)
(5.309099410372414 -0.026790591827887775 0.0)
(4.382936074726094 -0.017854723940983957 0.0)
(3.415349118364369 -0.01031270639723447 0.0)
(2.3822444934415974 -0.004439546850595713 0.0)
(1.249058974145367 -0.0011027160668683014 0.0)
(-0.007007548453466638 -7.887335753735823e-05 0.0)
(0.006968229549527232 -7.891679860093644e-05 0.0)
(1.3285787548717 -0.0011035100821817352 0.0)
(2.5953117718421024 -0.004443851603792518 0.0)
(3.784620171180263 -0.010325722889752136 0.0)
(4.862296513100524 -0.01788205123842912 0.0)
(5.803690816286102 -0.026834404072710833 0.0)
(6.607999806991749 -0.037559385832613874 0.0)
(7.318104644136113 -0.04915310110529578 0.0)
(7.956707257053871 -0.05988230631503449 0.0)
(8.510194430894472 -0.06924845348871371 0.0)
(8.976975549456 -0.07732216433178388 0.0)
(9.3571171259268 -0.08403145492034177 0.0)
(9.64982950221355 -0.0893057846586839 0.0)
(9.854815384850706 -0.09309893040557647 0.0)
(9.971659854324935 -0.09538420285376391 0.0)
(10.0 -0.09614718501009448 0.0)
(9.939451256786201 -0.09538420285376252 0.0)
(9.78962905959373 -0.09309893040557389 0.0)
(9.550170497786464 -0.08930578465867975 0.0)
(9.220660651850993 -0.08403145492033727 0.0)
(8.800802228321784 -0.07732216433177898 0.0)
(8.289805569105557 -0.0692484534887079 0.0)
(7.687737187390575 -0.059882306315028624 0.0)
(6.993006466974991 -0.049153101105290344 0.0)
(6.192000193008267 -0.037559385832608094 0.0)
(5.307420294824986 -0.026834404072705237 0.0)
(4.382147931343852 -0.017882051238426056 0.0)
(3.415379828819703 -0.010325722889751148 0.0)
(2.3824660059356555 -0.004443851603792558 0.0)
(1.2491990229060623 -0.0011035100821816736 0.0)
(-0.006968229549537984 -7.891679860093015e-05 0.0)
(0.0069265024474754345 -7.897830578096541e-05 0.0)
(1.3284281779745497 -0.001104539480856012 0.0)
(2.5950515071042433 -0.004448983472959023 0.0)
(3.7844803464989556 -0.010340291088467672 0.0)
(4.862923536414724 -0.017911520344094253 0.0)
(5.8053942984013345 -0.026881369304228134 0.0)
(6.609112355298808 -0.037618677206591115 0.0)
(7.317527479517286 -0.04921278743305846 0.0)
(7.956258727719901 -0.05993660697173347 0.0)
(8.51014642789035 -0.06929846104579902 0.0)
(8.976920381189865 -0.0773682728201559 0.0)
(9.357085075485582 -0.08407391102298 0.0)
(9.649809181134264 -0.08934518653282426 0.0)
(9.854804331629472 -0.0931360430750597 0.0)
(9.97165458979946 -0.09541990047355799 0.0)
(10.0 -0.09618240610632242 0.0)
(9.939456521311676 -0.09541990047355663 0.0)
(9.789640112814965 -0.09313604307505714 0.0)
(9.550190818865751 -0.08934518653282017 0.0)
(9.220692702292212 -0.08407391102297558 0.0)
(8.800857396587919 -0.07736827282015112 0.0)
(8.28985357210968 -0.06929846104579332 0.0)
(7.688185716724547 -0.05993660697172774 0.0)
(6.993583631593817 -0.04921278743305318 0.0)
(6.1908876447012045 -0.0376186772065855 0.0)
(5.30571681270975 -0.026881369304222663 0.0)
(4.381520908029651 -0.017911520344091273 0.0)
(3.4155196535010113 -0.010340291088466727 0.0)
(2.3827262706735155 -0.004448983472959078 0.0)
(1.249349599803213 -0.0011045394808559539 0.0)
(-0.006926502447486072 -7.897830578095934e-05 0.0)
(0.006884200559826957 -7.905517656448538e-05 0.0)
(1.3282736890143318 -0.001105759032996681 0.0)
(2.594763925679023 -0.004454716973152516 0.0)
(3.784237551232368 -0.010355770893382316 0.0)
(4.863361889403564 -0.017941836439391776 0.0)
(5.807047299196664 -0.026929423956092994 0.0)
(6.610518273754494 -0.03768061491884691 0.0)
(7.317206910963947 -0.049277019113885906 0.0)
(7.955827312553275 -0.05999602060448846 0.0)
(8.51010764459503 -0.06935345525704927 0.0)
(8.976879099181591 -0.077419206289779 0.0)
(9.357060312637538 -0.08412098836176644 0.0)
(9.649793446493296 -0.08938901065404843 0.0)
(9.854795861825185 -0.09317741451078503 0.0)
(9.971650486249198 -0.09545975217206225 0.0)
(10.0 -0.09622174443524448 0.0)
(9.939460624861937 -0.09545975217206092 0.0)
(9.789648582619252 -0.09317741451078253 0.0)
(9.550206553506719 -0.08938901065404439 0.0)
(9.220717465140256 -0.08412098836176209 0.0)
(8.800898678596193 -0.07741920628977432 0.0)
(8.289892355405 -0.0693534552570437 0.0)
(7.688617131891173 -0.05999602060448289 0.0)
(6.993904200147157 -0.04927701911388079 0.0)
(6.189481726245513 -0.037680614918841435 0.0)
(5.304063811914417 -0.026929423956087647 0.0)
(4.38108255504081 -0.01794183643938888 0.0)
(3.4157624487676 -0.010355770893381409 0.0)
(2.383013852098736 -0.004454716973152587 0.0)
(1.2495040887634312 -0.0011057590329966263 0.0)
(-0.006884200559837487 -7.905517656447953e-05 0.0)
(0.006843182554135959 -7.914403338989956e-05 0.0)
(1.328122075953329 -0.0011071151537137883 0.0)
(2.594461663368151 -0.004460800184863636 0.0)
(3.7839024533603327 -0.01037148215018762 0.0)
(4.86359231163866 -0.017971667490556044 0.0)
(5.808577188841223 -0.026976456594815974 0.0)
(6.612155788873921 -0.03774247753961655 0.0)
(7.3171570236718635 -0.04934297392523111 0.0)
(7.955431967147164 -0.060057936686970397 0.0)
(8.510079785075558 -0.06941101977743121 0.0)
(8.976853517287099 -0.07747272681717807 0.0)
(9.357043925416912 -0.08417061844456038 0.0)
(9.649782989641983 -0.08943533147064377 0.0)
(9.854790347585547 -0.09322122692755362 0.0)
(9.971647723976643 -0.09550200693855106 0.0)
(10.0 -0.09626347154265524 0.0)
(9.939463387134493 -0.09550200693854972 0.0)
(9.78965409685889 -0.09322122692755118 0.0)
(9.55021701035803 -0.08943533147063978 0.0)
(9.220733852360881 -0.0841706184445561 0.0)
(8.800924260490685 -0.07747272681717347 0.0)
(8.289920214924472 -0.06941101977742575 0.0)
(7.689012477297285 -0.06005793668696496 0.0)
(6.993954087439239 -0.04934297392522615 0.0)
(6.187844211126082 -0.03774247753961123 0.0)
(5.302533922269855 -0.026976456594810738 0.0)
(4.380852132805714 -0.017971667490553216 0.0)
(3.4160975466396364 -0.010371482150186755 0.0)
(2.383316114409609 -0.004460800184863722 0.0)
(1.2496557018244343 -0.0011071151537137371 0.0)
(-0.006843182554146395 -7.914403338989397e-05 0.0)
(0.006805250686532184 -7.924097205085824e-05 0.0)
(1.3279800003920734 -0.0011085482575439775 0.0)
(2.5941580010245935 -0.0044669658228987195 0.0)
(3.783489776470303 -0.010386734535002492 0.0)
(4.863604678788548 -0.01799970277577327 0.0)
(5.809916746782885 -0.027020400692295363 0.0)
(6.61395295123849 -0.037801546938517915 0.0)
(7.317380009597385 -0.049407753933344484 0.0)
(7.955090062255448 -0.060119634739787285 0.0)
(8.51006407342825 -0.06946862532723054 0.0)
(8.976844759528031 -0.07752648280829225 0.0)
(9.357036633848198 -0.0842206206163195 0.0)
(9.649778270035243 -0.0894821137306706 0.0)
(9.854788031196163 -0.09326555528792523 0.0)
(9.971646424350995 -0.09554480817588777 0.0)
(10.0 -0.09630575401579267 0.0)
(9.939464686760141 -0.09554480817588647 0.0)
(9.789656413248274 -0.09326555528792278 0.0)
(9.55022172996477 -0.0894821137306667 0.0)
(9.220741143929594 -0.08422062061631531 0.0)
(8.800933018249752 -0.07752648280828774 0.0)
(8.28993592657178 -0.0694686253272252 0.0)
(7.689354382189002 -0.06011963473978198 0.0)
(6.993731101513716 -0.049407753933339675 0.0)
(6.186047048761508 -0.03780154693851272 0.0)
(5.3011943643281905 -0.027020400692290225 0.0)
(4.380839765655828 -0.017999702775770506 0.0)
(3.4165102235296674 -0.010386734535001661 0.0)
(2.383619776753168 -0.004466965822898822 0.0)
(1.2497977773856903 -0.0011085482575439298 0.0)
(-0.00680525068654254 -7.92409720508529e-05 0.0)
)
