(
(-0.024705791361785807 3.8864551699857056e-05 0.0)
(1.1975381663881972 0.00045191849904825014 0.0)
(2.3173251126032395 0.0012506477487114144 0.0)
(3.3694204909992918 0.0012306617986262607 0.0)
(4.361039153233691 -0.0009604407980460753 0.0)
(5.281344378216682 -0.005012358128137243 0.0)
(6.139682928084138 -0.008910284752590569 0.0)
(6.941214707175815 -0.01134693344396028 0.0)
(7.652953177601425 -0.013040050336811432 0.0)
(8.261845032683166 -0.014633469852451952 0.0)
(8.77825125020517 -0.016049863745950396 0.0)
(9.203329704788954 -0.017230030902461935 0.0)
(9.537549362884905 -0.018159283634337067 0.0)
(9.781380836979354 -0.018828284974658077 0.0)
(9.935382986257805 -0.019231111426195782 0.0)
(10.000000000000005 -0.01936582053141993 0.0)
(9.975728124853298 -0.01923111142619747 0.0)
(9.863063607465104 -0.018828284974661418 0.0)
(9.662450637115095 -0.01815928363434105 0.0)
(9.37444807298881 -0.017230030902467792 0.0)
(8.999526527572614 -0.01604986374595672 0.0)
(8.53815496731682 -0.014633469852460106 0.0)
(7.99149126684302 -0.013040050336820604 0.0)
(7.369896403935321 -0.011346933443968274 0.0)
(6.660317071915878 -0.008910284752598167 0.0)
(5.8297667328944165 -0.00501235812814491 0.0)
(4.883405291210744 -0.0009604407980505315 0.0)
(3.830579509000694 0.0012306617986246298 0.0)
(2.660452665174542 0.0012506477487109848 0.0)
(1.3802396113895952 0.00045191849904804203 0.0)
(0.024705791361786463 3.8864551699837174e-05 0.0)
(-0.024732672582844825 3.8828886335214975e-05 0.0)
(1.1974416636814864 0.00045130333149865655 0.0)
(2.3171639175656704 0.0012474865046959492 0.0)
(3.369357967782837 0.0012214706123694595 0.0)
(4.361496894969064 -0.00097930496303915 0.0)
(5.282461951346986 -0.005042493169922563 0.0)
(6.140323827943232 -0.008947982222096642 0.0)
(6.940770749702792 -0.01138436898796221 0.0)
(7.652657876637088 -0.013073841335472467 0.0)
(8.261811413988239 -0.014664513493093615 0.0)
(8.77821171610113 -0.01607842498914798 0.0)
(9.203306949765645 -0.01725628106438468 0.0)
(9.537534944730716 -0.01818360900671117 0.0)
(9.781372970335994 -0.01885117158811908 0.0)
(9.935379258409524 -0.019253109675572547 0.0)
(10.000000000000005 -0.01938752005483108 0.0)
(9.975731852701578 -0.019253109675574247 0.0)
(9.863071474108464 -0.01885117158812245 0.0)
(9.662465055269285 -0.0181836090067152 0.0)
(9.37447082801212 -0.017256281064390585 0.0)
(8.999566061676655 -0.016078424989154374 0.0)
(8.538188586011747 -0.014664513493101841 0.0)
(7.991786567807358 -0.013073841335481728 0.0)
(7.370340361408345 -0.011384368987970307 0.0)
(6.659676172056781 -0.008947982222104344 0.0)
(5.82864915976411 -0.005042493169930314 0.0)
(4.882947549475371 -0.00097930496304366 0.0)
(3.8306420322171495 0.0012214706123678013 0.0)
(2.6606138602121114 0.0012474865046955097 0.0)
(1.3803361140963064 0.0004513033314984464 0.0)
(0.024732672582845557 3.882888633519496e-05 0.0)
(-0.02476043309026199 3.878234476762611e-05 0.0)
(1.1973407750546246 0.00045055033786605325 0.0)
(2.3169815764327506 0.0012438667249345026 0.0)
(3.3692258135321493 0.0012115032596247406 0.0)
(4.36183763591436 -0.0009990811864859666 0.0)
(5.283566619535237 -0.005073909893544312 0.0)
(6.14117166827744 -0.00898813655187486 0.0)
(6.940489218181573 -0.011425519384385093 0.0)
(7.652368496141075 -0.013111657262252266 0.0)
(8.26178330471529 -0.014699447257422903 0.0)
(8.77818068526997 -0.01611072294269591 0.0)
(9.203288620195638 -0.017286089713307005 0.0)
(9.537523309931148 -0.018211324948340837 0.0)
(9.781366676191062 -0.01887731345300559 0.0)
(9.935376233672871 -0.019278277133074707 0.0)
(10.000000000000005 -0.019412358760251474 0.0)
(9.975734877438232 -0.019278277133076414 0.0)
(9.863077768253396 -0.01887731345300898 0.0)
(9.662476690068853 -0.018211324948344904 0.0)
(9.37448915758213 -0.017286089713312965 0.0)
(8.999597092507814 -0.016110722942702365 0.0)
(8.538216695284696 -0.014699447257431213 0.0)
(7.992075948303372 -0.013111657262261621 0.0)
(7.370621892929564 -0.011425519384393299 0.0)
(6.65882833172257 -0.00898813655188267 0.0)
(5.827544491575856 -0.005073909893552144 0.0)
(4.882606808530075 -0.0009990811864905292 0.0)
(3.830774186467838 0.001211503259623055 0.0)
(2.660796201345032 0.0012438667249340526 0.0)
(1.3804370027231685 0.0004505503378658408 0.0)
(0.0247604330902628 3.8782344767605946e-05 0.0)
(-0.024787853138127813 3.872697194842493e-05 0.0)
(1.1972399333693056 0.00044969260331309384 0.0)
(2.3167861009402757 0.0012399474559275918 0.0)
(3.369029834863235 0.0012011976876369498 0.0)
(4.3620464045358105 -0.0010189005373078507 0.0)
(5.2846098456821755 -0.005105227905641823 0.0)
(6.142189196533558 -0.009028983434135046 0.0)
(6.940382482592154 -0.011468576560092635 0.0)
(7.652097750962975 -0.013151836554510405 0.0)
(8.26176193993435 -0.014736736219744712 0.0)
(8.778159521149645 -0.016145338493602716 0.0)
(9.203275521446704 -0.017318147111728657 0.0)
(9.537514969698009 -0.018241213671455724 0.0)
(9.781362231097777 -0.01890556194359968 0.0)
(9.93537404494924 -0.019305507986662175 0.0)
(10.000000000000005 -0.01943924528040607 0.0)
(9.975737066161862 -0.019305507986663896 0.0)
(9.863082213346681 -0.018905561943603096 0.0)
(9.662485030301992 -0.01824121367145983 0.0)
(9.374502256331063 -0.017318147111734666 0.0)
(8.999618256628139 -0.016145338493609242 0.0)
(8.538238060065636 -0.014736736219753105 0.0)
(7.992346693481472 -0.013151836554519857 0.0)
(7.370728628518982 -0.011468576560100944 0.0)
(6.657810803466449 -0.009028983434142957 0.0)
(5.826501265428915 -0.005105227905649732 0.0)
(4.882398039908624 -0.0010189005373124622 0.0)
(3.830970165136753 0.0012011976876352382 0.0)
(2.660991676837507 0.0012399474559271315 0.0)
(1.3805378444084877 0.0004496926033128789 0.0)
(0.024787853138128684 3.872697194840459e-05 0.0)
(-0.024813727939702615 3.8665200857985426e-05 0.0)
(1.1971435694246977 0.00044876781512685423 0.0)
(2.316586079923774 0.0012359009031852814 0.0)
(3.3687786427202737 0.00119100670438572 0.0)
(4.3621140279221216 -0.001037892189488166 0.0)
(5.285545792339435 -0.0051350711500582165 0.0)
(6.143331704381527 -0.009068728131597944 0.0)
(6.9404552327010665 -0.01151164866155512 0.0)
(7.651857537150599 -0.013192613807651002 0.0)
(8.261748258374807 -0.014774741971272848 0.0)
(8.778149153652883 -0.016180750697888928 0.0)
(9.20326822905391 -0.017351044716210334 0.0)
(9.537510290485885 -0.018271961920242052 0.0)
(9.781359830365401 -0.018934675872903796 0.0)
(9.935372788407147 -0.019333605762445763 0.0)
(10.000000000000005 -0.019466998270786778 0.0)
(9.975738322703956 -0.01933360576244749 0.0)
(9.863084614079057 -0.01893467587290724 0.0)
(9.662489709514116 -0.018271961920246195 0.0)
(9.374509548723857 -0.017351044716216398 0.0)
(8.9996286241249 -0.016180750697895516 0.0)
(8.53825174162518 -0.014774741971281313 0.0)
(7.992586907293847 -0.013192613807660541 0.0)
(7.370655878410069 -0.01151164866156353 0.0)
(6.656668295618477 -0.009068728131605945 0.0)
(5.825565318771654 -0.005135071150066193 0.0)
(4.882330416522314 -0.0010378921894928204 0.0)
(3.831221357279715 0.0011910067043839842 0.0)
(2.6611916978540098 0.001235900903184811 0.0)
(1.3806342083530958 0.0004487678151266369 0.0)
(0.02481372793970355 3.866520085796491e-05 0.0)
(-0.024836920603541826 3.859974560501448e-05 0.0)
(1.1970559172762343 0.00044781660680838573 0.0)
(2.3163903019407814 0.0012319048648321087 0.0)
(3.3684832740264836 0.0011813780830312328 0.0)
(4.362037534825411 -0.001055221684574355 0.0)
(5.28633333572316 -0.005162128369230507 0.0)
(6.144548992116667 -0.009105624334967906 0.0)
(6.940704272001618 -0.011552843179432474 0.0)
(7.651658409259406 -0.013232197343770938 0.0)
(8.261742861179355 -0.01481179460881472 0.0)
(8.778150038308524 -0.016215403608082997 0.0)
(9.203267063431653 -0.017383337066195586 0.0)
(9.537509477890799 -0.018302218672900467 0.0)
(9.781359579477725 -0.018963376028126755 0.0)
(9.935372519256749 -0.01936133589556096 0.0)
(10.000000000000005 -0.01949439831576893 0.0)
(9.975738591854354 -0.0193613358955627 0.0)
(9.863084864966734 -0.01896337602813022 0.0)
(9.662490522109202 -0.018302218672904644 0.0)
(9.374510714346114 -0.017383337066201692 0.0)
(8.99962773946926 -0.01621540360808964 0.0)
(8.538257138820631 -0.014811794608823255 0.0)
(7.992786035185042 -0.013232197343780557 0.0)
(7.370406839109517 -0.011552843179440967 0.0)
(6.655451007883334 -0.009105624334975979 0.0)
(5.824777775387926 -0.005162128369238537 0.0)
(4.882406909619025 -0.0010552216845790446 0.0)
(3.831516725973506 0.0011813780830294766 0.0)
(2.6613874758370026 0.0012319048648316297 0.0)
(1.3807218605015594 0.000447816606808166 0.0)
(0.024836920603542794 3.859974560499381e-05 0.0)
(-0.024856412086426118 3.8533482173580656e-05 0.0)
(1.1969808281989636 0.00044688077271101527 0.0)
(2.3162073691177056 0.0012281349194827671 0.0)
(3.3681567067419085 0.0011727348875807402 0.0)
(4.361820286212407 -0.0010701275962557459 0.0)
(5.286937872617841 -0.005185210718448049 0.0)
(6.14578757434286 -0.009138050892568547 0.0)
(6.941118658162545 -0.011590350101972404 0.0)
(7.651509116604639 -0.013268847934709132 0.0)
(8.261745985490892 -0.014846266107262626 0.0)
(8.778162136246419 -0.016247774638706705 0.0)
(9.203272075795242 -0.017413605294903236 0.0)
(9.53751256761669 -0.018330654503072336 0.0)
(9.781361489458293 -0.0189904013769535 0.0)
(9.935373249324023 -0.01938747997468953 0.0)
(10.000000000000005 -0.01952024150750298 0.0)
(9.97573786178708 -0.019387479974691285 0.0)
(9.863082954986165 -0.01899040137695698 0.0)
(9.662487432383312 -0.01833065450307654 0.0)
(9.374505701982525 -0.017413605294909377 0.0)
(8.999615641531364 -0.016247774638713398 0.0)
(8.538254014509095 -0.014846266107271217 0.0)
(7.992935327839809 -0.013268847934718817 0.0)
(7.369992452948587 -0.011590350101980966 0.0)
(6.654212425657138 -0.00913805089257668 0.0)
(5.824173238493246 -0.005185210718456119 0.0)
(4.882624158232029 -0.001070127596260462 0.0)
(3.831843293258082 0.001172734887578967 0.0)
(2.661570408660079 0.0012281349194822803 0.0)
(1.3807969495788301 0.0004468807727107936 0.0)
(0.02485641208642712 3.853348217355981e-05 0.0)
(-0.02487134596825622 3.8469322057635626e-05 0.0)
(1.1969216014695694 0.0004460014316729214 0.0)
(2.316045319188126 0.0012247567116389867 0.0)
(3.367813289635594 0.0011654568842300568 0.0)
(4.361471827589723 -0.0010819549860426538 0.0)
(5.287332840778294 -0.005203304001514188 0.0)
(6.14699303002301 -0.009164583040781606 0.0)
(6.941680183814037 -0.01162252144361548 0.0)
(7.651416218832425 -0.013300955220550118 0.0)
(8.261757494032882 -0.014876641852038585 0.0)
(8.778184915905308 -0.016276441465895568 0.0)
(9.203283045910593 -0.017440519471738036 0.0)
(9.537519423906653 -0.01835601999240178 0.0)
(9.781365476386055 -0.01901456447499806 0.0)
(9.935374946531148 -0.019410889276823808 0.0)
(10.000000000000005 -0.01954339234342291 0.0)
(9.975736164579954 -0.01941088927682557 0.0)
(9.863078968058403 -0.01901456447500156 0.0)
(9.662480576093346 -0.018356019992406006 0.0)
(9.374494731867173 -0.017440519471744204 0.0)
(8.999592861872475 -0.016276441465902302 0.0)
(8.538242505967105 -0.01487664185204722 0.0)
(7.993028225612023 -0.013300955220559855 0.0)
(7.369430927297094 -0.011622521443624094 0.0)
(6.653006969976985 -0.009164583040789777 0.0)
(5.8237782703327925 -0.00520330400152228 0.0)
(4.882972616854715 -0.001081954986047385 0.0)
(3.832186710364397 0.001165456884228272 0.0)
(2.6617324585896585 0.0012247567116384934 0.0)
(1.3808561763082245 0.0004460014316726979 0.0)
(0.024871345968257238 3.8469322057614634e-05 0.0)
(-0.02488106608158528 3.8410084335296396e-05 0.0)
(1.1968808394021888 0.0004452172203306088 0.0)
(2.315911272329487 0.001221918673573166 0.0)
(3.3674681118269287 0.0011598638551316817 0.0)
(4.361007469591751 -0.0010901841800654388 0.0)
(5.287500886026122 -0.005215613232671722 0.0)
(6.148112393639849 -0.009184055005553799 0.0)
(6.942364176546247 -0.01164794365446571 0.0)
(7.651383797700925 -0.01332710846589267 0.0)
(8.261776881141046 -0.014901587188488 0.0)
(8.778217376388655 -0.016300144521707402 0.0)
(9.203299491770904 -0.017462897037007954 0.0)
(9.537529745507856 -0.01837720062769252 0.0)
(9.781371365082697 -0.01903480363993751 0.0)
(9.93537753630595 -0.01943053524005412 0.0)
(10.000000000000005 -0.01956283361815166 0.0)
(9.975733574805153 -0.019430535240055884 0.0)
(9.863073079361762 -0.019034803639941016 0.0)
(9.662470254492145 -0.01837720062769676 0.0)
(9.37447828600686 -0.017462897037014143 0.0)
(8.999560401389129 -0.01630014452171415 0.0)
(8.53822311885894 -0.014901587188496664 0.0)
(7.993060646743523 -0.013327108465902439 0.0)
(7.36874693456488 -0.011647943654474356 0.0)
(6.651887606360145 -0.009184055005561987 0.0)
(5.823610225084965 -0.00521561323267982 0.0)
(4.88343697485269 -0.0010901841800701753 0.0)
(3.8325318881730635 0.0011598638551298904 0.0)
(2.6618665054482977 0.0012219186735726684 0.0)
(1.3808969383756051 0.0004452172203303839 0.0)
(0.024881066081586304 3.841008433527528e-05 0.0)
(-0.024885145342416072 3.8358371803710196e-05 0.0)
(1.1968603330074907 0.00044456259549578475 0.0)
(2.3158111183155246 0.0012197455034858738 0.0)
(3.3671363397973395 0.001156201547752039 0.0)
(4.360447615259402 -0.001094453602593626 0.0)
(5.287434624760566 -0.005221597566822692 0.0)
(6.149096482403872 -0.009195611224375984 0.0)
(6.943140582969854 -0.011665499729086959 0.0)
(7.651413277735343 -0.013346158544982443 0.0)
(8.261803294981318 -0.014920006064163483 0.0)
(8.778258091442204 -0.01631784233723333 0.0)
(9.203320690775163 -0.017479754761433635 0.0)
(9.53754307890802 -0.018393265770578753 0.0)
(9.781378896809663 -0.019050229599890896 0.0)
(9.93538090485846 -0.0194455546566974 0.0)
(10.000000000000005 -0.01957771111764445 0.0)
(9.975730206252642 -0.01944555465669917 0.0)
(9.863065547634795 -0.01905022959989441 0.0)
(9.66245692109198 -0.018393265770583 0.0)
(9.374457087002604 -0.01747975476143983 0.0)
(8.99951968633558 -0.016317842337240093 0.0)
(8.538196705018668 -0.01492000606417216 0.0)
(7.9930311667091045 -0.013346158544992222 0.0)
(7.367970528141273 -0.011665499729095615 0.0)
(6.650903517596119 -0.009195611224384169 0.0)
(5.823676486350522 -0.005221597566830779 0.0)
(4.8839968291850395 -0.0010944536025983556 0.0)
(3.832863660202653 0.0011562015477502472 0.0)
(2.6619666594622604 0.0012197455034853736 0.0)
(1.380917444770303 0.00044456259549555886 0.0)
(0.024885145342417075 3.8358371803688986e-05 0.0)
(-0.02488340451549048 3.8316456616909536e-05 0.0)
(1.1968609832989427 0.00044406632018608914 0.0)
(2.315749257730386 0.0012183326864950428 0.0)
(3.3668325510028474 0.0011546308771773891 0.0)
(4.359816863567817 -0.0010945756630120138 0.0)
(5.2871369683804135 -0.005220994063272535 0.0)
(6.149902057255127 -0.009198743938134623 0.0)
(6.943975289206998 -0.011674418285678301 0.0)
(7.651503363636899 -0.013357268432195363 0.0)
(8.26183557497788 -0.014931089187364237 0.0)
(8.778305272120992 -0.016328757302836394 0.0)
(9.203345711477903 -0.01749035194744414 0.0)
(9.537558838261935 -0.018403509548072405 0.0)
(9.78138774063665 -0.019060164566398877 0.0)
(9.935384904180644 -0.019455287601063596 0.0)
(10.000000000000005 -0.019587371151791187 0.0)
(9.975726206930458 -0.019455287601065366 0.0)
(9.863056703807809 -0.01906016456640239 0.0)
(9.662441161738064 -0.018403509548076652 0.0)
(9.374432066299864 -0.017490351947450345 0.0)
(8.999472505656792 -0.016328757302843156 0.0)
(8.538164425022106 -0.014931089187372907 0.0)
(7.992941080807548 -0.013357268432205138 0.0)
(7.367135821904126 -0.01167441828568694 0.0)
(6.650097942744864 -0.00919874393814278 0.0)
(5.823974142730678 -0.005220994063280593 0.0)
(4.884627580876627 -0.0010945756630167255 0.0)
(3.833167448997146 0.0011546308771756026 0.0)
(2.6620285200473988 0.0012183326864945426 0.0)
(1.380916794478851 0.0004440663201858627 0.0)
(0.024883404515491456 3.831645661688826e-05 0.0)
(-0.024875920089558863 3.828618045152075e-05 0.0)
(1.1968827617039282 0.0004437501998307198 0.0)
(2.315728408615012 0.001217742299194575 0.0)
(3.366570093367316 0.0011552208557993205 0.0)
(4.359142928592394 -0.0010905449982091218 0.0)
(5.28662099536246 -0.005213829238863166 0.0)
(6.150493722708407 -0.009193315501118298 0.0)
(6.94483161979267 -0.011674307459179146 0.0)
(7.651650097195887 -0.013359949979412264 0.0)
(8.261872302806736 -0.014934349585932823 0.0)
(8.778356845392304 -0.01633240983489636 0.0)
(9.20337345451522 -0.017494222974073183 0.0)
(9.537576331132424 -0.01840748186733087 0.0)
(9.781397507982076 -0.019064172015208602 0.0)
(9.935389358549603 -0.019459306425383162 0.0)
(10.000000000000005 -0.019591389276364 0.0)
(9.9757217525615 -0.01945930642538493 0.0)
(9.863046936462382 -0.019064172015212103 0.0)
(9.662423668867577 -0.018407481867335103 0.0)
(9.374404323262548 -0.017494222974079373 0.0)
(8.99942093238548 -0.0163324098349031 0.0)
(8.53812769719325 -0.014934349585941472 0.0)
(7.99279434724856 -0.013359949979422015 0.0)
(7.366279491318451 -0.01167430745918775 0.0)
(6.649506277291583 -0.009193315501126407 0.0)
(5.824490115748633 -0.005213829238871179 0.0)
(4.885301515852051 -0.0010905449982138054 0.0)
(3.833429906632678 0.0011552208557975448 0.0)
(2.662049369162773 0.001217742299194077 0.0)
(1.3808950160738656 0.0004437501998304934 0.0)
(0.024875920089559796 3.8286180451499445e-05 0.0)
(-0.024863020916604285 3.826887358686237e-05 0.0)
(1.196924711319174 0.0004436281241797659 0.0)
(2.315749487041389 0.0012180002821223699 0.0)
(3.366360498799098 0.001157945561036522 0.0)
(4.3584554218030265 -0.0010825387082224964 0.0)
(5.28590937661717 -0.005200417902871456 0.0)
(6.150845482066116 -0.00917956442891846 0.0)
(6.945671949127551 -0.01166517211910312 0.0)
(7.651847031208166 -0.013354085364354189 0.0)
(8.26191186471428 -0.014929644003920862 0.0)
(8.77841054522095 -0.01632863944783662 0.0)
(9.203402700908807 -0.017491197755492526 0.0)
(9.537594788914756 -0.018405008191913083 0.0)
(9.781407769686654 -0.01906207586635078 0.0)
(9.935394072248512 -0.019457434549867737 0.0)
(10.000000000000005 -0.019589588942320105 0.0)
(9.97571703886259 -0.0194574345498695 0.0)
(9.863036674757804 -0.019062075866354274 0.0)
(9.662405211085243 -0.018405008191917302 0.0)
(9.374375076868958 -0.017491197755498688 0.0)
(8.999367232556832 -0.016328639447843334 0.0)
(8.538088135285706 -0.014929644003929474 0.0)
(7.99259741323628 -0.013354085364363891 0.0)
(7.365439161983569 -0.011665172119111665 0.0)
(6.649154517933874 -0.009179564428926501 0.0)
(5.825201734493926 -0.00520041790287941 0.0)
(4.885989022641421 -0.001082538708227143 0.0)
(3.833639501200896 0.0011579455610347615 0.0)
(2.6620282907363957 0.001218000282121876 0.0)
(1.3808530664586192 0.00044362812417954 0.0)
(0.024863020916605163 3.826887358684108e-05 0.0)
(-0.024845273762688004 3.8265296454905445e-05 0.0)
(1.1969849889553317 0.0004437054570139994 0.0)
(2.315811566862024 0.0012190952999805466 0.0)
(3.3662129765000786 0.0011626852743255776 0.0)
(4.35778455099028 -0.0010709085747870554 0.0)
(5.28503337937034 -0.005181349324865536 0.0)
(6.150941879665603 -0.009158094918490694 0.0)
(6.9464593546780025 -0.011647413655580524 0.0)
(7.652085512753517 -0.013339932267477773 0.0)
(8.26195252242267 -0.014917179195993346 0.0)
(8.778464012134702 -0.016317611805566866 0.0)
(9.203432165625639 -0.017481409214272114 0.0)
(9.537613400607746 -0.018396197210591443 0.0)
(9.78141807486986 -0.019053968220771433 0.0)
(9.935398838166066 -0.01944975422130297 0.0)
(10.000000000000005 -0.019582049253043774 0.0)
(9.975712272945037 -0.019449754221304724 0.0)
(9.863026369574598 -0.019053968220774913 0.0)
(9.662386599392253 -0.018396197210595634 0.0)
(9.374345612152128 -0.01748140921427824 0.0)
(8.99931376564308 -0.016317611805573538 0.0)
(8.538047477577317 -0.014917179196001905 0.0)
(7.992358931690928 -0.013339932267487413 0.0)
(7.3646517564331155 -0.011647413655588997 0.0)
(6.649058120334388 -0.009158094918498652 0.0)
(5.8260777317407575 -0.005181349324873421 0.0)
(4.886659893454169 -0.0010709085747916578 0.0)
(3.8337870234999154 0.0011626852743238374 0.0)
(2.6619662109157605 0.0012190952999800585 0.0)
(1.3807927888224616 0.0004437054570137744 0.0)
(0.024845273762688812 3.8265296454884194e-05 0.0)
(-0.024823458405285596 3.827560622828399e-05 0.0)
(1.1970609461233428 0.00044397880047016025 0.0)
(2.3159119204031704 0.0012209792396876953 0.0)
(3.3661340083301923 0.0011692317413356267 0.0)
(4.357159792990342 -0.0010561656046892257 0.0)
(5.284031493338406 -0.00515746134327801 0.0)
(6.150778679972701 -0.009129850300845838 0.0)
(6.947159239284658 -0.01162181234301036 0.0)
(7.652355063389127 -0.01331811254996741 0.0)
(8.26199248950658 -0.014897502843006886 0.0)
(8.778514896895183 -0.016299811442513926 0.0)
(9.20346055403996 -0.017465287441005544 0.0)
(9.537631348447654 -0.018381436061765982 0.0)
(9.781427970740793 -0.0190402053135848 0.0)
(9.935403446896565 -0.019436602899275228 0.0)
(10.000000000000005 -0.019569101488688335 0.0)
(9.975707664214537 -0.01943660289927697 0.0)
(9.863016473703665 -0.01904020531358826 0.0)
(9.662368651552347 -0.018381436061770146 0.0)
(9.374317223737807 -0.01746528744101163 0.0)
(8.999262880882599 -0.016299811442520542 0.0)
(8.538007510493406 -0.014897502843015383 0.0)
(7.992089381055318 -0.013318112549976977 0.0)
(7.363951871826459 -0.011621812343018742 0.0)
(6.649221320027292 -0.009129850300853703 0.0)
(5.827079617772695 -0.005157461343285814 0.0)
(4.887284651454108 -0.0010561656046937783 0.0)
(3.8338659916698017 0.00116923174133391 0.0)
(2.6618658573746137 0.0012209792396872146 0.0)
(1.3807168316544502 0.00044397880046993674 0.0)
(0.024823458405286335 3.827560622826282e-05 0.0)
(-0.02479853337129126 3.829934991441697e-05 0.0)
(1.1971492454042045 0.0004444361443368527 0.0)
(2.316046138313822 0.0012235693243796539 0.0)
(3.366127064006356 0.001177297322282671 0.0)
(4.35660859852677 -0.0010389575770636031 0.0)
(5.282947739560711 -0.0051298035523180035 0.0)
(6.150363053683349 -0.009096071592811143 0.0)
(6.947740851298302 -0.011589493056230677 0.0)
(7.652643839553195 -0.01328958493029246 0.0)
(8.26203000988546 -0.01487147948791484 0.0)
(8.77856096371911 -0.01627602047406549 0.0)
(9.203486618816779 -0.017443540796916204 0.0)
(9.537647843839224 -0.018361373323311336 0.0)
(9.781437022492991 -0.01902139186175414 0.0)
(9.935407695940823 -0.01941855842881475 0.0)
(10.000000000000005 -0.019551314550332304 0.0)
(9.97570341517028 -0.019418558428816478 0.0)
(9.863007421951467 -0.019021391861757577 0.0)
(9.662352156160775 -0.018361373323315465 0.0)
(9.374291158960988 -0.01744354079692224 0.0)
(8.999216814058672 -0.01627602047407205 0.0)
(8.537969990114524 -0.014871479487923264 0.0)
(7.991800604891249 -0.013289584930301943 0.0)
(7.363370259812815 -0.011589493056238959 0.0)
(6.649636946316646 -0.009096071592818902 0.0)
(5.828163371550392 -0.005129803552325723 0.0)
(4.887835845917682 -0.0010389575770681028 0.0)
(3.833872935993638 0.0011772973222809798 0.0)
(2.661731639463962 0.0012235693243791822 0.0)
(1.380628532373588 0.000444436144336631 0.0)
(0.024798533371291922 3.8299349914395894e-05 0.0)
(-0.02477159382109964 3.833548425917352e-05 0.0)
(1.1972460070890552 0.000445057393761261 0.0)
(2.3162083233045285 0.0012267517504734842 0.0)
(3.366192448649454 0.0011865276302954605 0.0)
(4.356155186075909 -0.0010200405811628616 0.0)
(5.2818297361955775 -0.005099591184721802 0.0)
(6.149713262656336 -0.009058242969021245 0.0)
(6.948178635751083 -0.01155187584557611 0.0)
(7.652939152949376 -0.01325560285987164 0.0)
(8.262063434982508 -0.014840252549331565 0.0)
(8.778600188514517 -0.016247284231850852 0.0)
(9.203509214717487 -0.01741712478976101 0.0)
(9.537662162005134 -0.01833689051525146 0.0)
(9.78144483240902 -0.018998354493934645 0.0)
(9.935411398603609 -0.019396413650942135 0.0)
(10.000000000000005 -0.019529469963506765 0.0)
(9.975699712507494 -0.019396413650943856 0.0)
(9.862999612035438 -0.018998354493938056 0.0)
(9.662337837994867 -0.018336890515255555 0.0)
(9.374268563060278 -0.017417124789766997 0.0)
(8.999177589263267 -0.016247284231857343 0.0)
(8.537936565017478 -0.014840252549339912 0.0)
(7.991505291495067 -0.013255602859881026 0.0)
(7.362932475360032 -0.011551875845584288 0.0)
(6.650286737343661 -0.009058242969028902 0.0)
(5.82928137491553 -0.005099591184729438 0.0)
(4.888289258368543 -0.001020040581167307 0.0)
(3.833807551350539 0.0011865276302937963 0.0)
(2.661569454473254 0.0012267517504730226 0.0)
(1.3805317706887372 0.0004450573937610414 0.0)
(0.024771593821100234 3.833548425915258e-05 0.0)
(-0.024743823429261652 3.838242158555097e-05 0.0)
(1.1973469796464826 0.0004458152521802206 0.0)
(2.3163913492635086 0.001230386687988707 0.0)
(3.366327289377887 0.0011965171025262841 0.0)
(4.355819477751356 -0.0010002457951792131 0.0)
(5.280726606265538 -0.005068151716649617 0.0)
(6.148857857520629 -0.00901802654999997 0.0)
(6.948453357195053 -0.011510613542464082 0.0)
(7.653228028047299 -0.013217659448710789 0.0)
(8.262091296160104 -0.014805194081810344 0.0)
(8.77863084781565 -0.016214865333781442 0.0)
(9.203527348919547 -0.017387200090567653 0.0)
(9.537673673831362 -0.01830906336738248 0.0)
(9.78145105733546 -0.018972105429922635 0.0)
(9.935414392196694 -0.019371141566684395 0.0)
(10.000000000000005 -0.019504527539393284 0.0)
(9.975696718914408 -0.019371141566686095 0.0)
(9.862993387108999 -0.018972105429926018 0.0)
(9.662326326168637 -0.018309063367386524 0.0)
(9.374250428858218 -0.017387200090573585 0.0)
(8.999146929962132 -0.01621486533378787 0.0)
(8.537908703839882 -0.014805194081818608 0.0)
(7.991216416397143 -0.013217659448720085 0.0)
(7.3626577539160625 -0.011510613542472152 0.0)
(6.651142142479371 -0.009018026550007519 0.0)
(5.830384504845572 -0.005068151716657172 0.0)
(4.888624966693095 -0.0010002457951836065 0.0)
(3.8336727106221056 0.0011965171025246476 0.0)
(2.6613864285142736 0.0012303866879882558 0.0)
(1.3804307981313095 0.0004458152521800033 0.0)
(0.02474382342926217 3.838242158553018e-05 0.0)
(-0.024716442375990147 3.843809955329769e-05 0.0)
(1.1974477265270378 0.000446676420681265 0.0)
(2.3165871743649604 0.0012343144244208336 0.0)
(3.366525661536732 0.0012068268198405434 0.0)
(4.355616223962732 -0.0009804429657952422 0.0)
(5.2796868192816 -0.005036866540811661 0.0)
(6.147834423212972 -0.008977189371625246 0.0)
(6.94855294487255 -0.01146751913700608 0.0)
(7.653497772203646 -0.013177421860880818 0.0)
(8.262112369249076 -0.014767844490276405 0.0)
(8.77865159450891 -0.016180188206929742 0.0)
(9.203540224639294 -0.01735508153587299 0.0)
(9.53768187350933 -0.018279114553673412 0.0)
(9.781455423760429 -0.018943798005569494 0.0)
(9.935416545187076 -0.01934385258518983 0.0)
(10.000000000000005 -0.019477583202476532 0.0)
(9.975694565924028 -0.019343852585191522 0.0)
(9.86298902068403 -0.01894379800557285 0.0)
(9.662318126490671 -0.018279114553677422 0.0)
(9.374237553138473 -0.017355081535878867 0.0)
(8.999126183268872 -0.016180188206936102 0.0)
(8.537887630750909 -0.014767844490284586 0.0)
(7.9909466722407965 -0.013177421860890017 0.0)
(7.362558166238566 -0.011467519137014047 0.0)
(6.652165576787032 -0.008977189371632695 0.0)
(5.831424291829512 -0.0050368665408191396 0.0)
(4.88882822048172 -0.0009804429657995866 0.0)
(3.83347433846326 0.0012068268198389325 0.0)
(2.6611906034128214 0.0012343144244203927 0.0)
(1.3803300512507541 0.0004466764206810502 0.0)
(0.024716442375990594 3.8438099553277074e-05 0.0)
(-0.024690653734673662 3.850007177437088e-05 0.0)
(1.1975438210971001 0.0004476030610959217 0.0)
(2.3167871944121785 0.0012383623822166273 0.0)
(3.36677884901624 0.0012170037921205431 0.0)
(4.355554355309666 -0.0009615021931058278 0.0)
(5.278756061581601 -0.005007110270599641 0.0)
(6.146687927564523 -0.008937525744805353 0.0)
(6.948473023083217 -0.011424486118538949 0.0)
(7.653736533353668 -0.013136658062378381 0.0)
(8.26212572833645 -0.0147298448474526 0.0)
(8.778661517022549 -0.016144776500809595 0.0)
(9.20354727614116 -0.01732218035621107 0.0)
(9.537686400760185 -0.018248359970208843 0.0)
(9.781457739831204 -0.018914675997314327 0.0)
(9.935417762976293 -0.019315745734381537 0.0)
(10.000000000000005 -0.01944982083762736 0.0)
(9.97569334813481 -0.019315745734383216 0.0)
(9.862986704613254 -0.01891467599731766 0.0)
(9.662313599239816 -0.01824835997021281 0.0)
(9.374230501636607 -0.0173221803562169 0.0)
(8.999116260755233 -0.016144776500815892 0.0)
(8.537874271663537 -0.014729844847460708 0.0)
(7.990707911090773 -0.013136658062387493 0.0)
(7.3626380880279 -0.011424486118546818 0.0)
(6.653312072435484 -0.008937525744812715 0.0)
(5.832355049529513 -0.005007110270607054 0.0)
(4.888890089134786 -0.0009615021931101296 0.0)
(3.833221150983751 0.0012170037921189565 0.0)
(2.660990583365603 0.0012383623822161964 0.0)
(1.3802339566806916 0.00044760306109570925 0.0)
(0.024690653734674054 3.850007177435043e-05 0.0)
(-0.024667590611032658 3.856561530275153e-05 0.0)
(1.1976310411370612 0.00044855445853961143 0.0)
(2.3169826208902142 0.0012423527015160707 0.0)
(3.367075727221756 0.001226600861822546 0.0)
(4.355636590187587 -0.0009442557000117785 0.0)
(5.277975228956105 -0.004980190342089117 0.0)
(6.14546874549662 -0.008900778416740208 0.0)
(6.9482171034442635 -0.01138340527916745 0.0)
(7.653933820769236 -0.013097159139934417 0.0)
(8.262130786448362 -0.014692864788126227 0.0)
(8.778660179379472 -0.01611018614100404 0.0)
(9.203548193595049 -0.017289942169225237 0.0)
(9.537687056664808 -0.018218150917122276 0.0)
(9.78145790378387 -0.018886018972922657 0.0)
(9.935417992056918 -0.019288055977863997 0.0)
(10.000000000000005 -0.019422460272367433 0.0)
(9.975693119054187 -0.01928805597786567 0.0)
(9.862986540660588 -0.01888601897292597 0.0)
(9.662312943335193 -0.018218150917126218 0.0)
(9.374229584182716 -0.017289942169231024 0.0)
(8.999117598398312 -0.016110186141010282 0.0)
(8.537869213551623 -0.01469286478813427 0.0)
(7.990510623675205 -0.01309715913994345 0.0)
(7.3628940076668545 -0.011383405279175232 0.0)
(6.6545312545033894 -0.008900778416747494 0.0)
(5.833135882155009 -0.004980190342096476 0.0)
(4.888807854256863 -0.0009442557000160453 0.0)
(3.8329242727782344 0.0012266008618209802 0.0)
(2.6607951568875667 0.0012423527015156485 0.0)
(1.3801467366407303 0.00044855445853940126 0.0)
(0.02466759061103301 3.856561530273125e-05 0.0)
(-0.024648266356527122 3.8631850275711096e-05 0.0)
(1.1977055543579298 0.0004494888103491907 0.0)
(2.317164867117145 0.0012461100549892286 0.0)
(3.367403251868052 0.0012351963512611886 0.0)
(4.355859315346406 -0.0009294612658680796 0.0)
(5.277378629762186 -0.004957289567690222 0.0)
(6.144230445638898 -0.008868561997797656 0.0)
(6.947796430596434 -0.011346081635818293 0.0)
(7.654080966002236 -0.013060660603939874 0.0)
(8.262127321340632 -0.014658529148450984 0.0)
(8.778647640353265 -0.01607793696464166 0.0)
(9.20354293668972 -0.017259783461873544 0.0)
(9.53768381240395 -0.01818981472494044 0.0)
(9.78145590841465 -0.01885908606961971 0.0)
(9.935417222363563 -0.019261999952881623 0.0)
(10.000000000000005 -0.019396703679879532 0.0)
(9.97569388874754 -0.01926199995288328 0.0)
(9.862988536029809 -0.018859086069623002 0.0)
(9.662316187596051 -0.018189814724944353 0.0)
(9.374234841088045 -0.017259783461879296 0.0)
(8.999130137424517 -0.016077936964647852 0.0)
(8.537872678659355 -0.014658529148458967 0.0)
(7.990363478442205 -0.013060660603948844 0.0)
(7.363314680514686 -0.011346081635826006 0.0)
(6.6557695543611155 -0.008868561997804883 0.0)
(5.833732481348929 -0.004957289567697541 0.0)
(4.888585129098044 -0.0009294612658723204 0.0)
(3.8325967481319374 0.0012351963512596388 0.0)
(2.6606129106606353 0.0012461100549888142 0.0)
(1.3800722234198617 0.0004494888103489827 0.0)
(0.024648266356527445 3.8631850275691e-05 0.0)
(-0.024633530043547312 3.8695866449711215e-05 0.0)
(1.1977640867850987 0.0004503650628154951 0.0)
(2.3173259255271703 0.0012494693513983742 0.0)
(3.36774703212136 0.0012424125903555397 0.0)
(4.356212744650106 -0.0009177689310453524 0.0)
(5.276992477476975 -0.00493941416553426 0.0)
(6.143027436621696 -0.008842292018487753 0.0)
(6.947229488135062 -0.011314155121098563 0.0)
(7.654171503760324 -0.013028766133294173 0.0)
(8.26211548526375 -0.014628346573618917 0.0)
(8.778624450885804 -0.016049445941533617 0.0)
(9.203531736403974 -0.017233029352583234 0.0)
(9.537676810524497 -0.018164596434108206 0.0)
(9.781451841396413 -0.018835060669904265 0.0)
(9.93541548771515 -0.019238722513503975 0.0)
(10.000000000000005 -0.019373682757717215 0.0)
(9.975695623395952 -0.019238722513505627 0.0)
(9.862992603048045 -0.018835060669907543 0.0)
(9.662323189475504 -0.0181645964341121 0.0)
(9.374246041373791 -0.01723302935258896 0.0)
(8.999153326891978 -0.01604944594153977 0.0)
(8.537884514736234 -0.014628346573626858 0.0)
(7.990272940684116 -0.013028766133303091 0.0)
(7.36388162297606 -0.011314155121106223 0.0)
(6.65697256337832 -0.008842292018494942 0.0)
(5.83411863363414 -0.004939414165541558 0.0)
(4.888231699794342 -0.0009177689310495782 0.0)
(3.832252967878629 0.0012424125903540016 0.0)
(2.6604518522506098 0.0012494693513979663 0.0)
(1.3800136909926926 0.0004503650628152888 0.0)
(0.024633530043547614 3.869586644969125e-05 0.0)
(-0.024624029158726232 3.875485107118058e-05 0.0)
(1.1978040666108005 0.00045114471500821377 0.0)
(2.317458719508401 0.0012522829894049496 0.0)
(3.368091962906277 0.0012479325107615305 0.0)
(4.356681349061666 -0.000909692435345186 0.0)
(5.27683373892544 -0.0049273495480898445 0.0)
(6.14191257646039 -0.008823122733641811 0.0)
(6.946541186474709 -0.011289028527657142 0.0)
(7.654201455980045 -0.0130028771126882 0.0)
(8.262095798273288 -0.014603643230750692 0.0)
(8.778591629879864 -0.01602596491511242 0.0)
(9.203515084857878 -0.017210855367971265 0.0)
(9.537666358676223 -0.018143604090189183 0.0)
(9.781445881426503 -0.018814998405886595 0.0)
(9.935412864328958 -0.019219246427832452 0.0)
(10.000000000000005 -0.019354409003084713 0.0)
(9.975698246782144 -0.019219246427834097 0.0)
(9.862998563017955 -0.01881499840588986 0.0)
(9.662333641323777 -0.018143604090193055 0.0)
(9.374262692919888 -0.01721085536797697 0.0)
(8.99918614789792 -0.01602596491511855 0.0)
(8.537904201726699 -0.014603643230758606 0.0)
(7.990242988464396 -0.013002877112697084 0.0)
(7.364569924636415 -0.011289028527664774 0.0)
(6.6580874235396275 -0.008823122733648986 0.0)
(5.834277372185674 -0.0049273495480971355 0.0)
(4.88776309538278 -0.0009096924353494077 0.0)
(3.8319080370937106 0.0012479325107599985 0.0)
(2.6603190582693785 0.0012522829894045457 0.0)
(1.3799737111669907 0.0004511447150080089 0.0)
(0.024624029158726534 3.875485107116074e-05 0.0)
(-0.024620181153561543 3.8806212463761144e-05 0.0)
(1.1978237371946348 0.000451793510436332 0.0)
(2.317557414336242 0.0012544273429023502 0.0)
(3.368422888595147 0.001251513577274931 0.0)
(4.357244538960527 -0.0009055866452131142 0.0)
(5.2769093887891305 -0.004921625812575883 0.0)
(6.140934850070889 -0.00881189640656675 0.0)
(6.945761768331119 -0.011271805872042037 0.0)
(7.654169506615661 -0.012984131058324752 0.0)
(8.262069125379583 -0.014585504539538448 0.0)
(8.778550619430401 -0.016008525598721693 0.0)
(9.203493713689902 -0.017194235792355326 0.0)
(9.53765291609422 -0.01812776005837076 0.0)
(9.781438290375094 -0.018799780776744754 0.0)
(9.935409467471773 -0.01920442743944096 0.0)
(10.000000000000005 -0.019339729269500238 0.0)
(9.97570164363933 -0.019204427439442603 0.0)
(9.863006154069364 -0.01879978077674802 0.0)
(9.662347083905779 -0.01812776005837463 0.0)
(9.374284064087865 -0.017194235792361016 0.0)
(8.999227158347383 -0.016008525598727816 0.0)
(8.537930874620404 -0.014585504539546351 0.0)
(7.990274937828781 -0.012984131058333626 0.0)
(7.365349342780008 -0.011271805872049663 0.0)
(6.6590651499291305 -0.008811896406573929 0.0)
(5.834201722321983 -0.004921625812583188 0.0)
(4.887199905483918 -0.000905586645217343 0.0)
(3.83157711140484 0.0012515135772733991 0.0)
(2.6602203634415376 0.0012544273429019484 0.0)
(1.3799540405831567 0.00045179351043612813 0.0)
(0.02462018115356186 3.88062124637414e-05 0.0)
(-0.024622155102360453 3.884769390182594e-05 0.0)
(1.1978222342471339 0.00045228294221567595 0.0)
(2.3176176735405147 0.0012558081929208845 0.0)
(3.368725268918613 0.0012529984443845179 0.0)
(4.357877568812861 -0.0009056319615562095 0.0)
(5.277216103151433 -0.004922494449459586 0.0)
(6.140137216962046 -0.008809106301536257 0.0)
(6.944925479911615 -0.011263243886233022 0.0)
(7.654077059463791 -0.012973351637537626 0.0)
(8.26203663854079 -0.014574727480890254 0.0)
(8.778503221461538 -0.015997894244019324 0.0)
(9.20346856191007 -0.017183900859483323 0.0)
(9.53763707342095 -0.01811776049642521 0.0)
(9.781429401779096 -0.018790076417263372 0.0)
(9.935405446395286 -0.01919491666756884 0.0)
(10.000000000000005 -0.019330288557601685 0.0)
(9.975705664715816 -0.019194916667570484 0.0)
(9.863015042665362 -0.018790076417266637 0.0)
(9.66236292657905 -0.018117760496429082 0.0)
(9.374309215867697 -0.01718390085948902 0.0)
(8.999274556316246 -0.015997894244025448 0.0)
(8.537963361459195 -0.01457472748089816 0.0)
(7.990367384980651 -0.01297335163754651 0.0)
(7.366185631199514 -0.011263243886240662 0.0)
(6.659862783037974 -0.008809106301543466 0.0)
(5.833895007959678 -0.004922494449466921 0.0)
(4.886566875631582 -0.0009056319615604565 0.0)
(3.831274731081373 0.0012529984443829807 0.0)
(2.660160104237265 0.0012558081929204832 0.0)
(1.3799555435306574 0.0004522829422154725 0.0)
(0.024622155102360804 3.884769390180626e-05 0.0)
(-0.024629864273423986 3.887747276687454e-05 0.0)
(1.1977996238050619 0.0004525915056092514 0.0)
(2.3176368494420245 0.0012563648674369318 0.0)
(3.3689858178384506 0.0012523218697459834 0.0)
(4.3585526244450525 -0.0009098263932572602 0.0)
(5.277740405544388 -0.004929917292425407 0.0)
(6.139554723673436 -0.008814875010661022 0.0)
(6.944069066199404 -0.011263718768222833 0.0)
(7.653928176483163 -0.012971012478355816 0.0)
(8.261999765169175 -0.01457178557904704 0.0)
(8.778451518553315 -0.01599453797328141 0.0)
(9.203440734641575 -0.017180304667398432 0.0)
(9.537619526754492 -0.01811404476681073 0.0)
(9.781419606187159 -0.018786311719244442 0.0)
(9.935400977778244 -0.0191911319981327 0.0)
(10.000000000000005 -0.019326501674998577 0.0)
(9.975710133332859 -0.019191131998134353 0.0)
(9.8630248382573 -0.018786311719247713 0.0)
(9.662380473245507 -0.018114044766814608 0.0)
(9.374337043136192 -0.017180304667404143 0.0)
(8.99932625922447 -0.015994537973287554 0.0)
(8.538000234830811 -0.014571785579054967 0.0)
(7.990516267961279 -0.012971012478364723 0.0)
(7.367042044911727 -0.011263718768230511 0.0)
(6.660445276326585 -0.008814875010668277 0.0)
(5.833370705566721 -0.004929917292432788 0.0)
(4.885891819999388 -0.0009098263932615356 0.0)
(3.831014182161535 0.0012523218697444354 0.0)
(2.6601409283357556 0.0012563648674365283 0.0)
(1.3799781539727296 0.000452591505609048 0.0)
(0.024629864273424378 3.887747276685489e-05 0.0)
(-0.024642969939879127 3.88942406300556e-05 0.0)
(1.1977568993298786 0.00045270564290604543 0.0)
(2.317614099486741 0.0012560729071906644 0.0)
(3.3691930873117832 0.0012495135808111867 0.0)
(4.359240045147601 -0.0009179856446608181 0.0)
(5.278459259080032 -0.0049435681953331366 0.0)
(6.139212963894519 -0.008828949067415654 0.0)
(6.943230156446236 -0.01127320965256561 0.0)
(7.653729399319571 -0.012977216359154395 0.0)
(8.261960125413227 -0.014576808095793738 0.0)
(8.778397782436931 -0.015998604254904063 0.0)
(9.203411454563684 -0.017183605226201815 0.0)
(9.53760104706327 -0.018116776131888848 0.0)
(9.781409333999669 -0.018788652096631588 0.0)
(9.935396257963502 -0.01919323972258371 0.0)
(10.000000000000005 -0.01932853501038458 0.0)
(9.9757148531476 -0.01919323972258536 0.0)
(9.86303511044479 -0.018788652096634873 0.0)
(9.66239895293673 -0.018116776131892748 0.0)
(9.374366323214083 -0.01718360522620755 0.0)
(8.999379995340853 -0.015998604254910242 0.0)
(8.538039874586758 -0.014576808095801707 0.0)
(7.990715045124872 -0.012977216359163348 0.0)
(7.367880954664897 -0.011273209652573344 0.0)
(6.660787036105502 -0.008828949067422981 0.0)
(5.832651852031075 -0.004943568195340577 0.0)
(4.885204399296838 -0.0009179856446651308 0.0)
(3.8308069126882023 0.0012495135808096231 0.0)
(2.6601636782910396 0.0012560729071902565 0.0)
(1.380020878447913 0.00045270564290584143 0.0)
(0.024642969939879574 3.8894240630035934e-05 0.0)
(-0.02466089626271798 3.889726074213689e-05 0.0)
(1.1976959380568615 0.00045262033912204516 0.0)
(2.3175504232660784 0.0012549451403811765 0.0)
(3.369337970297141 0.0012446969686583033 0.0)
(4.3599096269124376 -0.0009297512131871393 0.0)
(5.279341078649113 -0.004962847362482629 0.0)
(6.139126953924749 -0.00885071008349412 0.0)
(6.942445610811924 -0.011291299527166414 0.0)
(7.653489461877931 -0.012991690692760757 0.0)
(8.261919460971304 -0.014589574350932936 0.0)
(8.778344374179033 -0.01600991442391183 0.0)
(9.203382008189456 -0.017193657515377856 0.0)
(9.537582446311108 -0.018125834580474925 0.0)
(9.781399036557753 -0.018796994717524017 0.0)
(9.935391494331087 -0.01920114723136545 0.0)
(10.000000000000005 -0.019336299222722734 0.0)
(9.975719616780015 -0.019201147231367115 0.0)
(9.863045407886705 -0.018796994717527323 0.0)
(9.662417553688893 -0.018125834580478853 0.0)
(9.374395769588311 -0.017193657515383622 0.0)
(8.99943340359875 -0.01600991442391805 0.0)
(8.538080539028682 -0.014589574350940954 0.0)
(7.990954982566512 -0.012991690692769772 0.0)
(7.368665500299211 -0.011291299527174224 0.0)
(6.660873046075271 -0.008850710083501528 0.0)
(5.831770032461991 -0.004962847362490139 0.0)
(4.884534817532 -0.0009297512131914967 0.0)
(3.830662029702844 0.0012446969686567197 0.0)
(2.6602273545117026 0.0012549451403807625 0.0)
(1.3800818397209305 0.0004526203391218402 0.0)
(0.024660896262718498 3.8897260742117185e-05 0.0)
(-0.024682855592110295 3.8886400404918694e-05 0.0)
(1.197619418512821 0.0004523393423494608 0.0)
(2.3174486185966807 0.0012530311190188865 0.0)
(3.3694141009012037 0.0012380836664135884 0.0)
(4.360531949541781 -0.0009446061412796767 0.0)
(5.280347118713011 -0.0049869077025395765 0.0)
(6.139300472884846 -0.008879201919660582 0.0)
(6.941749900796353 -0.011317193556029772 0.0)
(7.653218906570476 -0.013013799503436283 0.0)
(8.26187955856459 -0.014609523418569019 0.0)
(8.778293640440767 -0.01602797153216988 0.0)
(9.203353689338702 -0.017210019855730296 0.0)
(9.537564541781025 -0.018140822100910052 0.0)
(9.781389166312168 -0.01881097302242212 0.0)
(9.93538689618629 -0.01921450708300844 0.0)
(10.000000000000005 -0.01934945316672711 0.0)
(9.975724214924812 -0.01921450708301011 0.0)
(9.86305527813229 -0.01881097302242544 0.0)
(9.662435458218974 -0.018140822100914014 0.0)
(9.374424088439065 -0.017210019855736104 0.0)
(8.999484137337017 -0.01602797153217615 0.0)
(8.538120441435396 -0.014609523418577103 0.0)
(7.9912255378739685 -0.013013799503445375 0.0)
(7.369361210314783 -0.011317193556037672 0.0)
(6.660699527115171 -0.008879201919668083 0.0)
(5.83076399239809 -0.004986907702547166 0.0)
(4.883912494902655 -0.000944606141284084 0.0)
(3.8305858990987818 0.001238083666411981 0.0)
(2.6603291591811002 0.0012530311190184652 0.0)
(1.380158359264971 0.0004523393423492543 0.0)
(0.02468285559211088 3.888640040489891e-05 0.0)
(-0.02470788307529602 3.8862136801749956e-05 0.0)
(1.1975307028265343 0.0004518749990724105 0.0)
(2.3173131585894753 0.0012504149417008504 0.0)
(3.3694181340845057 0.0012299642504789796 0.0)
(4.361079669317805 -0.0009618977305743672 0.0)
(5.281433175711815 -0.0050146920481790236 0.0)
(6.139725896669149 -0.008913172696758226 0.0)
(6.941173594624842 -0.011349754002899224 0.0)
(7.652929621102448 -0.013042571370486816 0.0)
(8.261842171431836 -0.014635778773165846 0.0)
(8.778247810369775 -0.016051982183375897 0.0)
(9.203327742289916 -0.0172319733159581 0.0)
(9.537548120165322 -0.018161080168965206 0.0)
(9.781380156943452 -0.018829972830181257 0.0)
(9.935382665563186 -0.01923273227007264 0.0)
(10.000000000000005 -0.01936741888216262 0.0)
(9.975728445547917 -0.019232732270074326 0.0)
(9.863064287501006 -0.0188299728301846 0.0)
(9.662451879834679 -0.018161080168969196 0.0)
(9.37445003548785 -0.017231973315963958 0.0)
(8.999529967408009 -0.01605198218338223 0.0)
(8.538157828568151 -0.014635778773174003 0.0)
(7.991514823341997 -0.013042571370495994 0.0)
(7.369937516486295 -0.011349754002907221 0.0)
(6.660274103330867 -0.008913172696765831 0.0)
(5.829677935399283 -0.005014692048186696 0.0)
(4.883364775126631 -0.0009618977305788274 0.0)
(3.83058186591548 0.0012299642504773466 0.0)
(2.660464619188306 0.00125041494170042 0.0)
(1.380247074951258 0.0004518749990722022 0.0)
(0.024707883075296682 3.886213680173006e-05 0.0)
)
