(
(-0.026539463273575835 2.883623213988937e-05 0.0)
(1.1933358129222775 0.000300242160796388 0.0)
(2.315265576609184 0.0005688252495737482 0.0)
(3.3743334984143254 -0.0005621776692766313 0.0)
(4.373261429448001 -0.004450032668710636 0.0)
(5.296102127113697 -0.010693591747842492 0.0)
(6.1497243831765305 -0.017091711458746016 0.0)
(6.945405029022714 -0.0219908031355682 0.0)
(7.656319661200156 -0.025876553025263743 0.0)
(8.265187710798482 -0.02939534714197549 0.0)
(8.780908176658361 -0.0324760760643011 0.0)
(9.205402333286603 -0.03503858921661602 0.0)
(9.539068506284432 -0.037054180626417674 0.0)
(9.78237676348185 -0.03850425510627838 0.0)
(9.935875618957809 -0.03937753200069483 0.0)
(10.000000000000005 -0.03966931883264759 0.0)
(9.975235492153296 -0.039377532000696505 0.0)
(9.862067680962609 -0.03850425510628172 0.0)
(9.660931493715571 -0.0370541806264215 0.0)
(9.372375444491166 -0.0350385892166219 0.0)
(8.996869601119423 -0.032476076064307476 0.0)
(8.534812289201508 -0.029395347141983788 0.0)
(7.988124783244291 -0.02587655302527321 0.0)
(7.36570608208842 -0.021990803135576442 0.0)
(6.650275616823482 -0.017091711458753735 0.0)
(5.815008983997391 -0.010693591747850251 0.0)
(4.871183014996423 -0.004450032668715195 0.0)
(3.8256665015856552 -0.0005621776692783493 0.0)
(2.6625122011685955 0.000568825249573229 0.0)
(1.3844419648555146 0.0003002421607961584 0.0)
(0.02653946327357473 2.8836232139867685e-05 0.0)
(-0.02656746973663028 2.8778351074403118e-05 0.0)
(1.193232646967919 0.0002993500320255385 0.0)
(2.315063756071291 0.000564773735080172 0.0)
(3.3741241122964447 -0.0005727684833717817 0.0)
(4.373456666637065 -0.00447031611177741 0.0)
(5.297160919478463 -0.010725619896628631 0.0)
(6.150789032887017 -0.017133598784165996 0.0)
(6.9453201397835 -0.022035120735752207 0.0)
(7.656045250263317 -0.02591798973342133 0.0)
(8.265166790334321 -0.02943382557866156 0.0)
(8.780887895780246 -0.032511814067743824 0.0)
(9.205389659365654 -0.035071700363418425 0.0)
(9.539060431540097 -0.037085062405532734 0.0)
(9.782372472842445 -0.03853344953946427 0.0)
(9.93587349593113 -0.039405679262722364 0.0)
(10.000000000000005 -0.0396971116352113 0.0)
(9.975237615179976 -0.039405679262724036 0.0)
(9.862071971602013 -0.03853344953946765 0.0)
(9.660939568459904 -0.0370850624055366 0.0)
(9.372388118412113 -0.035071700363424364 0.0)
(8.996889881997538 -0.03251181406775027 0.0)
(8.534833209665669 -0.029433825578669935 0.0)
(7.988399194181129 -0.025917989733430895 0.0)
(7.365790971327633 -0.022035120735760555 0.0)
(6.6492109671129915 -0.01713359878417382 0.0)
(5.813950191632623 -0.010725619896636467 0.0)
(4.870987777807359 -0.004470316111782019 0.0)
(3.825875887703537 -0.0005727684833735264 0.0)
(2.6627140217064897 0.0005647737350796424 0.0)
(1.3845451308098733 0.0002993500320253064 0.0)
(0.02656746973662924 2.8778351074381258e-05 0.0)
(-0.026593727656678647 2.8714262268920065e-05 0.0)
(1.1931346785557508 0.00029839454192387844 0.0)
(2.3148584796174694 0.0005606159479462876 0.0)
(3.37385943427713 -0.0005831790765097547 0.0)
(4.373506220325551 -0.004489631597011591 0.0)
(5.298103576959546 -0.01075594778716811 0.0)
(6.151975332157677 -0.017174108809117287 0.0)
(6.945419537101583 -0.02207919045782842 0.0)
(7.6558037310672304 -0.025959792663060515 0.0)
(8.265153861250546 -0.02947280947626623 0.0)
(8.780878790419763 -0.03254815558107341 0.0)
(9.205383006060218 -0.03510547521388183 0.0)
(9.539056153407865 -0.037116640908569795 0.0)
(9.782370300982864 -0.03856335677074987 0.0)
(9.935872340008544 -0.039434547060028975 0.0)
(10.000000000000005 -0.03972562661507061 0.0)
(9.975238771102562 -0.03943454706003066 0.0)
(9.862074143461596 -0.03856335677075326 0.0)
(9.660943846592138 -0.0371166409085737 0.0)
(9.372394771717548 -0.03510547521388783 0.0)
(8.996898987358021 -0.03254815558107992 0.0)
(8.534846138749444 -0.02947280947627469 0.0)
(7.988640713377216 -0.02595979266307017 0.0)
(7.36569157400955 -0.022079190457836864 0.0)
(6.6480246678423285 -0.0171741088091252 0.0)
(5.813007534151538 -0.010755947787176012 0.0)
(4.8709382241188734 -0.004489631597016244 0.0)
(3.826140565722852 -0.0005831790765115236 0.0)
(2.6629192981603116 0.0005606159479457478 0.0)
(1.384643099222042 0.00029839454192364393 0.0)
(0.026593727656677668 2.871426226889803e-05 0.0)
(-0.026617083308751524 2.864678166830598e-05 0.0)
(1.193046212238575 0.00029741767297845526 0.0)
(2.3146587667195586 0.0005565345737323013 0.0)
(3.373551093824335 -0.0005929520262737093 0.0)
(4.3734079132150425 -0.004507130437328669 0.0)
(5.29888868091177 -0.010783242867433929 0.0)
(6.153231157168831 -0.01721146159721454 0.0)
(6.945698853640647 -0.022121075958832087 0.0)
(7.655605715523524 -0.02600012506992926 0.0)
(8.265149491627444 -0.029510585953647785 0.0)
(8.780881260649792 -0.032583503824679075 0.0)
(9.205382665704366 -0.03513842976286622 0.0)
(9.539055859861032 -0.03714752863387667 0.0)
(9.78237034333064 -0.038592662731106224 0.0)
(9.935872201979175 -0.039462866994413155 0.0)
(10.000000000000005 -0.039753610876177216 0.0)
(9.975238909131932 -0.039462866994414855 0.0)
(9.862074101113818 -0.038592662731109645 0.0)
(9.66094414013897 -0.03714752863388061 0.0)
(9.372395112073402 -0.03513842976287226 0.0)
(8.996896517127993 -0.032583503824685646 0.0)
(8.534850508372546 -0.029510585953656306 0.0)
(7.988838728920922 -0.02600012506993899 0.0)
(7.365412257470484 -0.022121075958840622 0.0)
(6.646768842831172 -0.017211461597222522 0.0)
(5.812222430199313 -0.010783242867441886 0.0)
(4.871036531229382 -0.004507130437333358 0.0)
(3.8264489061756484 -0.0005929520262754991 0.0)
(2.663119011058223 0.0005565345737317521 0.0)
(1.3847315655392178 0.00029741767297821836 0.0)
(0.02661708330875058 2.8646781668283767e-05 0.0)
(-0.026636510488224775 2.8578874246699566e-05 0.0)
(1.192971135064524 0.0002964623470235995 0.0)
(2.314473392396928 0.0005527089405545122 0.0)
(3.3732126388534627 -0.0006016579271301239 0.0)
(4.373166064740128 -0.004522043765698337 0.0)
(5.2994817353037815 -0.01080630584153415 0.0)
(6.154501329266954 -0.017244015935283734 0.0)
(6.9461458167429635 -0.022158936866476464 0.0)
(7.655459904072931 -0.02603721482185579 0.0)
(8.26515387345826 -0.02954549518150018 0.0)
(8.780895197932944 -0.03261630566140458 0.0)
(9.205388653252708 -0.035169116047777844 0.0)
(9.539059563797515 -0.03717636843131085 0.0)
(9.782372598025095 -0.03862007977024901 0.0)
(9.935873087907781 -0.039489394739767945 0.0)
(10.000000000000005 -0.03977983484129383 0.0)
(9.975238023203325 -0.03948939473976966 0.0)
(9.862071846419363 -0.03862007977025245 0.0)
(9.660940436202488 -0.03717636843131481 0.0)
(9.372389124525059 -0.03516911604778392 0.0)
(8.99688257984484 -0.03261630566141118 0.0)
(8.53484612654173 -0.029545495181508764 0.0)
(7.988984540371517 -0.026037214821865592 0.0)
(7.364965294368166 -0.022158936866485075 0.0)
(6.645498670733044 -0.01724401593529178 0.0)
(5.811629375807301 -0.010806305841542145 0.0)
(4.8712783797042984 -0.00452204376570305 0.0)
(3.8267873611465215 -0.0006016579271319302 0.0)
(2.663304385380854 0.0005527089405539554 0.0)
(1.3848066427132688 0.00029646234702336045 0.0)
(0.026636510488223866 2.857887424667719e-05 0.0)
(-0.02665115560037338 2.8513523731973103e-05 0.0)
(1.1929127457872757 0.00029557053933404806 0.0)
(2.3143105016581806 0.0005493071397359545 0.0)
(3.3728589404567475 -0.000608914257722363 0.0)
(4.372791301280346 -0.004533716317755195 0.0)
(5.299856682410557 -0.010824123364579327 0.0)
(6.155730039413771 -0.017270341445266603 0.0)
(6.94674078766751 -0.02219110964174424 0.0)
(7.655372703403833 -0.02606943226299425 0.0)
(8.265166814213366 -0.02957600331221622 0.0)
(8.780919989890497 -0.03264511983855345 0.0)
(9.205400705623328 -0.03519618576939668 0.0)
(9.539067102473117 -0.037201893132934 0.0)
(9.782376965999076 -0.03864440323363636 0.0)
(9.93587495886828 -0.03951296471549357 0.0)
(10.000000000000005 -0.03980314627736862 0.0)
(9.975236152242825 -0.039512964715495286 0.0)
(9.862067478445383 -0.03864440323363981 0.0)
(9.660932897526886 -0.03720189313293797 0.0)
(9.37237707215444 -0.03519618576940279 0.0)
(8.996857787887286 -0.032645119838560104 0.0)
(8.534833185786624 -0.029576003312224847 0.0)
(7.989071741040615 -0.0260694322630041 0.0)
(7.364370323443618 -0.022191109641752894 0.0)
(6.644269960586225 -0.017270341445274683 0.0)
(5.811254428700526 -0.010824123364587346 0.0)
(4.871653143164082 -0.0045337163177599235 0.0)
(3.8271410595432376 -0.0006089142577241805 0.0)
(2.663467276119601 0.0005493071397353915 0.0)
(1.3848650319905171 0.00029557053933380715 0.0)
(0.026651155600372484 2.851352373195058e-05 0.0)
(-0.026660375165761988 2.8453601506188283e-05 0.0)
(1.1928736099248525 0.00029478143430816374 0.0)
(2.314177251624378 0.0005464786401811771 0.0)
(3.372505539494668 -0.0006144021881592854 0.0)
(4.372300089256509 -0.004541635222916194 0.0)
(5.299997047742172 -0.010835912567203093 0.0)
(6.156863300333291 -0.01728928143241565 0.0)
(6.947457624480331 -0.02221618067174857 0.0)
(7.655347944954103 -0.02609536181792115 0.0)
(8.265187745299656 -0.02960076987434529 0.0)
(8.780954547209191 -0.03266868031389583 0.0)
(9.205418293257106 -0.03521844953367744 0.0)
(9.539078144652226 -0.03722298123005291 0.0)
(9.782383255331796 -0.038664564392785546 0.0)
(9.93587773265409 -0.03953254129997671 0.0)
(10.000000000000005 -0.03982252092254753 0.0)
(9.975233378457016 -0.039532541299978435 0.0)
(9.862061189112662 -0.03866456439278901 0.0)
(9.660921855347777 -0.03722298123005691 0.0)
(9.372359484520663 -0.03521844953368356 0.0)
(8.996823230568594 -0.0326686803139025 0.0)
(8.534812254700334 -0.029600769874353942 0.0)
(7.989096499490344 -0.026095361817931033 0.0)
(7.363653486630794 -0.02221618067175725 0.0)
(6.6431366996667025 -0.017289281432423743 0.0)
(5.811114063368911 -0.010835912567211113 0.0)
(4.872144355187921 -0.004541635222920924 0.0)
(3.827494460505318 -0.0006144021881611086 0.0)
(2.663600526153404 0.0005464786401806098 0.0)
(1.3849041678529406 0.00029478143430792153 0.0)
(0.026660375165761092 2.8453601506165636e-05 0.0)
(-0.026663764093554157 2.840174044232147e-05 0.0)
(1.1928554470354518 0.00029412970377715723 0.0)
(2.3140794970582306 0.0005443477209860228 0.0)
(3.372167963758969 -0.0006178805888173775 0.0)
(4.371714011626296 -0.004545452538975787 0.0)
(5.2998966639027465 -0.010841155453409891 0.0)
(6.157851318613954 -0.01730000370834528 0.0)
(6.948264830683288 -0.022233048381297214 0.0)
(7.655386716564728 -0.02611386418942979 0.0)
(8.265215747043488 -0.029618706670456574 0.0)
(8.780997351503663 -0.03268595188324784 0.0)
(9.205440643385591 -0.03523492911154804 0.0)
(9.539092205161692 -0.03723870615025977 0.0)
(9.782391189681483 -0.038679677403247355 0.0)
(9.935881287390139 -0.03954726433390952 0.0)
(10.000000000000005 -0.03983710749036631 0.0)
(9.975229823720968 -0.039547264333911245 0.0)
(9.862053254762975 -0.03867967740325082 0.0)
(9.66090779483831 -0.03723870615026378 0.0)
(9.372337134392177 -0.035234929111554174 0.0)
(8.996780426274121 -0.03268595188325451 0.0)
(8.5347842529565 -0.029618706670465234 0.0)
(7.989057727879719 -0.02611386418943968 0.0)
(7.362846280427834 -0.022233048381305902 0.0)
(6.642148681386038 -0.017300003708353367 0.0)
(5.8112144472083385 -0.010841155453417897 0.0)
(4.872730432818135 -0.004545452538980509 0.0)
(3.8278320362410176 -0.0006178805888192004 0.0)
(2.6636982807195517 0.0005443477209854537 0.0)
(1.3849223307423413 0.00029412970377691404 0.0)
(0.02666376409355324 2.840174044229873e-05 0.0)
(-0.026661173480462555 2.836021922064185e-05 0.0)
(1.192859055163206 0.00029364398358825344 0.0)
(2.3140215331165384 0.0005430080108415206 0.0)
(3.3718610457099003 -0.000619196625135277 0.0)
(4.371058819568582 -0.0045450005400498985 0.0)
(5.299559941574537 -0.01083962166037139 0.0)
(6.158650682540035 -0.017302037155866992 0.0)
(6.949126939112565 -0.022240971634091215 0.0)
(7.655487314682066 -0.026124126417165206 0.0)
(8.26524958909947 -0.02962902559054339 0.0)
(8.781046522031522 -0.03269617566544959 0.0)
(9.205466773985027 -0.03524490042050537 0.0)
(9.539108666208453 -0.03724837696932863 0.0)
(9.782400420427328 -0.03868907822699056 0.0)
(9.935885466887823 -0.039556486914116014 0.0)
(10.000000000000005 -0.03984626507372036 0.0)
(9.975225644223283 -0.03955648691411774 0.0)
(9.86204402401713 -0.03868907822699402 0.0)
(9.66089133379155 -0.037248376969332635 0.0)
(9.372311003792742 -0.0352449004205115 0.0)
(8.996731255746264 -0.03269617566545626 0.0)
(8.53475041090052 -0.02962902559055204 0.0)
(7.9889571297623805 -0.02612412641717509 0.0)
(7.3619841719985555 -0.022240971634099882 0.0)
(6.641349317459957 -0.017302037155875045 0.0)
(5.81155116953655 -0.010839621660379365 0.0)
(4.873385624875851 -0.004545000540054601 0.0)
(3.828138954290087 -0.0006191966251370939 0.0)
(2.663756244661244 0.0005430080108409515 0.0)
(1.384918722614587 0.0002936439835880098 0.0)
(0.02666117348046161 2.836021922061904e-05 0.0)
(-0.026652717153287042 2.833086220766908e-05 0.0)
(1.1928842757735825 0.0002933456153979529 0.0)
(2.3140059066288567 0.0005425183741604891 0.0)
(3.371598270765047 -0.0006182924728847958 0.0)
(4.370363301023742 -0.0045402990861444234 0.0)
(5.299001675720629 -0.010831378580147703 0.0)
(6.159226269523017 -0.017295292429016763 0.0)
(6.950006070300962 -0.022239602296897976 0.0)
(7.655645319208882 -0.026125697597614923 0.0)
(8.265287784509573 -0.02963127324013505 0.0)
(8.781099898329728 -0.032698902446215025 0.0)
(9.205495536924678 -0.03524792533947586 0.0)
(9.539126804524228 -0.03725156876916186 0.0)
(9.782410541987245 -0.038692353809018205 0.0)
(9.935890087507667 -0.039559803817294174 0.0)
(10.000000000000005 -0.03984959130515046 0.0)
(9.975221023603439 -0.03955980381729589 0.0)
(9.862033902457215 -0.038692353809021654 0.0)
(9.660873195475775 -0.03725156876916585 0.0)
(9.37228224085309 -0.03524792533948196 0.0)
(8.996677879448056 -0.03269890244622168 0.0)
(8.534712215490416 -0.029631273240143675 0.0)
(7.9887991252355635 -0.026125697597624772 0.0)
(7.361105040810156 -0.022239602296906608 0.0)
(6.640773730476974 -0.017295292429024767 0.0)
(5.812109435390459 -0.01083137858015563 0.0)
(4.874081143420693 -0.004540299086149097 0.0)
(3.828401729234941 -0.0006182924728866012 0.0)
(2.6637718711489256 0.0005425183741599224 0.0)
(1.3848935020042101 0.0002933456153977094 0.0)
(0.02665271715328605 2.833086220764625e-05 0.0)
(-0.026638766667573303 2.831495929684606e-05 0.0)
(1.1929300007191013 0.0002932477089586883 0.0)
(2.3140333041944667 0.0005429003246829281 0.0)
(3.3713911847747524 -0.0006152078588617203 0.0)
(4.36965801580422 -0.004531554750542901 0.0)
(5.298246395521327 -0.010816788398603571 0.0)
(6.1595527893238735 -0.017280065878753276 0.0)
(6.950863596832385 -0.022229000535888645 0.0)
(7.655853787715329 -0.02611850869598437 0.0)
(8.265328655037354 -0.029625350861620457 0.0)
(8.78115513514139 -0.0326940124157858 0.0)
(9.205525668413596 -0.035243870959053854 0.0)
(9.539145823144604 -0.037248141307914 0.0)
(9.782421109638406 -0.038689360226248505 0.0)
(9.935894946228084 -0.03955706930478644 0.0)
(10.000000000000005 -0.03984694003613271 0.0)
(9.975216164883022 -0.03955706930478814 0.0)
(9.862023334806052 -0.038689360226251954 0.0)
(9.660854176855398 -0.037248141307917974 0.0)
(9.372252109364172 -0.03524387095905993 0.0)
(8.996622642636394 -0.03269401241579243 0.0)
(8.534671344962636 -0.029625350861629048 0.0)
(7.988590656729117 -0.02611850869599417 0.0)
(7.360247514278731 -0.022229000535897214 0.0)
(6.640447210676117 -0.01728006587876121 0.0)
(5.8128647155897655 -0.010816788398611435 0.0)
(4.874786428640217 -0.004531554750547537 0.0)
(3.8286088152252358 -0.0006152078588635088 0.0)
(2.6637444735833147 0.000542900324682366 0.0)
(1.3848477770586913 0.00029324770895844534 0.0)
(0.02663876666757225 2.831495929682324e-05 0.0)
(-0.026619934982141893 2.8313209232980793e-05 0.0)
(1.1929942209293074 0.00029335456610028607 0.0)
(2.3141025220144584 0.0005441370802016403 0.0)
(3.3712488867185773 -0.0006100783153630823 0.0)
(4.368973952852281 -0.004519151743354354 0.0)
(5.297327286606839 -0.01079649218162406 0.0)
(6.159615895259908 -0.017257026531838915 0.0)
(6.951661840559845 -0.022209632173046598 0.0)
(7.656103560476614 -0.026102875579459468 0.0)
(8.26537040490659 -0.029611518673476854 0.0)
(8.781209805462053 -0.032681720433152955 0.0)
(9.205555844529284 -0.03523291542129783 0.0)
(9.539164886426198 -0.03723824518196195 0.0)
(9.782431659057556 -0.038680229011231755 0.0)
(9.935899829565788 -0.039548403526069746 0.0)
(10.000000000000005 -0.0398384277585774 0.0)
(9.975211281545318 -0.039548403526071446 0.0)
(9.862012785386902 -0.03868022901123519 0.0)
(9.660835113573805 -0.03723824518196588 0.0)
(9.372221933248484 -0.03523291542130388 0.0)
(8.99656797231573 -0.032681720433159527 0.0)
(8.5346295950934 -0.02961151867348539 0.0)
(7.9883408839678305 -0.026102875579469213 0.0)
(7.359449270551269 -0.022209632173055084 0.0)
(6.640384104740084 -0.01725702653184676 0.0)
(5.813783824504256 -0.010796492181631848 0.0)
(4.875470491592158 -0.004519151743358942 0.0)
(3.828751113281411 -0.00061007831536485 0.0)
(2.663675255763323 0.0005441370802010847 0.0)
(1.384783556848485 0.0002933545661000442 0.0)
(0.02661993498214077 2.8313209232958025e-05 0.0)
(-0.026597049526799074 2.832568891067787e-05 0.0)
(1.193074114685652 0.0002936614917154341 0.0)
(2.3142105187844515 0.0005461742999417138 0.0)
(3.371177628912783 -0.0006031292251459779 0.0)
(4.368341168642574 -0.004503635030023985 0.0)
(5.296284732941406 -0.01077138170785237 0.0)
(6.159412814571739 -0.017227186695027798 0.0)
(6.952365728114303 -0.02218234821880169 0.0)
(7.656383662934554 -0.02607948513858035 0.0)
(8.26541119970441 -0.029590384436746005 0.0)
(8.781261507177847 -0.032662566585545796 0.0)
(9.20558473938842 -0.03521554009249419 0.0)
(9.53918315676329 -0.037222315208975565 0.0)
(9.782441726722514 -0.038665361372850725 0.0)
(9.935904522955854 -0.039534187239607325 0.0)
(10.000000000000005 -0.03982442848638754 0.0)
(9.975206588155253 -0.03953418723960901 0.0)
(9.862002717721944 -0.03866536137285412 0.0)
(9.660816843236713 -0.03722231520897947 0.0)
(9.372193038389346 -0.0352155400925002 0.0)
(8.996516270599937 -0.03266256658555231 0.0)
(8.53458880029558 -0.029590384436754477 0.0)
(7.98806078150989 -0.026079485138590014 0.0)
(7.35874538299681 -0.022182348218810086 0.0)
(6.640587185428255 -0.017227186695035545 0.0)
(5.814826378169691 -0.010771381707860078 0.0)
(4.876103275801866 -0.004503635030028521 0.0)
(3.828822371087205 -0.0006031292251477211 0.0)
(2.6635672589933295 0.0005461742999411662 0.0)
(1.38470366309214 0.00029366149171519376 0.0)
(0.02659704952679788 2.8325688910655184e-05 0.0)
(-0.026571115846584864 2.8351849995730207e-05 0.0)
(1.193166171602643 0.0002941550000541073 0.0)
(2.3143525493239467 0.000548922472194758 0.0)
(3.3711805422949936 -0.0005946659185215448 0.0)
(4.367787466555627 -0.004485686386548507 0.0)
(5.295164542425791 -0.010742560285567717 0.0)
(6.158952470253278 -0.01719185747615897 0.0)
(6.952944331964342 -0.02214834748018886 0.0)
(7.656681787899581 -0.026049365106527642 0.0)
(8.265449246982028 -0.029562876751125865 0.0)
(8.781307968609962 -0.032637392457987205 0.0)
(9.205611083403761 -0.03519250841280331 0.0)
(9.539199831390693 -0.03720105132282482 0.0)
(9.7824508702785 -0.038645410567936266 0.0)
(9.935908820179309 -0.03951504508301836 0.0)
(10.000000000000005 -0.03980555732197221 0.0)
(9.975202290931797 -0.039515045083020034 0.0)
(9.861993574165957 -0.038645410567939645 0.0)
(9.660800168609308 -0.0372010513228287 0.0)
(9.372166694374007 -0.03519250841280928 0.0)
(8.996469809167822 -0.032637392457993665 0.0)
(8.534550753017962 -0.02956287675113426 0.0)
(7.987762656544863 -0.026049365106537214 0.0)
(7.358166779146771 -0.02214834748019715 0.0)
(6.641047529746718 -0.017191857476166614 0.0)
(5.81594656868531 -0.010742560285575338 0.0)
(4.876656977888814 -0.0044856863865529875 0.0)
(3.828819457704994 -0.0005946659185232611 0.0)
(2.663425228453834 0.0005489224721942195 0.0)
(1.3846116061751488 0.0002941550000538688 0.0)
(0.026571115846583594 2.8351849995707635e-05 0.0)
(-0.026543273419963542 2.839054301792095e-05 0.0)
(1.193266346867761 0.00029481340726275233 0.0)
(2.314522373070876 0.000552260847299613 0.0)
(3.371257498856525 -0.0005850602576996791 0.0)
(4.367337175248172 -0.004466094443486114 0.0)
(5.294015934181918 -0.010711294275337985 0.0)
(6.158255088991705 -0.017152591176476557 0.0)
(6.953372229315316 -0.02210912388746017 0.0)
(7.656984836306134 -0.026013838902406692 0.0)
(8.26548287501167 -0.0295302042539987 0.0)
(8.781347148328072 -0.032607304155587366 0.0)
(9.205633719067464 -0.03516483235209555 0.0)
(9.539214177655786 -0.037175387819765995 0.0)
(9.782458687974394 -0.03862125319835737 0.0)
(9.935912532424016 -0.03949181812764379 0.0)
(10.000000000000005 -0.039782643429771995 0.0)
(9.97519857868709 -0.03949181812764546 0.0)
(9.861985756470064 -0.03862125319836074 0.0)
(9.660785822344216 -0.03717538781976983 0.0)
(9.372144058710305 -0.035164832352101445 0.0)
(8.996430629449712 -0.03260730415559376 0.0)
(8.53451712498832 -0.029530204254007007 0.0)
(7.987459608138309 -0.026013838902416167 0.0)
(7.357738881795797 -0.02210912388746835 0.0)
(6.641744911008294 -0.01715259117648409 0.0)
(5.817095176929185 -0.010711294275345519 0.0)
(4.877107269196269 -0.004466094443490539 0.0)
(3.828742501143462 -0.0005850602577013674 0.0)
(2.6632554047069035 0.0005522608472990847 0.0)
(1.3845114309100306 0.0002948134072625161 0.0)
(0.026543273419962196 2.839054301789852e-05 0.0)
(-0.026514745592224574 2.8440067876641935e-05 0.0)
(1.1933702389631222 0.00029560778413314327 0.0)
(2.314712528280484 0.000556042743161556 0.0)
(3.371405117266851 -0.0005747342978438334 0.0)
(4.367010079696476 -0.004445720034972524 0.0)
(5.292889375954704 -0.010678957448453121 0.0)
(6.1573513124438275 -0.01711111308535293 0.0)
(6.95363061914044 -0.022066400853522572 0.0)
(7.657279492761641 -0.025974467482633223 0.0)
(8.265510606239236 -0.029493802515115623 0.0)
(8.78137732484704 -0.03257362370330873 0.0)
(9.205651651809877 -0.03513372794584645 0.0)
(9.539225565209923 -0.03714645230717345 0.0)
(9.78246483631494 -0.03859395069473869 0.0)
(9.935915496580735 -0.03946552692341027 0.0)
(10.000000000000005 -0.0397566936042904 0.0)
(9.97519561453037 -0.03946552692341192 0.0)
(9.861979608129518 -0.038593950694742016 0.0)
(9.660774434790078 -0.037146452307177245 0.0)
(9.372126125967892 -0.035133727945852296 0.0)
(8.996400452930743 -0.03257362370331505 0.0)
(8.534489393760754 -0.029493802515123853 0.0)
(7.987164951682801 -0.025974467482642608 0.0)
(7.357480491970673 -0.02206640085353065 0.0)
(6.642648687556174 -0.01711111308536035 0.0)
(5.818221735156402 -0.010678957448460572 0.0)
(4.877434364747967 -0.0044457200349768975 0.0)
(3.8285948827331353 -0.000574734297845494 0.0)
(2.6630652494972953 0.0005560427431610385 0.0)
(1.384407538814669 0.0002956077841329094 0.0)
(0.026514745592223152 2.844006787661966e-05 0.0)
(-0.02648678582392861 2.849824854020412e-05 0.0)
(1.1934732830601218 0.0002965032271988666 0.0)
(2.314914659880739 0.0005601019901951966 0.0)
(3.3716169114430827 -0.0005641417427392643 0.0)
(4.3668205518806715 -0.004425458375243898 0.0)
(5.291834366651672 -0.010646970625927888 0.0)
(6.1562808508977485 -0.017069245674230037 0.0)
(6.953708148263509 -0.022022055550327713 0.0)
(7.657552810600507 -0.02593298075536411 0.0)
(8.265531222205318 -0.029455270960288063 0.0)
(8.78139717226583 -0.03253783095860775 0.0)
(9.205664093699106 -0.03510056186476273 0.0)
(9.539233493704813 -0.037115516158534465 0.0)
(9.7824690451533 -0.03856470267914069 0.0)
(9.935917582409843 -0.03943732665773341 0.0)
(10.000000000000005 -0.039728848033385215 0.0)
(9.975193528701263 -0.03943732665773504 0.0)
(9.861975399291158 -0.038564702679144 0.0)
(9.66076650629519 -0.03711551615853822 0.0)
(9.372113684078663 -0.035100561864768516 0.0)
(8.996380605511954 -0.032537830958614004 0.0)
(8.534468777794672 -0.02945527096029621 0.0)
(7.986891633843935 -0.02593298075537339 0.0)
(7.357402962847604 -0.02202205555033568 0.0)
(6.643719149102257 -0.01706924567423736 0.0)
(5.819276744459436 -0.010646970625935266 0.0)
(4.87762389256377 -0.004425458375248221 0.0)
(3.828383088556903 -0.0005641417427408982 0.0)
(2.66286311789704 0.0005601019901946897 0.0)
(1.3843044947176693 0.0002965032271986352 0.0)
(0.02648678582392712 2.8498248540182024e-05 0.0)
(-0.02646062261614364 2.85625286566891e-05 0.0)
(1.1935709515896513 0.00029746039232978117 0.0)
(2.315119886578915 0.0005642602325120591 0.0)
(3.3718835755365824 -0.0005537480098787344 0.0)
(4.3667769193062576 -0.004406199724561049 0.0)
(5.290897261451514 -0.010616739250225816 0.0)
(6.155090738475448 -0.017028828520558356 0.0)
(6.953601410196691 -0.02197803642937053 0.0)
(7.65779278073691 -0.02589120157149773 0.0)
(8.265543817082083 -0.02941630259554366 0.0)
(8.781405818525167 -0.03250149858920563 0.0)
(9.2056704980613 -0.03506679136577156 0.0)
(9.53923761477689 -0.037083938651624154 0.0)
(9.782471129560818 -0.03853479425586103 0.0)
(9.935918698263821 -0.03940845639869612 0.0)
(10.000000000000005 -0.03970033020049998 0.0)
(9.975192412847285 -0.03940845639869775 0.0)
(9.86197331488364 -0.0385347942558643 0.0)
(9.660762385223112 -0.03708393865162788 0.0)
(9.372107279716468 -0.035066791365777304 0.0)
(8.996371959252617 -0.03250149858921183 0.0)
(8.534456182917905 -0.02941630259555173 0.0)
(7.98665166370753 -0.02589120157150692 0.0)
(7.357509700914424 -0.0219780364293784 0.0)
(6.64490926152456 -0.01702882852056559 0.0)
(5.820213849659596 -0.010616739250233124 0.0)
(4.877667525138184 -0.004406199724565328 0.0)
(3.8281164244634023 -0.0005537480098803442 0.0)
(2.6626578911988634 0.000564260232511562 0.0)
(1.3842068261881395 0.0002974603923295523 0.0)
(0.026460622616142092 2.8562528656667184e-05 0.0)
(-0.02643740553235549 2.8630083875375682e-05 0.0)
(1.1936589531752029 0.0002984372234411189 0.0)
(2.315319191089346 0.0005683347645520295 0.0)
(3.3721933928149306 -0.0005440097808693385 0.0)
(4.366881099108728 -0.00438879027280228 0.0)
(5.290119235042337 -0.010589591632688508 0.0)
(6.153833266539514 -0.016991637480129135 0.0)
(6.95331509481537 -0.02193627761029518 0.0)
(7.6579888593220735 -0.025850965631940313 0.0)
(8.265547837473688 -0.02937860961953867 0.0)
(8.781402883724237 -0.03246622297294571 0.0)
(9.2056705835005 -0.035033900262817226 0.0)
(9.539237747353791 -0.037053107244326755 0.0)
(9.782470997952442 -0.038505539546302696 0.0)
(9.935918795114091 -0.03938018465266386 0.0)
(10.000000000000005 -0.039672393127039775 0.0)
(9.975192315997015 -0.03938018465266549 0.0)
(9.861973446492016 -0.03850553954630595 0.0)
(9.660762252646212 -0.03705310724433044 0.0)
(9.372107194277268 -0.03503390026282293 0.0)
(8.996374894053547 -0.03246622297295184 0.0)
(8.534452162526302 -0.02937860961954667 0.0)
(7.986455585122367 -0.025850965631949427 0.0)
(7.3577960162957465 -0.021936277610302965 0.0)
(6.646166733460499 -0.016991637480136292 0.0)
(5.820991876068774 -0.010589591632695761 0.0)
(4.877563345335712 -0.004388790272806525 0.0)
(3.8278066071850536 -0.0005440097808709277 0.0)
(2.662458586688432 0.0005683347645515417 0.0)
(1.3841188246025877 0.0002984372234408923 0.0)
(0.0264374055323539 2.8630083875353937e-05 0.0)
(-0.02641815468875136 2.869794594354354e-05 0.0)
(1.1937334211881014 0.0002993908003609093 0.0)
(2.3155038163364607 0.0005721465588314175 0.0)
(3.3725327504737104 -0.0005353549356781634 0.0)
(4.367128513818155 -0.004373994959428176 0.0)
(5.289534472481202 -0.01056672058996539 0.0)
(6.15256368610633 -0.016959306659219735 0.0)
(6.952861782293602 -0.021898613899216227 0.0)
(7.658132431021679 -0.025814040830266446 0.0)
(8.265543106731482 -0.029343848192681397 0.0)
(8.781388496812824 -0.03243355405587153 0.0)
(9.205664346262665 -0.03500333373079098 0.0)
(9.539233885610328 -0.03702437661227442 0.0)
(9.782468656110803 -0.03847822394888369 0.0)
(9.935917868705227 -0.039353753628435593 0.0)
(10.000000000000005 -0.039646264316903 0.0)
(9.97519324240588 -0.03935375362843721 0.0)
(9.861975788333657 -0.03847822394888693 0.0)
(9.660766114389675 -0.03702437661227808 0.0)
(9.372113431515103 -0.035003333730796636 0.0)
(8.996389280964962 -0.03243355405587762 0.0)
(8.534456893268509 -0.029343848192689342 0.0)
(7.986312013422761 -0.025814040830275498 0.0)
(7.358249328817516 -0.021898613899223943 0.0)
(6.647436313893685 -0.016959306659226837 0.0)
(5.821576638629909 -0.010566720589972609 0.0)
(4.877315930626284 -0.004373994959432395 0.0)
(3.8274672495262725 -0.0005353549356797363 0.0)
(2.6622739614413167 0.0005721465588309375 0.0)
(1.384044356589689 0.00029939080036068476 0.0)
(0.026418154688749744 2.8697945943521965e-05 0.0)
(-0.0264037159321808 2.8763133126067545e-05 0.0)
(1.193791083640096 0.00030027922466381666 0.0)
(2.3156656502246635 0.0005755281320830674 0.0)
(3.3728867377582334 -0.0005281637523693168 0.0)
(4.367508292484839 -0.004362463863441136 0.0)
(5.289168667165254 -0.010549131033832333 0.0)
(6.1513377802174976 -0.01693325661495336 0.0)
(6.952261390354281 -0.021866700170694676 0.0)
(7.658217187557902 -0.02578204957470966 0.0)
(8.26552983271562 -0.029313545668473724 0.0)
(8.78136328992549 -0.032404927250433244 0.0)
(9.205652060400615 -0.03497643480719017 0.0)
(9.53922619922444 -0.03699900912687837 0.0)
(9.782464206932136 -0.038454047660982156 0.0)
(9.93591595974194 -0.03933032465686171 0.0)
(10.000000000000005 -0.03962309182220578 0.0)
(9.975195151369165 -0.039330324656863314 0.0)
(9.861980237512324 -0.03845404766098538 0.0)
(9.660773800775562 -0.036999009126882 0.0)
(9.372125717377154 -0.03497643480719579 0.0)
(8.996414487852293 -0.03240492725043929 0.0)
(8.53447016728437 -0.029313545668481628 0.0)
(7.986227256886538 -0.025782049574718663 0.0)
(7.358849720756838 -0.021866700170702337 0.0)
(6.64866221978252 -0.016933256614960427 0.0)
(5.821942443945858 -0.010549131033839526 0.0)
(4.876936151959598 -0.004362463863445341 0.0)
(3.8271132622417485 -0.0005281637523708787 0.0)
(2.6621121275531134 0.0005755281320825935 0.0)
(1.3839866941376944 0.00030027922466359396 0.0)
(0.02640371593217916 2.876313312604611e-05 0.0)
(-0.026394723675192543 2.8822781217404158e-05 0.0)
(1.193829406948536 0.0003010634606112976 0.0)
(2.315797582068974 0.000578330904164715 0.0)
(3.373239801114818 -0.0005227521983814919 0.0)
(4.368003748328951 -0.004354703640103285 0.0)
(5.289037891910852 -0.010537595817206633 0.0)
(6.150209412935043 -0.016914631938617863 0.0)
(6.951540299120836 -0.021841938655577237 0.0)
(7.6582394048836 -0.02575639750251277 0.0)
(8.265508598662077 -0.029289033484392435 0.0)
(8.781328370606756 -0.03238160036609053 0.0)
(9.20563426573265 -0.0349543853815076 0.0)
(9.539215025921868 -0.03697811938903835 0.0)
(9.782457845905213 -0.0384340729444592 0.0)
(9.935913152100586 -0.03931092716409109 0.0)
(10.000000000000005 -0.03960389379997221 0.0)
(9.97519795901052 -0.03931092716409268 0.0)
(9.861986598539245 -0.03843407294446241 0.0)
(9.660784974078135 -0.036978119389041976 0.0)
(9.372143512045117 -0.03495438538151322 0.0)
(8.996449407171028 -0.03238160036609656 0.0)
(8.534491401337913 -0.02928903348440031 0.0)
(7.986205039560841 -0.02575639750252174 0.0)
(7.359570811990285 -0.021841938655584876 0.0)
(6.6497905870649765 -0.016914631938624917 0.0)
(5.822073219200258 -0.010537595817213825 0.0)
(4.876440696115485 -0.004354703640107488 0.0)
(3.826760198885163 -0.0005227521983830484 0.0)
(2.661980195708803 0.0005783309041642453 0.0)
(1.3839483708292544 0.0003010634606110762 0.0)
(0.026394723675190912 2.8822781217382847e-05 0.0)
(-0.026391573021107805 2.8874269389543145e-05 0.0)
(1.1938467072573595 0.0003017090503105387 0.0)
(2.3158938150255146 0.0005804317263986194 0.0)
(3.373576427585488 -0.0005193580474967555 0.0)
(4.368593111927111 -0.004351055259431164 0.0)
(5.289147892743428 -0.010532621776403742 0.0)
(6.149228162653067 -0.01690425096441854 0.0)
(6.950730192022865 -0.02182541732953827 0.0)
(7.658198106810127 -0.025738211718798972 0.0)
(8.265480337556317 -0.02927138866096228 0.0)
(8.781285273147603 -0.0323645983434661 0.0)
(9.20561174412393 -0.03493815426516952 0.0)
(9.53920085663708 -0.036962625255618387 0.0)
(9.782449852521921 -0.03841917745181614 0.0)
(9.935909569143787 -0.03929641344046934 0.0)
(10.000000000000005 -0.039589513776177455 0.0)
(9.97520154196732 -0.039296413440470926 0.0)
(9.861994591922537 -0.038419177451819345 0.0)
(9.660799143362922 -0.036962625255622 0.0)
(9.372166033653839 -0.034938154265175124 0.0)
(8.996492504630183 -0.03236459834347211 0.0)
(8.534519662443673 -0.02927138866097015 0.0)
(7.986246337634315 -0.025738211718807934 0.0)
(7.360380919088259 -0.021825417329545904 0.0)
(6.650771837346955 -0.0169042509644256 0.0)
(5.8219632183676815 -0.01053262177641095 0.0)
(4.875851332517323 -0.004351055259435376 0.0)
(3.8264235724144924 -0.0005193580474983124 0.0)
(2.661883962752263 0.0005804317263981515 0.0)
(1.3839310705204309 0.0003017090503103184 0.0)
(0.026391573021106188 2.887426938952193e-05 0.0)
(-0.026394402403903096 2.8915335346395682e-05 0.0)
(1.1938422244226465 0.0003021876277312286 0.0)
(2.3159501207942284 0.0005817382924991684 0.0)
(3.3738818264189625 -0.0005181304324955591 0.0)
(4.369250487721026 -0.0043516790245969805 0.0)
(5.28949383642764 -0.01053442746167679 0.0)
(6.148437143713811 -0.01690256981337026 0.0)
(6.949866663684204 -0.02181786210941901 0.0)
(7.658095107899277 -0.025728291273634702 0.0)
(8.265446291139627 -0.0292613864794445 0.0)
(8.781235891171539 -0.03235466822032973 0.0)
(9.205585485132735 -0.03492845462373379 0.0)
(9.539184313942531 -0.036953207510495245 0.0)
(9.7824405779969 -0.038410015663749165 0.0)
(9.935905368300112 -0.03928742119246031 0.0)
(10.000000000000005 -0.039580583582759545 0.0)
(9.975205742810994 -0.0392874211924619 0.0)
(9.862003866447559 -0.03841001566375238 0.0)
(9.660815686057472 -0.03695320751049886 0.0)
(9.372192292645034 -0.0349284546237394 0.0)
(8.996541886606247 -0.032354668220335746 0.0)
(8.534553708860361 -0.029261386479452374 0.0)
(7.986349336545164 -0.025728291273643678 0.0)
(7.361244447426923 -0.021817862109426663 0.0)
(6.651562856286211 -0.016902569813377354 0.0)
(5.821617274683467 -0.010534427461684032 0.0)
(4.875193956723406 -0.0043516790246012115 0.0)
(3.8261181735810177 -0.0005181304324971223 0.0)
(2.6618276569835486 0.0005817382924987003 0.0)
(1.383935553355144 0.0003021876277310086 0.0)
(0.026394402403901514 2.8915335346374527e-05 0.0)
(-0.026403087505674605 2.89441747249457e-05 0.0)
(1.1938161554119533 0.0003024781650570345 0.0)
(2.3159640254026472 0.0005821931943421992 0.0)
(3.3741425789492094 -0.0005191232925351974 0.0)
(4.369946991820948 -0.004356547528500493 0.0)
(5.29006052283089 -0.010542933534518288 0.0)
(6.14787111204234 -0.016909662352174497 0.0)
(6.948987655960273 -0.021819604957769613 0.0)
(7.657934933734765 -0.02572707205323153 0.0)
(8.26540795534927 -0.029259466417396497 0.0)
(8.781182394432252 -0.03235224630812539 0.0)
(9.205556642531102 -0.03492571264170013 0.0)
(9.539166124693955 -0.036950279952160325 0.0)
(9.782430429835808 -0.03840699013246494 0.0)
(9.935900734146946 -0.03928434552299064 0.0)
(10.000000000000005 -0.03957749559607992 0.0)
(9.97521037696416 -0.039284345522992245 0.0)
(9.86201401460865 -0.03840699013246816 0.0)
(9.660833875306048 -0.036950279952163954 0.0)
(9.372221135246667 -0.03492571264170576 0.0)
(8.996595383345534 -0.03235224630813144 0.0)
(8.534592044650719 -0.0292594664174044 0.0)
(7.986509510709677 -0.025727072053240534 0.0)
(7.362123455150856 -0.0218196049577773 0.0)
(6.652128887957683 -0.016909662352181647 0.0)
(5.821050588280215 -0.01054293353452558 0.0)
(4.8744974526234826 -0.004356547528504755 0.0)
(3.82585742105077 -0.0005191232925367723 0.0)
(2.6618137523751297 0.0005821931943417285 0.0)
(1.3839616223658373 0.0003024781650568144 0.0)
(0.02640308750567307 2.8944174724924564e-05 0.0)
(-0.026417246718939434 2.8959520375659872e-05 0.0)
(1.1937696456499178 0.0003025678966093838 0.0)
(2.3159349179077147 0.0005817764443729482 0.0)
(3.374347228187084 -0.0005222930031619145 0.0)
(4.370652021110943 -0.00436544685798686 0.0)
(5.290823052789342 -0.010557766253649 0.0)
(6.147554938034772 -0.016925216947651638 0.0)
(6.948131790842361 -0.021830569297022005 0.0)
(7.657724622076346 -0.025734607627903475 0.0)
(8.26536701458974 -0.029265712838832024 0.0)
(8.781127133478595 -0.03235743902124459 0.0)
(9.205526483610178 -0.034930048796742795 0.0)
(9.539147088093657 -0.036953971212171075 0.0)
(9.78241985393028 -0.03841023379427303 0.0)
(9.9358958703005 -0.039287321571350085 0.0)
(10.000000000000005 -0.039580385496623995 0.0)
(9.975215240810606 -0.03928732157135169 0.0)
(9.86202459051418 -0.03841023379427626 0.0)
(9.660852911906346 -0.03695397121217473 0.0)
(9.372251294167588 -0.03493004879674844 0.0)
(8.996650644299189 -0.03235743902125066 0.0)
(8.53463298541025 -0.029265712838839962 0.0)
(7.986719822368096 -0.025734607627912527 0.0)
(7.362979320268769 -0.021830569297029756 0.0)
(6.65244506196525 -0.01692521694765885 0.0)
(5.8202880583217596 -0.010557766253656354 0.0)
(4.8737924233334855 -0.004365446857991162 0.0)
(3.825652771812895 -0.0005222930031635063 0.0)
(2.6618428598700627 0.000581776444372473 0.0)
(1.384008132127873 0.00030256789660916306 0.0)
(0.026417246718937963 2.8959520375638723e-05 0.0)
(-0.026436257913770286 2.8960698038719885e-05 0.0)
(1.1937047386903967 0.0003024528797480253 0.0)
(2.315864077239507 0.0005805063538226417 0.0)
(3.374486782219469 -0.0005275002930895946 0.0)
(4.371334597893823 -0.0043779859927993115 0.0)
(5.2917479221316315 -0.010578273896526016 0.0)
(6.1475025137985755 -0.016948550159332734 0.0)
(6.947336673477991 -0.021850273374168123 0.0)
(7.6574734136335385 -0.02575056689828539 0.0)
(8.265325267723114 -0.029279851287420694 0.0)
(8.781072536375778 -0.032370018201372655 0.0)
(9.205496333497779 -0.034941272566141955 0.0)
(9.539128040575028 -0.036964119103315596 0.0)
(9.782409314966257 -0.0384196041286077 0.0)
(9.935890990469291 -0.03929621857541824 0.0)
(10.000000000000005 -0.03958912630744877 0.0)
(9.975220120641815 -0.03929621857541986 0.0)
(9.862035129478203 -0.03841960412861094 0.0)
(9.660871959424975 -0.036964119103319266 0.0)
(9.37228144427999 -0.034941272566147645 0.0)
(8.996705241402006 -0.03237001820137878 0.0)
(8.534674732276876 -0.029279851287428688 0.0)
(7.9869710308109045 -0.02575056689829451 0.0)
(7.3637744376331415 -0.021850273374175957 0.0)
(6.652497486201446 -0.016948550159340037 0.0)
(5.819363188979468 -0.010578273896533442 0.0)
(4.873109846550603 -0.0043779859928036605 0.0)
(3.8255132177805105 -0.0005275002930912074 0.0)
(2.6619137005382707 0.00058050635382216 0.0)
(1.3840730390873943 0.00030245287974780345 0.0)
(0.026436257913768885 2.896069803869869e-05 0.0)
(-0.02645928577304628 2.8947655969765356e-05 0.0)
(1.1936242864264475 0.00030213816810342975 0.0)
(2.3157546160073865 0.0005784387281464955 0.0)
(3.3745551092974875 -0.0005345163635252824 0.0)
(4.371964730994489 -0.004393613986293889 0.0)
(5.292794493790859 -0.010603555394838989 0.0)
(6.147716142758782 -0.016978636768583424 0.0)
(6.946637239869525 -0.021877851428105763 0.0)
(7.657192346045746 -0.025774248643233365 0.0)
(8.265284549030333 -0.02930126054559709 0.0)
(8.781021002020614 -0.03238943114234774 0.0)
(9.20546751693468 -0.034958890798003524 0.0)
(9.53910981905119 -0.03698027774582201 0.0)
(9.782399276006537 -0.038434689420120814 0.0)
(9.935886309064175 -0.039310645617112956 0.0)
(10.000000000000005 -0.03960333397331748 0.0)
(9.975224802046931 -0.03931064561711457 0.0)
(9.862045168437922 -0.03843468942012408 0.0)
(9.660890180948812 -0.03698027774582572 0.0)
(9.372310260843088 -0.034958890798009255 0.0)
(8.996756775757172 -0.03238943114235391 0.0)
(8.534715450969657 -0.029301260545605154 0.0)
(7.987252098398698 -0.025774248643242556 0.0)
(7.364473871241608 -0.021877851428113694 0.0)
(6.652283857241238 -0.01697863676859083 0.0)
(5.818316617320238 -0.010603555394846498 0.0)
(4.872479713449937 -0.00439361398629829 0.0)
(3.825444890702492 -0.0005345163635269199 0.0)
(2.6620231617703918 0.0005784387281460056 0.0)
(1.384153491351344 0.0003021381681032064 0.0)
(0.026459285773044947 2.894765596974408e-05 0.0)
(-0.02648531849475911 2.8920967213446366e-05 0.0)
(1.1935318237833648 0.00030163758952951207 0.0)
(2.3156113437376384 0.0005756644150341048 0.0)
(3.374549207254333 -0.0005430329411695724 0.0)
(4.372514733517293 -0.004411644173027046 0.0)
(5.293916783322965 -0.010632499925803243 0.0)
(6.148186438449702 -0.017014154824835134 0.0)
(6.9460642218501425 -0.02191209172959753 0.0)
(7.656893768908578 -0.025804612330198897 0.0)
(8.26524664761627 -0.02932899992972407 0.0)
(8.78097479473839 -0.03241482487505834 0.0)
(9.20544130006795 -0.03498212937945116 0.0)
(9.539093224142567 -0.03700173715850001 0.0)
(9.782390178144643 -0.03845482684870106 0.0)
(9.935882031777526 -0.03932996879861569 0.0)
(10.000000000000005 -0.039622384235384035 0.0)
(9.97522907933358 -0.03932996879861733 0.0)
(9.862054266299815 -0.038454826848704354 0.0)
(9.660906775857436 -0.03700173715850375 0.0)
(9.372336477709819 -0.034982129379456946 0.0)
(8.996802983039395 -0.03241482487506458 0.0)
(8.53475335238372 -0.02932899992973221 0.0)
(7.987550675535867 -0.025804612330208185 0.0)
(7.3650468892609915 -0.021912091729605565 0.0)
(6.651813561550315 -0.017014154824842646 0.0)
(5.817194327788128 -0.01063249992581084 0.0)
(4.871929710927132 -0.004411644173031501 0.0)
(3.8254507927456465 -0.0005430329411712369 0.0)
(2.6621664340401403 0.0005756644150336057 0.0)
(1.384245953994427 0.00030163758952928677 0.0)
(0.026485318494757853 2.8920967213424967e-05 0.0)
(-0.02651321224874223 2.8881804424889856e-05 0.0)
(1.1934314134005297 0.0003009731385330275 0.0)
(2.315440555551686 0.000572305312728166 0.0)
(3.374469335414984 -0.000552675823181413 0.0)
(4.372960439357583 -0.004431284339579021 0.0)
(5.2950654793790815 -0.010663835719680735 0.0)
(6.148892736939059 -0.01705354372967461 0.0)
(6.945642796783307 -0.021951489822436734 0.0)
(7.656590801155208 -0.025840323834325534 0.0)
(8.265213228799718 -0.02936185062201086 0.0)
(8.780935944792553 -0.03244508364534569 0.0)
(9.205418834818747 -0.03500996724972983 0.0)
(9.539078984999081 -0.0370275544540154 0.0)
(9.782382421123987 -0.03847913161257701 0.0)
(9.935878346545495 -0.03935333909468199 0.0)
(10.000000000000005 -0.039645440059984695 0.0)
(9.975232764565611 -0.03935333909468364 0.0)
(9.86206202332047 -0.03847913161258033 0.0)
(9.660921015000921 -0.03702755445401918 0.0)
(9.372358942959021 -0.03500996724973567 0.0)
(8.996841832985233 -0.032445083645352 0.0)
(8.534786771200272 -0.029361850622019077 0.0)
(7.987853643289236 -0.025840323834334912 0.0)
(7.365468314327827 -0.021951489822444874 0.0)
(6.651107263060956 -0.017053543729682225 0.0)
(5.816045631732009 -0.010663835719688418 0.0)
(4.871484005086841 -0.004431284339583531 0.0)
(3.825530664584996 -0.0005526758231831054 0.0)
(2.662337222226093 0.0005723053127276568 0.0)
(1.3843463643772622 0.00030097313853280004 0.0)
(0.026513212248741057 2.888180442486832e-05 0.0)
(-0.026541741434475803 2.883188834537872e-05 0.0)
(1.1933274671264689 0.0003001740098751828 0.0)
(2.315249755569973 0.000568509014038698 0.0)
(3.3743190032019403 -0.0005630213189663579 0.0)
(4.373282265016134 -0.004451671532962192 0.0)
(5.296190110355982 -0.010696185939015699 0.0)
(6.149804004763367 -0.01709507280668316 0.0)
(6.9453914813154825 -0.02199431462650079 0.0)
(7.656296754634459 -0.02587981405745429 0.0)
(8.265185760942337 -0.029398369223137023 0.0)
(8.780906159178649 -0.03247887793820023 0.0)
(9.205401108269024 -0.03504118126374744 0.0)
(9.539067727262651 -0.03705659526763465 0.0)
(9.782376345773862 -0.03850653580488827 0.0)
(9.935875415290438 -0.03937972965725744 0.0)
(10.000000000000005 -0.03967148841636595 0.0)
(9.975235695820668 -0.0393797296572591 0.0)
(9.862068098670596 -0.038506535804891606 0.0)
(9.660932272737352 -0.03705659526763847 0.0)
(9.372376669508744 -0.035041181263753336 0.0)
(8.996871618599137 -0.032478877938206606 0.0)
(8.534814239057653 -0.02939836922314533 0.0)
(7.9881476898099875 -0.025879814057463764 0.0)
(7.365719629795652 -0.021994314626509047 0.0)
(6.650195995236645 -0.017095072806690894 0.0)
(5.814921000755106 -0.010696185939023465 0.0)
(4.87116217942829 -0.004451671532966756 0.0)
(3.8256809967980407 -0.0005630213189680781 0.0)
(2.6625280222078067 0.0005685090140381781 0.0)
(1.3844503106513233 0.00030017400987495296 0.0)
(0.026541741434474707 2.8831888345357015e-05 0.0)
)
