(
(0.015296398751178261 -7.096160390505707e-05 0.0)
(1.3548779052767796 -0.0009528472383269638 0.0)
(2.634300164012558 -0.0035914749728604583 0.0)
(3.823940693332959 -0.0076207162109387105 0.0)
(4.900200783229511 -0.011859201557760029 0.0)
(5.852085224952511 -0.016246774069832968 0.0)
(6.664166221305922 -0.021890172332214925 0.0)
(7.359349882313807 -0.028701354081455265 0.0)
(7.985153556750989 -0.03520557834319464 0.0)
(8.534919383067802 -0.040827857884926017 0.0)
(8.996814618033373 -0.04565388932219356 0.0)
(9.372440308726963 -0.049659945536534945 0.0)
(9.66101252740768 -0.05280710763673704 0.0)
(9.862134050814399 -0.05506940877623476 0.0)
(9.97527255981801 -0.05643222220195665 0.0)
(9.999999999999998 -0.05688708421361575 0.0)
(9.935838551293124 -0.056432222201955075 0.0)
(9.782310393630034 -0.05506940877623177 0.0)
(9.538987472592332 -0.052807107636732804 0.0)
(9.205337469050829 -0.04965994553652979 0.0)
(8.780963159744406 -0.04565388932218802 0.0)
(8.265080616932224 -0.04082785788491919 0.0)
(7.659290887693463 -0.035205578343187445 0.0)
(6.951761228797283 -0.02870135408144897 0.0)
(6.135833778694053 -0.021890172332208493 0.0)
(5.259025886158573 -0.01624677406982645 0.0)
(4.344243661214892 -0.011859201557756402 0.0)
(3.376059306667031 -0.007620716210937544 0.0)
(2.3434776137652094 -0.003591474972860384 0.0)
(1.2228998725009828 -0.000952847238326852 0.0)
(-0.015296398751185308 -7.096160390504559e-05 0.0)
(0.01529876810360567 -7.102999579131292e-05 0.0)
(1.3548773542138386 -0.0009536602013952894 0.0)
(2.6341974245736854 -0.0035938127694037487 0.0)
(3.823448264395423 -0.007623409500821014 0.0)
(4.899188120588846 -0.011859712334023189 0.0)
(5.851622317146232 -0.016246298429834754 0.0)
(6.6654799160569285 -0.021895865785632084 0.0)
(7.360692678472381 -0.028716402014227052 0.0)
(7.985294369239745 -0.03522411030321436 0.0)
(8.53497103882582 -0.04084630091876246 0.0)
(8.996890277978737 -0.04567201912118466 0.0)
(9.372480402738043 -0.04967752292678256 0.0)
(9.661037779297692 -0.05282408140345086 0.0)
(9.862148225387926 -0.05508585913078398 0.0)
(9.975278966959555 -0.056448331021728665 0.0)
(9.999999999999998 -0.05690307013630303 0.0)
(9.935832144151577 -0.05644833102172709 0.0)
(9.782296219056507 -0.05508585913078098 0.0)
(9.538962220702318 -0.05282408140344664 0.0)
(9.205297375039748 -0.04967752292677739 0.0)
(8.780887499799043 -0.045672019121179123 0.0)
(8.265028961174206 -0.04084630091875563 0.0)
(7.659150075204707 -0.03522411030320715 0.0)
(6.950418432638705 -0.02871640201422073 0.0)
(6.134520083943045 -0.021895865785625617 0.0)
(5.259488793964855 -0.01624629842982818 0.0)
(4.34525632385556 -0.011859712334019537 0.0)
(3.3765517356045676 -0.007623409500819841 0.0)
(2.3435803532040813 -0.0035938127694036754 0.0)
(1.2229004235639238 -0.0009536602013951783 0.0)
(-0.015298768103612762 -7.102999579130152e-05 0.0)
(0.015310413349799632 -7.107974175588763e-05 0.0)
(1.3549109058603142 -0.0009541840460147945 0.0)
(2.6341606715697914 -0.0035948278697381718 0.0)
(3.8230215336553255 -0.007622620747354996 0.0)
(4.8981036638621 -0.011853521062246953 0.0)
(5.850806059174583 -0.01623523088246977 0.0)
(6.666451041217308 -0.021887752047584762 0.0)
(7.362073150808839 -0.028716906266791242 0.0)
(7.985526909899187 -0.035229075944482144 0.0)
(8.535029980641724 -0.04085215500155452 0.0)
(8.996973184358117 -0.045678463713930036 0.0)
(9.37252497374109 -0.049684279595150656 0.0)
(9.661065881451684 -0.05283096715624613 0.0)
(9.862163919908728 -0.05509277556119492 0.0)
(9.975286121836154 -0.05645524966731666 0.0)
(9.999999999999998 -0.0569099821893651 0.0)
(9.935824989274979 -0.056455249667315084 0.0)
(9.782280524535706 -0.0550927755611919 0.0)
(9.538934118548326 -0.05283096715624188 0.0)
(9.205252804036704 -0.04968427959514547 0.0)
(8.780804593419662 -0.04567846371392448 0.0)
(8.264970019358302 -0.04085215500154765 0.0)
(7.658917534545263 -0.03522907594447489 0.0)
(6.9490379603022445 -0.028716906266784865 0.0)
(6.133548958782664 -0.021887752047578212 0.0)
(5.260305051936507 -0.016235230882463127 0.0)
(4.3463407805823095 -0.011853521062243256 0.0)
(3.376978466344666 -0.007622620747353803 0.0)
(2.3436171062079754 -0.003594827869738095 0.0)
(1.222866871917448 -0.0009541840460146833 0.0)
(-0.015310413349806797 -7.107974175587629e-05 0.0)
(0.015330822818946762 -7.110865605210547e-05 0.0)
(1.354977086018241 -0.0009543957554112449 0.0)
(2.6341915198606283 -0.0035944756722121047 0.0)
(3.822679250880705 -0.007618384606924964 0.0)
(4.896995062093889 -0.011840899775586555 0.0)
(5.849672315919538 -0.016214057715521733 0.0)
(6.667036927324138 -0.02186618762087909 0.0)
(7.363430643894218 -0.028702844683212665 0.0)
(7.985840961318162 -0.035220257085805076 0.0)
(8.535093618719957 -0.04084516291561406 0.0)
(8.997059694416876 -0.045672939936814504 0.0)
(9.372572063367768 -0.04967991866599215 0.0)
(9.661095599112421 -0.05282746234774214 0.0)
(9.862180444788274 -0.055089854172168565 0.0)
(9.975293710075617 -0.0564526741460908 0.0)
(9.999999999999998 -0.056907516669835644 0.0)
(9.935817401035516 -0.05645267414608921 0.0)
(9.78226399965616 -0.05508985417216553 0.0)
(9.53890440088759 -0.05282746234773788 0.0)
(9.205205714410026 -0.04967991866598692 0.0)
(8.780718083360904 -0.0456729399368089 0.0)
(8.264906381280069 -0.040845162915607136 0.0)
(7.658603483126288 -0.035220257085797756 0.0)
(6.947680467216862 -0.028702844683206198 0.0)
(6.132963072675835 -0.021866187620872436 0.0)
(5.261438795191556 -0.01621405771551499 0.0)
(4.347449382350524 -0.0118408997755828 0.0)
(3.3773207491192867 -0.007618384606923747 0.0)
(2.343586257917138 -0.003594475672212022 0.0)
(1.2228006917595207 -0.0009543957554111331 0.0)
(-0.015330822818954013 -7.110865605209413e-05 0.0)
(0.015359099756310803 -7.111546823868785e-05 0.0)
(1.3550729868525535 -0.0009542860274610718 0.0)
(2.6342886140287325 -0.0035927716517405177 0.0)
(3.8224364553504895 -0.0076108872077916175 0.0)
(4.895911025217777 -0.011822403030287865 0.0)
(5.848270901985598 -0.016183709239211124 0.0)
(6.667211831613731 -0.021832120006973512 0.0)
(7.364705511965811 -0.02867483510374883 0.0)
(7.986222724651859 -0.03519804121169978 0.0)
(8.535159156919784 -0.04082563188040565 0.0)
(8.997146007061298 -0.04565569049449906 0.0)
(9.37261960258603 -0.04966463175055614 0.0)
(9.661125626540258 -0.05281372097281271 0.0)
(9.862197073953588 -0.05507722332419421 0.0)
(9.975301398264582 -0.056440717621741965 0.0)
(9.999999999999998 -0.05689578190813225 0.0)
(9.935809712846549 -0.05644071762174036 0.0)
(9.782247370490845 -0.05507722332419115 0.0)
(9.538874373459754 -0.05281372097280839 0.0)
(9.205158175191762 -0.04966463175055087 0.0)
(8.78063177071648 -0.04565569049449338 0.0)
(8.264840843080243 -0.040825631880398644 0.0)
(7.658221719792589 -0.035198041211692364 0.0)
(6.946405599145266 -0.028674835103742247 0.0)
(6.132788168386244 -0.021832120006966726 0.0)
(5.262840209125501 -0.016183709239204272 0.0)
(4.348533419226637 -0.01182240303028404 0.0)
(3.3775635446495027 -0.007610887207790369 0.0)
(2.343489163749033 -0.0035927716517404253 0.0)
(1.2227047909252078 -0.0009542860274609585 0.0)
(-0.015359099756318162 -7.111546823867643e-05 0.0)
(0.015394001724995176 -7.109987900061885e-05 0.0)
(1.3551943946560374 -0.0009538596834096644 0.0)
(2.6344476879339864 -0.003589790679865514 0.0)
(3.8223038150560944 -0.00760045797195677 0.0)
(4.894899183830914 -0.011798843539500465 0.0)
(5.846663392937206 -0.01614551891006606 0.0)
(6.666968069111581 -0.021787046074498096 0.0)
(7.365841739652857 -0.028634108218079296 0.0)
(7.986655425917814 -0.03516340444703166 0.0)
(8.5352237156126 -0.040794420053885325 0.0)
(8.99722832987169 -0.04562747329592207 0.0)
(9.372665502609596 -0.04963909052794029 0.0)
(9.661154644384947 -0.05279034680233307 0.0)
(9.862213076749567 -0.05505543799362436 0.0)
(9.975308848598095 -0.056419905442076215 0.0)
(9.999999999999998 -0.05687529350821601 0.0)
(9.935802262513036 -0.0564199054420746 0.0)
(9.782231367694866 -0.055055437993621274 0.0)
(9.538845355615063 -0.052790346802328726 0.0)
(9.205112275168197 -0.04963909052793494 0.0)
(8.780549447906088 -0.0456274732959163 0.0)
(8.264776284387425 -0.040794420053878205 0.0)
(7.657789018526634 -0.035163404447024114 0.0)
(6.9452693714582185 -0.028634108218072572 0.0)
(6.1330319308883965 -0.021787046074491164 0.0)
(5.264447718173897 -0.016145518910059088 0.0)
(4.349545260613503 -0.011798843539496557 0.0)
(3.3776961849438973 -0.007600457971955484 0.0)
(2.3433300898437786 -0.0035897906798654086 0.0)
(1.2225833831217237 -0.0009538596834095487 0.0)
(-0.015394001725002649 -7.109987900060732e-05 0.0)
(0.015433995196347236 -7.106257330049954e-05 0.0)
(1.3553359749919167 -0.000953135456034667 0.0)
(2.63466175216001 -0.0035856637350377466 0.0)
(3.8222871579693973 -0.007587555140963258 0.0)
(4.894003996392724 -0.011771256464148682 0.0)
(5.8449204197810944 -0.01610116474128195 0.0)
(6.666316350296082 -0.021732946289585397 0.0)
(7.366789403189457 -0.028582453491052658 0.0)
(7.987120053014003 -0.03511786866787403 0.0)
(8.535284458207554 -0.04075289882660996 0.0)
(8.997303045734373 -0.0455895281531671 0.0)
(9.372707746675403 -0.04960441723273997 0.0)
(9.661181377655481 -0.05275836685459231 0.0)
(9.862227750042635 -0.055025455388029124 0.0)
(9.97531573372213 -0.05639115205619323 0.0)
(9.999999999999998 -0.05684695169289681 0.0)
(9.935795377389002 -0.0563911520561916 0.0)
(9.782216694401798 -0.055025455388025994 0.0)
(9.538818622344529 -0.052758366854587894 0.0)
(9.205070031102391 -0.04960441723273455 0.0)
(8.780474732043405 -0.045589528153161245 0.0)
(8.264715541792471 -0.040752898826602726 0.0)
(7.657324391430443 -0.03511786866786635 0.0)
(6.944321707921617 -0.028582453491045767 0.0)
(6.133683649703898 -0.02173294628957829 0.0)
(5.266190691330014 -0.01610116474127484 0.0)
(4.350440448051694 -0.01177125646414469 0.0)
(3.377712842030594 -0.00758755514096193 0.0)
(2.3431160256177543 -0.0035856637350376273 0.0)
(1.222441802785844 -0.0009531354560345485 0.0)
(-0.015433995196354827 -7.106257330048782e-05 0.0)
(0.015477322930401757 -7.10051902825443e-05 0.0)
(1.3554915070792468 -0.0009521451665620007 0.0)
(2.634921401116332 -0.003580572147662917 0.0)
(3.8223872159723142 -0.007572745641599873 0.0)
(4.893264795801544 -0.011740853929854349 0.0)
(5.843118565569063 -0.016052595573891503 0.0)
(6.665285310499701 -0.021672197697811705 0.0)
(7.367506863973515 -0.028522140536874803 0.0)
(7.987596191075832 -0.03506343463305775 0.0)
(8.535338715786146 -0.040702892565345095 0.0)
(8.997366871771026 -0.04554352230638815 0.0)
(9.372744478656482 -0.049562135346113305 0.0)
(9.66120465174086 -0.05271918626998844 0.0)
(9.862240449115136 -0.05498859288824673 0.0)
(9.975321751116933 -0.056355720835265896 0.0)
(9.999999999999998 -0.056812001749689846 0.0)
(9.9357893599942 -0.05635572083526425 0.0)
(9.782203995329295 -0.05498859288824356 0.0)
(9.53879534825915 -0.052719186269983974 0.0)
(9.205033299121311 -0.0495621353461078 0.0)
(8.780410906006752 -0.04554352230638218 0.0)
(8.26466128421388 -0.04070289256533774 0.0)
(7.656848253368612 -0.03506343463304993 0.0)
(6.943604247137559 -0.028522140536867746 0.0)
(6.134714689500283 -0.021672197697804433 0.0)
(5.267992545542049 -0.016052595573884255 0.0)
(4.3511796486428755 -0.01174085392985027 0.0)
(3.377612784027676 -0.007572745641598501 0.0)
(2.342856376661431 -0.003580572147662782 0.0)
(1.2222862706985134 -0.0009521451665618787 0.0)
(-0.015477322930409473 -7.100519028253238e-05 0.0)
(0.015522081185790241 -7.093025125158283e-05 0.0)
(1.3556541571226486 -0.0009509323264994107 0.0)
(2.635215226302826 -0.003574739632775478 0.0)
(3.822599592699248 -0.007556680176175428 0.0)
(4.892714061179021 -0.011708971768354493 0.0)
(5.84133700047879 -0.01600194544825508 0.0)
(6.663920251724857 -0.02160746948116316 0.0)
(7.3679625980907355 -0.028455819396412882 0.0)
(7.988062919467935 -0.0350024940744884 0.0)
(8.535384104369637 -0.04064659845372684 0.0)
(8.997417003582367 -0.045491477168327334 0.0)
(9.372774084616783 -0.04951410265680612 0.0)
(9.66122344402035 -0.05267452657173014 0.0)
(9.862250615993059 -0.05494647016507957 0.0)
(9.975326636389184 -0.056315168562322174 0.0)
(9.999999999999998 -0.05677197931516056 0.0)
(9.935784474721949 -0.0563151685623205 0.0)
(9.782193828451375 -0.05494647016507636 0.0)
(9.53877655597966 -0.05267452657172562 0.0)
(9.205003693161009 -0.049514102656800535 0.0)
(8.780360774195412 -0.045491477168321255 0.0)
(8.264615895630389 -0.040646598453719346 0.0)
(7.656381524976509 -0.035002494074480424 0.0)
(6.943148513020338 -0.028455819396405645 0.0)
(6.136079748275132 -0.021607469481155713 0.0)
(5.269774110632327 -0.0160019454482477 0.0)
(4.351730383265399 -0.011708971768350328 0.0)
(3.3774004073007413 -0.007556680176174015 0.0)
(2.342562551474937 -0.0035747396327753264 0.0)
(1.2221236206551112 -0.000950932326499285 0.0)
(-0.015522081185798071 -7.093025125157067e-05 0.0)
(0.015566303366653825 -7.08410488915385e-05 0.0)
(1.3558167785767747 -0.0009495502258204192 0.0)
(2.6355303175783344 -0.0035684224604092996 0.0)
(3.8229149567053495 -0.007540064631849738 0.0)
(4.8923759907969275 -0.01167701082349865 0.0)
(5.83965400322106 -0.015951439838231354 0.0)
(6.662281152156813 -0.021541605679062357 0.0)
(7.36813658141775 -0.02838640409924769 0.0)
(7.988499730998616 -0.0349377246088219 0.0)
(8.535418629666701 -0.04058648995203254 0.0)
(8.997451238468315 -0.04543567950713718 0.0)
(9.372795263724575 -0.04946242963331327 0.0)
(9.661236928795573 -0.052626350025256265 0.0)
(9.862257803962384 -0.054900938013922276 0.0)
(9.975330174888956 -0.05627127703004692 0.0)
(9.999999999999998 -0.056728642901863156 0.0)
(9.935780936222175 -0.05627127703004522 0.0)
(9.782186640482047 -0.054900938013919036 0.0)
(9.53876307120444 -0.05262635002525167 0.0)
(9.204982514053217 -0.0494624296333076 0.0)
(8.780326539309463 -0.045435679507131004 0.0)
(8.264581370333325 -0.04058648995202492 0.0)
(7.655944713445827 -0.03493772460881376 0.0)
(6.942974529693323 -0.028386404099240287 0.0)
(6.137718847843182 -0.021541605679054755 0.0)
(5.271457107890061 -0.01595143983822385 0.0)
(4.352068453647492 -0.011677010823494408 0.0)
(3.3770850432946387 -0.007540064631848282 0.0)
(2.3422474601994274 -0.0035684224604091317 0.0)
(1.2219609992009848 -0.0009495502258202896 0.0)
(-0.015566303366661764 -7.084104889152608e-05 0.0)
(0.01560804643126756 -7.074150259092055e-05 0.0)
(1.3559722261524383 -0.0009480595915003793 0.0)
(2.6358528304086555 -0.0035618981955612126 0.0)
(3.8233194514731323 -0.007523629065243193 0.0)
(4.892265438849371 -0.011646375400732892 0.0)
(5.838143521616421 -0.01590329786792737 0.0)
(6.660440030831939 -0.021477500226479204 0.0)
(7.3680211694454645 -0.028316944626544972 0.0)
(7.988887432968344 -0.034871972087887254 0.0)
(8.535440774698948 -0.040525208117861256 0.0)
(8.997468072210618 -0.045378580969971445 0.0)
(9.372807085408606 -0.04940938669375391 0.0)
(9.66124451357017 -0.05257677341988238 0.0)
(9.862261697196894 -0.05485399703419798 0.0)
(9.975332211141048 -0.056225974752071 0.0)
(9.999999999999998 -0.056683896632516224 0.0)
(9.935778899970085 -0.05622597475206929 0.0)
(9.78218274724754 -0.0548539970341947 0.0)
(9.53875548642984 -0.052576773419877716 0.0)
(9.204970692369187 -0.049409386693748156 0.0)
(8.780309705567161 -0.04537858096996516 0.0)
(8.264559225301078 -0.04052520811785351 0.0)
(7.655557011476098 -0.034871972087878976 0.0)
(6.943089941665611 -0.02831694462653741 0.0)
(6.139559969168061 -0.021477500226471453 0.0)
(5.272967589494702 -0.01590329786791976 0.0)
(4.3521790055950484 -0.011646375400728578 0.0)
(3.3766805485268545 -0.007523629065241697 0.0)
(2.3419249473691055 -0.0035618981955610283 0.0)
(1.2218055516253208 -0.000948059591500246 0.0)
(-0.015608046431275589 -7.074150259090782e-05 0.0)
(0.015645476265739096 -7.063598623206329e-05 0.0)
(1.356113669767548 -0.0009465259192842754 0.0)
(2.6361685941700452 -0.003555453502492835 0.0)
(3.8237953042425032 -0.0075080956250844644 0.0)
(4.892387262786677 -0.011618411564487622 0.0)
(5.836871923463233 -0.01585963480744503 0.0)
(6.658477783253016 -0.02141796979972258 0.0)
(7.367621433164801 -0.02825049290046277 0.0)
(7.989208990461847 -0.03480812555716348 0.0)
(8.535449566454176 -0.0404654455628945 0.0)
(8.997466765165433 -0.04532269036209436 0.0)
(9.372809030245707 -0.04935730444785295 0.0)
(9.661245865083023 -0.052527975060950756 0.0)
(9.862262124634983 -0.05480770972667967 0.0)
(9.975332655676262 -0.05618125222761053 0.0)
(9.999999999999998 -0.05663970657633386 0.0)
(9.93577845543487 -0.0561812522276088 0.0)
(9.78218231980945 -0.05480770972667635 0.0)
(9.538754134916987 -0.05252797506094604 0.0)
(9.204968747532085 -0.04935730444784711 0.0)
(8.780311012612346 -0.04532269036208799 0.0)
(8.26455043354585 -0.04046544556288666 0.0)
(7.655235453982594 -0.03480812555715509 0.0)
(6.943489677946277 -0.028250492900455074 0.0)
(6.141522216746989 -0.02141796979971471 0.0)
(5.274239187647892 -0.015859634807437337 0.0)
(4.352057181657741 -0.011618411564483252 0.0)
(3.3762046957574823 -0.007508095625082935 0.0)
(2.341609183607715 -0.003555453502492636 0.0)
(1.2216641080102106 -0.0009465259192841382 0.0)
(-0.015645476265747197 -7.06359862320503e-05 0.0)
(0.0156769482716177 -7.052913601073824e-05 0.0)
(1.35623489464842 -0.0009450165959235086 0.0)
(2.6364637347805018 -0.0035493715492273593 0.0)
(3.824321606913323 -0.0074941468223165015 0.0)
(4.892736109887912 -0.011594347994569067 0.0)
(5.835895080458025 -0.015822369131782633 0.0)
(6.656480626988829 -0.02136563005683634 0.0)
(7.366954936256632 -0.02818996868827514 0.0)
(7.989450274831136 -0.03474899031640667 0.0)
(8.535444618638744 -0.04040982814446503 0.0)
(8.997447374761933 -0.04527046341456708 0.0)
(9.372801012783295 -0.0493084712942135 0.0)
(9.661240923951134 -0.05248209905907878 0.0)
(9.862259067495804 -0.05476410987097946 0.0)
(9.975331488962539 -0.05613907448257274 0.0)
(9.999999999999998 -0.05659801436354132 0.0)
(9.935779622148594 -0.056139074482571 0.0)
(9.782185376948629 -0.05476410987097611 0.0)
(9.538759076048878 -0.05248209905907402 0.0)
(9.204976764994498 -0.04930847129420761 0.0)
(8.780330403015846 -0.045270463414560626 0.0)
(8.264555381361282 -0.040409828144457094 0.0)
(7.654994169613305 -0.03474899031639817 0.0)
(6.944156174854448 -0.028189968688267328 0.0)
(6.143519373011181 -0.021365630056828375 0.0)
(5.275216030653102 -0.01582236913177487 0.0)
(4.351708334556504 -0.011594347994564656 0.0)
(3.3756783930866607 -0.007494146822314946 0.0)
(2.341314042997258 -0.003549371549227148 0.0)
(1.2215428831293387 -0.0009450165959233682 0.0)
(-0.015676948271625853 -7.052913601072497e-05 0.0)
(0.015701079626541475 -7.042564673019342e-05 0.0)
(1.356330574395563 -0.0009435979383253224 0.0)
(2.6367252843015456 -0.0035439195656646514 0.0)
(3.82487523470908 -0.007482395541814315 0.0)
(4.893296652449646 -0.011575242000216389 0.0)
(5.835255913295361 -0.01579313822655314 0.0)
(6.654536313431935 -0.02132278071037005 0.0)
(7.366050963375784 -0.02813803131313969 0.0)
(7.98960068448244 -0.03469716465991082 0.0)
(8.53542614865061 -0.04036079959018944 0.0)
(8.997410752978976 -0.04522419488391744 0.0)
(9.372783385294 -0.04926503287226875 0.0)
(9.661229907278793 -0.052441161121860945 0.0)
(9.862252660104462 -0.05472511316499315 0.0)
(9.975328762263143 -0.0561012947299126 0.0)
(9.999999999999998 -0.05656065187369493 0.0)
(9.93578234884799 -0.05610129472991084 0.0)
(9.782191784339972 -0.05472511316498977 0.0)
(9.538770092721219 -0.05244116112185616 0.0)
(9.204994392483794 -0.049265032872262804 0.0)
(8.780367024798803 -0.04522419488391092 0.0)
(8.264573851349416 -0.04036079959018142 0.0)
(7.654843759962001 -0.03469716465990224 0.0)
(6.945060147735299 -0.028138031313131792 0.0)
(6.14546368656808 -0.021322780710362022 0.0)
(5.2758551978157655 -0.015793138226545343 0.0)
(4.3511477919947685 -0.011575242000211953 0.0)
(3.375124765290902 -0.007482395541812741 0.0)
(2.3410524934762136 -0.0035439195656644298 0.0)
(1.2214472033821955 -0.000943597938325179 0.0)
(-0.015701079626549656 -7.042564673017991e-05 0.0)
(0.015716810042922136 -7.033006552008771e-05 0.0)
(1.3563965050159288 -0.0009423322797092201 0.0)
(2.6369417507257142 -0.003539337101988335 0.0)
(3.825431862237262 -0.007473358113344812 0.0)
(4.894044261257198 -0.011561933063868018 0.0)
(5.834982505811045 -0.015773226444255915 0.0)
(6.652730272163 -0.021291304482216774 0.0)
(7.364949233436869 -0.028096962808303122 0.0)
(7.989653610690848 -0.034654925712209975 0.0)
(8.53539496802726 -0.04032051412504738 0.0)
(8.997358508910706 -0.0451859177247363 0.0)
(9.372756922297452 -0.0492288977868106 0.0)
(9.66121329911843 -0.052406959987364755 0.0)
(9.862243183990007 -0.05469243305263931 0.0)
(9.975324595384256 -0.05606957294284588 0.0)
(9.999999999999998 -0.05652926074624582 0.0)
(9.935786515726877 -0.05606957294284411 0.0)
(9.782201260454427 -0.054692433052635915 0.0)
(9.53878670088158 -0.05240695998735994 0.0)
(9.205020855480342 -0.04922889778680464 0.0)
(8.780419268867073 -0.04518591772472975 0.0)
(8.264605031972765 -0.04032051412503933 0.0)
(7.654790833753594 -0.034654925712201336 0.0)
(6.946161877674219 -0.028096962808295177 0.0)
(6.147269727837018 -0.021291304482208718 0.0)
(5.27612860530008 -0.015773226444248112 0.0)
(4.350400183187213 -0.011561933063863572 0.0)
(3.374568137762719 -0.007473358113343227 0.0)
(2.3408360270520445 -0.0035393371019881064 0.0)
(1.2213812727618296 -0.0009423322797090743 0.0)
(-0.015716810042930317 -7.033006552007401e-05 0.0)
(0.0157234483550419 -7.024659204393226e-05 0.0)
(1.3564297896386754 -0.0009412752307993363 0.0)
(2.6371036229143434 -0.003535825503268967 0.0)
(3.8259670323026023 -0.007467431624981433 0.0)
(4.894946087747277 -0.011555005955839089 0.0)
(5.835086871029754 -0.015763508672177528 0.0)
(6.651141857331323 -0.02127258438025743 0.0)
(7.363698154437844 -0.028068567648735263 0.0)
(7.989606727975587 -0.034624129375392165 0.0)
(8.535352446788245 -0.040290741818677034 0.0)
(8.997292938065906 -0.04515731376537201 0.0)
(9.372722786529307 -0.04920165374738684 0.0)
(9.66119182920223 -0.05238099839087077 0.0)
(9.862231055515576 -0.05466750543826819 0.0)
(9.975319171410916 -0.05604530291866293 0.0)
(9.999999999999998 -0.056505220249905654 0.0)
(9.935791939700216 -0.05604530291866116 0.0)
(9.782213388928858 -0.0546675054382648 0.0)
(9.53880817079778 -0.05238099839086594 0.0)
(9.205054991248485 -0.049201653747380864 0.0)
(8.780484839711873 -0.04515731376536545 0.0)
(8.26464755321178 -0.04029074181866897 0.0)
(7.654837716468855 -0.0346241293753835 0.0)
(6.947412956673246 -0.028068567648727304 0.0)
(6.148858142668697 -0.021272584380249388 0.0)
(5.2760242400813695 -0.01576350867216974 0.0)
(4.349498356697131 -0.011555005955834656 0.0)
(3.374032967697378 -0.007467431624979847 0.0)
(2.3406741548634153 -0.0035358255032687342 0.0)
(1.221347988139083 -0.000941275230799189 0.0)
(-0.015723448355050056 -7.02465920439184e-05 0.0)
(0.015720702887610676 -7.017889397355892e-05 0.0)
(1.3564289657983717 -0.000940473236390955 0.0)
(2.637203788499601 -0.003533539062729988 0.0)
(3.826457230511495 -0.007464876475780662 0.0)
(4.8959625073137545 -0.011554765040583607 0.0)
(5.8355644233347075 -0.015764411891444927 0.0)
(6.649840860978686 -0.02126744293152467 0.0)
(7.3623526965011425 -0.028054093465800033 0.0)
(7.989462096277398 -0.03460612878415684 0.0)
(8.535300453239016 -0.04027279081175342 0.0)
(8.997216921507539 -0.04513963981146956 0.0)
(9.37268247785277 -0.04918449780724816 0.0)
(9.661166440879029 -0.052364417037433546 0.0)
(9.862216807584144 -0.05465142559565149 0.0)
(9.975312728662587 -0.05602955103782559 0.0)
(9.999999999999998 -0.05648958668010277 0.0)
(9.935798382448544 -0.05602955103782382 0.0)
(9.78222763686029 -0.05465142559564808 0.0)
(9.538833559120981 -0.052364417037428716 0.0)
(9.205095299925024 -0.04918449780724218 0.0)
(8.78056085627024 -0.045139639811462996 0.0)
(8.26469954676101 -0.040272790811745354 0.0)
(7.654982348167045 -0.034606128784148184 0.0)
(6.9487584146099515 -0.028054093465792095 0.0)
(6.150159139021336 -0.021267442931516663 0.0)
(5.275546687776413 -0.015764411891437187 0.0)
(4.348481937130651 -0.011554765040579203 0.0)
(3.373542769488484 -0.007464876475779084 0.0)
(2.340573989278157 -0.003533539062729755 0.0)
(1.221348811979387 -0.0009404732363908068 0.0)
(-0.015720702887618784 -7.017889397354498e-05 0.0)
(0.015708694271444695 -7.01299458383298e-05 0.0)
(1.3563940696930532 -0.0009399615346511732 0.0)
(2.6372378463889197 -0.003532578242385755 0.0)
(3.826880918451434 -0.007465804934323866 0.0)
(4.897048860340365 -0.011561220903477158 0.0)
(5.836394179951284 -0.015775896416255906 0.0)
(6.648884446504717 -0.021276106041869778 0.0)
(7.360971976587058 -0.02805417622861584 0.0)
(7.9892260704485025 -0.034601714851551724 0.0)
(8.535241271881004 -0.040267449838680316 0.0)
(8.997133799264109 -0.04513367242422985 0.0)
(9.372637767357343 -0.04917818376701836 0.0)
(9.661138249665305 -0.052357944481388356 0.0)
(9.862201066223752 -0.05464490004365652 0.0)
(9.975305550221844 -0.05602300940916059 0.0)
(9.999999999999998 -0.056483046947293496 0.0)
(9.935805560889287 -0.056023009409158823 0.0)
(9.78224337822068 -0.05464490004365314 0.0)
(9.538861750334705 -0.052357944481383555 0.0)
(9.20514001042045 -0.0491781837670124 0.0)
(8.78064397851367 -0.045133672424223316 0.0)
(8.264758728119022 -0.04026744983867228 0.0)
(7.655218373995941 -0.03460171485154311 0.0)
(6.95013913452404 -0.028054176228607966 0.0)
(6.1511155534953055 -0.021276106041861854 0.0)
(5.2747169311598325 -0.015775896416248235 0.0)
(4.347395584104037 -0.011561220903472799 0.0)
(3.3731190815485443 -0.007465804934322306 0.0)
(2.340539931388839 -0.0035325782423855255 0.0)
(1.2213837080847054 -0.0009399615346510252 0.0)
(-0.01570869427145273 -7.01299458383158e-05 0.0)
(0.015687950143169153 -7.010189832975879e-05 0.0)
(1.3563266345937475 -0.000939762608818305 0.0)
(2.637204300140949 -0.0035329852589244238 0.0)
(3.827219480049454 -0.0074701762058412245 0.0)
(4.898157414462547 -0.011574089885714865 0.0)
(5.837539682891748 -0.01579745763760061 0.0)
(6.648314637011692 -0.02129819307007291 0.0)
(7.359616661002658 -0.028068812300735983 0.0)
(7.988909021032025 -0.03461108151770044 0.0)
(8.535177503034813 -0.040274953572043526 0.0)
(8.997047223574926 -0.045139673799731155 0.0)
(9.3725906195404 -0.049182989054073915 0.0)
(9.661108494231414 -0.052361865115006644 0.0)
(9.86218452308098 -0.0546482155030998 0.0)
(9.975297951496241 -0.05602596545986392 0.0)
(9.999999999999998 -0.056485888395373364 0.0)
(9.93581315961489 -0.056025965459862166 0.0)
(9.782259921363451 -0.05464821550309643 0.0)
(9.538891505768598 -0.05236186511500187 0.0)
(9.205187158237393 -0.049182989054067996 0.0)
(8.780730554202853 -0.045139673799724674 0.0)
(8.264822496965213 -0.040274953572035546 0.0)
(7.65553542341242 -0.0346110815176919 0.0)
(6.951494450108442 -0.028068812300728198 0.0)
(6.15168536298833 -0.021298193070065096 0.0)
(5.273571428219364 -0.015797457637593035 0.0)
(4.346287029981852 -0.011574089885710565 0.0)
(3.372780519950524 -0.00747017620583969 0.0)
(2.34057347763681 -0.0035329852589242013 0.0)
(1.2214511431840116 -0.0009397626088181577 0.0)
(-0.015687950143177098 -7.010189832974479e-05 0.0)
(0.015659381961830164 -7.0095983804061e-05 0.0)
(1.3562296234753486 -0.000939885199329522 0.0)
(2.6371046237164544 -0.0035347422287839007 0.0)
(3.8274580395283184 -0.0074777982246592815 0.0)
(4.899239461840215 -0.011592806547760341 0.0)
(5.838950600852534 -0.015828148194858293 0.0)
(6.648156468886298 -0.0213327335525219 0.0)
(7.358346299835243 -0.028097358599927423 0.0)
(7.988524878599299 -0.034633817228428246 0.0)
(8.535111948586882 -0.04029497231152675 0.0)
(8.996960998417388 -0.04515738024851316 0.0)
(9.372543105990763 -0.04919870253289264 0.0)
(9.661078481976682 -0.05237600667281982 0.0)
(9.862167905031257 -0.05466122629875886 0.0)
(9.975290266359881 -0.056038289306475614 0.0)
(9.999999999999996 -0.056497986176312055 0.0)
(9.935820844751252 -0.05603828930647387 0.0)
(9.782276539413175 -0.05466122629875552 0.0)
(9.538921518023328 -0.05237600667281508 0.0)
(9.20523467178703 -0.04919870253288677 0.0)
(8.780816779360393 -0.04515738024850673 0.0)
(8.264888051413143 -0.04029497231151885 0.0)
(7.655919565845147 -0.0346338172284198 0.0)
(6.95276481127586 -0.028097358599919756 0.0)
(6.151843531113723 -0.021332733552514218 0.0)
(5.2721605102585745 -0.01582814819485083 0.0)
(4.345204982604183 -0.01159280654775611 0.0)
(3.372541960471659 -0.007477798224657777 0.0)
(2.3406731540613053 -0.0035347422287836877 0.0)
(1.2215481543024107 -0.0009398851993293764 0.0)
(-0.01565938196183801 -7.009598380404708e-05 0.0)
(0.015624244961051758 -7.01124621346753e-05 0.0)
(1.3561072988289224 -0.0009403239197820345 0.0)
(2.636943196715175 -0.003537771953922846 0.0)
(3.8275861150209582 -0.007488336093215257 0.0)
(4.900247459291141 -0.011616548513724474 0.0)
(5.840564940679646 -0.01586661960108984 0.0)
(6.648416891746604 -0.02137820984360796 0.0)
(7.357216710430448 -0.028138560854027668 0.0)
(7.988090521666051 -0.03466892301819956 0.0)
(8.535047488879727 -0.04032662647034034 0.0)
(8.996878912367169 -0.045186013781609406 0.0)
(9.37249731436688 -0.04922463378196223 0.0)
(9.66104953158468 -0.052399747800648815 0.0)
(9.862151942241283 -0.054683360760075 0.0)
(9.975282832483593 -0.056059439461721386 0.0)
(9.999999999999996 -0.05651880873574736 0.0)
(9.935828278627538 -0.05605943946171966 0.0)
(9.782292502203148 -0.05468336076007169 0.0)
(9.53895046841533 -0.05239974780064411 0.0)
(9.205280463410913 -0.049224633781956434 0.0)
(8.780898865410611 -0.04518601378160308 0.0)
(8.2649525111203 -0.040326626470332555 0.0)
(7.656353922778395 -0.03466892301819124 0.0)
(6.953894400680657 -0.028138560854020146 0.0)
(6.151583108253415 -0.02137820984360043 0.0)
(5.270546170431458 -0.0158666196010825 0.0)
(4.344196985153253 -0.011616548513720322 0.0)
(3.3724138849790197 -0.007488336093213792 0.0)
(2.3408345810625857 -0.003537771953922645 0.0)
(1.2216704789488375 -0.000940323919781891 0.0)
(-0.015624244961059484 -7.01124621346615e-05 0.0)
(0.015584082996366804 -7.015060929390073e-05 0.0)
(1.3559650353756463 -0.0009410594936017753 0.0)
(2.636727111944224 -0.003541941313761379 0.0)
(3.827598079124535 -0.00750132679684329 0.0)
(4.901137117251414 -0.011644272605057498 0.0)
(5.8423117712344315 -0.015911181493086884 0.0)
(6.649084463088557 -0.021432623798297298 0.0)
(7.356277524880196 -0.028190608711368956 0.0)
(7.987625035081295 -0.034714856402836045 0.0)
(8.53498695615495 -0.0403685252226557 0.0)
(8.996804572135147 -0.045224316293959226 0.0)
(9.372455256668932 -0.04925964342963845 0.0)
(9.661022915082668 -0.05243204535676998 0.0)
(9.86213733608685 -0.05471364633931185 0.0)
(9.975275976498303 -0.05608848662647285 0.0)
(9.999999999999996 -0.05654744116851149 0.0)
(9.935835134612828 -0.05608848662647114 0.0)
(9.782307108357584 -0.05471364633930858 0.0)
(9.538977084917342 -0.05243204535676534 0.0)
(9.205322521108862 -0.049259643429632724 0.0)
(8.780973205642633 -0.045224316293952994 0.0)
(8.265013043845077 -0.04036852522264803 0.0)
(7.656819409363153 -0.034714856402827864 0.0)
(6.954833586230911 -0.028190608711361594 0.0)
(6.150915536911458 -0.02143262379828993 0.0)
(5.268799339876667 -0.015911181493079685 0.0)
(4.343307327192979 -0.011644272605053433 0.0)
(3.3724019208754434 -0.007501326796841867 0.0)
(2.3410506658335373 -0.003541941313761193 0.0)
(1.2218127424021141 -0.0009410594936016349 0.0)
(-0.01558408299637441 -7.015060929388711e-05 0.0)
(0.015540660711029327 -7.020874916534918e-05 0.0)
(1.3558090839113932 -0.0009420596010207994 0.0)
(2.6364658637731218 -0.003547067114255824 0.0)
(3.827493406158224 -0.007516199547791785 0.0)
(4.9018693457778415 -0.011674760675906032 0.0)
(5.84411433997805 -0.015959875902838764 0.0)
(6.650129851048681 -0.021493584566968375 0.0)
(7.355570009279371 -0.028251215284318565 0.0)
(7.9871488714739804 -0.03476959915344956 0.0)
(8.53493301010974 -0.040418827613947675 0.0)
(8.996741244095114 -0.04527060484324243 0.0)
(9.37241878083522 -0.04930219321605075 0.0)
(9.660999801951052 -0.052471480245654074 0.0)
(9.862124728335658 -0.05475075234352364 0.0)
(9.975269999643462 -0.056124154521451114 0.0)
(9.999999999999996 -0.05658262541789035 0.0)
(9.935841111467669 -0.05612415452144943 0.0)
(9.782319716108775 -0.05475075234352041 0.0)
(9.53900019804896 -0.052471480245649495 0.0)
(9.205358996942572 -0.049302193216045107 0.0)
(8.781036533682666 -0.0452706048432363 0.0)
(8.265066989890286 -0.04041882761394014 0.0)
(7.657295572970469 -0.03476959915344153 0.0)
(6.955541101831736 -0.028251215284311376 0.0)
(6.14987014895133 -0.02149358456696118 0.0)
(5.266996771133044 -0.015959875902831697 0.0)
(4.342575098666551 -0.011674760675902054 0.0)
(3.372506593841755 -0.007516199547790405 0.0)
(2.34131191400464 -0.0035470671142556537 0.0)
(1.2219686938663674 -0.0009420596010206625 0.0)
(-0.01554066071103681 -7.020874916533578e-05 0.0)
(0.015495886000818228 -7.028432718943315e-05 0.0)
(1.3556462966581977 -0.0009432802991487597 0.0)
(2.6361709309685666 -0.003552924137109841 0.0)
(3.8272766952606725 -0.007532300864592995 0.0)
(4.902411972088546 -0.01170667313621334 0.0)
(5.845893445337614 -0.016010563287064867 0.0)
(6.65150712319249 -0.021558413644970357 0.0)
(7.355125250569112 -0.02831771763093769 0.0)
(7.986682952601896 -0.03483074597372715 0.0)
(8.53488802103463 -0.04047532344916853 0.0)
(8.996691710765294 -0.04532284559528602 0.0)
(9.372389489547153 -0.0493504135814268 0.0)
(9.660981207738548 -0.05251631977042761 0.0)
(9.862114672949232 -0.05479304840276883 0.0)
(9.975265164531137 -0.056164875964603414 0.0)
(9.999999999999996 -0.05662281555233401 0.0)
(9.935845946579994 -0.056164875964601756 0.0)
(9.7823297714952 -0.054793048402765644 0.0)
(9.539018792261464 -0.0525163197704231 0.0)
(9.20538828823064 -0.049350413581421254 0.0)
(8.781086067012486 -0.04532284559528 0.0)
(8.265111978965397 -0.04047532344916112 0.0)
(7.657761491842554 -0.034830745973719275 0.0)
(6.955985860541995 -0.028317717630930675 0.0)
(6.148492876807516 -0.021558413644963335 0.0)
(5.265217665773476 -0.01601056328705794 0.0)
(4.342032472355846 -0.011706673136209446 0.0)
(3.3727233047393077 -0.007532300864591658 0.0)
(2.341606846809196 -0.003552924137109687 0.0)
(1.2221314811195636 -0.0009432802991486265 0.0)
(-0.015495886000825597 -7.028432718941999e-05 0.0)
(0.015451726184587167 -7.037402260604039e-05 0.0)
(1.355483826190154 -0.0009446679527431176 0.0)
(2.6358552723384263 -0.0035592550354543464 0.0)
(3.8269574683122567 -0.007548923284843198 0.0)
(4.902741154176143 -0.011738607810855718 0.0)
(5.847570916678404 -0.016061016534832263 0.0)
(6.6531557647016335 -0.02162426256121729 0.0)
(7.3549627906334845 -0.02838719375977848 0.0)
(7.986247750087907 -0.03489561018425079 0.0)
(8.534853965667276 -0.04053553040467486 0.0)
(8.99665814854958 -0.045378743187016964 0.0)
(9.372368669810337 -0.04940218581112866 0.0)
(9.660967949440838 -0.05256459376440364 0.0)
(9.862107611742855 -0.05483867610558263 0.0)
(9.975261683607318 -0.056208861730215415 0.0)
(9.999999999999996 -0.05666624569086077 0.0)
(9.935849427503813 -0.056208861730213756 0.0)
(9.782336832701576 -0.054838676105579486 0.0)
(9.539032050559173 -0.05256459376439918 0.0)
(9.205409107967457 -0.049402185811123184 0.0)
(8.7811196292282 -0.04537874318701105 0.0)
(8.26514603433275 -0.04053553040466758 0.0)
(7.658196694356544 -0.03489561018424305 0.0)
(6.956148320477622 -0.02838719375977164 0.0)
(6.146844235298368 -0.021624262561210427 0.0)
(5.263540194432682 -0.01606101653482546 0.0)
(4.341703290268249 -0.011738607810851903 0.0)
(3.373042531687725 -0.007548923284841905 0.0)
(2.3419225054393378 -0.003559255035454209 0.0)
(1.2222939515876075 -0.0009446679527429883 0.0)
(-0.015451726184594429 -7.03740226060275e-05 0.0)
(0.015410121563873232 -7.047389436265836e-05 0.0)
(1.355328811162397 -0.0009461615908435779 0.0)
(2.6355327573454277 -0.003565781641198132 0.0)
(3.826549751561081 -0.007565336449806462 0.0)
(4.902842428381923 -0.01176916154865221 0.0)
(5.849073048978553 -0.016109018822735657 0.0)
(6.655003337284304 -0.021688238034796473 0.0)
(7.355089767664847 -0.02845659101684267 0.0)
(7.985862385934297 -0.03496134177027575 0.0)
(8.534832340338218 -0.04059680309698724 0.0)
(8.99664203211033 -0.04543584158051634 0.0)
(9.37235723640592 -0.04945523512809782 0.0)
(9.660960609603269 -0.052614181156601623 0.0)
(9.86210385497302 -0.054885630654176926 0.0)
(9.97525970981743 -0.05625417916421578 0.0)
(9.999999999999996 -0.05671100759263697 0.0)
(9.935851401293702 -0.05625417916421415 0.0)
(9.782340589471413 -0.054885630654173824 0.0)
(9.539039390396743 -0.05261418115659724 0.0)
(9.205420541371874 -0.04945523512809244 0.0)
(8.781135745667449 -0.045435841580510526 0.0)
(8.265167659661808 -0.04059680309698008 0.0)
(7.658582058510155 -0.03496134177026817 0.0)
(6.956021343446258 -0.02845659101683598 0.0)
(6.144996662715692 -0.02168823803478975 0.0)
(5.26203806213253 -0.016109018822728957 0.0)
(4.341602016062469 -0.011769161548648465 0.0)
(3.373450248438902 -0.007565336449805207 0.0)
(2.342245020432337 -0.003565781641198011 0.0)
(1.2224489666153648 -0.0009461615908434522 0.0)
(-0.015410121563880403 -7.047389436264577e-05 0.0)
(0.015372900169597095 -7.057955427701147e-05 0.0)
(1.355188062651654 -0.0009476955857245395 0.0)
(2.635217556708339 -0.0035722171872249043 0.0)
(3.8260714593352954 -0.007580819195041336 0.0)
(4.902711344902563 -0.011796991874260528 0.0)
(5.850333841292867 -0.016152461018062277 0.0)
(6.656968661981258 -0.02174752910043865 0.0)
(7.3555006025247405 -0.028522860213613548 0.0)
(7.985543792336973 -0.035025052606164675 0.0)
(8.53482409522485 -0.04065644931610067 0.0)
(8.996644069574403 -0.04549163197683236 0.0)
(9.372355691696777 -0.049507230642397655 0.0)
(9.660959510724874 -0.05266290316772596 0.0)
(9.862103567705315 -0.05493184895158741 0.0)
(9.975259329886189 -0.05629883710146047 0.0)
(9.999999999999996 -0.05675513450158814 0.0)
(9.935851781224942 -0.05629883710145885 0.0)
(9.782340876739116 -0.05493184895158434 0.0)
(9.539040489275138 -0.05266290316772163 0.0)
(9.205422086081017 -0.04950723064239235 0.0)
(8.781133708203377 -0.045491631976826645 0.0)
(8.265175904775175 -0.04065644931609362 0.0)
(7.65890065210748 -0.035025052606157216 0.0)
(6.955610508586362 -0.028522860213606997 0.0)
(6.143031338018733 -0.02174752910043205 0.0)
(5.260777269818214 -0.01615246101805566 0.0)
(4.341733099541831 -0.011796991874256842 0.0)
(3.3739285406646893 -0.007580819195040114 0.0)
(2.3425602210694265 -0.003572217187224798 0.0)
(1.2225897151261083 -0.0009476955857244176 0.0)
(-0.015372900169604194 -7.057955427699915e-05 0.0)
(0.01534169744172863 -7.068635984576241e-05 0.0)
(1.3550677648899951 -0.0009492025364572975 0.0)
(2.6349235197665104 -0.003578278907415747 0.0)
(3.8255436069202897 -0.007594691237047084 0.0)
(4.902353663306333 -0.011820875974087583 0.0)
(5.85129789671361 -0.016189434350224716 0.0)
(6.65896538602077 -0.02179953061718944 0.0)
(7.356177243881021 -0.028583089602821063 0.0)
(7.98530596771575 -0.03508394335434427 0.0)
(8.534829592602373 -0.040711848316266994 0.0)
(8.99666417141935 -0.04554366304801654 0.0)
(9.3723641035546 -0.049555887766252936 0.0)
(9.66096470108836 -0.05270861904174224 0.0)
(9.862106762561764 -0.05497530025037985 0.0)
(9.97526056050708 -0.05634087335388632 0.0)
(9.999999999999998 -0.05679668756206286 0.0)
(9.935850550604053 -0.05634087335388472 0.0)
(9.78233768188267 -0.054975300250376814 0.0)
(9.539035298911651 -0.05270861904173795 0.0)
(9.205413674223193 -0.04955588776624768 0.0)
(8.781113606358428 -0.04554366304801089 0.0)
(8.265170407397653 -0.04071184831626003 0.0)
(7.659138476728703 -0.03508394335433692 0.0)
(6.9549338672300784 -0.028583089602814624 0.0)
(6.141034613979215 -0.021799530617182938 0.0)
(5.259813214397471 -0.016189434350218163 0.0)
(4.3420907811380625 -0.011820875974083935 0.0)
(3.3744563930796962 -0.007594691237045888 0.0)
(2.342854258011256 -0.003578278907415653 0.0)
(1.2227100128877673 -0.000949202536457179 0.0)
(-0.01534169744173568 -7.068635984575033e-05 0.0)
(0.015317884371046604 -7.07896182276155e-05 0.0)
(1.354973203540989 -0.0009506162303835432 0.0)
(2.63466356596524 -0.003583700460875076 0.0)
(3.824989387185501 -0.007606343063676153 0.0)
(4.901785099468213 -0.011839764424481699 0.0)
(5.851922856409281 -0.016218314278648564 0.0)
(6.6609057770014495 -0.02184195773353691 0.0)
(7.3570899613503755 -0.028634632815289995 0.0)
(7.985159361649396 -0.03513542646307709 0.0)
(8.534848590926071 -0.04076056596676851 0.0)
(8.996701454406885 -0.0455896486439892 0.0)
(9.372382102377745 -0.049599068594657146 0.0)
(9.660975952638651 -0.052749320106781024 0.0)
(9.862113299166213 -0.05501407537997721 0.0)
(9.97526334760887 -0.05637844092546489 0.0)
(9.999999999999998 -0.05683384100860305 0.0)
(9.935847763502263 -0.05637844092546331 0.0)
(9.782331145278219 -0.055014075379974194 0.0)
(9.539024047361359 -0.05274932010677678 0.0)
(9.205395675400046 -0.04959906859465195 0.0)
(8.781076323370893 -0.04558964864398362 0.0)
(8.265151409073955 -0.040760565966761614 0.0)
(7.659285082795057 -0.03513542646306982 0.0)
(6.954021149760721 -0.02863463281528364 0.0)
(6.139094222998532 -0.021841957733530468 0.0)
(5.259188254701799 -0.01621831427864205 0.0)
(4.342659344976185 -0.011839764424478075 0.0)
(3.3750106128144863 -0.007606343063674976 0.0)
(2.343114211812526 -0.0035837004608749922 0.0)
(1.2228045742367735 -0.0009506162303834276 0.0)
(-0.015317884371053626 -7.078961822760365e-05 0.0)
(0.015302507260311998 -7.088479243817799e-05 0.0)
(1.3549085334573159 -0.000951874552378437 0.0)
(2.6344491171989852 -0.0035882436344623412 0.0)
(3.8244331515321597 -0.00761526271498288 0.0)
(4.9010306350430906 -0.011852827301488001 0.0)
(5.852181260794186 -0.016237831872113206 0.0)
(6.662704577693448 -0.02187294627960697 0.0)
(7.358198651796969 -0.028675225136560102 0.0)
(7.98511041574026 -0.03517723985875111 0.0)
(8.534880255444362 -0.04080046170316859 0.0)
(8.996754280390741 -0.04562756824179157 0.0)
(9.372408897330855 -0.04963487584100731 0.0)
(9.660992771003214 -0.052783218032505 0.0)
(9.862122890312225 -0.05504647063212206 0.0)
(9.975267568731406 -0.05640988916582895 0.0)
(9.999999999999998 -0.056864962386738056 0.0)
(9.935843542379727 -0.05640988916582738 0.0)
(9.782321554132208 -0.05504647063211906 0.0)
(9.539007228996798 -0.052783218032500766 0.0)
(9.205368880446938 -0.04963487584100214 0.0)
(8.78102349738704 -0.04562756824178602 0.0)
(8.265119744555664 -0.04080046170316175 0.0)
(7.659334028704192 -0.03517723985874389 0.0)
(6.952912459314124 -0.028675225136553795 0.0)
(6.137295422306529 -0.021872946279600552 0.0)
(5.258929850316895 -0.0162378318721067 0.0)
(4.3434138094013095 -0.011852827301484384 0.0)
(3.375566848467829 -0.007615262714981711 0.0)
(2.3433286605787815 -0.0035882436344622645 0.0)
(1.2228692443204465 -0.0009518745523783237 0.0)
(-0.01530250726031902 -7.088479243816635e-05 0.0)
(0.015296241751638868 -7.096770069675408e-05 0.0)
(1.354876596124142 -0.0009529222140755584 0.0)
(2.6342895959542107 -0.00359170880944162 0.0)
(3.8238993399372685 -0.007621058277806885 0.0)
(4.900123419817553 -0.01185949064618869 0.0)
(5.8520617560523895 -0.01624712956326824 0.0)
(6.664282752085175 -0.02189113467537723 0.0)
(7.35945460139087 -0.028703083014296332 0.0)
(7.985161280582044 -0.03520754633725587 0.0)
(8.534923194876237 -0.040829782579797025 0.0)
(8.996820328293827 -0.045655755723668166 0.0)
(9.372443311092704 -0.049661736200406294 0.0)
(9.661014417213872 -0.052808823406072354 0.0)
(9.86213511458239 -0.05507106261870062 0.0)
(9.975273038406288 -0.056433836296829853 0.0)
(9.999999999999998 -0.05688868428004757 0.0)
(9.935838072704845 -0.05643383629682828 0.0)
(9.782309329862043 -0.05507106261869762 0.0)
(9.538985582786138 -0.052808823406068135 0.0)
(9.20533446668509 -0.04966173620040114 0.0)
(8.780957449483951 -0.04565575572366263 0.0)
(8.265076805123789 -0.0408297825797902 0.0)
(7.6592831638624075 -0.03520754633724867 0.0)
(6.95165650972022 -0.02870308301429004 0.0)
(6.135717247914801 -0.021891134675370804 0.0)
(5.259049355058694 -0.016247129563261714 0.0)
(4.344321024626851 -0.011859490646185062 0.0)
(3.376100660062721 -0.007621058277805717 0.0)
(2.3434881818235564 -0.003591708809441546 0.0)
(1.2229011816536204 -0.0009529222140754466 0.0)
(-0.015296241751645914 -7.09677006967426e-05 0.0)
)
