(
(-0.0016201651156954877 -8.009894094536202e-05 0.0)
(1.29976482319986 -0.0011570266303203224 0.0)
(2.547741066529763 -0.004889231734972356 0.0)
(3.7287717642433824 -0.01203703741361977 0.0)
(4.804928935107488 -0.02209587753784684 0.0)
(5.744705004658521 -0.034609480113152694 0.0)
(6.550215996881647 -0.04922516855898824 0.0)
(7.268487923485879 -0.06430106273264567 0.0)
(7.916542585877689 -0.07800808007551015 0.0)
(8.477524210020867 -0.09001313611105073 0.0)
(8.95085449481016 -0.100378350916564 0.0)
(9.336900163149789 -0.10899221190707055 0.0)
(9.63507079654656 -0.11576385419451862 0.0)
(9.845160154918531 -0.12063383884350612 0.0)
(9.966890748542902 -0.1235677003566529 0.0)
(10.000000000000002 -0.12454729071999832 0.0)
(9.944220362568236 -0.12356770035665189 0.0)
(9.79928428952591 -0.12063383884350437 0.0)
(9.564929203453458 -0.11576385419451526 0.0)
(9.240877614628003 -0.1089922119070675 0.0)
(8.826923282967625 -0.10037835091656067 0.0)
(8.322475789979162 -0.09001313611104705 0.0)
(7.727901858566756 -0.07800808007550682 0.0)
(7.0426231876252245 -0.06430106273264237 0.0)
(6.249784003118374 -0.049225168558984296 0.0)
(5.366406106452562 -0.03460948011314899 0.0)
(4.439515509336877 -0.022095877537844918 0.0)
(3.4712282357565742 -0.012037037413619242 0.0)
(2.430036711247993 -0.0048892317349725906 0.0)
(1.278012954577905 -0.0011570266303203363 0.0)
(0.0016201651156826573 -8.009894094536284e-05 0.0)
(-0.0016589620527867402 -8.0150252552969e-05 0.0)
(1.2996255641294865 -0.0011579125060200222 0.0)
(2.547508684981792 -0.004893788301937315 0.0)
(3.7286826624913187 -0.012050294808522117 0.0)
(4.8055918001846285 -0.022123098715453097 0.0)
(5.746318799215109 -0.03465296822545323 0.0)
(6.551137863468613 -0.04927955571893002 0.0)
(7.267844196715836 -0.06435505056816189 0.0)
(7.916116124066936 -0.07805680062004704 0.0)
(8.477475577953006 -0.09005789222382955 0.0)
(8.950797271604532 -0.10041952546657804 0.0)
(9.33686723452349 -0.10903005266164072 0.0)
(9.635049932490462 -0.11579891871718787 0.0)
(9.845148770441188 -0.12066682832830022 0.0)
(9.966885354369191 -0.12359940864774138 0.0)
(10.000000000000002 -0.12457856820854477 0.0)
(9.944225756741947 -0.1235994086477404 0.0)
(9.799295674003252 -0.12066682832829853 0.0)
(9.564950067509555 -0.11579891871718456 0.0)
(9.240910543254302 -0.10903005266163775 0.0)
(8.826980506173253 -0.10041952546657479 0.0)
(8.322524422047023 -0.09005789222382599 0.0)
(7.728328320377511 -0.07805680062004382 0.0)
(7.043266914395268 -0.06435505056815875 0.0)
(6.248862136531404 -0.04927955571892624 0.0)
(5.364792311895971 -0.03465296822544964 0.0)
(4.438852644259735 -0.022123098715451258 0.0)
(3.4713173375086384 -0.01205029480852163 0.0)
(2.4302690927959647 -0.004893788301937561 0.0)
(1.278152213648279 -0.0011579125060200391 0.0)
(0.0016589620527740186 -8.015025255297e-05 0.0)
(-0.0016990490309649973 -8.021730185199539e-05 0.0)
(1.2994798980385731 -0.0011589979344186466 0.0)
(2.547245637518873 -0.004899009587297349 0.0)
(3.728492928237447 -0.012064680213443181 0.0)
(4.806085988564977 -0.0221516513530564 0.0)
(5.747914777367778 -0.034698330067552755 0.0)
(6.552359141756603 -0.04933751981280058 0.0)
(7.267434776267144 -0.06441443239119736 0.0)
(7.915697996590874 -0.07811136038321566 0.0)
(8.4774348797493 -0.09010829079240111 0.0)
(8.950752302695085 -0.1004661190235685 0.0)
(9.336840681927146 -0.10907305326133525 0.0)
(9.635033078510366 -0.11583889909557582 0.0)
(9.845139651723322 -0.12070453713103244 0.0)
(9.966880973129646 -0.12363571130566878 0.0)
(10.000000000000002 -0.12461439646868111 0.0)
(9.944230137981492 -0.12363571130566779 0.0)
(9.79930479272112 -0.1207045371310308 0.0)
(9.56496692148965 -0.11583889909557255 0.0)
(9.240937095850645 -0.10907305326133233 0.0)
(8.827025475082701 -0.10046611902356536 0.0)
(8.322565120250731 -0.09010829079239766 0.0)
(7.728746447853574 -0.07811136038321258 0.0)
(7.04367633484396 -0.06441443239119436 0.0)
(6.247640858243409 -0.049337519812796944 0.0)
(5.363196333743297 -0.034698330067549285 0.0)
(4.438358455879386 -0.02215165135305464 0.0)
(3.471507071762511 -0.012064680213442732 0.0)
(2.430532140258884 -0.004899009587297611 0.0)
(1.2782978797391926 -0.001158997934418667 0.0)
(0.0016990490309523798 -8.021730185199664e-05 0.0)
(-0.0017386647017461599 -8.029714281890521e-05 0.0)
(1.2993342252286664 -0.0011602352237780951 0.0)
(2.546963481965295 -0.0049046661773258105 0.0)
(3.7282108980577737 -0.012079561560008084 0.0)
(4.806389786515193 -0.022180280899996043 0.0)
(5.749422814756261 -0.03474357252309655 0.0)
(6.553826171011908 -0.04939651400435755 0.0)
(7.267277651325306 -0.06447659907308385 0.0)
(7.9153065752058565 -0.07816936210883664 0.0)
(8.477403903614363 -0.09016211739586392 0.0)
(8.95072156393343 -0.10051608435188175 0.0)
(9.336821672033262 -0.10911932433847087 0.0)
(9.635020975139323 -0.1158820386649981 0.0)
(9.84513319942471 -0.120745308395897 0.0)
(9.966877797327916 -0.12367501325805957 0.0)
(10.000000000000002 -0.12465320127220289 0.0)
(9.944233313783222 -0.12367501325805862 0.0)
(9.79931124501973 -0.12074530839589537 0.0)
(9.564979024860694 -0.11588203866499491 0.0)
(9.24095610574453 -0.10911932433846806 0.0)
(8.827056213844356 -0.1005160843518787 0.0)
(8.322596096385666 -0.09016211739586058 0.0)
(7.729137869238592 -0.07816936210883373 0.0)
(7.043833459785797 -0.06447659907308102 0.0)
(6.2461738289881 -0.04939651400435407 0.0)
(5.361688296354812 -0.03474357252309321 0.0)
(4.43805465792917 -0.022180280899994343 0.0)
(3.471789101942185 -0.012079561560007673 0.0)
(2.4308142958124628 -0.004904666177326088 0.0)
(1.2784435525491 -0.001160235223778119 0.0)
(0.0017386647017336378 -8.029714281890668e-05 0.0)
(-0.001776068425030925 -8.038626738767736e-05 0.0)
(1.299194946296532 -0.001161570009867471 0.0)
(2.546674615719893 -0.004910509531805288 0.0)
(3.727848963842434 -0.01209428498907342 0.0)
(4.806489845709127 -0.022207729426355755 0.0)
(5.750776650976582 -0.03478670772135678 0.0)
(6.555474492652904 -0.049453946196750746 0.0)
(7.267379725672813 -0.06453881912355001 0.0)
(7.9149590582514575 -0.07822825730719739 0.0)
(8.477384010582897 -0.09021700699173481 0.0)
(8.95070640592452 -0.10056722606640067 0.0)
(9.336811040101797 -0.10916683282656885 0.0)
(9.635014154177316 -0.11592644195169596 0.0)
(9.845129697047554 -0.12078735070810465 0.0)
(9.966875966502919 -0.12371558764902663 0.0)
(10.000000000000002 -0.12469327760703477 0.0)
(9.944235144608218 -0.1237155876490257 0.0)
(9.799314747396886 -0.12078735070810306 0.0)
(9.5649858458227 -0.11592644195169283 0.0)
(9.240966737675995 -0.1091668328265661 0.0)
(8.827071371853267 -0.10056722606639773 0.0)
(8.322615989417132 -0.09021700699173157 0.0)
(7.729485386192991 -0.07822825730719458 0.0)
(7.043731385438288 -0.06453881912354732 0.0)
(6.2445255073471 -0.04945394619674739 0.0)
(5.360334460134488 -0.03478670772135352 0.0)
(4.437954598735237 -0.022207729426354118 0.0)
(3.472151036157526 -0.012094284989073044 0.0)
(2.4311031620578656 -0.004910509531805579 0.0)
(1.2785828314812344 -0.0011615700098674983 0.0)
(0.0017760684250184848 -8.038626738767907e-05 0.0)
(-0.001809616749646338 -8.048075958780875e-05 0.0)
(1.299068180903645 -0.001162943644627929 0.0)
(2.5463917310370245 -0.00491628290443007 0.0)
(3.72742302831871 -0.012108203580101808 0.0)
(4.80638176972885 -0.022232790894102957 0.0)
(5.751916800941997 -0.03482584038063549 0.0)
(6.557231682442204 -0.04950729292451563 0.0)
(7.267736514349577 -0.06459835870740673 0.0)
(7.914670714986889 -0.0782854582310276 0.0)
(8.477376074718313 -0.09027054783158887 0.0)
(8.950707494683536 -0.10061729709375047 0.0)
(9.33680925328037 -0.10921349128957643 0.0)
(9.635012915324936 -0.11597015795648541 0.0)
(9.845129298479895 -0.12082881680537125 0.0)
(9.966875561097757 -0.12375565171405961 0.0)
(10.000000000000002 -0.12473286459234184 0.0)
(9.94423555001338 -0.12375565171405868 0.0)
(9.799315145964545 -0.1208288168053697 0.0)
(9.564987084675083 -0.1159701579564823 0.0)
(9.240968524497422 -0.10921349128957374 0.0)
(8.82707028309425 -0.10061729709374759 0.0)
(8.322623925281716 -0.09027054783158575 0.0)
(7.72977372945756 -0.07828545823102491 0.0)
(7.043374596761522 -0.06459835870740414 0.0)
(6.242768317557794 -0.049507292924512385 0.0)
(5.359194310169072 -0.034825840380632314 0.0)
(4.438062674715516 -0.022232790894101375 0.0)
(3.4725769716812516 -0.012108203580101463 0.0)
(2.431386046740735 -0.004916282904430374 0.0)
(1.2787095968741218 -0.0011629436446279594 0.0)
(0.0018096167496339634 -8.048075958781073e-05 0.0)
(-0.0018378356235837236 -8.057646760489423e-05 0.0)
(1.298959498889458 -0.001164295773061088 0.0)
(2.546127257352131 -0.004921732623769107 0.0)
(3.7269518063142866 -0.012120705775666808 0.0)
(4.806070307235215 -0.022254364148193508 0.0)
(5.752793168548868 -0.03485925108347515 0.0)
(6.559020532675156 -0.049554210230029296 0.0)
(7.268332340713867 -0.06465260176426392 0.0)
(7.914454214687687 -0.07833845157638038 0.0)
(8.477380444707979 -0.09032038742887318 0.0)
(8.950724782372399 -0.1006640974045917 0.0)
(9.336816390078644 -0.10925724963998833 0.0)
(9.635017313015087 -0.11601126587809213 0.0)
(9.84513202123407 -0.12086788474324298 0.0)
(9.966876598925191 -0.12379344511143608 0.0)
(10.000000000000002 -0.124770222848412 0.0)
(9.944234512185945 -0.12379344511143518 0.0)
(9.79931242321037 -0.12086788474324145 0.0)
(9.56498268698493 -0.11601126587808908 0.0)
(9.240961387699148 -0.10925724963998572 0.0)
(8.827052995405387 -0.1006640974045889 0.0)
(8.32261955529205 -0.09032038742887011 0.0)
(7.729990229756762 -0.07833845157637777 0.0)
(7.04277877039723 -0.06465260176426145 0.0)
(6.240979467324839 -0.04955421023002613 0.0)
(5.3583179425622 -0.03485925108347203 0.0)
(4.438374137209151 -0.02225436414819196 0.0)
(3.4730481936856763 -0.012120705775666483 0.0)
(2.4316505204256287 -0.004921732623769423 0.0)
(1.2788182788883091 -0.0011642957730611215 0.0)
(0.0018378356235713945 -8.057646760489645e-05 0.0)
(-0.0018594851611472428 -8.066918620375594e-05 0.0)
(1.2988736755428458 -0.0011655669851172443 0.0)
(2.545892815155087 -0.004926619239124625 0.0)
(3.7264560024619624 -0.012131242252167409 0.0)
(4.80556914332039 -0.02227150129930981 0.0)
(5.753367247807819 -0.034885471824716144 0.0)
(6.560762444545131 -0.04959263665272027 0.0)
(7.269141025245269 -0.06469916495343815 0.0)
(7.914319069980923 -0.07838490891260942 0.0)
(8.477396928542545 -0.09036433592286196 0.0)
(8.950757509401686 -0.10070557067888478 0.0)
(9.336832136918762 -0.1092961852159411 0.0)
(9.635027154021314 -0.11604795950964555 0.0)
(9.845137745677238 -0.12090283794800252 0.0)
(9.966879034384982 -0.12382730726841643 0.0)
(10.000000000000002 -0.12480371092181852 0.0)
(9.944232076726156 -0.12382730726841552 0.0)
(9.799306698767202 -0.12090283794800102 0.0)
(9.564972845978703 -0.11604795950964253 0.0)
(9.24094564085903 -0.10929618521593852 0.0)
(8.8270202683761 -0.10070557067888203 0.0)
(8.322603071457484 -0.09036433592285897 0.0)
(7.730125374463527 -0.07838490891260692 0.0)
(7.041970085865826 -0.06469916495343574 0.0)
(6.239237555454859 -0.04959263665271716 0.0)
(5.357743863303249 -0.03488547182471305 0.0)
(4.4388753011239785 -0.022271501299308282 0.0)
(3.473543997538002 -0.012131242252167102 0.0)
(2.4318849626226737 -0.004926619239124949 0.0)
(1.2789041022349212 -0.0011655669851172808 0.0)
(0.001859485161134938 -8.066918620375835e-05 0.0)
(-0.0018736141212630656 -8.075484149878375e-05 0.0)
(1.2988144817846496 -0.0011667014260642674 0.0)
(2.5456987054071294 -0.004930728041557709 0.0)
(3.7259574014759607 -0.012139350056102116 0.0)
(4.8049002982099385 -0.02228344937238334 0.0)
(5.753613814726461 -0.034903350512957815 0.0)
(6.562380881631301 -0.04962088380587464 0.0)
(7.27012703582492 -0.06473600237358203 0.0)
(7.91427121887777 -0.07842278898935219 0.0)
(8.477424801952479 -0.09040046229713085 0.0)
(8.950804237805606 -0.10073989465683048 0.0)
(9.336855801913375 -0.10932858725945797 0.0)
(9.635042005947804 -0.11607862660010435 0.0)
(9.845146220287841 -0.12093214063977784 0.0)
(9.966882760467483 -0.12385575034377194 0.0)
(10.000000000000002 -0.12483185740788066 0.0)
(9.944228350643655 -0.12385575034377104 0.0)
(9.7992982241566 -0.12093214063977634 0.0)
(9.564957994052213 -0.11607862660010135 0.0)
(9.240921975864417 -0.10932858725945542 0.0)
(8.82697353997218 -0.10073989465682776 0.0)
(8.32257519804755 -0.09040046229712792 0.0)
(7.730173225566679 -0.07842278898934972 0.0)
(7.040984075286171 -0.0647360023735797 0.0)
(6.237619118368685 -0.04962088380587155 0.0)
(5.357497296384607 -0.034903350512954734 0.0)
(4.439544146234432 -0.022283449372381827 0.0)
(3.4740425985240044 -0.012139350056101816 0.0)
(2.432079072370631 -0.0049307280415580405 0.0)
(1.2789632959931174 -0.0011667014260643056 0.0)
(0.0018736141212507612 -8.075484149878635e-05 0.0)
(-0.0018796017032719032 -8.08296699530161e-05 0.0)
(1.2987845184803126 -0.0011676492506423454 0.0)
(2.5455534569354703 -0.004933878497806294 0.0)
(3.725477910971442 -0.012144672945398845 0.0)
(4.804093159734395 -0.02228968339094164 0.0)
(5.75352203560547 -0.034912101591346986 0.0)
(6.563804732768948 -0.04963771056125953 0.0)
(7.271247048951806 -0.06476149545584665 0.0)
(7.914312763868161 -0.07845042742533624 0.0)
(8.477462840231137 -0.09042717922488587 0.0)
(8.950862914423574 -0.10076556120563179 0.0)
(9.336886345265913 -0.1093530320840247 0.0)
(9.635061216228081 -0.1161019196936176 0.0)
(9.845157072706995 -0.12095450531190008 0.0)
(9.966887613455444 -0.1238775246008067 0.0)
(10.000000000000002 -0.12485342560149337 0.0)
(9.944223497655694 -0.1238775246008058 0.0)
(9.799287371737448 -0.12095450531189858 0.0)
(9.564938783771938 -0.11610191969361458 0.0)
(9.240891432511878 -0.10935303208402218 0.0)
(8.826914863354212 -0.10076556120562907 0.0)
(8.322537159768892 -0.09042717922488294 0.0)
(7.730131680576287 -0.07845042742533377 0.0)
(7.039864062159283 -0.06476149545584432 0.0)
(6.236195267231037 -0.04963771056125644 0.0)
(5.357589075505601 -0.03491210159134389 0.0)
(4.440351284709979 -0.022289683390940115 0.0)
(3.4745220890285244 -0.012144672945398548 0.0)
(2.4322243208422902 -0.004933878497806628 0.0)
(1.2789932592974544 -0.0011676492506423853 0.0)
(0.0018796017032595776 -8.082966995301884e-05 0.0)
(-0.0018771848237742602 -8.08903837410688e-05 0.0)
(1.298785102162611 -0.0011683688131735148 0.0)
(2.54546345169223 -0.004935932182586412 0.0)
(3.725038598883972 -0.01214697704203985 0.0)
(4.803183192081757 -0.022289929443614073 0.0)
(5.753095943051516 -0.03491134055350886 0.0)
(6.564971436543943 -0.04964237758202699 0.0)
(7.272451853298136 -0.06477452408083552 0.0)
(7.914441879541223 -0.07846660983824748 0.0)
(8.477509372046148 -0.09044331281319863 0.0)
(8.950930961112343 -0.10078144258409 0.0)
(9.336922424957347 -0.10936844562877039 0.0)
(9.63508394079757 -0.11611681533426982 0.0)
(9.845169826099252 -0.12096894930159116 0.0)
(9.966893380117453 -0.1238916733185014 0.0)
(10.000000000000002 -0.1248674678356872 0.0)
(9.944217730993685 -0.1238916733185005 0.0)
(9.79927461834519 -0.12096894930158969 0.0)
(9.564916059202448 -0.11611681533426682 0.0)
(9.240855352820445 -0.10936844562876784 0.0)
(8.82684681666544 -0.1007814425840873 0.0)
(8.322490627953881 -0.0904433128131957 0.0)
(7.730002564903225 -0.07846660983824501 0.0)
(7.038659257812949 -0.06477452408083316 0.0)
(6.23502856345604 -0.04964237758202387 0.0)
(5.3580151680595565 -0.034911340553505726 0.0)
(4.441261252362619 -0.022289929443612525 0.0)
(3.474961401115996 -0.012146977042039547 0.0)
(2.4323143260855304 -0.004935932182586747 0.0)
(1.2789926756151562 -0.0011683688131735551 0.0)
(0.0018771848237618908 -8.089038374107161e-05 0.0)
(-0.0018664696760337064 -8.093431521016753e-05 0.0)
(1.2988162071856122 -0.0011688284973965571 0.0)
(2.5454326443431365 -0.0049367988607459355 0.0)
(3.7246587677829743 -0.012146161108233949 0.0)
(4.802210377565944 -0.02228417671929635 0.0)
(5.752354258791907 -0.034901100838053783 0.0)
(6.565829730126839 -0.049634679807822595 0.0)
(7.273688511965062 -0.06477451579460188 0.0)
(7.914652892790491 -0.07847062520246752 0.0)
(8.477562352874685 -0.09044815418171427 0.0)
(8.9510053880249 -0.10078684099348986 0.0)
(9.336962455712037 -0.10937415065073712 0.0)
(9.635109181180262 -0.1161226590348616 0.0)
(9.845183920103889 -0.12097483796636865 0.0)
(9.966899807076931 -0.12389757482808494 0.0)
(10.000000000000002 -0.12487336712038125 0.0)
(9.944211304034205 -0.12389757482808404 0.0)
(9.799260524340552 -0.12097483796636715 0.0)
(9.564890818819755 -0.11612265903485858 0.0)
(9.240815322065755 -0.10937415065073457 0.0)
(8.826772389752886 -0.10078684099348711 0.0)
(8.322437647125344 -0.09044815418171132 0.0)
(7.729791551653957 -0.07847062520246502 0.0)
(7.037422599146019 -0.06477451579459946 0.0)
(6.234170269873143 -0.04963467980781939 0.0)
(5.358756852319169 -0.03490110083805058 0.0)
(4.442234066878435 -0.022284176719294755 0.0)
(3.475341232216994 -0.012146161108233631 0.0)
(2.432345133434624 -0.004936798860746269 0.0)
(1.2789615705921547 -0.0011688284973965974 0.0)
(0.0018664696760212736 -8.09343152101704e-05 0.0)
(-0.001847927064039153 -8.095953409193047e-05 0.0)
(1.2988764668515107 -0.0011690081056276813 0.0)
(2.5454623885067487 -0.004936440452032079 0.0)
(3.7243551067521463 -0.012142260994619868 0.0)
(4.801217459877066 -0.022272677982170672 0.0)
(5.751329571076137 -0.034881832359345805 0.0)
(6.566341901667807 -0.04961495546476218 0.0)
(7.274902688433161 -0.0647614709612276 0.0)
(7.91493653207983 -0.0784622970902384 0.0)
(8.47761945483607 -0.09044149060955727 0.0)
(8.951082924978861 -0.1007815192375984 0.0)
(9.337004678651859 -0.10936989648169677 0.0)
(9.63513582835992 -0.11611919403387966 0.0)
(9.845198735456128 -0.12097191256907519 0.0)
(9.966906611945038 -0.12389496982802273 0.0)
(10.000000000000002 -0.12487086425179841 0.0)
(9.9442044991661 -0.1238949698280218 0.0)
(9.799245708988312 -0.12097191256907369 0.0)
(9.564864171640098 -0.1161191940338766 0.0)
(9.240773099125933 -0.10936989648169419 0.0)
(8.826694852798923 -0.10078151923759562 0.0)
(8.32238054516396 -0.09044149060955423 0.0)
(7.729507912364617 -0.07846229709023582 0.0)
(7.036208422677918 -0.06476147096122513 0.0)
(6.233658098332176 -0.04961495546475889 0.0)
(5.359781540034943 -0.034881832359342516 0.0)
(4.443226984567316 -0.022272677982169028 0.0)
(3.4756448932478223 -0.012142260994619526 0.0)
(2.4323153892710114 -0.004936440452032405 0.0)
(1.2789013109262557 -0.0011690081056277212 0.0)
(0.0018479270640266395 -8.095953409193334e-05 0.0)
(-0.0018223717162388908 -8.096493231482959e-05 0.0)
(1.298963233460829 -0.0011688997462097957 0.0)
(2.545551377278932 -0.004934872704268038 0.0)
(3.7241409581016502 -0.01213544806505475 0.0)
(4.800248066001879 -0.02225593846571001 0.0)
(5.750066902807823 -0.03485438173908868 0.0)
(6.566485447286327 -0.04958407120439518 0.0)
(7.2760410340096975 -0.06473596274682637 0.0)
(7.915280334817771 -0.07844199142357565 0.0)
(8.477678168974583 -0.09042361488189747 0.0)
(8.951160165142324 -0.10076571114463365 0.0)
(9.337047238578078 -0.1093558700420542 0.0)
(9.635162711508217 -0.11610657257712809 0.0)
(9.845213621196496 -0.12096030164631602 0.0)
(9.966913495728315 -0.12388397277725174 0.0)
(10.000000000000002 -0.12486006920140544 0.0)
(9.944197615382821 -0.12388397277725081 0.0)
(9.799230823247946 -0.1209603016463145 0.0)
(9.564837288491802 -0.116106572577125 0.0)
(9.240730539199713 -0.10935587004205156 0.0)
(8.82661761263546 -0.10076571114463082 0.0)
(8.322321831025446 -0.09042361488189438 0.0)
(7.729164109626675 -0.07844199142357298 0.0)
(7.035070077101379 -0.06473596274682376 0.0)
(6.233514552713657 -0.049584071204391754 0.0)
(5.361044208303261 -0.0348543817390853 0.0)
(4.444196378442504 -0.022255938465708305 0.0)
(3.4758590418983184 -0.012135448065054377 0.0)
(2.4322264004988274 -0.004934872704268355 0.0)
(1.278814544316937 -0.0011688997462098339 0.0)
(0.0018223717162262829 -8.096493231483238e-05 0.0)
(-0.0017909264878630759 -8.095027269082646e-05 0.0)
(1.2990726946474886 -0.0011685081802574836 0.0)
(2.5456957006558385 -0.00493216450142245 0.0)
(3.724025731131415 -0.012126021667199782 0.0)
(4.799344789333806 -0.022234693673643554 0.0)
(5.748621733320689 -0.034819955107317016 0.0)
(6.566254059850532 -0.04954338402462093 0.0)
(7.277053531872584 -0.064699111935673 0.0)
(7.9156691949409765 -0.07841060039632423 0.0)
(8.477735915498393 -0.0903953124255056 0.0)
(8.951233714723813 -0.10074011129328037 0.0)
(9.337088265485402 -0.10933268762790664 0.0)
(9.635188649428798 -0.11608534922832628 0.0)
(9.845227923272791 -0.12094051536079559 0.0)
(9.966920155965923 -0.12386506686606436 0.0)
(10.000000000000002 -0.12484145628396756 0.0)
(9.944190955145215 -0.1238650668660634 0.0)
(9.79921652117165 -0.12094051536079403 0.0)
(9.564811350571219 -0.11608534922832314 0.0)
(9.24068951229239 -0.10933268762790392 0.0)
(8.826544063053971 -0.10074011129327745 0.0)
(8.322264084501636 -0.09039531242550242 0.0)
(7.728775249503468 -0.07841060039632146 0.0)
(7.034057579238492 -0.06469911193567025 0.0)
(6.233745940149454 -0.04954338402461738 0.0)
(5.3624893777904 -0.03481995510731352 0.0)
(4.445099655110579 -0.022234693673641778 0.0)
(3.4759742688685535 -0.012126021667199382 0.0)
(2.4320820771219207 -0.004932164501422757 0.0)
(1.278705083130277 -0.00116850818025752 0.0)
(0.0017909264878503642 -8.095027269082915e-05 0.0)
(-0.0017549730247191217 -8.091619933698077e-05 0.0)
(1.2992000408872013 -0.0011678506124623408 0.0)
(2.5458890173323176 -0.004928434836973835 0.0)
(3.7240144887037108 -0.012114395979731612 0.0)
(4.7985473181971425 -0.022209877063268466 0.0)
(5.747057560718136 -0.03478006510724911 0.0)
(6.5656579061010385 -0.04949468164568365 0.0)
(7.277895694718037 -0.06465253768499289 0.0)
(7.916086026647034 -0.07836950327279334 0.0)
(8.477790157130888 -0.09035782679853761 0.0)
(8.95130034208927 -0.10070584449417344 0.0)
(9.337125956726577 -0.1093013678321207 0.0)
(9.635212502456886 -0.11605645650259355 0.0)
(9.845241013277949 -0.12091342308570166 0.0)
(9.966926300019201 -0.12383908278561073 0.0)
(10.000000000000002 -0.12481584331702567 0.0)
(9.944184811091935 -0.12383908278560977 0.0)
(9.799203431166491 -0.12091342308570008 0.0)
(9.564787497543131 -0.11605645650259039 0.0)
(9.240651821051214 -0.10930136783211793 0.0)
(8.826477435688515 -0.10070584449417044 0.0)
(8.32220984286914 -0.09035782679853432 0.0)
(7.72835841779741 -0.07836950327279045 0.0)
(7.033215416393038 -0.06465253768499 0.0)
(6.234342093898951 -0.04949468164567996 0.0)
(5.364053550392956 -0.03478006510724549 0.0)
(4.445897126247244 -0.022209877063266607 0.0)
(3.475985511296257 -0.01211439597973117 0.0)
(2.431888760445441 -0.004928434836974128 0.0)
(1.278577736890564 -0.0011678506124623742 0.0)
(0.001754973024706302 -8.091619933698332e-05 0.0)
(-0.0017160910562025724 -8.086420937412506e-05 0.0)
(1.2993396768191674 -0.001166955935150299 0.0)
(2.5461228333272685 -0.004923847585554836 0.0)
(3.724107724790244 -0.01210108181408899 0.0)
(4.797890692014701 -0.022182579031043915 0.0)
(5.745443111882747 -0.03473646443251126 0.0)
(6.564723179942968 -0.04944010396101536 0.0)
(7.27853051945132 -0.06459828638215577 0.0)
(7.91651251511335 -0.07832050578540582 0.0)
(8.477838510593969 -0.09031280505086443 0.0)
(8.95135711975415 -0.10066441636777626 0.0)
(9.33715865621742 -0.10926328678922527 0.0)
(9.635233222534065 -0.11602116389344086 0.0)
(9.845252316061089 -0.12088021520603798 0.0)
(9.966931657929694 -0.1238071622288495 0.0)
(10.000000000000002 -0.12478435568748955 0.0)
(9.944179453181444 -0.12380716222884854 0.0)
(9.799192128383352 -0.12088021520603634 0.0)
(9.564766777465952 -0.11602116389343761 0.0)
(9.240619121560371 -0.10926328678922241 0.0)
(8.826420658023634 -0.10066441636777315 0.0)
(8.32216148940606 -0.09031280505086103 0.0)
(7.727931929331093 -0.07832050578540282 0.0)
(7.0325805916597535 -0.06459828638215274 0.0)
(6.235276820057026 -0.0494401039610115 0.0)
(5.365667999228348 -0.03473646443250751 0.0)
(4.446553752429686 -0.02218257903104198 0.0)
(3.4758922752097234 -0.01210108181408851 0.0)
(2.4316549444504894 -0.004923847585555115 0.0)
(1.2784381009585977 -0.0011669559351503293 0.0)
(0.001716091056189644 -8.086420937412739e-05 0.0)
(-0.0016759889848774936 -8.079658714611424e-05 0.0)
(1.299485467095993 -0.0011658634588056834 0.0)
(2.546386875193627 -0.004918604302600663 0.0)
(3.724301342767942 -0.012086664170352677 0.0)
(4.797403761739675 -0.022153999002565507 0.0)
(5.7438493227428005 -0.03469106881698626 0.0)
(6.563490951533671 -0.0493820490142333 0.0)
(7.278930113035033 -0.06453874173015832 0.0)
(7.916929921216954 -0.07826576079411916 0.0)
(8.477878851324927 -0.09026222535571392 0.0)
(8.95140155301173 -0.1006176471901721 0.0)
(9.337184927202127 -0.1092201177105779 0.0)
(9.63524989925805 -0.11598102209354835 0.0)
(9.845261334998597 -0.12084235081528483 0.0)
(9.966935994280611 -0.12377070772664772 0.0)
(10.000000000000002 -0.12474837690419605 0.0)
(9.944175116830527 -0.12377070772664674 0.0)
(9.799183109445844 -0.12084235081528316 0.0)
(9.564750100741968 -0.11598102209354505 0.0)
(9.240592850575666 -0.10922011771057495 0.0)
(8.826376224766056 -0.10061764719016891 0.0)
(8.322121148675102 -0.09026222535571038 0.0)
(7.727514523227487 -0.078265760794116 0.0)
(7.032180998076041 -0.06453874173015516 0.0)
(6.236509048466326 -0.04938204901422929 0.0)
(5.3672617883683 -0.03469106881698239 0.0)
(4.4470406827047135 -0.022153999002563495 0.0)
(3.475698657232024 -0.012086664170352158 0.0)
(2.43139090258413 -0.004918604302600929 0.0)
(1.2782923106817716 -0.0011658634588057107 0.0)
(0.0016759889848644606 -8.079658714611636e-05 0.0)
(-0.0016364288223932434 -8.071630384993575e-05 0.0)
(1.29963100595963 -0.0011646211848404477 0.0)
(2.546669541414836 -0.00491293536837201 0.0)
(3.72458683541708 -0.012071776533412112 0.0)
(4.797107922197535 -0.02212539273199891 0.0)
(5.74234622147735 -0.034645872860971344 0.0)
(6.562015362735156 -0.04932306763349057 0.0)
(7.279076918058142 -0.0644765200120755 0.0)
(7.917319904897276 -0.07820767369369734 0.0)
(8.477909406825846 -0.09020831009235798 0.0)
(8.951431689545958 -0.10056759191346312 0.0)
(9.33720361538169 -0.1091737573665187 0.0)
(9.635261799884095 -0.11593779486016598 0.0)
(9.84526767381486 -0.12080149360550096 0.0)
(9.966939118540628 -0.12373132102314052 0.0)
(10.000000000000002 -0.12470948780906174 0.0)
(9.944171992570508 -0.12373132102313954 0.0)
(9.79917677062958 -0.12080149360549927 0.0)
(9.564738200115922 -0.11593779486016262 0.0)
(9.240574162396102 -0.1091737573665157 0.0)
(8.826346088231826 -0.10056759191345985 0.0)
(8.322090593174183 -0.09020831009235436 0.0)
(7.727124539547164 -0.07820767369369404 0.0)
(7.032034193052932 -0.06447652001207217 0.0)
(6.237984637264846 -0.04932306763348642 0.0)
(5.368764889633754 -0.034645872860967375 0.0)
(4.447336522246853 -0.02212539273199683 0.0)
(3.475413164582885 -0.012071776533411556 0.0)
(2.43110823636292 -0.00491293536837226 0.0)
(1.278146771818134 -0.0011646211848404715 0.0)
(0.001636428822380116 -8.071630384993765e-05 0.0)
(-0.0015991487699161078 -8.062688698674953e-05 0.0)
(1.2997698986986665 -0.001163283696499948 0.0)
(2.54695841215426 -0.004907089865467862 0.0)
(3.724951658712948 -0.012057073038798306 0.0)
(4.79701617203654 -0.022098017126539114 0.0)
(5.740999851606151 -0.034602862392090164 0.0)
(6.560361248219715 -0.049265751352753635 0.0)
(7.278964484176505 -0.06441435513636838 0.0)
(7.917665330984859 -0.07814879672506554 0.0)
(8.477928834543915 -0.09015342819883336 0.0)
(8.951446205212656 -0.10051644987493438 0.0)
(9.337213899631687 -0.10912624274575185 0.0)
(9.635268401520468 -0.11589338151884654 0.0)
(9.845271053993887 -0.12075943876773818 0.0)
(9.966940893435478 -0.12369073269802408 0.0)
(10.000000000000002 -0.12466939711778127 0.0)
(9.94417021767566 -0.12369073269802307 0.0)
(9.799173390450553 -0.12075943876773643 0.0)
(9.564731598479549 -0.11589338151884315 0.0)
(9.240563878146105 -0.10912624274574877 0.0)
(8.82633157256513 -0.100516449874931 0.0)
(8.322071165456112 -0.0901534281988296 0.0)
(7.726779113459581 -0.07814879672506213 0.0)
(7.03214662693457 -0.06441435513636491 0.0)
(6.239638751780292 -0.04926575135274936 0.0)
(5.370111259504954 -0.0346028623920861 0.0)
(4.447428272407848 -0.02209801712653697 0.0)
(3.4750483412870157 -0.012057073038797715 0.0)
(2.4308193656234955 -0.004907089865468096 0.0)
(1.2780078790790974 -0.0011632836964999684 0.0)
(0.0015991487699028983 -8.062688698675119e-05 0.0)
(-0.0015657868447500035 -8.05322653699405e-05 0.0)
(1.2998960426202462 -0.0011619097605750008 0.0)
(2.5472407949600817 -0.004901324634591779 0.0)
(3.7253797829873516 -0.012043199731165303 0.0)
(4.79713254259091 -0.022073075020207774 0.0)
(5.7398693701582335 -0.034563927211659906 0.0)
(6.558601286753039 -0.04921261854454088 0.0)
(7.2785977515291895 -0.06435497851394818 0.0)
(7.917951022089352 -0.07809171683451309 0.0)
(8.477936280860746 -0.0900999910851379 0.0)
(8.951444462219984 -0.10046646816219709 0.0)
(9.33721532808099 -0.10907966155378825 0.0)
(9.635269414103341 -0.11584973351055575 0.0)
(9.845271327016796 -0.12071803411463056 0.0)
(9.966941240979525 -0.12365072612804975 0.0)
(10.000000000000002 -0.12462986634198561 0.0)
(9.944169870131612 -0.12365072612804871 0.0)
(9.799173117427644 -0.12071803411462878 0.0)
(9.564730585896676 -0.1158497335105523 0.0)
(9.240562449696803 -0.10907966155378511 0.0)
(8.8263333155578 -0.10046646816219362 0.0)
(8.322063719139283 -0.09009999108513406 0.0)
(7.726493422355087 -0.07809171683450956 0.0)
(7.0325133595818885 -0.06435497851394457 0.0)
(6.241398713246972 -0.04921261854453649 0.0)
(5.371241740952874 -0.03456392721165576 0.0)
(4.4473119018534755 -0.02207307502020558 0.0)
(3.4746202170126113 -0.01204319973116468 0.0)
(2.430536982817673 -0.004901324634592001 0.0)
(1.2778817351575176 -0.0011619097605750177 0.0)
(0.0015657868447367298 -8.053226536994188e-05 0.0)
(-0.001537808908852812 -8.04365965002458e-05 0.0)
(1.3000038951912283 -0.001160559745296603 0.0)
(2.547504282448418 -0.004895892989441266 0.0)
(3.725852397242904 -0.012030766178269994 0.0)
(4.797451920751383 -0.022051662323526792 0.0)
(5.73900444842026 -0.034530778060278794 0.0)
(6.556812807822218 -0.04916600376724146 0.0)
(7.277992833677798 -0.0643009990449775 0.0)
(7.918164425466282 -0.07803894200800614 0.0)
(8.477931418598796 -0.09005034668028693 0.0)
(8.951426537151852 -0.10041984288026998 0.0)
(9.33720783796615 -0.10903606048298493 0.0)
(9.635264793141678 -0.11580876864892611 0.0)
(9.84526848088746 -0.12067909889088801 0.0)
(9.966940145902322 -0.12361305912871226 0.0)
(10.000000000000002 -0.12459263239164378 0.0)
(9.944170965208816 -0.12361305912871122 0.0)
(9.79917596355698 -0.12067909889088621 0.0)
(9.56473520685834 -0.11580876864892262 0.0)
(9.240569939811644 -0.10903606048298171 0.0)
(8.826351240625934 -0.10041984288026645 0.0)
(8.322068581401233 -0.09005034668028303 0.0)
(7.726280018978158 -0.0780389420080025 0.0)
(7.033118277433282 -0.06430099904497381 0.0)
(6.243187192177798 -0.04916600376723699 0.0)
(5.372106662690849 -0.034530778060274575 0.0)
(4.446992523693002 -0.022051662323524564 0.0)
(3.4741476027570575 -0.01203076617826935 0.0)
(2.430273495329336 -0.004895892989441477 0.0)
(1.2777738825865352 -0.001160559745296617 0.0)
(0.0015378089088394936 -8.043659650024694e-05 0.0)
(-0.0015164442615436687 -8.034408389277863e-05 0.0)
(1.3000887175669547 -0.0011592929678663044 0.0)
(2.547737297461069 -0.004891033586567324 0.0)
(3.72634873567384 -0.012020318687680064 0.0)
(4.797960273625872 -0.022034719871214917 0.0)
(5.738443089471066 -0.03450487145101383 0.0)
(6.555074393919539 -0.04912795518889058 0.0)
(7.277176309606057 -0.06425478848857034 0.0)
(7.918296164561676 -0.0779927910748726 0.0)
(8.477914461396963 -0.09000667626860777 0.0)
(8.951393217602957 -0.10037862265874237 0.0)
(9.337191758389107 -0.10899735528462708 0.0)
(9.635254741672076 -0.11577228685503452 0.0)
(9.845262640659595 -0.12064434383901182 0.0)
(9.966937656319557 -0.12357938671905269 0.0)
(10.000000000000002 -0.12455933125841614 0.0)
(9.944173454791581 -0.12357938671905162 0.0)
(9.799181803784846 -0.12064434383900999 0.0)
(9.56474525832794 -0.11577228685503099 0.0)
(9.240586019388687 -0.10899735528462383 0.0)
(8.826384560174827 -0.10037862265873879 0.0)
(8.322085538603066 -0.09000667626860379 0.0)
(7.726148279882763 -0.07799279107486888 0.0)
(7.033934801505025 -0.06425478848856657 0.0)
(6.244925606080481 -0.049127955188886054 0.0)
(5.372668021640042 -0.0345048714510096 0.0)
(4.44648417081851 -0.022034719871212662 0.0)
(3.4736512643261204 -0.0120203186876794 0.0)
(2.430040480316685 -0.004891033586567525 0.0)
(1.2776890602108086 -0.0011592929678663157 0.0)
(0.0015164442615303274 -8.034408389277958e-05 0.0)
(-0.0015026316263398202 -8.025879238226405e-05 0.0)
(1.3001467828074142 -0.0011581650881668881 0.0)
(2.547929601744667 -0.004886959939242205 0.0)
(3.72684699007753 -0.012012316303018886 0.0)
(4.798635265119077 -0.02202299208363138 0.0)
(5.738209958395904 -0.03448734567288135 0.0)
(6.553462427771549 -0.049100144594413066 0.0)
(7.27618405588789 -0.06421837725203537 0.0)
(7.918340451000693 -0.07795529182268358 0.0)
(8.477886154323674 -0.08997089864809683 0.0)
(8.951345967573326 -0.10034461863873792 0.0)
(9.337167795857061 -0.10896524659432134 0.0)
(9.635239701337724 -0.11574189107216301 0.0)
(9.845254062942129 -0.12061529603239882 0.0)
(9.96693388161894 -0.12355118840314952 0.0)
(10.000000000000002 -0.12453142613317406 0.0)
(9.944177229492198 -0.12355118840314845 0.0)
(9.799190381502312 -0.12061529603239698 0.0)
(9.564760298662293 -0.11574189107215946 0.0)
(9.24060998192073 -0.10896524659431807 0.0)
(8.826431810204458 -0.10034461863873431 0.0)
(8.322113845676355 -0.0899708986480928 0.0)
(7.726103993443747 -0.07795529182267984 0.0)
(7.034927055223196 -0.06421837725203157 0.0)
(6.2465375722284735 -0.04910014459440853 0.0)
(5.372901152715203 -0.034487345672877104 0.0)
(4.445809179325304 -0.022022992083629126 0.0)
(3.473153009922429 -0.012012316303018215 0.0)
(2.4298481760330866 -0.004886959939242401 0.0)
(1.277630994970349 -0.0011581650881668977 0.0)
(0.0015026316263264785 -8.025879238226481e-05 0.0)
(-0.001496977905162621 -8.018446952163766e-05 0.0)
(1.3001755396321686 -0.0011572256631689497 0.0)
(2.5480727458008015 -0.004883851036076848 0.0)
(3.727325268067006 -0.012007110634428525 0.0)
(4.799447237339649 -0.02201699425830723 0.0)
(5.7383152985477155 -0.03447897077650995 0.0)
(6.552047736221782 -0.04908379393045224 0.0)
(7.275059670336394 -0.06419336517849349 0.0)
(7.918295338918222 -0.07792809189997739 0.0)
(8.47784774113994 -0.08994458582194605 0.0)
(8.951286863142817 -0.10031932489468706 0.0)
(9.337137003239835 -0.10894114520917862 0.0)
(9.635220332983398 -0.11571891683540347 0.0)
(9.845243124624274 -0.12059323177853015 0.0)
(9.966928987653914 -0.12352970316341619 0.0)
(10.000000000000002 -0.12451014311606967 0.0)
(9.944182123457225 -0.12352970316341509 0.0)
(9.799201319820167 -0.12059323177852829 0.0)
(9.56477966701662 -0.11571891683539992 0.0)
(9.240640774537956 -0.10894114520917535 0.0)
(8.826490914634967 -0.10031932489468343 0.0)
(8.32215225886009 -0.08994458582194201 0.0)
(7.7261491055262175 -0.07792809189997361 0.0)
(7.036051440774695 -0.06419336517848966 0.0)
(6.247952263778243 -0.0490837939304477 0.0)
(5.372795812563391 -0.03447897077650573 0.0)
(4.444997207104729 -0.022016994258304983 0.0)
(3.472674731932952 -0.012007110634427854 0.0)
(2.429705031976952 -0.0048838510360770405 0.0)
(1.277602238145595 -0.0011572256631689575 0.0)
(0.0014969779051493023 -8.018446952163829e-05 0.0)
(-0.001499731512177407 -8.012438092142557e-05 0.0)
(1.3001737245189469 -0.0011565159694882684 0.0)
(2.5481604401415208 -0.0048818434765887635 0.0)
(3.7277625549823954 -0.012004930409463342 0.0)
(4.800360513713677 -0.0220169899287145 0.0)
(5.7387544814729425 -0.034480114739524795 0.0)
(6.55089247822883 -0.04907962161526982 0.0)
(7.273852556395699 -0.06418085125269778 0.0)
(7.9181628104566375 -0.07791238642159683 0.0)
(8.47780090965078 -0.08992889392759852 0.0)
(8.95121850125198 -0.10030385278742976 0.0)
(9.337100733508693 -0.10892611009996984 0.0)
(9.635197487619154 -0.11570437359068891 0.0)
(9.845230306315706 -0.12057912054035538 0.0)
(9.966923189456345 -0.12351587502198041 0.0)
(10.000000000000002 -0.12449641734393835 0.0)
(9.944187921654791 -0.12351587502197935 0.0)
(9.799214138128734 -0.12057912054035352 0.0)
(9.564802512380865 -0.11570437359068536 0.0)
(9.240677044269098 -0.10892611009996654 0.0)
(8.826559276525806 -0.10030385278742615 0.0)
(8.32219909034925 -0.08992889392759448 0.0)
(7.726281633987804 -0.07791238642159308 0.0)
(7.037258554715393 -0.06418085125269397 0.0)
(6.249107521771197 -0.04907962161526532 0.0)
(5.372356629638161 -0.034480114739520604 0.0)
(4.444083930730698 -0.022016989928712278 0.0)
(3.4722374450175617 -0.012004930409462678 0.0)
(2.4296173376362327 -0.004881843476588956 0.0)
(1.2776040532588169 -0.0011565159694882754 0.0)
(0.0014997315121641325 -8.012438092142611e-05 0.0)
(-0.0015107714589295304 -8.008116676479209e-05 0.0)
(1.3001414172205035 -0.0011560671897668255 0.0)
(2.5481888316379258 -0.004881025469269129 0.0)
(3.7281396372366298 -0.012005871423219693 0.0)
(4.801334966548079 -0.022022979285087566 0.0)
(5.7395082102773145 -0.0344907272982838 0.0)
(6.550047413715418 -0.04908781097276189 0.0)
(7.272615752444006 -0.06418138531365418 0.0)
(7.917948688674086 -0.07790886545752958 0.0)
(8.477747717546153 -0.08992451243818438 0.0)
(8.951143885597231 -0.10029888213305352 0.0)
(9.337060580289268 -0.10892080188188764 0.0)
(9.635172169028499 -0.115698900341586 0.0)
(9.845216171229454 -0.12057358233986412 0.0)
(9.966916741788431 -0.12351031156207909 0.0)
(10.000000000000002 -0.124490851902097 0.0)
(9.944194369322705 -0.12351031156207802 0.0)
(9.799228273214988 -0.12057358233986229 0.0)
(9.564827830971518 -0.11569890034158248 0.0)
(9.240717197488523 -0.10892080188188437 0.0)
(8.826633892180554 -0.10029888213304991 0.0)
(8.322252282453876 -0.08992451243818039 0.0)
(7.7264957557703555 -0.07790886545752586 0.0)
(7.038495358667089 -0.0641813853136504 0.0)
(6.24995258628461 -0.04908781097275746 0.0)
(5.3716029008337856 -0.03449072729827968 0.0)
(4.443109477896294 -0.022022979285085387 0.0)
(3.4718603627633264 -0.012005871423219043 0.0)
(2.4295889461398277 -0.004881025469269325 0.0)
(1.2776363605572603 -0.0011560671897668329 0.0)
(0.00151077145891632 -8.008116676479258e-05 0.0)
(-0.0015296126703557142 -8.005672580272163e-05 0.0)
(1.3000800372604278 -0.0011558990425645625 0.0)
(2.5481566728196055 -0.004881432955863069 0.0)
(3.7284399465253113 -0.012009892329274664 0.0)
(4.802327780168021 -0.02203469916606462 0.0)
(5.740543367496074 -0.03451034215637022 0.0)
(6.549549673270263 -0.04910800217754228 0.0)
(7.271403601384283 -0.06419494389570125 0.0)
(7.917662381689969 -0.07791768371249537 0.0)
(8.477690501989823 -0.08993163386833279 0.0)
(8.951066294653936 -0.10030463133301801 0.0)
(9.337018307840566 -0.10892545378832345 0.0)
(9.63514548966399 -0.11570273757264729 0.0)
(9.845201340435347 -0.12057686051545413 0.0)
(9.966909927948903 -0.12351325723196213 0.0)
(10.000000000000002 -0.1244936913258784 0.0)
(9.944201183162235 -0.12351325723196106 0.0)
(9.799243104009093 -0.1205768605154523 0.0)
(9.564854510336026 -0.11570273757264377 0.0)
(9.240759469937228 -0.10892545378832023 0.0)
(8.82671148312385 -0.10030463133301445 0.0)
(8.322309498010204 -0.08993163386832884 0.0)
(7.726782062754474 -0.07791768371249173 0.0)
(7.039707509726815 -0.06419494389569759 0.0)
(6.250450326729764 -0.049108002177537934 0.0)
(5.370567743615022 -0.03451034215636618 0.0)
(4.442116664276349 -0.02203469916606249 0.0)
(3.471560053474645 -0.012009892329274038 0.0)
(2.4296211049581484 -0.004881432955863272 0.0)
(1.2776977405173364 -0.0011558990425645703 0.0)
(0.0015296126703425853 -8.005672580272214e-05 0.0)
(-0.0015554272980949145 -8.005213192637411e-05 0.0)
(1.2999922815618736 -0.0011560189159619298 0.0)
(2.548065376686204 -0.0048830480321551215 0.0)
(3.7286502878076946 -0.012016816456372238 0.0)
(4.803295332159345 -0.02205163462151644 0.0)
(5.741814470214797 -0.03453809747280413 0.0)
(6.549421126697936 -0.04913930806501166 0.0)
(7.270269362916527 -0.06422093125954863 0.0)
(7.917316469309385 -0.07793845372850351 0.0)
(8.477631776928664 -0.08994994531543128 0.0)
(8.950989137626195 -0.10032084777799471 0.0)
(9.336975773536643 -0.10893986142301897 0.0)
(9.635118621768095 -0.11571571668295993 0.0)
(9.845186465571349 -0.1205888110300872 0.0)
(9.966903047325403 -0.1235245826042839 0.0)
(10.000000000000002 -0.12450481085619616 0.0)
(9.944208063785736 -0.12352458260428283 0.0)
(9.799257978873094 -0.12058881103008542 0.0)
(9.564881378231922 -0.11571571668295647 0.0)
(9.240802004241148 -0.10893986142301577 0.0)
(8.826788640151591 -0.10032084777799122 0.0)
(8.322368223071365 -0.08994994531542741 0.0)
(7.727127975135058 -0.07793845372849996 0.0)
(7.040841748194573 -0.06422093125954505 0.0)
(6.250578873302089 -0.04913930806500746 0.0)
(5.369296640896295 -0.03453809747280019 0.0)
(4.441149112285023 -0.02205163462151438 0.0)
(3.471349712192261 -0.01201681645637164 0.0)
(2.4297124010915505 -0.004883048032155331 0.0)
(1.2777854962158908 -0.0011560189159619393 0.0)
(0.0015554272980818798 -8.005213192637468e-05 0.0)
(-0.0015870810946307969 -8.006758698227196e-05 0.0)
(1.2998820059496912 -0.0011564215429411492 0.0)
(2.547918954622801 -0.00488579973464771 0.0)
(3.7287614190726406 -0.01202633957103508 0.0)
(4.804195110057638 -0.022073041538513024 0.0)
(5.743265668505438 -0.034572773729758324 0.0)
(6.549667422099655 -0.04918035311174717 0.0)
(7.26926287340398 -0.06425820556797134 0.0)
(7.916926150289507 -0.07797026290904831 0.0)
(8.477574122634428 -0.08997864220799424 0.0)
(8.95091580465265 -0.10034681894705846 0.0)
(9.336934846257003 -0.1089633917408636 0.0)
(9.635092745867007 -0.11573726739416143 0.0)
(9.845172200211767 -0.12060890880001324 0.0)
(9.96689640223994 -0.1235437900629037 0.0)
(10.000000000000002 -0.12452372192123079 0.0)
(9.944214708871197 -0.12354379006290266 0.0)
(9.799272244232675 -0.12060890880001149 0.0)
(9.56490725413301 -0.11573726739415802 0.0)
(9.240842931520788 -0.10896339174086049 0.0)
(8.826861973125135 -0.10034681894705505 0.0)
(8.322425877365601 -0.08997864220799046 0.0)
(7.727518294154937 -0.07797026290904487 0.0)
(7.041848237707122 -0.06425820556796792 0.0)
(6.250332577900368 -0.04918035311174309 0.0)
(5.36784544260565 -0.03457277372975451 0.0)
(4.440249334386728 -0.022073041538511032 0.0)
(3.471238580927315 -0.012026339571034517 0.0)
(2.4298588231549543 -0.0048857997346479325 0.0)
(1.2778957718280737 -0.0011564215429411605 0.0)
(0.0015870810946178662 -8.006758698227263e-05 0.0)
(-0.0016231832500525597 -8.010241190353324e-05 0.0)
(1.2997540557325362 -0.001157089232809339 0.0)
(2.547723840146991 -0.00488956715856741 0.0)
(3.728768457415677 -0.012038043245026952 0.0)
(4.804987579268147 -0.022097979336284376 0.0)
(5.744833199369999 -0.034612847315940665 0.0)
(6.550277737706054 -0.04922933387348503 0.0)
(7.268428356154503 -0.06430512905604875 0.0)
(7.916508574534001 -0.07801171361692984 0.0)
(8.477520072331327 -0.09001646365706191 0.0)
(8.950849517850001 -0.10038140371455356 0.0)
(9.336897324271439 -0.10899501086273881 0.0)
(9.63506899890048 -0.11576644280742751 0.0)
(9.845159171150405 -0.12063627076598951 0.0)
(9.966890284665414 -0.12357003566722885 0.0)
(10.000000000000002 -0.12454959360338144 0.0)
(9.944220826445724 -0.12357003566722784 0.0)
(9.799285273294036 -0.12063627076598779 0.0)
(9.564931001099538 -0.11576644280742412 0.0)
(9.240880453506353 -0.10899501086273576 0.0)
(8.826928259927785 -0.10038140371455023 0.0)
(8.322479927668702 -0.09001646365705823 0.0)
(7.727935869910444 -0.07801171361692653 0.0)
(7.0426827549566 -0.06430512905604548 0.0)
(6.249722262293966 -0.0492293338734811 0.0)
(5.366277911741085 -0.03461284731593696 0.0)
(4.439456865176218 -0.02209797933628246 0.0)
(3.4712315425842797 -0.012038043245026426 0.0)
(2.4300539376307646 -0.004889567158567644 0.0)
(1.278023722045229 -0.0011570892328093532 0.0)
(0.0016231832500397379 -8.010241190353408e-05 0.0)
)
