(
(-0.01906515351882362 -5.8849432309583685e-05 0.0)
(1.2363102480253043 -0.000925377456247767 0.0)
(2.430227454921717 -0.004363194143304453 0.0)
(3.5710125870666682 -0.012012095056595111 0.0)
(4.624857365281268 -0.0242704162373575 0.0)
(5.561382751910481 -0.04046646154728252 0.0)
(6.390052067263181 -0.058861089243685515 0.0)
(7.137681569682249 -0.07674552445890798 0.0)
(7.805175026963988 -0.09259122970981488 0.0)
(8.386212186876215 -0.10651843547377333 0.0)
(8.87802896783966 -0.11856951933232296 0.0)
(9.280424018523327 -0.12858373097691778 0.0)
(9.593814512525205 -0.13645565425066272 0.0)
(9.818159069957058 -0.14211657404615005 0.0)
(9.953549262570034 -0.14552652640847585 0.0)
(10.000000000000005 -0.1466651432220232 0.0)
(9.957561848541099 -0.14552652640847596 0.0)
(9.826285374487393 -0.14211657404615058 0.0)
(9.606185487474812 -0.13645565425066192 0.0)
(9.297353759254458 -0.12858373097691864 0.0)
(8.89974880993813 -0.11856951933232386 0.0)
(8.413787813123806 -0.10651843547377515 0.0)
(7.839269417480451 -0.09259122970981776 0.0)
(7.173429541428838 -0.07674552445890993 0.0)
(6.409947932736835 -0.05886108924368632 0.0)
(5.549728359200617 -0.04046646154728358 0.0)
(4.619587079163112 -0.02427041623735836 0.0)
(3.6289874129332853 -0.012012095056595633 0.0)
(2.54755032285604 -0.004363194143305012 0.0)
(1.3414675297524696 -0.0009253774562479372 0.0)
(0.019065153518809986 -5.884943230959957e-05 0.0)
(-0.019040773737540827 -5.8764746660269266e-05 0.0)
(1.2364043971951286 -0.0009241850550848506 0.0)
(2.430459214809113 -0.004358412749012657 0.0)
(3.5714336112128886 -0.012001195875418154 0.0)
(4.62515361693017 -0.024251717240577796 0.0)
(5.56063579145898 -0.04043753535493229 0.0)
(6.388468307155244 -0.058820303019908975 0.0)
(7.137130384440347 -0.07669814844786596 0.0)
(7.805358866433058 -0.09254484503488906 0.0)
(8.386207051132663 -0.10647478473814743 0.0)
(8.878012015794324 -0.1185285092604095 0.0)
(9.280416788626798 -0.12854537013865364 0.0)
(9.593810043191592 -0.13641960486068241 0.0)
(9.81815634101398 -0.1420823052710379 0.0)
(9.953548196124824 -0.14549337050504685 0.0)
(10.000000000000005 -0.14663236742905925 0.0)
(9.957562914986308 -0.14549337050504696 0.0)
(9.826288103430471 -0.14208230527103838 0.0)
(9.606189956808427 -0.1364196048606816 0.0)
(9.297360989150988 -0.12854537013865444 0.0)
(8.899765761983465 -0.11852850926041032 0.0)
(8.413792948867357 -0.10647478473814917 0.0)
(7.839085578011381 -0.09254484503489183 0.0)
(7.1739807266707425 -0.07669814844786783 0.0)
(6.411531692844776 -0.05882030301990971 0.0)
(5.550475319652119 -0.040437535354933295 0.0)
(4.619290827514209 -0.024251717240578622 0.0)
(3.628566388787064 -0.012001195875418655 0.0)
(2.5473185629686435 -0.0043584127490132055 0.0)
(1.3413733805826449 -0.0009241850550850183 0.0)
(0.019040773737527158 -5.876474666028496e-05 0.0)
(-0.019022326521012666 -5.868313784054457e-05 0.0)
(1.2364778556545895 -0.000923070299325529 0.0)
(2.43066323757 -0.00435415367195342 0.0)
(3.5718742090267974 -0.011992090346531172 0.0)
(4.625616055431918 -0.024237035811333307 0.0)
(5.560159896923022 -0.0404151136917692 0.0)
(6.386934160074879 -0.05878723218881094 0.0)
(7.136393847273193 -0.07665780462752625 0.0)
(7.805469841391368 -0.09250447624348233 0.0)
(8.386191232486558 -0.10643656574584061 0.0)
(8.877981501509636 -0.11849241873533767 0.0)
(9.28040198409224 -0.12851146947704056 0.0)
(9.593800784609975 -0.13638764268051798 0.0)
(9.818150972419303 -0.14205184975673354 0.0)
(9.953545899570866 -0.14546385994218963 0.0)
(10.000000000000005 -0.1466031810504986 0.0)
(9.957565211540267 -0.1454638599421897 0.0)
(9.826293472025148 -0.14205184975673396 0.0)
(9.606199215390042 -0.13638764268051712 0.0)
(9.297375793685545 -0.12851146947704137 0.0)
(8.899796276268152 -0.11849241873533846 0.0)
(8.413808767513462 -0.10643656574584229 0.0)
(7.838974603053071 -0.09250447624348504 0.0)
(7.174717263837898 -0.07665780462752807 0.0)
(6.413065839925144 -0.058787232188811635 0.0)
(5.550951214188077 -0.04041511369177018 0.0)
(4.618828389012459 -0.02423703581133412 0.0)
(3.628125790973154 -0.01199209034653166 0.0)
(2.5471145402077564 -0.004354153671953963 0.0)
(1.341299922123184 -0.0009230702993256942 0.0)
(0.019022326520998983 -5.868313784056006e-05 0.0)
(-0.019010622406185163 -5.8608191592649154e-05 0.0)
(1.2365273957733665 -0.0009220821692984783 0.0)
(2.4308305588175134 -0.004350604048180968 0.0)
(3.572315021446503 -0.011985178550215369 0.0)
(4.626224362084751 -0.024227017024766127 0.0)
(5.559975978237893 -0.04040018172465337 0.0)
(6.3855170336381555 -0.05876332982220848 0.0)
(7.135504320276456 -0.07662626563154759 0.0)
(7.805503075802271 -0.09247189706643648 0.0)
(8.386165425980272 -0.10640545776945519 0.0)
(8.877938765727443 -0.11846283350875342 0.0)
(9.280380255403818 -0.1284835185251304 0.0)
(9.593787143585496 -0.13636117206989265 0.0)
(9.818143200059259 -0.14202654566281867 0.0)
(9.953542473814538 -0.14543929136004807 0.0)
(10.000000000000005 -0.14657886648242022 0.0)
(9.957568637296596 -0.14543929136004818 0.0)
(9.826301244385192 -0.14202654566281914 0.0)
(9.60621285641452 -0.13636117206989173 0.0)
(9.297397522373966 -0.12848351852513115 0.0)
(8.899839012050345 -0.11846283350875418 0.0)
(8.413834574019749 -0.10640545776945684 0.0)
(7.838941368642168 -0.09247189706643916 0.0)
(7.175606790834638 -0.07662626563154938 0.0)
(6.414482966361871 -0.058763329822209144 0.0)
(5.551135132873204 -0.04040018172465434 0.0)
(4.618220082359623 -0.02422701702476693 0.0)
(3.627684978553447 -0.01198517855021585 0.0)
(2.5469472189602427 -0.004350604048181504 0.0)
(1.3412503820044073 -0.0009220821692986418 0.0)
(0.01901062240617148 -5.8608191592664496e-05 0.0)
(-0.01900617565045175 -5.854320091760528e-05 0.0)
(1.2365508408492711 -0.0009212640816293545 0.0)
(2.4309538267621433 -0.004347919841670006 0.0)
(3.5727366799807263 -0.011980764178156082 0.0)
(4.626951809007211 -0.024222101088029167 0.0)
(5.560092116454149 -0.04039339553690259 0.0)
(6.384279193788143 -0.058749646146361946 0.0)
(7.134500887639029 -0.07660491722571436 0.0)
(7.805457109406555 -0.09244853897318898 0.0)
(8.386130765504477 -0.10638282763656312 0.0)
(8.87788568617983 -0.1184410535013882 0.0)
(9.28035255728035 -0.12846274539661523 0.0)
(9.593769719479813 -0.13634135609901069 0.0)
(9.818133365437125 -0.14200750480488747 0.0)
(9.953538069377306 -0.1454207442571746 0.0)
(10.000000000000005 -0.14656049206246327 0.0)
(9.957573041733827 -0.14542074425717472 0.0)
(9.826311079007326 -0.14200750480488789 0.0)
(9.606230280520204 -0.13634135609900977 0.0)
(9.297425220497434 -0.12846274539661598 0.0)
(8.899892091597957 -0.11844105350138893 0.0)
(8.413869234495545 -0.10638282763656476 0.0)
(7.838987335037885 -0.09244853897319166 0.0)
(7.176610223472069 -0.07660491722571612 0.0)
(6.415720806211885 -0.058749646146362626 0.0)
(5.551018994656947 -0.0403933955369036 0.0)
(4.617492635437162 -0.02422210108802998 0.0)
(3.627263320019223 -0.011980764178156562 0.0)
(2.5468239510156128 -0.00434791984167054 0.0)
(1.3412269369285024 -0.0009212640816295169 0.0)
(0.01900617565043809 -5.85432009176205e-05 0.0)
(-0.01900918163612426 -5.8491021386777284e-05 0.0)
(1.2365471607485605 -0.00092065198159369 0.0)
(2.431027625235915 -0.00434621899154401 0.0)
(3.573120657724877 -0.011979041189785735 0.0)
(4.62776643351235 -0.024222503998389187 0.0)
(5.560503208671035 -0.04039505330119168 0.0)
(6.383275028943287 -0.05874678239695449 0.0)
(7.133427638355271 -0.07659469741992303 0.0)
(7.8053339618835516 -0.09243542827562475 0.0)
(8.38608877397707 -0.106369669673803 0.0)
(8.877824595085015 -0.11842803568692023 0.0)
(9.280320106726709 -0.12845006282475868 0.0)
(9.593749277876253 -0.13632906544538034 0.0)
(9.81812190066821 -0.14199556380340314 0.0)
(9.953532879782085 -0.14540903355933849 0.0)
(10.000000000000005 -0.1465488651290255 0.0)
(9.957578231329048 -0.14540903355933854 0.0)
(9.826322543776241 -0.14199556380340356 0.0)
(9.606250722123765 -0.13632906544537948 0.0)
(9.297457671051076 -0.12845006282475943 0.0)
(8.899953182692775 -0.118428035686921 0.0)
(8.41391122602295 -0.10636966967380462 0.0)
(7.839110482560888 -0.09243542827562742 0.0)
(7.177683472755829 -0.07659469741992482 0.0)
(6.416724971056742 -0.05874678239695521 0.0)
(5.550607902440059 -0.04039505330119272 0.0)
(4.61667801093202 -0.024222503998390026 0.0)
(3.6268793422750716 -0.011979041189786226 0.0)
(2.5467501525418412 -0.0043462189915445424 0.0)
(1.3412306170292132 -0.0009206519815938518 0.0)
(0.01900918163611064 -5.849102138679242e-05 0.0)
(-0.019019508285691527 -5.845394567328999e-05 0.0)
(1.2365165171681267 -0.0009202727637472462 0.0)
(2.4310487116689012 -0.004345576230045897 0.0)
(3.5734500833993437 -0.011980085290061202 0.0)
(4.628632442489726 -0.024228208052702083 0.0)
(5.561191192248613 -0.04040508217839055 0.0)
(6.382548660269803 -0.05875486440189597 0.0)
(7.132331729035258 -0.0765960552537435 0.0)
(7.805139044110132 -0.09243314103380935 0.0)
(8.386041296428946 -0.10636656201798671 0.0)
(8.877758176673938 -0.11842435204430185 0.0)
(9.280284329560855 -0.12844602805856592 0.0)
(9.593726716941479 -0.13632484013783705 0.0)
(9.818109309493481 -0.1419912473241254 0.0)
(9.953527133050194 -0.14540467381317845 0.0)
(10.000000000000005 -0.14654449654829146 0.0)
(9.957583978060939 -0.14540467381317856 0.0)
(9.82633513495097 -0.14199124732412588 0.0)
(9.606273283058538 -0.1363248401378362 0.0)
(9.29749344821693 -0.12844602805856672 0.0)
(8.90001960110385 -0.11842435204430261 0.0)
(8.413958703571076 -0.10636656201798836 0.0)
(7.839305400334308 -0.09243314103381206 0.0)
(7.178779382075845 -0.07659605525374534 0.0)
(6.417451339730227 -0.05875486440189675 0.0)
(5.549919918862478 -0.04040508217839164 0.0)
(4.615812001954642 -0.02422820805270295 0.0)
(3.626549916600604 -0.011980085290061707 0.0)
(2.546729066108855 -0.0043455762300464345 0.0)
(1.3412612606096472 -0.000920272763747408 0.0)
(0.01901950828567797 -5.84539456733051e-05 0.0)
(-0.019036701865063645 -5.843360281616595e-05 0.0)
(1.2364602565308334 -0.0009201430902284365 0.0)
(2.4310161595618136 -0.004346019798939998 0.0)
(3.573710482642658 -0.011983850603126508 0.0)
(4.629511785089192 -0.02423896262525661 0.0)
(5.562125838447115 -0.0404230415179824 0.0)
(6.38213200307835 -0.05877353705267487 0.0)
(7.1312613119296 -0.07660893106644176 0.0)
(7.804880920416667 -0.09244177774496383 0.0)
(8.385990418936709 -0.10637364121382549 0.0)
(8.877689349250076 -0.11843016442605064 0.0)
(9.280246797766003 -0.12845081837828215 0.0)
(9.593703027961693 -0.1363288658286643 0.0)
(9.818096145146125 -0.14199474502525702 0.0)
(9.95352108168252 -0.14540785657796496 0.0)
(10.000000000000005 -0.1465475782677064 0.0)
(9.957590029428612 -0.14540785657796507 0.0)
(9.826348299298326 -0.1419947450252575 0.0)
(9.606296972038324 -0.13632886582866344 0.0)
(9.297530980011782 -0.12845081837828295 0.0)
(8.900088428527713 -0.11843016442605146 0.0)
(8.414009581063311 -0.10637364121382722 0.0)
(7.839563524027773 -0.09244177774496659 0.0)
(7.179849799181505 -0.07660893106644366 0.0)
(6.41786799692168 -0.058773537052675746 0.0)
(5.5489852726639715 -0.04042304151798356 0.0)
(4.614932659355174 -0.024238962625257533 0.0)
(3.6262895173572893 -0.01198385060312703 0.0)
(2.546761618215943 -0.004346019798940539 0.0)
(1.3413175212469408 -0.0009201430902285991 0.0)
(0.019036701865050156 -5.8433602816181074e-05 0.0)
(-0.019060006919817764 -5.843088664333096e-05 0.0)
(1.2363808508261573 -0.0009202686586544464 0.0)
(2.4309313991946846 -0.004347530208620591 0.0)
(3.5738904139884555 -0.011990171688014004 0.0)
(4.63036582460564 -0.02425429517980966 0.0)
(5.5632660806224665 -0.040448142219441235 0.0)
(6.382043364523668 -0.05880197990717662 0.0)
(7.130263419207648 -0.07663275911836348 0.0)
(7.804570932286024 -0.09246095892780042 0.0)
(8.385938376964292 -0.10639059621440526 0.0)
(8.877621136964514 -0.11844521744674602 0.0)
(9.280209160420556 -0.12846422330602264 0.0)
(9.593679251787329 -0.13634096563637185 0.0)
(9.818082986043478 -0.1420059032242091 0.0)
(9.953514991565088 -0.1454184420088359 0.0)
(10.000000000000005 -0.14655797488215708 0.0)
(9.957596119546045 -0.14541844200883602 0.0)
(9.82636145840097 -0.14200590322420958 0.0)
(9.60632074821269 -0.13634096563637105 0.0)
(9.297568617357229 -0.1284642233060235 0.0)
(8.900156640813275 -0.1184452174467469 0.0)
(8.414061623035728 -0.10639059621440705 0.0)
(7.839873512158417 -0.09246095892780323 0.0)
(7.180847691903458 -0.07663275911836549 0.0)
(6.417956635476361 -0.058801979907177594 0.0)
(5.547845030488617 -0.040448142219442505 0.0)
(4.614078619838724 -0.024254295179810637 0.0)
(3.626109586011492 -0.011990171688014554 0.0)
(2.5468463785830724 -0.004347530208621141 0.0)
(1.3413969269516173 -0.0009202686586546104 0.0)
(0.01906000691980436 -5.8430886643346153e-05 0.0)
(-0.019088399468483373 -5.844591649845032e-05 0.0)
(1.2362817889954931 -0.0009206439517783582 0.0)
(2.430798154782982 -0.004350041094449526 0.0)
(3.573981971582577 -0.011998770807817836 0.0)
(4.631157036105137 -0.02427353203196429 0.0)
(5.564561818619496 -0.04047928140386542 0.0)
(6.382286639221689 -0.05883894323840915 0.0)
(7.129381896450012 -0.07666649244849943 0.0)
(7.804222700029557 -0.09248984179623627 0.0)
(8.385887457140756 -0.10641668204801881 0.0)
(8.877556536940292 -0.11846884970419738 0.0)
(9.280173071240618 -0.12848565385378613 0.0)
(9.593656433099987 -0.1363606079175451 0.0)
(9.81807041037244 -0.14202423165013303 0.0)
(9.953509130286516 -0.14543596500132439 0.0)
(10.000000000000005 -0.14657522958342464 0.0)
(9.957601980824617 -0.1454359650013245 0.0)
(9.82637403407201 -0.14202423165013356 0.0)
(9.60634356690003 -0.13636060791754434 0.0)
(9.297604706537166 -0.12848565385378705 0.0)
(8.900221240837498 -0.11846884970419831 0.0)
(8.414112542859264 -0.10641668204802066 0.0)
(7.840221744414886 -0.0924898417962392 0.0)
(7.181729214661097 -0.07666649244850156 0.0)
(6.417713360778337 -0.05883894323841025 0.0)
(5.546549292491584 -0.04047928140386677 0.0)
(4.613287408339225 -0.024273532031965337 0.0)
(3.626018028417371 -0.011998770807818417 0.0)
(2.546979622994776 -0.0043500410944500864 0.0)
(1.3414959887822817 -0.0009206439517785239 0.0)
(0.019088399468470064 -5.844591649846561e-05 0.0)
(-0.019120631994414817 -5.847803199718641e-05 0.0)
(1.236167423634452 -0.0009212524799068862 0.0)
(2.4306222808423907 -0.004353442132697018 0.0)
(3.5739811325518365 -0.01200927013294547 0.0)
(4.631850655201877 -0.024295827949629648 0.0)
(5.5659561200811 -0.040515090872458845 0.0)
(6.382851138127241 -0.05888280294522059 0.0)
(7.128655476153962 -0.07670864887603682 0.0)
(7.803851524335541 -0.09252715728987206 0.0)
(8.385839896789989 -0.10645075255085983 0.0)
(8.877498387584287 -0.11850002284024627 0.0)
(9.280140115918732 -0.12851416840250995 0.0)
(9.59363557451105 -0.13638692962628376 0.0)
(9.818058970684987 -0.14204892498552465 0.0)
(9.95350375538066 -0.14545965562719776 0.0)
(10.000000000000005 -0.14659858423150193 0.0)
(9.957607355730472 -0.14545965562719793 0.0)
(9.826385473759464 -0.14204892498552518 0.0)
(9.606364425488968 -0.13638692962628307 0.0)
(9.297637661859053 -0.12851416840251093 0.0)
(8.900279390193502 -0.11850002284024728 0.0)
(8.414160103210031 -0.10645075255086178 0.0)
(7.840592920108903 -0.0925271572898751 0.0)
(7.182455634957148 -0.07670864887603908 0.0)
(6.417148861872782 -0.05888280294522182 0.0)
(5.545154991029976 -0.04051509087246032 0.0)
(4.612593789242484 -0.024295827949630765 0.0)
(3.6260188674481117 -0.012009270132946082 0.0)
(2.547155496935367 -0.004353442132697591 0.0)
(1.3416103541433233 -0.0009212524799070544 0.0)
(0.0191206319944016 -5.8478031997201836e-05 0.0)
(-0.0191552882593904 -5.852582204327842e-05 0.0)
(1.2360427797477722 -0.0009220675054273338 0.0)
(2.43041150495211 -0.004357583887964494 0.0)
(3.5738879337617098 -0.012021208342258762 0.0)
(4.632416205541688 -0.024320203290972755 0.0)
(5.567387721951857 -0.040553997222683116 0.0)
(6.383712058191136 -0.05893163191233273 0.0)
(7.128116075898356 -0.07675737612467265 0.0)
(7.803473713984924 -0.09257126583418414 0.0)
(8.385797785626798 -0.10649131072736374 0.0)
(8.877449243872826 -0.11853736716432436 0.0)
(9.280111742451451 -0.1285485140750891 0.0)
(9.59361759250875 -0.13641877423486012 0.0)
(9.818049169620059 -0.14207889825040196 0.0)
(9.953499103011055 -0.14548847296369605 0.0)
(10.000000000000005 -0.14662701266587855 0.0)
(9.95761200810008 -0.1454884729636962 0.0)
(9.826395274824392 -0.14207889825040254 0.0)
(9.606382407491267 -0.13641877423485943 0.0)
(9.297666035326333 -0.12854851407509013 0.0)
(8.900328533904963 -0.11853736716432546 0.0)
(8.414202214373224 -0.10649131072736581 0.0)
(7.84097073045952 -0.09257126583418732 0.0)
(7.182995035212754 -0.07675737612467505 0.0)
(6.416287941808884 -0.0589316319123341 0.0)
(5.543723389159216 -0.04055399722268469 0.0)
(4.612028238902672 -0.024320203290973934 0.0)
(3.626112066238239 -0.012021208342259412 0.0)
(2.547366272825649 -0.004357583887965079 0.0)
(1.3417349980300033 -0.0009220675054275047 0.0)
(0.01915528825937728 -5.852582204329402e-05 0.0)
(-0.01919084553052895 -5.858718682953047e-05 0.0)
(1.2359133339598052 -0.0009230532176093798 0.0)
(2.4301750882191535 -0.00436228437910263 0.0)
(3.573706470196533 -0.012034060892680831 0.0)
(4.632828837877285 -0.024345587048088414 0.0)
(5.5687937222646084 -0.04059429098068652 0.0)
(6.384831572160775 -0.05898328468426072 0.0)
(7.127787395943623 -0.07681053320824582 0.0)
(7.803105869273329 -0.09262022938042981 0.0)
(8.385762973938649 -0.10653657452545405 0.0)
(8.877411265090684 -0.11857924183515114 0.0)
(9.280089197517022 -0.128587181785504 0.0)
(9.593603277189374 -0.13645474254943138 0.0)
(9.818041437818517 -0.1421128344743409 0.0)
(9.953495377594303 -0.1455211508297733 0.0)
(10.000000000000005 -0.14665926579315638 0.0)
(9.95761573351683 -0.14552115082977346 0.0)
(9.826403006625934 -0.14211283447434148 0.0)
(9.606396722810643 -0.13645474254943074 0.0)
(9.297688580260763 -0.12858718178550513 0.0)
(8.900366512687105 -0.11857924183515235 0.0)
(8.414237026061372 -0.1065365745254562 0.0)
(7.841338575171116 -0.0926202293804331 0.0)
(7.183323715167487 -0.07681053320824836 0.0)
(6.415168427839241 -0.05898328468426222 0.0)
(5.5423173888464605 -0.04059429098068821 0.0)
(4.611615606567075 -0.024345587048089656 0.0)
(3.6262935298034167 -0.012034060892681513 0.0)
(2.547602689558606 -0.004362284379103228 0.0)
(1.3418644438179705 -0.0009230532176095537 0.0)
(0.019190845530515917 -5.858718682954627e-05 0.0)
(-0.019225741486386814 -5.865943009949837e-05 0.0)
(1.2357847738816599 -0.0009241663060630542 0.0)
(2.429923418362256 -0.004367337075130119 0.0)
(3.5734447150333817 -0.012047263066659205 0.0)
(4.633070421898731 -0.024370863905127226 0.0)
(5.570112343937817 -0.04063420171245774 0.0)
(6.386160490640425 -0.059035491732702124 0.0)
(7.12768387788567 -0.07686578450175233 0.0)
(7.802764152624429 -0.09267189655996326 0.0)
(8.385736991287438 -0.1065845551366504 0.0)
(8.877386119956064 -0.1186238069562981 0.0)
(9.280073471698616 -0.1286284725452997 0.0)
(9.593593257541865 -0.13649325418805738 0.0)
(9.818036115001576 -0.14214924256174608 0.0)
(9.953492742818407 -0.14555625341977652 0.0)
(10.000000000000005 -0.14669392646992827 0.0)
(9.957618368292726 -0.14555625341977668 0.0)
(9.826408329442874 -0.14214924256174666 0.0)
(9.606406742458152 -0.1364932541880568 0.0)
(9.29770430607917 -0.12862847254530088 0.0)
(8.900391657821725 -0.11862380695629936 0.0)
(8.414263008712584 -0.10658455513665269 0.0)
(7.841680291820016 -0.09267189655996666 0.0)
(7.183427233225439 -0.07686578450175498 0.0)
(6.413839509359587 -0.05903549173270375 0.0)
(5.5409987671732495 -0.040634201712459524 0.0)
(4.611374022545629 -0.024370863905128538 0.0)
(3.6265552849665688 -0.012047263066659921 0.0)
(2.547854359415504 -0.0043673370751307295 0.0)
(1.3419930038961163 -0.0009241663060632311 0.0)
(0.019225741486373866 -5.865943009951439e-05 0.0)
(-0.019258442862503954 -5.873937761606504e-05 0.0)
(1.2356627482079758 -0.0009253578637180406 0.0)
(2.4296675532945127 -0.004372519969827162 0.0)
(3.573114169315257 -0.012060234784821967 0.0)
(4.633130342846089 -0.02439492324323363 0.0)
(5.571285649147511 -0.04067197581345737 0.0)
(6.387640423383277 -0.05908595917545852 0.0)
(7.127810070118583 -0.0769207023644348 0.0)
(7.802463578442626 -0.09272399721143824 0.0)
(8.38572097930332 -0.10663314438067494 0.0)
(8.877374913300184 -0.11866910441787154 0.0)
(9.280065255959926 -0.12867057211403 0.0)
(9.593587973811207 -0.13653261701979205 0.0)
(9.818033435044075 -0.14218652280786362 0.0)
(9.953491314450595 -0.14559223839011937 0.0)
(10.000000000000005 -0.14672947176946674 0.0)
(9.957619796660538 -0.14559223839011953 0.0)
(9.826411009400374 -0.14218652280786426 0.0)
(9.60641202618881 -0.13653261701979152 0.0)
(9.29771252181786 -0.12867057211403124 0.0)
(8.900402864477606 -0.11866910441787289 0.0)
(8.4142790206967 -0.10663314438067728 0.0)
(7.841980866001821 -0.09272399721144176 0.0)
(7.183301040992525 -0.07692070236443758 0.0)
(6.412359576616731 -0.05908595917546026 0.0)
(5.539825461963553 -0.04067197581345924 0.0)
(4.611314101598271 -0.02439492324323499 0.0)
(3.626885830684695 -0.012060234784822715 0.0)
(2.5481102244832483 -0.004372519969827785 0.0)
(1.3421150295698006 -0.0009253578637182206 0.0)
(0.019258442862491076 -5.873937761608129e-05 0.0)
(-0.019287512820239255 -5.882351663161241e-05 0.0)
(1.235552618523615 -0.0009265755357108717 0.0)
(2.4294187352589076 -0.0043776053362826065 0.0)
(3.5727293566162968 -0.012072406093604136 0.0)
(4.633005967902554 -0.024416707939106528 0.0)
(5.572262085009279 -0.04070595355879325 0.0)
(6.389206344852072 -0.059132469565422764 0.0)
(7.12816042798651 -0.07697287380587642 0.0)
(7.802217353407581 -0.09277424212754438 0.0)
(8.38571564152359 -0.10668020733503668 0.0)
(8.877378137523 -0.11871314393227933 0.0)
(9.280064911285477 -0.12871163071366393 0.0)
(9.593587658154854 -0.1365711015138212 0.0)
(9.818033515698446 -0.14222303718688142 0.0)
(9.95349115525074 -0.1456275246270376 0.0)
(10.000000000000005 -0.14676433989633839 0.0)
(9.957619955860393 -0.14562752462703782 0.0)
(9.826410928746006 -0.14222303718688212 0.0)
(9.606412341845163 -0.13657110151382074 0.0)
(9.297712866492308 -0.12871163071366523 0.0)
(8.90039964025479 -0.11871314393228076 0.0)
(8.414284358476431 -0.1066802073350391 0.0)
(7.842227091036866 -0.092774242127548 0.0)
(7.182950683124597 -0.07697287380587932 0.0)
(6.410793655147931 -0.05913246956542461 0.0)
(5.538849026101784 -0.04070595355879519 0.0)
(4.611438476541807 -0.024416707939107937 0.0)
(3.627270643383656 -0.012072406093604908 0.0)
(2.548359042518854 -0.004377605336283241 0.0)
(1.3422251592541616 -0.0009265755357110547 0.0)
(0.01928751282022643 -5.8823516631628864e-05 0.0)
(-0.019311674078831814 -5.890815023172528e-05 0.0)
(1.2354592237254316 -0.000927765819761851 0.0)
(2.4291878968647262 -0.004382369732797817 0.0)
(3.572307184902499 -0.012083242207964601 0.0)
(4.632702761875609 -0.024435260813063246 0.0)
(5.572998748717694 -0.040734642028495846 0.0)
(6.3907894513222425 -0.0591729793211482 0.0)
(7.128719557405694 -0.07702000650838517 0.0)
(7.80203629619688 -0.09282042363858849 0.0)
(8.385721212480519 -0.10672367613962024 0.0)
(8.877395650958057 -0.11875399048382643 0.0)
(9.280072452819638 -0.12874984430444814 0.0)
(9.593592324442174 -0.13660701673188255 0.0)
(9.81803635342088 -0.14225718132378665 0.0)
(9.953492272213788 -0.14566056171783537 0.0)
(10.000000000000005 -0.14679699880883787 0.0)
(9.957618838897345 -0.1456605617178356 0.0)
(9.826408091023572 -0.1422571813237874 0.0)
(9.606407675557843 -0.13660701673188208 0.0)
(9.297705324958148 -0.1287498443044495 0.0)
(8.900382126819732 -0.11875399048382788 0.0)
(8.414278787519502 -0.10672367613962275 0.0)
(7.842408148247568 -0.09282042363859219 0.0)
(7.18239155370541 -0.07702000650838815 0.0)
(6.409210548677757 -0.059172979321150114 0.0)
(5.538112362393369 -0.040734642028497824 0.0)
(4.611741682568754 -0.024435260813064682 0.0)
(3.627692815097455 -0.012083242207965394 0.0)
(2.5485898809130356 -0.004382369732798462 0.0)
(1.342318554052345 -0.0009277658197620363 0.0)
(0.019311674078819032 -5.890815023174195e-05 0.0)
(-0.019329865036780854 -5.89895597708475e-05 0.0)
(1.2353866674099971 -0.000928876416967341 0.0)
(2.4289851807287017 -0.004386603820506132 0.0)
(3.571866203626626 -0.012092267008862477 0.0)
(4.632234047083377 -0.02444976668576365 0.0)
(5.573463272617095 -0.0407567807036905 0.0)
(6.392320183991701 -0.05920570851807875 0.0)
(7.1294628912523565 -0.07706002954723967 0.0)
(7.801928362133125 -0.09286051261346191 0.0)
(8.385737447396455 -0.10676164085467611 0.0)
(8.877426684097063 -0.11878984934976444 0.0)
(9.280087549201191 -0.12878353385111335 0.0)
(9.593601767645035 -0.13663878462499954 0.0)
(9.818041823527045 -0.14228745498766862 0.0)
(9.953494616262429 -0.14568989807318272 0.0)
(10.000000000000005 -0.14682601353409777 0.0)
(9.957616494848704 -0.14568989807318294 0.0)
(9.826402620917406 -0.14228745498766932 0.0)
(9.606398232354984 -0.13663878462499912 0.0)
(9.297690228576593 -0.1287835338511147 0.0)
(8.900351093680726 -0.11878984934976598 0.0)
(8.414262552603567 -0.10676164085467871 0.0)
(7.842516082311323 -0.09286051261346567 0.0)
(7.181648219858745 -0.07706002954724271 0.0)
(6.407679816008296 -0.05920570851808069 0.0)
(5.537647838493967 -0.040756780703692506 0.0)
(4.612210397360988 -0.024449766685765106 0.0)
(3.6281337963733287 -0.012092267008863284 0.0)
(2.5487925970490606 -0.004386603820506784 0.0)
(1.3423911103677797 -0.0009288764169675288 0.0)
(0.019329865036768087 -5.8989559770864346e-05 0.0)
(-0.019341286416673497 -5.906416826276459e-05 0.0)
(1.2353381375690735 -0.000929858529717913 0.0)
(2.428819493826992 -0.004390121561339693 0.0)
(3.5714257886991883 -0.012099083963056718 0.0)
(4.631620417996339 -0.024459588195699027 0.0)
(5.573635246377166 -0.04077139685149073 0.0)
(6.393731285267347 -0.059229219095177636 0.0)
(7.1303577687971655 -0.0770911843833327 0.0)
(7.801898293641617 -0.09289274761594947 0.0)
(8.38576363293889 -0.10679243338007928 0.0)
(8.877469873400662 -0.11881914495712606 0.0)
(9.280109537122751 -0.12881121909661242 0.0)
(9.59361557284638 -0.13666500937006634 0.0)
(9.818049685670484 -0.1423125280091204 0.0)
(9.953498084403453 -0.145714244707295 0.0)
(10.000000000000005 -0.14685010921817113 0.0)
(9.95761302670768 -0.14571424470729522 0.0)
(9.826394758773967 -0.1423125280091211 0.0)
(9.606384427153637 -0.13666500937006593 0.0)
(9.297668240655034 -0.12881121909661383 0.0)
(8.900307904377128 -0.11881914495712763 0.0)
(8.41423636706113 -0.1067924333800819 0.0)
(7.84254615080283 -0.09289274761595329 0.0)
(7.180753342313934 -0.0770911843833358 0.0)
(6.406268714732647 -0.05922921909517961 0.0)
(5.5374758647338975 -0.04077139685149273 0.0)
(4.612824026448028 -0.024459588195700484 0.0)
(3.628574211300768 -0.012099083963057531 0.0)
(2.5489582839507703 -0.00439012156134035 0.0)
(1.3424396402087033 -0.0009298585297181025 0.0)
(0.01934128641666073 -5.9064168262781586e-05 0.0)
(-0.0193454363839721 -5.9128697546834076e-05 0.0)
(1.2353157665150882 -0.0009306690057760312 0.0)
(2.428698116138943 -0.004392768392201796 0.0)
(3.57100529114638 -0.012103393546051291 0.0)
(4.630888836353977 -0.02446429380369076 0.0)
(5.573507113785506 -0.040777848265101654 0.0)
(6.3949607539406665 -0.05924247804069855 0.0)
(7.131364870757934 -0.07711210213016256 0.0)
(7.801947411876866 -0.09291571229901412 0.0)
(8.385798618562996 -0.10681470074859685 0.0)
(8.877523321209864 -0.11884059011051859 0.0)
(9.280137450475271 -0.12883168360190678 0.0)
(9.593633133470918 -0.13668453869976152 0.0)
(9.818059594403 -0.14233129872544917 0.0)
(9.95350252425309 -0.14573253187361024 0.0)
(10.000000000000005 -0.14686822714078154 0.0)
(9.957608586858044 -0.14573253187361046 0.0)
(9.826384850041451 -0.14233129872544992 0.0)
(9.606366866529099 -0.1366845386997611 0.0)
(9.297640327302515 -0.1288316836019082 0.0)
(8.900254456567923 -0.11884059011052016 0.0)
(8.414201381437024 -0.10681470074859947 0.0)
(7.8424970325675805 -0.09291571229901793 0.0)
(7.179746240353162 -0.07711210213016566 0.0)
(6.405039246059325 -0.05924247804070051 0.0)
(5.537603997325559 -0.040777848265103646 0.0)
(4.613555608090392 -0.02446429380369221 0.0)
(3.6289947088535772 -0.012103393546052102 0.0)
(2.5490796616388196 -0.004392768392202455 0.0)
(1.3424620112626884 -0.0009306690057762218 0.0)
(0.019345436383959313 -5.912869754685119e-05 0.0)
(-0.0193421325967057 -5.918031232436694e-05 0.0)
(1.2353205371912268 -0.000931272234306426 0.0)
(2.4286263807781134 -0.004394428016186604 0.0)
(3.5706231868613934 -0.012105006402653575 0.0)
(4.630071446515266 -0.02446367675393236 0.0)
(5.57308450475378 -0.04077585148121177 0.0)
(6.395954569407403 -0.059244902780831825 0.0)
(7.132439946916946 -0.07712186370020144 0.0)
(7.802073558673474 -0.09292839763649467 0.0)
(8.385840867064454 -0.10682746457279312 0.0)
(8.877584679125716 -0.11885324254913476 0.0)
(9.280170062797104 -0.1288440281940726 0.0)
(9.593653677936933 -0.13669651453106615 0.0)
(9.81807111435301 -0.14234294238571962 0.0)
(9.953507740732466 -0.1457439560674959 0.0)
(10.000000000000005 -0.1468795712335553 0.0)
(9.957603370378667 -0.14574395606749618 0.0)
(9.82637333009144 -0.14234294238572037 0.0)
(9.606346322063084 -0.13669651453106574 0.0)
(9.29760771498068 -0.128844028194074 0.0)
(8.900193098652071 -0.11885324254913633 0.0)
(8.414159132935568 -0.10682746457279574 0.0)
(7.842370885770972 -0.09292839763649846 0.0)
(7.178671164194147 -0.0771218637002045 0.0)
(6.404045430592587 -0.059244902780833754 0.0)
(5.5380266063572865 -0.04077585148121372 0.0)
(4.614372997929106 -0.02446367675393379 0.0)
(3.6293768131385646 -0.012105006402654378 0.0)
(2.5491513969996493 -0.004394428016187263 0.0)
(1.3424572405865498 -0.0009312722343066172 0.0)
(0.01934213259669287 -5.918031232438414e-05 0.0)
(-0.019331520217242684 -5.921674473646496e-05 0.0)
(1.235352239982707 -0.0009316417105510472 0.0)
(2.4286074396650217 -0.0043950275124524174 0.0)
(3.5702962648074705 -0.012103851666895104 0.0)
(4.629204163094347 -0.02445776415846136 0.0)
(5.572385987949702 -0.040765494234852165 0.0)
(6.396669065234081 -0.05923638677693197 0.0)
(7.133535760394573 -0.0771200401879201 0.0)
(7.802271191371976 -0.09293024625786943 0.0)
(8.3858885221214 -0.10683016403358368 0.0)
(8.877651251193647 -0.11885654634796877 0.0)
(9.280205941162494 -0.12884771047431387 0.0)
(9.593676303558174 -0.1367004106678619 0.0)
(9.81808373935499 -0.14234694738880085 0.0)
(9.953513504639023 -0.14574801533077275 0.0)
(10.000000000000005 -0.1468836430578094 0.0)
(9.957597606472111 -0.14574801533077297 0.0)
(9.826360705089462 -0.1423469473888016 0.0)
(9.606323696441843 -0.13670041066786148 0.0)
(9.29757183661529 -0.12884771047431529 0.0)
(8.900126526584142 -0.11885654634797028 0.0)
(8.41411147787862 -0.10683016403358628 0.0)
(7.8421732530724695 -0.09293024625787319 0.0)
(7.177575350716517 -0.07712004018792311 0.0)
(6.403330934765909 -0.05923638677693383 0.0)
(5.538725123161368 -0.040765494234854045 0.0)
(4.615240281350028 -0.024457764158462746 0.0)
(3.629703735192488 -0.012103851666895893 0.0)
(2.5491703381127406 -0.004395027512453073 0.0)
(1.3424255377950693 -0.0009316417105512385 0.0)
(0.01933152021722979 -5.921674473648218e-05 0.0)
(-0.019314065534121853 -5.923639400959176e-05 0.0)
(1.2354094819268702 -0.0009317612003996441 0.0)
(2.428642125037525 -0.004394540540230065 0.0)
(3.5700388893415744 -0.012099980075752574 0.0)
(4.628325092938082 -0.024446815805905946 0.0)
(5.571442254923742 -0.040747231604479836 0.0)
(6.397072847781212 -0.05921730420663076 0.0)
(7.134604163151341 -0.07710671171511221 0.0)
(7.80253162635316 -0.09292117693809714 0.0)
(8.385939489857817 -0.10682268052159995 0.0)
(8.877720112358778 -0.11885035634414395 0.0)
(9.280243509141703 -0.1288425686499734 0.0)
(9.593700016206236 -0.1366960559210257 0.0)
(9.818096914689445 -0.14234313776218446 0.0)
(9.95351956271725 -0.1457445313068385 0.0)
(10.000000000000005 -0.1468802637050353 0.0)
(9.957591548393882 -0.14574453130683873 0.0)
(9.826347529755004 -0.14234313776218516 0.0)
(9.60629998379378 -0.1366960559210253 0.0)
(9.297534268636083 -0.12884256864997476 0.0)
(8.900057665419011 -0.11885035634414544 0.0)
(8.414060510142205 -0.10682268052160246 0.0)
(7.841912818091285 -0.09292117693810084 0.0)
(7.176506947959747 -0.07710671171511514 0.0)
(6.402927152218779 -0.05921730420663252 0.0)
(5.5396688561873315 -0.04074723160448165 0.0)
(4.616119351506294 -0.024446815805907286 0.0)
(3.6299611106583844 -0.012099980075753346 0.0)
(2.5491356527402367 -0.004394540540230716 0.0)
(1.342368295850906 -0.0009317612003998344 0.0)
(0.01931406553410889 -5.923639400960897e-05 0.0)
(-0.019290535474187093 -5.9238396790633476e-05 0.0)
(1.235489747917411 -0.0009316254536868695 0.0)
(2.4287289128838117 -0.0043929884961881075 0.0)
(3.5698623690708207 -0.012093561739857917 0.0)
(4.6274728607809275 -0.02443131274684798 0.0)
(5.570294771578551 -0.040721866016662805 0.0)
(6.397148175582371 -0.05918849352315663 0.0)
(7.135598211524704 -0.07708246391048915 0.0)
(7.802843420580404 -0.09290158816649673 0.0)
(8.385991530844606 -0.10680534284866773 0.0)
(8.877788236987495 -0.11883494451510412 0.0)
(9.280281116066453 -0.12882882864340595 0.0)
(9.593723773990744 -0.13668364163016686 0.0)
(9.818110061456286 -0.14233168089389445 0.0)
(9.953525648786275 -0.14573365707733105 0.0)
(10.000000000000005 -0.14686958165781153 0.0)
(9.95758546232486 -0.14573365707733127 0.0)
(9.826334382988165 -0.14233168089389514 0.0)
(9.606276226009275 -0.13668364163016639 0.0)
(9.297496661711333 -0.12882882864340725 0.0)
(8.899989540790292 -0.11883494451510555 0.0)
(8.414008469155414 -0.10680534284867021 0.0)
(7.84160102386404 -0.09290158816650035 0.0)
(7.175512899586382 -0.07708246391049199 0.0)
(6.4028518244176205 -0.05918849352315828 0.0)
(5.540816339532527 -0.04072186601666452 0.0)
(4.61697158366345 -0.024431312746849256 0.0)
(3.630137630929138 -0.012093561739858661 0.0)
(2.54904886489395 -0.004392988496188751 0.0)
(1.342288029860365 -0.0009316254536870586 0.0)
(0.019290535474174048 -5.923839679065062e-05 0.0)
(-0.01926196390522492 -5.922266508105511e-05 0.0)
(1.2355895112135473 -0.0009312404348749412 0.0)
(2.4288639899046887 -0.004390439574302363 0.0)
(3.569774459972972 -0.012084878669148324 0.0)
(4.626684912144753 -0.02441193615734041 0.0)
(5.5689939562330535 -0.04069051198892472 0.0)
(6.396891738871786 -0.05915122061523378 0.0)
(7.136474228847699 -0.077048362178226 0.0)
(7.803192874385775 -0.0928723406378557 0.0)
(8.386042358496018 -0.10677891280041736 0.0)
(8.877852631808242 -0.1188109880284221 0.0)
(9.28031710955727 -0.12880709416536346 0.0)
(9.593746533038109 -0.13666371325651425 0.0)
(9.818122602010629 -0.1423130801777637 0.0)
(9.953531495435357 -0.1457158704360011 0.0)
(10.000000000000005 -0.14685206626575084 0.0)
(9.957579615675776 -0.14571587043600132 0.0)
(9.826321842433822 -0.14231308017776434 0.0)
(9.606253466961908 -0.13666371325651377 0.0)
(9.297460668220516 -0.1288070941653647 0.0)
(8.899925145969547 -0.11881098802842345 0.0)
(8.413957641504002 -0.10677891280041973 0.0)
(7.8412515700586685 -0.09287234063785921 0.0)
(7.174636882263386 -0.0770483621782287 0.0)
(6.4031082611282075 -0.05915122061523532 0.0)
(5.542117154878028 -0.040690511988926335 0.0)
(4.617759532299627 -0.024411936157341625 0.0)
(3.6302255400269865 -0.012084878669149037 0.0)
(2.5489137878730723 -0.004390439574302996 0.0)
(1.3421882665642284 -0.0009312404348751284 0.0)
(0.019261963905211777 -5.922266508107216e-05 0.0)
(-0.01922960620970531 -5.918989010339521e-05 0.0)
(1.2357043883985588 -0.0009306230609860834 0.0)
(2.4290414210629754 -0.004387005769537372 0.0)
(3.5697790246129624 -0.01207431238186555 0.0)
(4.62599586805112 -0.024389537409277736 0.0)
(5.567596964333757 -0.04065454715988383 0.0)
(6.396314805009381 -0.059107123186247494 0.0)
(7.137193724521779 -0.077005904886051 0.0)
(7.803564633408371 -0.09283471943507567 0.0)
(8.386089739538034 -0.10674455166481651 0.0)
(8.8779104674304 -0.11877953948829556 0.0)
(9.280349908126015 -0.128778320189049 0.0)
(9.593767293357429 -0.13663714641634836 0.0)
(9.818133985343456 -0.14228815289522997 0.0)
(9.953536845773431 -0.14569195289532894 0.0)
(10.000000000000005 -0.14682848712313687 0.0)
(9.957574265337701 -0.1456919528953291 0.0)
(9.826310459100995 -0.1422881528952306 0.0)
(9.60623270664259 -0.13663714641634783 0.0)
(9.29742786965177 -0.1287783201890502 0.0)
(8.899867310347387 -0.11877953948829685 0.0)
(8.413910260461988 -0.10674455166481878 0.0)
(7.8408798110360705 -0.0928347194350791 0.0)
(7.173917386589304 -0.07700590488605359 0.0)
(6.403685194990615 -0.059107123186248896 0.0)
(5.543514146777328 -0.04065454715988535 0.0)
(4.618448576393261 -0.02438953740927888 0.0)
(3.6302209753869956 -0.012074312381866232 0.0)
(2.5487363567147847 -0.004387005769537993 0.0)
(1.3420733893792165 -0.0009306230609862681 0.0)
(0.01922960620969207 -5.918989010341211e-05 0.0)
(-0.01919488412557267 -5.9141511930212e-05 0.0)
(1.235829331979098 -0.0009298004582995189 0.0)
(2.429253410358178 -0.004382837956992537 0.0)
(3.569875862428862 -0.012062327141342324 0.0)
(4.625436003836933 -0.024365100662672477 0.0)
(5.566165177148992 -0.04061555175833238 0.0)
(6.395442723413601 -0.059058138796553465 0.0)
(7.137725085223308 -0.07695695752970891 0.0)
(7.803942363236856 -0.09279037756498078 0.0)
(8.38613159213435 -0.10670376920730155 0.0)
(8.877959202662542 -0.11874198068604419 0.0)
(9.280378070663582 -0.12874377099034134 0.0)
(9.59378514277825 -0.1366051084080234 0.0)
(9.81814371129195 -0.14225799430548466 0.0)
(9.953541464716434 -0.14566295534829576 0.0)
(10.000000000000005 -0.14679988025435928 0.0)
(9.957569646394699 -0.14566295534829593 0.0)
(9.8263007331525 -0.14225799430548525 0.0)
(9.606214857221769 -0.1366051084080228 0.0)
(9.297399707114202 -0.12874377099034248 0.0)
(8.899818575115246 -0.1187419806860454 0.0)
(8.413868407865671 -0.10670376920730373 0.0)
(7.840502081207585 -0.09279037756498407 0.0)
(7.173386025887775 -0.07695695752971136 0.0)
(6.4045572765864 -0.05905813879655473 0.0)
(5.544945933962096 -0.04061555175833379 0.0)
(4.619008440607448 -0.02436510066267356 0.0)
(3.6301241375710958 -0.012062327141342968 0.0)
(2.5485243674195814 -0.004382837956993146 0.0)
(1.341948445798677 -0.0009298004582997011 0.0)
(0.01919488412555934 -5.9141511930228726e-05 0.0)
(-0.019159323277681533 -5.90796562099298e-05 0.0)
(1.2359588521628138 -0.0009288087704723863 0.0)
(2.429490643368489 -0.004378119262726282 0.0)
(3.570060718544199 -0.012049449557120857 0.0)
(4.62502991891152 -0.024339699623464706 0.0)
(5.564761504788277 -0.040575239170874494 0.0)
(6.394313811754334 -0.05900641973062044 0.0)
(7.1380449639351555 -0.07690367076649077 0.0)
(7.804309467113601 -0.09274126332822179 0.0)
(8.386166077358448 -0.10665835733444635 0.0)
(8.877996696167724 -0.11869996188672705 0.0)
(9.280400359759593 -0.12870496459782577 0.0)
(9.593799297029678 -0.13656900692301324 0.0)
(9.818151352515729 -0.1422239295217875 0.0)
(9.953545149316458 -0.14563015189406875 0.0)
(10.000000000000005 -0.14676750259289736 0.0)
(9.957565961794677 -0.14563015189406892 0.0)
(9.826293091928722 -0.14222392952178808 0.0)
(9.606200702970341 -0.1365690069230126 0.0)
(9.297377418018193 -0.12870496459782685 0.0)
(8.899781081610064 -0.11869996188672814 0.0)
(8.413833922641572 -0.10665835733444842 0.0)
(7.840134977330839 -0.09274126332822497 0.0)
(7.173066147175928 -0.07690367076649308 0.0)
(6.40568618824567 -0.05900641973062156 0.0)
(5.546349606322814 -0.04057523917087579 0.0)
(4.619414525532862 -0.02433969962346572 0.0)
(3.6299392814557576 -0.012049449557121466 0.0)
(2.54828713440927 -0.004378119262726879 0.0)
(1.3418189256149609 -0.0009288087704725655 0.0)
(0.019159323277668106 -5.907965620994632e-05 0.0)
(-0.0191244861446315 -5.900704076973596e-05 0.0)
(1.2360872580697841 -0.0009276915704535681 0.0)
(2.4297426965094404 -0.004373057017532061 0.0)
(3.5703254707194514 -0.012036245446692965 0.0)
(4.624795455903593 -0.024314450366847328 0.0)
(5.563447622047196 -0.04053538065885326 0.0)
(6.392977672344605 -0.05895423842958814 0.0)
(7.138139305771926 -0.076848385919287 0.0)
(7.804649815165861 -0.09268953471450998 0.0)
(8.386191679992674 -0.10661031136086542 0.0)
(8.878021300549921 -0.11865532931951486 0.0)
(9.280415796071944 -0.1286636060933951 0.0)
(9.593809134199798 -0.13653042819452352 0.0)
(9.818156573273395 -0.1421874552884145 0.0)
(9.953547737678917 -0.1455949838564144 0.0)
(10.000000000000005 -0.14673277675396248 0.0)
(9.957563373432217 -0.14559498385641456 0.0)
(9.826287871171056 -0.14218745528841503 0.0)
(9.606190865800219 -0.13653042819452277 0.0)
(9.297361981705842 -0.12866360609339608 0.0)
(8.899756477227866 -0.11865532931951588 0.0)
(8.413808320007346 -0.1066103113608674 0.0)
(7.839794629278578 -0.09268953471451305 0.0)
(7.1729718053391585 -0.07684838591928918 0.0)
(6.407022327655404 -0.05895423842958914 0.0)
(5.547663489063899 -0.04053538065885446 0.0)
(4.6196489885407885 -0.02431445036684828 0.0)
(3.6296745292805044 -0.012036245446693543 0.0)
(2.548035081268318 -0.0043730570175326425 0.0)
(1.3416905197079902 -0.0009276915704537442 0.0)
(0.019124486144617998 -5.9007040769752265e-05 0.0)
(-0.01909190340631606 -5.892685619922641e-05 0.0)
(1.2362089077793688 -0.0009264979459680316 0.0)
(2.4299984950271374 -0.004367873647202589 0.0)
(3.570658486228388 -0.012023294974514612 0.0)
(4.624742916688782 -0.024290462298963898 0.0)
(5.56228125852971 -0.0404977275323678 0.0)
(6.391493012705678 -0.05890388764436095 0.0)
(7.138003965525905 -0.07679353210314294 0.0)
(7.804948453122868 -0.09263746458449702 0.0)
(8.386207275104118 -0.10656174233874031 0.0)
(8.878031934737594 -0.11861004405775796 0.0)
(9.28042370135731 -0.12862151269407074 0.0)
(9.593814222061354 -0.13649106730130614 0.0)
(9.81815914417441 -0.14215017421645224 0.0)
(9.953549116075902 -0.1455589964545691 0.0)
(10.000000000000005 -0.14669722852738828 0.0)
(9.957561995035231 -0.14555899645456927 0.0)
(9.82628530027004 -0.14215017421645276 0.0)
(9.606185777938665 -0.1364910673013054 0.0)
(9.297354076420476 -0.1286215126940717 0.0)
(8.899745843040195 -0.11861004405775892 0.0)
(8.413792724895902 -0.10656174233874222 0.0)
(7.839495991321571 -0.09263746458449998 0.0)
(7.173107145585181 -0.07679353210314498 0.0)
(6.408506987294334 -0.05890388764436185 0.0)
(5.548829852581386 -0.04049772753236892 0.0)
(4.619701527755598 -0.024290462298964793 0.0)
(3.6293415137715668 -0.012023294974515158 0.0)
(2.5477792827506205 -0.0043678736472031595 0.0)
(1.3415688699984054 -0.0009264979459682045 0.0)
(0.01909190340630248 -5.89268561992425e-05 0.0)
(-0.01906300668864835 -5.88426256617358e-05 0.0)
(1.2363184562258804 -0.0009252803426919969 0.0)
(2.430246799602682 -0.004362796899547438 0.0)
(3.571045132978781 -0.012011167160641097 0.0)
(4.624874609744069 -0.02426878941163228 0.0)
(5.561313662114977 -0.04046393420091145 0.0)
(6.389925066065979 -0.05885757969632759 0.0)
(7.137644889799904 -0.07674151949438773 0.0)
(7.805192259379134 -0.09258734080443605 0.0)
(8.386212177472112 -0.10651478430204873 0.0)
(8.878028131483989 -0.11856609585301095 0.0)
(9.280423728271916 -0.12858053390681135 0.0)
(9.593814337063014 -0.13645265368900047 0.0)
(9.818158952258086 -0.14211372436799904 0.0)
(9.95354922394317 -0.14552377090913293 0.0)
(10.000000000000005 -0.14666241983721687 0.0)
(9.957561887167962 -0.14552377090913304 0.0)
(9.826285492186363 -0.14211372436799952 0.0)
(9.606185662937003 -0.13645265368899973 0.0)
(9.297354049505868 -0.12858053390681226 0.0)
(8.8997496462938 -0.11856609585301185 0.0)
(8.413787822527908 -0.10651478430205052 0.0)
(7.8392521850653045 -0.0925873408044389 0.0)
(7.173466221311184 -0.07674151949438969 0.0)
(6.410074933934037 -0.0588575796963284 0.0)
(5.549797448996121 -0.040463934200912495 0.0)
(4.619569834700312 -0.024268789411633133 0.0)
(3.628954867021172 -0.01201116716064162 0.0)
(2.5475309781750752 -0.004362796899547995 0.0)
(1.3414593215518935 -0.0009252803426921669 0.0)
(0.019063006688634716 -5.884262566175167e-05 0.0)
)
