(
(0.0209492153303194 -5.986948535177101e-05 0.0)
(1.3716983084671466 -0.0007691034791724148 0.0)
(2.656442240883926 -0.0026734881505039213 0.0)
(3.8408572523940894 -0.00496410351379394 0.0)
(4.908585577537037 -0.006294213923399496 0.0)
(5.860925834214701 -0.006789063700792873 0.0)
(6.683191121418448 -0.008085269857288684 0.0)
(7.380261293597262 -0.010768813945344215 0.0)
(7.998946634985843 -0.013630607493083664 0.0)
(8.545468363582549 -0.01603380992047703 0.0)
(9.005370821933598 -0.01807184099219841 0.0)
(9.378989594470823 -0.019760469305260858 0.0)
(9.665775431684164 -0.021085515167775272 0.0)
(9.865241212571108 -0.022037245937627393 0.0)
(9.976804675759404 -0.022610577622417007 0.0)
(9.999999999999996 -0.022801786606859577 0.0)
(9.934306435351724 -0.022610577622415286 0.0)
(9.779203231873321 -0.022037245937624055 0.0)
(9.534224568315844 -0.02108551516777093 0.0)
(9.198788183306968 -0.01976046930525507 0.0)
(8.772406955844179 -0.018071840992192195 0.0)
(8.254531636417473 -0.01603380992046918 0.0)
(7.6454978094586075 -0.013630607493075106 0.0)
(6.93084981751382 -0.01076881394533675 0.0)
(6.116808878581522 -0.008085269857281299 0.0)
(5.250185276896403 -0.006789063700785361 0.0)
(4.335858866907392 -0.00629421392339523 0.0)
(3.3591427476059135 -0.004964103513792483 0.0)
(2.321335536893844 -0.0026734881505036797 0.0)
(1.2060794693106147 -0.0007691034791722523 0.0)
(-0.02094921533032374 -5.986948535175499e-05 0.0)
(0.020982306530564283 -5.986510012409361e-05 0.0)
(1.3718121013279068 -0.0007688252699369301 0.0)
(2.656576067512443 -0.0026710420444807374 0.0)
(3.840659135299007 -0.004954724463552828 0.0)
(4.907484939366611 -0.006272192577910883 0.0)
(5.859348771799052 -0.006753171607176652 0.0)
(6.683159114790376 -0.008043844619518816 0.0)
(7.381528014790438 -0.010732866219032862 0.0)
(7.999373566963304 -0.013600893525495483 0.0)
(8.545536648653783 -0.016007295088480603 0.0)
(9.005459361906782 -0.01804808810892605 0.0)
(9.379038647957872 -0.019739143689486403 0.0)
(9.665806428856909 -0.02106613180488358 0.0)
(9.865258344144058 -0.022019274495141936 0.0)
(9.9768126228676 -0.022593467833484107 0.0)
(9.999999999999996 -0.022784962114443027 0.0)
(9.934298488243527 -0.022593467833482372 0.0)
(9.779186100300372 -0.022019274495138564 0.0)
(9.534193571143097 -0.021066131804879196 0.0)
(9.19873912981992 -0.019739143689480553 0.0)
(8.772318415870995 -0.018048088108919745 0.0)
(8.254463351346239 -0.016007295088472654 0.0)
(7.645070877481144 -0.013600893525486811 0.0)
(6.92958309632064 -0.010732866219025259 0.0)
(6.116840885209595 -0.008043844619511279 0.0)
(5.251762339312056 -0.006753171607169014 0.0)
(4.336959505077821 -0.006272192577906538 0.0)
(3.359340864700996 -0.004954724463551336 0.0)
(2.3212017102653264 -0.0026710420444804837 0.0)
(1.2059656764498543 -0.0007688252699367654 0.0)
(-0.020982306530568734 -5.9865100124077476e-05 0.0)
(0.02102156174753091 -5.983755488244547e-05 0.0)
(1.371949919615322 -0.0007682243839529802 0.0)
(2.6567713494851875 -0.0026673230851562576 0.0)
(3.8405796391324856 -0.004942504098578149 0.0)
(4.906482971576233 -0.006245390375564128 0.0)
(5.857591760810431 -0.006709912711192904 0.0)
(6.682693187141851 -0.007991886873657678 0.0)
(7.382623510174051 -0.01068449176339472 0.0)
(7.99984417376744 -0.013558926157207163 0.0)
(8.545602444956064 -0.01596922617951716 0.0)
(9.005541851524633 -0.01801346180156802 0.0)
(9.379084942423042 -0.019707632946725475 0.0)
(9.665835709820492 -0.021037166628400328 0.0)
(9.86527445620379 -0.021992187332217708 0.0)
(9.976820151753463 -0.02256753395780446 0.0)
(9.999999999999996 -0.02275941328764285 0.0)
(9.934290959357664 -0.022567533957802706 0.0)
(9.779169988240639 -0.021992187332214305 0.0)
(9.534164290179515 -0.02103716662839589 0.0)
(9.19869283535475 -0.01970763294671955 0.0)
(8.772235926253144 -0.018013461801561624 0.0)
(8.254397555043958 -0.0159692261795091 0.0)
(7.6446002706770075 -0.013558926157198356 0.0)
(6.928487600937025 -0.01068449176338696 0.0)
(6.117306812858124 -0.007991886873649977 0.0)
(5.253519350300682 -0.006709912711185131 0.0)
(4.337961472868201 -0.006245390375559696 0.0)
(3.3594203608675173 -0.004942504098576615 0.0)
(2.3210064282925815 -0.00266732308515599 0.0)
(1.2058278581624386 -0.0007682243839528127 0.0)
(-0.021021561747535493 -5.9837554882429186e-05 0.0)
(0.02106525617880117 -5.9788059914352035e-05 0.0)
(1.3721057078459746 -0.0007673272230514102 0.0)
(2.6570195064695343 -0.0026624946767995574 0.0)
(3.840622256810648 -0.004927979359350365 0.0)
(4.905623698797562 -0.006214984956097104 0.0)
(5.8557320010973175 -0.006661187729591245 0.0)
(6.681813810481356 -0.007931679548004406 0.0)
(7.383499645685098 -0.01062581606351197 0.0)
(8.000337777796227 -0.013506549357604165 0.0)
(8.545662861520237 -0.015921275871801463 0.0)
(9.005614666344252 -0.017969483486722605 0.0)
(9.379126443772227 -0.019667321601367724 0.0)
(9.665861988022941 -0.020999892315189908 0.0)
(9.865288840815877 -0.02195717460923904 0.0)
(9.97682693161152 -0.022533915482430743 0.0)
(9.999999999999996 -0.02272626269516839 0.0)
(9.934284179499608 -0.022533915482428966 0.0)
(9.779155603628553 -0.021957174609235592 0.0)
(9.534138011977065 -0.020999892315185408 0.0)
(9.198651334005564 -0.019667321601361715 0.0)
(8.772163111433525 -0.017969483486716106 0.0)
(8.254337138479785 -0.01592127587179328 0.0)
(7.644106666648218 -0.013506549357595208 0.0)
(6.9276114654259775 -0.010625816063504033 0.0)
(6.118186189518623 -0.007931679547996529 0.0)
(5.2553791100138 -0.006661187729583328 0.0)
(4.338820745646873 -0.006214984956092582 0.0)
(3.3593777431893543 -0.004927979359348787 0.0)
(2.3207582713082333 -0.0026624946767992742 0.0)
(1.2056720699317853 -0.0007673272230512394 0.0)
(-0.021065256178805877 -5.978805991433555e-05 0.0)
(0.021111469971001745 -5.971878993816284e-05 0.0)
(1.3722726209700167 -0.0007661732068409254 0.0)
(2.6573096349015826 -0.002656768970840506 0.0)
(3.8407851157906827 -0.0049117884363388846 0.0)
(4.9049448759045005 -0.00618231227801605 0.0)
(5.85385120709917 -0.006609137548923412 0.0)
(6.680559623010581 -0.00786586804230201 0.0)
(7.384117925532067 -0.010559417222293296 0.0)
(8.000832690991666 -0.013446064467440396 0.0)
(8.545715243753003 -0.01586555101413193 0.0)
(9.005674607015678 -0.017918085491088056 0.0)
(9.37916132851207 -0.019619980860180648 0.0)
(9.665884108848115 -0.020955946630383353 0.0)
(9.865300865946779 -0.021915774721199644 0.0)
(9.976832664547214 -0.022494089541667615 0.0)
(9.999999999999996 -0.02268696691340567 0.0)
(9.934278446563914 -0.022494089541665818 0.0)
(9.779143578497653 -0.021915774721196154 0.0)
(9.534115891151892 -0.020955946630378783 0.0)
(9.198616449265721 -0.01961998086017455 0.0)
(8.772103170762099 -0.017918085491081447 0.0)
(8.254284756247019 -0.015865551014123607 0.0)
(7.643611753452779 -0.01344606446743128 0.0)
(6.926993185579008 -0.010559417222285176 0.0)
(6.119440376989403 -0.007865868042293953 0.0)
(5.257259904011952 -0.006609137548915354 0.0)
(4.339499568539936 -0.006182312278011437 0.0)
(3.3592148842093184 -0.004911788436337259 0.0)
(2.3204681428761846 -0.0026567689708402054 0.0)
(1.2055051568077428 -0.000766173206840751 0.0)
(-0.021111469971006575 -5.971878993814611e-05 0.0)
(0.021158172574649085 -5.963278854990579e-05 0.0)
(1.3724433251301364 -0.0007648130406826019 0.0)
(2.657628987068802 -0.0026503975443240616 0.0)
(3.8410610603469495 -0.0048946427290803745 0.0)
(4.904476329133097 -0.006148807919022871 0.0)
(5.852032017463454 -0.006556049158904839 0.0)
(6.678985731432519 -0.007797343993712309 0.0)
(7.384451183629594 -0.0104882126833486 0.0)
(8.001307167773364 -0.01338012908213567 0.0)
(8.545757290074883 -0.015804500054808816 0.0)
(9.005719039855464 -0.017861526148562578 0.0)
(9.37918806387092 -0.01956769078872456 0.0)
(9.665901100347424 -0.0209072604669747 0.0)
(9.865310003234242 -0.021869806703441016 0.0)
(9.976837098665834 -0.022449806014492715 0.0)
(9.999999999999996 -0.022643252527115753 0.0)
(9.934274012445293 -0.022449806014490897 0.0)
(9.779134441210187 -0.021869806703437484 0.0)
(9.534098899652584 -0.020907260466970067 0.0)
(9.198589713906872 -0.01956769078871837 0.0)
(8.772058737922311 -0.01786152614855585 0.0)
(8.254242709925139 -0.015804500054800354 0.0)
(7.64313727667108 -0.013380129082126395 0.0)
(6.926659927481482 -0.010488212683340303 0.0)
(6.12101426856747 -0.007797343993704079 0.0)
(5.259079093647673 -0.006556049158896648 0.0)
(4.33996811531134 -0.0061488079190181715 0.0)
(3.3589389396530507 -0.004894642729078704 0.0)
(2.3201487907089637 -0.0026503975443237437 0.0)
(1.2053344526476226 -0.0007648130406824235 0.0)
(-0.021158172574654036 -5.9632788549888805e-05 0.0)
(0.021203311962778918 -5.953383449324583e-05 0.0)
(1.3726103198978328 -0.0007633064877890824 0.0)
(2.6579635312212044 -0.002643660346075161 0.0)
(3.8414379659804716 -0.00487729558858459 0.0)
(4.904238645571304 -0.0061159439993572345 0.0)
(5.850354364054647 -0.006504255166270476 0.0)
(6.677161289663758 -0.00772911822356913 0.0)
(7.384484777226552 -0.01041533104385409 0.0)
(8.001740360499566 -0.013311640281894903 0.0)
(8.545787153047419 -0.0157408054612952 0.0)
(9.00574601256592 -0.01780229057318435 0.0)
(9.379205475146023 -0.019512748917077268 0.0)
(9.665912215945474 -0.02085597300591531 0.0)
(9.865315851202574 -0.02182129030656736 0.0)
(9.976840039140326 -0.02240301063807567 0.0)
(9.999999999999996 -0.02259704026645901 0.0)
(9.934271071970802 -0.02240301063807383 0.0)
(9.779128593241857 -0.021821290306563785 0.0)
(9.534087784054533 -0.02085597300591061 0.0)
(9.198572302631769 -0.01951274891707099 0.0)
(8.772031765211857 -0.017802290573177518 0.0)
(8.254212846952603 -0.015740805461286606 0.0)
(7.642704083944878 -0.013311640281885475 0.0)
(6.926626333884525 -0.01041533104384562 0.0)
(6.122838710336237 -0.007729118223560738 0.0)
(5.260756747056482 -0.006504255166262165 0.0)
(4.340205798873132 -0.006115943999352457 0.0)
(3.3585620340195272 -0.004877295588582878 0.0)
(2.3198142465565605 -0.002643660346074826 0.0)
(1.205167457879926 -0.0007633064877888999 0.0)
(-0.021203311962783973 -5.953383449322854e-05 0.0)
(0.021244904793257007 -5.9426275628401244e-05 0.0)
(1.3727662678285213 -0.0007617197433383476 0.0)
(2.6582985681007636 -0.0026368533962595046 0.0)
(3.841899272147242 -0.004860509216469219 0.0)
(4.904242268599997 -0.006085164499526409 0.0)
(5.848891959894354 -0.006456031304302247 0.0)
(6.675166460337895 -0.007664188447397044 0.0)
(7.384217230281748 -0.010343974589715966 0.0)
(8.002113235474384 -0.013243607339303954 0.0)
(8.545803520546226 -0.015677265857504112 0.0)
(9.005754340015493 -0.01774298146776707 0.0)
(9.3792127973178 -0.01945756929056563 0.0)
(9.665916967243222 -0.020804337724416373 0.0)
(9.865318152902743 -0.021772357252299066 0.0)
(9.976841356771615 -0.022355759515646535 0.0)
(9.999999999999996 -0.02255036061362575 0.0)
(9.934269754339512 -0.022355759515644676 0.0)
(9.779126291541688 -0.02177235725229545 0.0)
(9.534083032756786 -0.02080433772441161 0.0)
(9.198564980459992 -0.019457569290559276 0.0)
(8.772023437762284 -0.017742981467760134 0.0)
(8.254196479453796 -0.015677265857495393 0.0)
(7.642331208970058 -0.013243607339294384 0.0)
(6.926893880829331 -0.010343974589707343 0.0)
(6.124833539662105 -0.007664188447388512 0.0)
(5.262219151216779 -0.0064560313042938315 0.0)
(4.340202175844437 -0.006085164499521565 0.0)
(3.3581007278527557 -0.004860509216467469 0.0)
(2.3194792096770005 -0.0026368533962591537 0.0)
(1.2050115099492371 -0.0007617197433381612 0.0)
(-0.021244904793262152 -5.942627562838367e-05 0.0)
(0.021281123553204075 -5.931483789511993e-05 0.0)
(1.3729043168554262 -0.0007601225259786962 0.0)
(2.658619376799925 -0.00263027577979903 0.0)
(3.8424247098982276 -0.004845021175215213 0.0)
(4.9044870390299256 -0.006057821814443453 0.0)
(5.847709060345984 -0.006413496441271971 0.0)
(6.673088892606072 -0.007605407560775386 0.0)
(7.383660298318474 -0.010277278592986109 0.0)
(8.002409409253584 -0.01317901949739752 0.0)
(8.545805673413353 -0.015616673057383701 0.0)
(9.005743656311282 -0.01768620476589983 0.0)
(9.37920970866342 -0.01940457640103031 0.0)
(9.665915145477335 -0.020754623382282872 0.0)
(9.865316807202255 -0.021725157569520193 0.0)
(9.976840993665396 -0.02231012877508136 0.0)
(9.999999999999996 -0.022505264587163457 0.0)
(9.934270117445731 -0.022310128775079485 0.0)
(9.779127637242176 -0.021725157569516543 0.0)
(9.534084854522671 -0.020754623382278067 0.0)
(9.198568069114371 -0.019404576401023877 0.0)
(8.772034121466493 -0.017686204765892805 0.0)
(8.254194326586669 -0.015616673057374882 0.0)
(7.642035035190858 -0.013179019497387824 0.0)
(6.927450812792608 -0.010277278592977354 0.0)
(6.1269111073939335 -0.00760540756076674 0.0)
(5.2634020507651496 -0.006413496441263476 0.0)
(4.339957405414508 -0.006057821814438558 0.0)
(3.3575752901017677 -0.004845021175213431 0.0)
(2.3191584009778388 -0.0026302757797986654 0.0)
(1.204873460922332 -0.0007601225259785059 0.0)
(-0.021281123553209283 -5.931483789510207e-05 0.0)
(0.021310376856568395 -5.9204417663532704e-05 0.0)
(1.373018401356859 -0.0007585850145188841 0.0)
(2.6589118615713496 -0.002624216505127602 0.0)
(3.842991192459913 -0.004831511981020698 0.0)
(4.904962202096192 -0.006035117331668888 0.0)
(5.846857639851639 -0.006378519481245868 0.0)
(6.671019870993621 -0.007555358288325717 0.0)
(7.3828384519083174 -0.010218173553743957 0.0)
(8.00261586850314 -0.013120714627788847 0.0)
(8.545793517055756 -0.015561689397719874 0.0)
(9.005714430875706 -0.017634455131992636 0.0)
(9.379196344892708 -0.01935609865908972 0.0)
(9.665906830692878 -0.020709014336758348 0.0)
(9.865311873228727 -0.021681765125942654 0.0)
(9.976838965775892 -0.022268123347641493 0.0)
(9.999999999999996 -0.022463733623974035 0.0)
(9.934272145335235 -0.022268123347639605 0.0)
(9.779132571215703 -0.021681765125938977 0.0)
(9.534093169307129 -0.020709014336753487 0.0)
(9.198581432885083 -0.01935609865908323 0.0)
(8.772063346902069 -0.017634455131985534 0.0)
(8.254206482944266 -0.015561689397710968 0.0)
(7.641828575941302 -0.013120714627779055 0.0)
(6.928272659202767 -0.010218173553735098 0.0)
(6.128980129006389 -0.007555358288316988 0.0)
(5.2642534712594955 -0.006378519481237319 0.0)
(4.33948224234824 -0.006035117331663956 0.0)
(3.3570088075400815 -0.004831511981018892 0.0)
(2.318865916206413 -0.0026242165051272243 0.0)
(1.204759376420899 -0.0007585850145186906 0.0)
(-0.021310376856573637 -5.920441766351458e-05 0.0)
(0.02133137936671754 -5.909986659660739e-05 0.0)
(1.3731035086685384 -0.0007571747643996582 0.0)
(2.6591631711692676 -0.0026189418056891526 0.0)
(3.8435738296248867 -0.004820575203164213 0.0)
(4.90564688000295 -0.006018048644639149 0.0)
(5.846375108270212 -0.006352637247858944 0.0)
(6.669050304525026 -0.007516239703516921 0.0)
(7.381787801479015 -0.010169256439284194 0.0)
(8.002723541781332 -0.0130712545397828 0.0)
(8.54576758560155 -0.015514730759928493 0.0)
(9.005667947820939 -0.017590006350286087 0.0)
(9.3791732931853 -0.019314266088037216 0.0)
(9.665892388226265 -0.020669514565863738 0.0)
(9.86530356777193 -0.021644086506153026 0.0)
(9.976835362204856 -0.02223158887496189 0.0)
(9.999999999999996 -0.02242759251860128 0.0)
(9.934275748906272 -0.02223158887495999 0.0)
(9.7791408766725 -0.021644086506149327 0.0)
(9.534107611773742 -0.020669514565858856 0.0)
(9.198604484592492 -0.019314266088030687 0.0)
(8.772109829956838 -0.017590006350278936 0.0)
(8.254232414398473 -0.015514730759919524 0.0)
(7.641720902663109 -0.013071254539772937 0.0)
(6.929323309632073 -0.010169256439275262 0.0)
(6.130949695474988 -0.007516239703508145 0.0)
(5.264736002840922 -0.006352637247850369 0.0)
(4.33879756444148 -0.0060180486446342 0.0)
(3.356426170375106 -0.004820575203162391 0.0)
(2.3186146066084947 -0.002618941805688766 0.0)
(1.2046742691092196 -0.000757174764399462 0.0)
(-0.021331379366722795 -5.9099866596589035e-05 0.0)
(0.021343208271778564 -5.900577847695393e-05 0.0)
(1.3731558993308883 -0.0007559537394312775 0.0)
(2.659362263509704 -0.0026146834421272177 0.0)
(3.844147021382025 -0.0048126913836565 0.0)
(4.90651098925556 -0.006007365720236042 0.0)
(5.846282667156623 -0.006336986959096013 0.0)
(6.667266732347698 -0.007489770605400067 0.0)
(7.38055451068832 -0.010132676578124847 0.0)
(8.002727698121301 -0.01303281241916169 0.0)
(8.545729018431388 -0.015477860420645709 0.0)
(9.005606249527368 -0.017554811418931626 0.0)
(9.379141566391047 -0.019280916734514316 0.0)
(9.665872452653058 -0.020637859617269376 0.0)
(9.865292255758442 -0.021613777239773774 0.0)
(9.976830341286606 -0.02220213061493416 0.0)
(9.999999999999996 -0.022398429245096985 0.0)
(9.934280769824522 -0.02220213061493225 0.0)
(9.77915218868599 -0.021613777239770062 0.0)
(9.53412754734695 -0.020637859617264474 0.0)
(9.198636211386745 -0.019280916734507766 0.0)
(8.772171528250409 -0.01755481141892444 0.0)
(8.254270981568634 -0.015477860420636709 0.0)
(7.641716746323141 -0.013032812419151786 0.0)
(6.930556600422771 -0.010132676578115883 0.0)
(6.13273326765232 -0.0074897706053912785 0.0)
(5.26482844395451 -0.006336986959087443 0.0)
(4.337933455188867 -0.006007365720231094 0.0)
(3.3558529786179663 -0.004812691383654672 0.0)
(2.3184155142680583 -0.002614683442126825 0.0)
(1.2046218784468696 -0.0007559537394310792 0.0)
(-0.021343208271783813 -5.900577847693538e-05 0.0)
(0.021345343831303463 -5.892628736442053e-05 0.0)
(1.3731732713940517 -0.0007549755892170503 0.0)
(2.6595003908394492 -0.002611628519146252 0.0)
(3.844685582734144 -0.004808206923103687 0.0)
(4.907516562474306 -0.006003537946613981 0.0)
(5.846584378204287 -0.006332256260013922 0.0)
(6.665747521360154 -0.007477113997722561 0.0)
(7.379192768077335 -0.0101100412224443 0.0)
(8.002628154901073 -0.013007077342377736 0.0)
(8.545679510116175 -0.015452698395127234 0.0)
(9.005532046905136 -0.017530416738825657 0.0)
(9.379102558527245 -0.019257515908103904 0.0)
(9.665847899905874 -0.020615440351505407 0.0)
(9.865278434217439 -0.021592169060520364 0.0)
(9.976824123631108 -0.022181042909611558 0.0)
(9.999999999999996 -0.02237752518434623 0.0)
(9.93428698748002 -0.02218104290960965 0.0)
(9.77916601022699 -0.021592169060516652 0.0)
(9.534152100094134 -0.020615440351500498 0.0)
(9.198675219250546 -0.019257515908097347 0.0)
(8.77224573087264 -0.01753041673881847 0.0)
(8.254320489883847 -0.015452698395118224 0.0)
(7.64181628954337 -0.013007077342367829 0.0)
(6.931918343033761 -0.01011004122243534 0.0)
(6.134252478639866 -0.007477113997713803 0.0)
(5.264526732906844 -0.0063322562600053875 0.0)
(4.336927881970118 -0.006003537946609053 0.0)
(3.355314417265846 -0.004808206923101864 0.0)
(2.318277386938313 -0.0026116285191458578 0.0)
(1.2046045063837065 -0.0007549755892168509 0.0)
(-0.021345343831308677 -5.892628736440185e-05 0.0)
(0.021337692212713606 -5.886488595306704e-05 0.0)
(1.3731548615613538 -0.000754283291887915 0.0)
(2.659571484096331 -0.002609911264473216 0.0)
(3.845165850280702 -0.00480731886049838 0.0)
(4.9086194166116 -0.006006733509143207 0.0)
(5.847266984781734 -0.006338653008875774 0.0)
(6.66455942291387 -0.007478825988671148 0.0)
(7.3777624061251466 -0.010102344928360936 0.0)
(8.002429285867633 -0.012995180061623833 0.0)
(8.545621235960706 -0.01544035025674172 0.0)
(9.005448600281719 -0.017517894167583228 0.0)
(9.379057983528067 -0.019245091798307853 0.0)
(9.665819808787504 -0.020603241830094605 0.0)
(9.865262710442149 -0.021580211392258148 0.0)
(9.976816982430766 -0.022169252314187093 0.0)
(9.999999999999996 -0.0223657988225355 0.0)
(9.934294128680362 -0.022169252314185185 0.0)
(9.779181734002282 -0.021580211392254443 0.0)
(9.534180191212505 -0.020603241830089703 0.0)
(9.198719794249724 -0.01924509179830131 0.0)
(8.772329177496058 -0.017517894167576063 0.0)
(8.254378764039316 -0.015440350256732734 0.0)
(7.64201515857681 -0.012995180061613954 0.0)
(6.933348704985953 -0.010102344928352018 0.0)
(6.135440577086151 -0.007478825988662452 0.0)
(5.263844126329393 -0.0063386530088673015 0.0)
(4.33582502783282 -0.0060067335091383185 0.0)
(3.3548341497192875 -0.004807318860496569 0.0)
(2.318206293681431 -0.0026099112644728233 0.0)
(1.2046229162164044 -0.0007542832918877151 0.0)
(-0.02133769221271875 -5.886488595304829e-05 0.0)
(0.02132058961413159 -5.882427210857763e-05 0.0)
(1.373101478727164 -0.0007539072657219913 0.0)
(2.6595724195727035 -0.0026096071311368144 0.0)
(3.8455667219443272 -0.004810066215686785 0.0)
(4.909771094274265 -0.006016812000652301 0.0)
(5.848300494404746 -0.006355896144239095 0.0)
(6.66375463988101 -0.0074948313564955436 0.0)
(7.376326272319162 -0.01010992585695681 0.0)
(8.002139828962493 -0.012997643321650848 0.0)
(8.545556756424764 -0.015441358560099545 0.0)
(9.005359576149084 -0.017517793924075344 0.0)
(9.379009799937432 -0.019244190297781325 0.0)
(9.665789413570298 -0.0206018000337512 0.0)
(9.86524577530649 -0.021578429633054636 0.0)
(9.97680923145686 -0.022167276885853432 0.0)
(9.999999999999996 -0.022363765394549994 0.0)
(9.934301879654265 -0.02216727688585153 0.0)
(9.77919866913794 -0.021578429633050945 0.0)
(9.53421058642971 -0.02060180003374632 0.0)
(9.19876797784036 -0.01924419029777481 0.0)
(8.772418201628692 -0.01751779392406822 0.0)
(8.254443243575258 -0.015441358560090608 0.0)
(7.642304615481953 -0.012997643321641028 0.0)
(6.93478483879194 -0.010109925856947971 0.0)
(6.136245360119011 -0.007494831356486943 0.0)
(5.262810616706377 -0.00635589614423071 0.0)
(4.334673350170152 -0.006016812000647466 0.0)
(3.354433278055662 -0.004810066215684997 0.0)
(2.3182053582050592 -0.002609607131136427 0.0)
(1.2046762990505946 -0.0007539072657217917 0.0)
(-0.021320589614136652 -5.8824272108558855e-05 0.0)
(0.02129478749245078 -5.880623032897821e-05 0.0)
(1.3730154684355553 -0.0007538640326210896 0.0)
(2.6595031561654463 -0.0026107294821994527 0.0)
(3.845870584157494 -0.0048163282749080745 0.0)
(4.910920992852737 -0.006033330590662432 0.0)
(5.849639496551239 -0.006383228034281448 0.0)
(6.6633685329557295 -0.007524426854614536 0.0)
(7.3749474677514835 -0.010132450916098337 0.0)
(8.001772502392514 -0.013014358891319602 0.0)
(8.545488904621196 -0.015455679002195813 0.0)
(9.005268886064759 -0.01753012041281835 0.0)
(9.37896012485416 -0.019254851016808208 0.0)
(9.665758049764495 -0.020611178312368826 0.0)
(9.865228372909343 -0.021586902070149582 0.0)
(9.976801211273006 -0.02217520342131761 0.0)
(9.999999999999996 -0.02237151424549533 0.0)
(9.934309899838121 -0.022175203421315723 0.0)
(9.779216071535087 -0.02158690207014591 0.0)
(9.534241950235511 -0.020611178312363986 0.0)
(9.198817652923632 -0.019254851016801747 0.0)
(8.772508891713018 -0.01753012041281128 0.0)
(8.254511095378826 -0.015455679002186948 0.0)
(7.642671942051932 -0.013014358891309868 0.0)
(6.936163643359622 -0.010132450916089606 0.0)
(6.136631467044291 -0.007524426854606062 0.0)
(5.26147161455988 -0.0063832280342731714 0.0)
(4.333523451591677 -0.0060333305906576686 0.0)
(3.3541294158424946 -0.0048163282749063155 0.0)
(2.318274621612317 -0.002610729482199074 0.0)
(1.2047623093422035 -0.0007538640326208913 0.0)
(-0.021294787492455745 -5.880623032895949e-05 0.0)
(0.0212614195456942 -5.881155333705791e-05 0.0)
(1.3729006098213896 -0.0007541554921685707 0.0)
(2.6593667371819607 -0.0026132290036087213 0.0)
(3.846064085770456 -0.004825829894736173 0.0)
(4.912018587907157 -0.006055563482548465 0.0)
(5.851225157916531 -0.00641944776575665 0.0)
(6.663418066969963 -0.007566312110984212 0.0)
(7.373686574572363 -0.010168930395895268 0.0)
(8.00134344581518 -0.013044592319079118 0.0)
(8.54542066183412 -0.015482682369003312 0.0)
(9.005180514785131 -0.017554332030447543 0.0)
(9.378911140910532 -0.019276605542897705 0.0)
(9.665727095438344 -0.020630964601542102 0.0)
(9.865211267880202 -0.021605256440156925 0.0)
(9.976793274271406 -0.02219268364311252 0.0)
(9.999999999999996 -0.022388704905037107 0.0)
(9.934317836839721 -0.022192683643110646 0.0)
(9.77923317656423 -0.02160525644015329 0.0)
(9.534272904561663 -0.02063096460153731 0.0)
(9.19886663686726 -0.019276605542891307 0.0)
(8.772597262992646 -0.017554332030440552 0.0)
(8.254579338165904 -0.015482682368994548 0.0)
(7.643100998629267 -0.013044592319069499 0.0)
(6.937424536538744 -0.010168930395886676 0.0)
(6.1365819330300555 -0.007566312110975887 0.0)
(5.259885953194582 -0.0064194477657485 0.0)
(4.332425856537254 -0.006055563482543779 0.0)
(3.353935914229532 -0.004825829894734452 0.0)
(2.3184110405958034 -0.002613229003608354 0.0)
(1.2048771679563697 -0.0007541554921683746 0.0)
(-0.021261419545699045 -5.8811553337039284e-05 0.0)
(0.021221951900397388 -5.8840007249579855e-05 0.0)
(1.3727619495620453 -0.0007547688381651285 0.0)
(2.659169156622809 -0.0026169958709666426 0.0)
(3.846138724676342 -0.004838153591378561 0.0)
(4.913015653118831 -0.006082533803714849 0.0)
(5.852987807441118 -0.00646296390992581 0.0)
(6.663901065489744 -0.007618646764066596 0.0)
(7.372598994121353 -0.010217761454742645 0.0)
(8.000871511191562 -0.013087015203424136 0.0)
(8.545355026526751 -0.015521182181985789 0.0)
(9.00509834518256 -0.017589364962778204 0.0)
(9.378865000371418 -0.01930849802197222 0.0)
(9.665697910668305 -0.02066028952792276 0.0)
(9.865195211782753 -0.02163268628563692 0.0)
(9.97678576918939 -0.022218949502271657 0.0)
(9.999999999999996 -0.02241458204704448 0.0)
(9.934325341921735 -0.022218949502269804 0.0)
(9.779249232661678 -0.021632686285633317 0.0)
(9.534302089331701 -0.020660289527918017 0.0)
(9.198912777406374 -0.01930849802196589 0.0)
(8.772679432595217 -0.01758936496277131 0.0)
(8.25464497347327 -0.01552118218197714 0.0)
(7.643572933252887 -0.013087015203414652 0.0)
(6.938512116989757 -0.010217761454734216 0.0)
(6.1360989345102706 -0.0076186467640584395 0.0)
(5.25812330366999 -0.006462963909917797 0.0)
(4.331428791325579 -0.0060825338037102505 0.0)
(3.3538612753236468 -0.00483815359137688 0.0)
(2.3186086211549557 -0.002616995870966289 0.0)
(1.2050158282157142 -0.000754768838164935 0.0)
(-0.02122195190040211 -5.884000724956139e-05 0.0)
(0.021178118692690675 -5.88903418536828e-05 0.0)
(1.3726055801356467 -0.0007556771213097591 0.0)
(2.658919095816297 -0.002621864575012798 0.0)
(3.846091221378174 -0.004852757884150335 0.0)
(4.913868379266433 -0.006113056527590343 0.0)
(5.8548499975295645 -0.006511864447024667 0.0)
(6.664796306443735 -0.007679131324948794 0.0)
(7.371732512693797 -0.010276798545248617 0.0)
(8.000377434465639 -0.013139763560427009 0.0)
(8.54529488259442 -0.015569486829794213 0.0)
(9.005025987639055 -0.01763367992685466 0.0)
(9.378823730567696 -0.019349127156846852 0.0)
(9.665671777779783 -0.02069786460789405 0.0)
(9.865180910092544 -0.02166798638936065 0.0)
(9.976779025786536 -0.022252846924995594 0.0)
(9.999999999999996 -0.022448008677238524 0.0)
(9.934332085324591 -0.022252846924993762 0.0)
(9.779263534351886 -0.021667986389357092 0.0)
(9.534328222220225 -0.02069786460788937 0.0)
(9.198954047210096 -0.019349127156840614 0.0)
(8.772751790138722 -0.017633679926847876 0.0)
(8.254705117405601 -0.01556948682978569 0.0)
(7.64406700997881 -0.013139763560417678 0.0)
(6.939378598417313 -0.010276798545240362 0.0)
(6.135203693556275 -0.007679131324940813 0.0)
(5.256261113581538 -0.006511864447016795 0.0)
(4.330576065177976 -0.0061130565275858365 0.0)
(3.3539087786218156 -0.004852757884148699 0.0)
(2.3188586819614683 -0.00262186457501246 0.0)
(1.2051721976421135 -0.0007556771213095688 0.0)
(-0.021178118692695272 -5.8890341853664524e-05 0.0)
(0.02113184587353011 -5.8960345538947015e-05 0.0)
(1.3724383721287194 -0.0007568404333027443 0.0)
(2.65862754197679 -0.0026276211937984423 0.0)
(3.845923663083969 -0.004869001087144901 0.0)
(4.914539299123058 -0.006145790541527606 0.0)
(5.856729906956166 -0.006564000776914104 0.0)
(6.666064454582215 -0.007745108212679016 0.0)
(7.371125201898441 -0.010343447685661655 0.0)
(7.999882924464862 -0.013200519723781425 0.0)
(8.545242872651485 -0.015625473894574735 0.0)
(9.004966621412706 -0.017685329804227334 0.0)
(9.37878914481904 -0.019396707777664123 0.0)
(9.66564984500409 -0.020742038861183712 0.0)
(9.865168991199681 -0.021709605729350216 0.0)
(9.976773340355626 -0.022292886520543433 0.0)
(9.999999999999996 -0.022487516090640824 0.0)
(9.934337770755501 -0.02229288652054162 0.0)
(9.77927545324475 -0.021709605729346697 0.0)
(9.534350154995918 -0.0207420388611791 0.0)
(9.198988632958752 -0.019396707777657975 0.0)
(8.772811156365071 -0.017685329804220662 0.0)
(8.254757127348537 -0.01562547389456635 0.0)
(7.644561519979589 -0.01320051972377225 0.0)
(6.93998590921267 -0.01034344768565358 0.0)
(6.133935545417791 -0.0077451082126712145 0.0)
(5.254381204154933 -0.006564000776906374 0.0)
(4.329905145321349 -0.006145790541523187 0.0)
(3.3540763369160214 -0.00486900108714331 0.0)
(2.319150235800976 -0.0026276211937981218 0.0)
(1.2053394056490412 -0.000756840433302558 0.0)
(-0.021131845873534574 -5.8960345538928983e-05 0.0)
(0.021085166585935868 -5.90469424715101e-05 0.0)
(1.3722676723551896 -0.0007582076603433318 0.0)
(2.658307305446613 -0.0026340127920255704 0.0)
(3.8456434119986356 -0.00488616950373878 0.0)
(4.914998933697619 -0.006179297572839415 0.0)
(5.858544935939912 -0.006617082124639497 0.0)
(6.667649789795989 -0.007813678523511702 0.0)
(7.370803745860588 -0.010414780434683163 0.0)
(7.999409709053985 -0.013266614178819847 0.0)
(8.545201281919688 -0.01568668340712634 0.0)
(9.00492285494689 -0.01774204519377524 0.0)
(9.378762762759973 -0.019449149278991603 0.0)
(9.665633076027264 -0.0207908713519167 0.0)
(9.86515997879851 -0.021755715627946908 0.0)
(9.976768962704092 -0.022337309022337166 0.0)
(9.999999999999996 -0.022531368403783236 0.0)
(9.934342148407035 -0.022337309022335376 0.0)
(9.779284465645922 -0.021755715627943432 0.0)
(9.534366923972742 -0.020790871351912158 0.0)
(9.19901501501782 -0.01944914927898554 0.0)
(8.772854922830886 -0.01774204519376868 0.0)
(8.254798718080334 -0.015686683407118086 0.0)
(7.645034735390467 -0.013266614178810832 0.0)
(6.940307365250522 -0.010414780434675268 0.0)
(6.132350210204011 -0.007813678523504074 0.0)
(5.252566175171181 -0.006617082124631901 0.0)
(4.329445510746788 -0.0061792975728350834 0.0)
(3.354356588001356 -0.004886169503737234 0.0)
(2.319470472331154 -0.0026340127920252672 0.0)
(1.2055101054225714 -0.0007582076603431493 0.0)
(-0.021085166585940215 -5.904694247149235e-05 0.0)
(0.021040131832407504 -5.9146327740579866e-05 0.0)
(1.3721009810508198 -0.000759718728976629 0.0)
(2.6579724568330456 -0.0026407585345611805 0.0)
(3.845262781842158 -0.004903508785115565 0.0)
(4.9152270874877875 -0.0062121053838693156 0.0)
(5.860215335427762 -0.006668776192891377 0.0)
(6.669482655356055 -0.007881829403434702 0.0)
(7.370782268770454 -0.010487662561820717 0.0)
(7.998978580452438 -0.013335142856104279 0.0)
(8.545171937819696 -0.015750425933447144 0.0)
(9.004896611260047 -0.017801334125039526 0.0)
(9.378745743569905 -0.019504147477199977 0.0)
(9.665622207647472 -0.02084221646978674 0.0)
(9.865154268877449 -0.021804290100562052 0.0)
(9.976766085177934 -0.02238416258691664 0.0)
(9.999999999999996 -0.02257763882625183 0.0)
(9.934345025933194 -0.022384162586914877 0.0)
(9.779290175566981 -0.021804290100558624 0.0)
(9.534377792352535 -0.020842216469782262 0.0)
(9.199032034207887 -0.019504147477194003 0.0)
(8.772881166517731 -0.017801334125033076 0.0)
(8.254828062180328 -0.015750425933439022 0.0)
(7.6454658639920146 -0.01333514285609542 0.0)
(6.940328842340655 -0.010487662561812992 0.0)
(6.130517344643941 -0.007881829403427234 0.0)
(5.250895775683329 -0.0066687761928839 0.0)
(4.329217356956621 -0.00621210538386506 0.0)
(3.354737218157835 -0.004903508785114062 0.0)
(2.3198053209447225 -0.0026407585345608947 0.0)
(1.2056767967269415 -0.0007597187289764504 0.0)
(-0.021040131832411747 -5.9146327740562404e-05 0.0)
(0.0209987203576263 -5.92541345392536e-05 0.0)
(1.371945622326571 -0.0007613072456113109 0.0)
(2.6576377087715803 -0.0026475620258192465 0.0)
(3.8447984968072686 -0.004920257074972882 0.0)
(4.915213735833419 -0.006242772459420846 0.0)
(5.861667711122127 -0.006716811638882378 0.0)
(6.671482518502835 -0.007946566427462713 0.0)
(7.371061714292089 -0.010558891759741972 0.0)
(7.998608481662246 -0.013403094730924513 0.0)
(8.545156129677578 -0.015813900743544274 0.0)
(9.004889043451765 -0.017860591550846464 0.0)
(9.378738835040913 -0.019559285852076325 0.0)
(9.665617717401435 -0.02089381820424785 0.0)
(9.865152112319986 -0.021853194873733436 0.0)
(9.976764834210389 -0.02243138855437042 0.0)
(9.999999999999996 -0.02262429432033269 0.0)
(9.934346276900738 -0.022431388554368673 0.0)
(9.779292332124445 -0.02185319487373005 0.0)
(9.534382282598571 -0.020893818204243426 0.0)
(9.199038942736879 -0.019559285852070434 0.0)
(8.772888734326013 -0.01786059155084012 0.0)
(8.254843870322446 -0.015813900743536276 0.0)
(7.645835962782208 -0.013403094730915792 0.0)
(6.940049396819019 -0.010558891759734403 0.0)
(6.128517481497156 -0.00794656642745538 0.0)
(5.249443399988961 -0.006716811638875004 0.0)
(4.329230708610991 -0.006242772459416656 0.0)
(3.355201503192726 -0.004920257074971418 0.0)
(2.3201400690061886 -0.0026475620258189763 0.0)
(1.2058321554511908 -0.0007613072456111365 0.0)
(-0.02099872035763046 -5.925413453923642e-05 0.0)
(0.020962751706033986 -5.9365626034024504e-05 0.0)
(1.3718084223605658 -0.0007629034137325587 0.0)
(2.657317769479633 -0.002654124332840523 0.0)
(3.8442709567290154 -0.004935678484094528 0.0)
(4.914959465381779 -0.0062699513442981 0.0)
(5.862838248292044 -0.0067590778729940204 0.0)
(6.673561508908304 -0.008005045169192978 0.0)
(7.371629804100502 -0.010625338347800405 0.0)
(7.998315674147173 -0.013467484122215389 0.0)
(8.545154552074179 -0.015874318870385942 0.0)
(9.004900484037694 -0.017917213808314503 0.0)
(9.378742340721121 -0.0196121417243014 0.0)
(9.665619802582352 -0.02094340926949051 0.0)
(9.865153603881309 -0.021900281161196664 0.0)
(9.97676526476668 -0.022476911902086047 0.0)
(9.999999999999996 -0.0226692849289697 0.0)
(9.934345846344447 -0.022476911902084312 0.0)
(9.779290840563121 -0.021900281161193306 0.0)
(9.534380197417654 -0.02094340926948615 0.0)
(9.19903543705667 -0.01961214172429557 0.0)
(8.772877293740082 -0.017917213808308248 0.0)
(8.254845447925845 -0.015874318870378056 0.0)
(7.646128770297281 -0.01346748412220679 0.0)
(6.9394813070106025 -0.010625338347792968 0.0)
(6.1264384910916805 -0.00800504516918576 0.0)
(5.248272862819044 -0.006759077872986726 0.0)
(4.329484979062633 -0.006269951344293962 0.0)
(3.3557290432709803 -0.004935678484093095 0.0)
(2.3204600082981366 -0.0026541243328402665 0.0)
(1.2059693554171962 -0.000762903413732388 0.0)
(-0.020962751706038084 -5.936562603400761e-05 0.0)
(0.020933806274378745 -5.947590349258032e-05 0.0)
(1.3716954094683103 -0.0007644371006332318 0.0)
(2.6570266965043796 -0.0026601571198598965 0.0)
(3.843703340753329 -0.004949095423976371 0.0)
(4.914475448311339 -0.006292447848021935 0.0)
(5.863675515675703 -0.0067937177942233315 0.0)
(6.675628279537454 -0.008054696179697705 0.0)
(7.372461577368804 -0.010684082784477324 0.0)
(7.998113023333755 -0.013525481877920648 0.0)
(8.545167274326506 -0.01592902565201057 0.0)
(9.00493043033942 -0.017968713019037987 0.0)
(9.378756106577356 -0.019660392703546702 0.0)
(9.665628371571188 -0.02098881072483226 0.0)
(9.865158678024944 -0.021943480077622517 0.0)
(9.976767357928953 -0.0225187324174475 0.0)
(9.999999999999996 -0.022710633847127352 0.0)
(9.934343753182175 -0.022518732417445786 0.0)
(9.779285766419488 -0.021943480077619187 0.0)
(9.534371628428818 -0.020988810724827934 0.0)
(9.199021671200436 -0.019660392703540936 0.0)
(8.772847347438358 -0.0179687130190318 0.0)
(8.254832725673516 -0.01592902565200276 0.0)
(7.646331421110698 -0.01352548187791215 0.0)
(6.938649533742297 -0.010684082784469988 0.0)
(6.124371720462525 -0.00805469617969057 0.0)
(5.247435595435384 -0.006793717794216089 0.0)
(4.329968996133074 -0.006292447848017834 0.0)
(3.356296659246668 -0.004949095423974961 0.0)
(2.3207510812733902 -0.0026601571198596524 0.0)
(1.206082368309452 -0.0007644371006330642 0.0)
(-0.020933806274382807 -5.9475903492563685e-05 0.0)
(0.02091315587197334 -5.958012152513899e-05 0.0)
(1.3716115492295389 -0.0007658409189167153 0.0)
(2.6567772790598503 -0.002665395317252408 0.0)
(3.843120588887758 -0.004959918378825597 0.0)
(4.91378295144669 -0.0063092735153749205 0.0)
(5.864142725276004 -0.0068192093878034375 0.0)
(6.6775920202698895 -0.008093337884409274 0.0)
(7.3735204875012705 -0.010732543946695056 0.0)
(7.998009433327995 -0.013574539682758496 0.0)
(8.545193737442068 -0.015975617372516793 0.0)
(9.00497756657123 -0.01801282640191287 0.0)
(9.378779527763077 -0.01970191873005687 0.0)
(9.665643047862249 -0.021028027713384988 0.0)
(9.8651671118023 -0.021980893541653442 0.0)
(9.976771021727487 -0.02255501258351828 0.0)
(9.999999999999996 -0.022746524278987507 0.0)
(9.93434008938364 -0.022555012583516575 0.0)
(9.77927733264213 -0.021980893541650132 0.0)
(9.534356952137758 -0.021028027713380696 0.0)
(9.198998250014714 -0.019701918730051147 0.0)
(8.772800211206548 -0.018012826401906733 0.0)
(8.254806262557954 -0.015975617372509045 0.0)
(7.646435011116458 -0.013574539682750067 0.0)
(6.937590623609827 -0.010732543946687793 0.0)
(6.122407979730086 -0.008093337884402184 0.0)
(5.246968385835084 -0.006819209387796218 0.0)
(4.330661492997725 -0.006309273515370835 0.0)
(3.356879411112241 -0.004959918378824204 0.0)
(2.3210004987179205 -0.0026653953172521734 0.0)
(1.2061662285482235 -0.0007658409189165507 0.0)
(-0.020913155871977382 -5.958012152512257e-05 0.0)
(0.020901707839720614 -5.967370098201138e-05 0.0)
(1.371560526309725 -0.0007670531873758461 0.0)
(2.6565804760922607 -0.0026696087682076424 0.0)
(3.84254830618316 -0.004967671807806172 0.0)
(4.912912401833178 -0.006319689057315251 0.0)
(5.864219348757845 -0.006834432599747981 0.0)
(6.679366447930389 -0.00811927243751566 0.0)
(7.3747600079239035 -0.010768592539642949 0.0)
(7.998009455685234 -0.01361250202653308 0.0)
(8.545232778679978 -0.016012046876942708 0.0)
(9.00503982165333 -0.01804761569559878 0.0)
(9.378811575194232 -0.01973489522619677 0.0)
(9.665663186606155 -0.021059337112417142 0.0)
(9.865178534648631 -0.02201087767412591 0.0)
(9.976776095181675 -0.022584158316173913 0.0)
(9.999999999999996 -0.02277537926463392 0.0)
(9.934335015929452 -0.022584158316172213 0.0)
(9.779265909795798 -0.022010877674122614 0.0)
(9.534336813393852 -0.02105933711241287 0.0)
(9.19896620258356 -0.019734895226191065 0.0)
(8.772737956124447 -0.01804761569559267 0.0)
(8.254767221320044 -0.016012046876934995 0.0)
(7.64643498875922 -0.013612502026524689 0.0)
(6.9363511031871905 -0.010768592539635713 0.0)
(6.120633552069584 -0.00811927243750858 0.0)
(5.246891762353243 -0.006834432599740756 0.0)
(4.331532042611241 -0.006319689057311163 0.0)
(3.35745169381684 -0.004967671807804784 0.0)
(2.32119730168551 -0.002669608768207413 0.0)
(1.2062172514680372 -0.0007670531873756836 0.0)
(-0.02090170783972467 -5.967370098199515e-05 0.0)
(0.02089996518321417 -5.9752530153061296e-05 0.0)
(1.371544582562622 -0.0007680206411523128 0.0)
(2.6564449347639663 -0.002672612341398917 0.0)
(3.8420116376946143 -0.004972015039433183 0.0)
(4.911902049828194 -0.006323236833984764 0.0)
(5.8639020194256135 -0.0068387185499742 0.0)
(6.680873597413774 -0.008131360322199292 0.0)
(7.3761256763769705 -0.010790644654095901 0.0)
(7.998113089423134 -0.013637700913309084 0.0)
(8.545282682639668 -0.01603671351950975 0.0)
(9.005114460211308 -0.01807155232217637 0.0)
(9.378850840765326 -0.019757873265054803 0.0)
(9.665687902943343 -0.021081363244214182 0.0)
(9.865192444664968 -0.0220321150271135 0.0)
(9.976782355373224 -0.02260488900524213 0.0)
(9.999999999999996 -0.022795930968785984 0.0)
(9.934328755737903 -0.022604889005240436 0.0)
(9.779251999779463 -0.022032115027110208 0.0)
(9.534312097056665 -0.02108136324420991 0.0)
(9.198926937012466 -0.019757873265049106 0.0)
(8.772663317566469 -0.018071552322170267 0.0)
(8.254717317360354 -0.016036713519502043 0.0)
(7.646331355021319 -0.013637700913300696 0.0)
(6.93498543473412 -0.010790644654088662 0.0)
(6.119126402586197 -0.008131360322192182 0.0)
(5.247209091685478 -0.00683871854996694 0.0)
(4.332542394616228 -0.006323236833980655 0.0)
(3.357988362305387 -0.004972015039431791 0.0)
(2.3213328430138045 -0.0026726123413986893 0.0)
(1.2062331952151402 -0.0007680206411521511 0.0)
(-0.020899965183218266 -5.9752530153045216e-05 0.0)
(0.02090800447159281 -5.9813145428726724e-05 0.0)
(1.371564418527309 -0.0007687007720970833 0.0)
(2.6563766105129663 -0.0026742740653150888 0.0)
(3.8415341636536997 -0.004972757240054659 0.0)
(4.910796288450451 -0.006319760962567077 0.0)
(5.8632046801496305 -0.0068318789216700775 0.0)
(6.682047247328995 -0.00812907041892133 0.0)
(7.377557487887064 -0.010797731360488057 0.0)
(7.9983157810648455 -0.013649029150101633 0.0)
(8.545341256632446 -0.016048533493069853 0.0)
(9.00519820276347 -0.018083584550064643 0.0)
(9.378895599218998 -0.01976984323364069 0.0)
(9.665716110883173 -0.02109313832084061 0.0)
(9.865208230670637 -0.022043672470178587 0.0)
(9.976789527240769 -0.022616293782170997 0.0)
(9.999999999999996 -0.02280727638716155 0.0)
(9.934321583870359 -0.022616293782169297 0.0)
(9.779236213773792 -0.022043672470175284 0.0)
(9.534283889116834 -0.02109313832083633 0.0)
(9.198882178558794 -0.019769843233634978 0.0)
(8.772579575014307 -0.018083584550058526 0.0)
(8.254658743367576 -0.016048533493062126 0.0)
(7.646128663379606 -0.013649029150093217 0.0)
(6.933553623224023 -0.010797731360480773 0.0)
(6.117952752670973 -0.008129070418914157 0.0)
(5.247906430961464 -0.0068318789216627535 0.0)
(4.333648155993974 -0.006319760962562929 0.0)
(3.3584658363463027 -0.004972757240053254 0.0)
(2.3214011672648045 -0.0026742740653148593 0.0)
(1.206213359250453 -0.0007687007720969223 0.0)
(-0.02090800447159697 -5.981314542871071e-05 0.0)
(0.020925472473232624 -5.985288348468741e-05 0.0)
(1.3716191626477865 -0.0007690636965007095 0.0)
(2.656378505381854 -0.0026745209268473195 0.0)
(3.84113686339626 -0.00496986579873311 0.0)
(4.909643702831953 -0.006309414166493355 0.0)
(5.862157970741935 -0.00681421423559055 0.0)
(6.682835829645913 -0.008112503341842547 0.0)
(7.378992531275854 -0.010789541281905311 0.0)
(7.998608624710446 -0.013645988994910485 0.0)
(8.545405927024225 -0.016046987449608828 0.0)
(9.00528736981528 -0.018083183705182537 0.0)
(9.378943883950678 -0.01977027919343319 0.0)
(9.665746571020374 -0.02109414496697136 0.0)
(9.865225199057432 -0.022045042190416624 0.0)
(9.976797295665571 -0.022617871541926703 0.0)
(9.999999999999996 -0.022808917022833036 0.0)
(9.934313815445556 -0.022617871541924996 0.0)
(9.779219245386999 -0.022045042190413307 0.0)
(9.534253428979632 -0.021094144966967047 0.0)
(9.198833893827114 -0.019770279193427446 0.0)
(8.772490407962497 -0.01808318370517637 0.0)
(8.254594072975797 -0.016046987449601053 0.0)
(7.645835819734005 -0.013645988994902011 0.0)
(6.93211857983523 -0.010789541281897947 0.0)
(6.117164170354057 -0.008112503341835277 0.0)
(5.248953140369164 -0.006814214235583138 0.0)
(4.334800741612475 -0.006309414166489152 0.0)
(3.358863136603743 -0.004969865798731681 0.0)
(2.321399272395917 -0.002674520926847085 0.0)
(1.2061586151299752 -0.000769063696500548 0.0)
(-0.020925472473236874 -5.985288348467142e-05 0.0)
(0.020951601676098375 -5.9869998303463176e-05 0.0)
(1.3717064095675524 -0.0007690934681288473 0.0)
(2.6564505361135566 -0.002673342079351503 0.0)
(3.8408371935687673 -0.004963467760110461 0.0)
(4.908494935476182 -0.006292651065054149 0.0)
(5.860807881699001 -0.006786500645725322 0.0)
(6.683204695500189 -0.008082387018021178 0.0)
(7.380367753362177 -0.01076643427541726 0.0)
(7.998978753345889 -0.013628714026592936 0.0)
(8.545473852316304 -0.016032143319447946 0.0)
(9.005378043529607 -0.018070367399920833 0.0)
(9.378993573417588 -0.019759161989156605 0.0)
(9.665777944992245 -0.021084338952417042 0.0)
(9.865242604265477 -0.02203616400482619 0.0)
(9.976805319317256 -0.022609552960632023 0.0)
(9.999999999999996 -0.022800780789270506 0.0)
(9.934305791793872 -0.022609552960630296 0.0)
(9.779201840178953 -0.022036164004822844 0.0)
(9.534222055007763 -0.021084338952412702 0.0)
(9.198784204360203 -0.01975916198915081 0.0)
(8.77239973424817 -0.018070367399914605 0.0)
(8.254526147683718 -0.016032143319440088 0.0)
(7.64546569109856 -0.013628714026584368 0.0)
(6.930743357748904 -0.010766434275409782 0.0)
(6.116795304499782 -0.00808238701801378 0.0)
(5.250303229412102 -0.0067865006457178 0.0)
(4.335949508968248 -0.006292651065049877 0.0)
(3.359162806431236 -0.004963467760109004 0.0)
(2.3213272416642132 -0.0026733420793512595 0.0)
(1.2060713682102089 -0.0007690934681286844 0.0)
(-0.02095160167610273 -5.9869998303447137e-05 0.0)
)
