(
(-0.02384710528497102 -4.385747486575851e-05 0.0)
(1.217005591911414 -0.0007303382157522231 0.0)
(2.390205250343017 -0.00366829245021085 0.0)
(3.5125961142267377 -0.010663091524006078 0.0)
(4.556906385292567 -0.022423605305855143 0.0)
(5.494310737630166 -0.038257975174450176 0.0)
(6.33009018383211 -0.05605298757111049 0.0)
(7.085160337674738 -0.07297692181046973 0.0)
(7.7619539521284775 -0.08782313753255674 0.0)
(8.351764276320564 -0.10089343988944564 0.0)
(8.850450140563321 -0.11221167376296824 0.0)
(9.259094557825087 -0.12161580540062795 0.0)
(9.578247114587704 -0.12900762249504588 0.0)
(9.80798166402605 -0.13432299493245514 0.0)
(9.948521625074692 -0.13752459096669103 0.0)
(10.000000000000007 -0.1385936555665613 0.0)
(9.962589486036437 -0.13752459096669162 0.0)
(9.836462780418405 -0.13432299493245659 0.0)
(9.621752885412311 -0.12900762249504635 0.0)
(9.318683219952694 -0.1216158054006305 0.0)
(8.927327637214468 -0.11221167376297099 0.0)
(8.448235723679451 -0.10089343988944974 0.0)
(7.882490492315963 -0.08782313753256211 0.0)
(7.225950773436351 -0.07297692181047404 0.0)
(6.469909816167892 -0.056052987571113606 0.0)
(5.616800373480922 -0.03825797517445341 0.0)
(4.68753805915182 -0.022423605305857262 0.0)
(3.687403885773221 -0.010663091524007087 0.0)
(2.5875725274347454 -0.0036682924502115175 0.0)
(1.360772185866365 -0.0007303382157524438 0.0)
(0.02384710528495904 -4.3857474865779e-05 0.0)
(-0.023813148085745625 -4.3795766133860024e-05 0.0)
(1.217129605820392 -0.0007293592160191234 0.0)
(2.3904361050397616 -0.003663689901228145 0.0)
(3.5127910275016254 -0.010650665253360087 0.0)
(4.556554529564654 -0.022399269462813818 0.0)
(5.492983825846258 -0.03821939997376801 0.0)
(6.328961568177163 -0.056003267774890717 0.0)
(7.085417635045308 -0.07292536032110851 0.0)
(7.762300261106167 -0.08777544357535125 0.0)
(8.351795407746579 -0.10084929356455659 0.0)
(8.850483277177657 -0.11217078715082802 0.0)
(9.259114434827534 -0.12157801425889979 0.0)
(9.578259744703587 -0.1289724428446859 0.0)
(9.807988462679655 -0.13428978415525555 0.0)
(9.948524918978118 -0.13749260014652068 0.0)
(10.000000000000007 -0.13856207684995517 0.0)
(9.962586192133012 -0.1374926001465212 0.0)
(9.8364559817648 -0.13428978415525694 0.0)
(9.621740255296428 -0.12897244284468637 0.0)
(9.318663342950249 -0.12157801425890225 0.0)
(8.927294500600132 -0.11217078715083069 0.0)
(8.448204592253438 -0.1008492935645606 0.0)
(7.882144183338273 -0.08777544357535651 0.0)
(7.225693476065781 -0.0729253603211127 0.0)
(6.471038431822843 -0.05600326777489369 0.0)
(5.618127285264834 -0.03821939997377115 0.0)
(4.687889914879735 -0.022399269462815875 0.0)
(3.6872089724983326 -0.010650665253361065 0.0)
(2.5873416727380003 -0.0036636899012288003 0.0)
(1.3606481719573866 -0.0007293592160193413 0.0)
(0.023813148085733562 -4.379576613388031e-05 0.0)
(-0.02378022174445317 -4.372443625217602e-05 0.0)
(1.217251310260944 -0.0007282705951921466 0.0)
(2.390678742913911 -0.003658806660241314 0.0)
(3.513060033732721 -0.010638053277709645 0.0)
(4.5563695892506635 -0.02237532315519569 0.0)
(5.491755748966274 -0.038181645453367 0.0)
(6.327647050312996 -0.05595360861352115 0.0)
(7.0854576457725145 -0.07287241598753709 0.0)
(7.762617613211776 -0.0877257411609115 0.0)
(8.351817770073335 -0.10080308428401301 0.0)
(8.850503810553965 -0.11212782411497445 0.0)
(9.259127588294406 -0.12153817421606404 0.0)
(9.578268138072652 -0.12893525926659077 0.0)
(9.807992888755045 -0.13425461415993967 0.0)
(9.948527136169963 -0.13745868053355423 0.0)
(10.000000000000007 -0.1385285808082495 0.0)
(9.962583974941165 -0.1374586805335548 0.0)
(9.83645155568941 -0.134254614159941 0.0)
(9.621731861927364 -0.1289352592665912 0.0)
(9.318650189483375 -0.12153817421606644 0.0)
(8.927273967223824 -0.11212782411497703 0.0)
(8.44818222992668 -0.10080308428401691 0.0)
(7.8818268312326625 -0.08772574116091665 0.0)
(7.225653465338575 -0.07287241598754114 0.0)
(6.472352949687013 -0.055953608613524004 0.0)
(5.6193553621448205 -0.03818164545337005 0.0)
(4.688074855193724 -0.02237532315519769 0.0)
(3.686939966267236 -0.010638053277710592 0.0)
(2.5870990348638503 -0.0036588066602419563 0.0)
(1.3605264675168345 -0.0007282705951923616 0.0)
(0.02378022174444103 -4.372443625219611e-05 0.0)
(-0.023749772984292997 -4.3646619325213376e-05 0.0)
(1.2173653577626036 -0.0007271201852788544 0.0)
(2.3909225029011685 -0.00365385728792568 0.0)
(3.513391313278363 -0.010625809744191882 0.0)
(4.556359690289657 -0.022352818539948974 0.0)
(5.490680466441618 -0.0381463704778036 0.0)
(6.326204387749719 -0.05590619201970351 0.0)
(7.085278611858201 -0.07282041508691368 0.0)
(7.762892064574364 -0.08767621412240004 0.0)
(8.351830380741108 -0.1007568423990645 0.0)
(8.850510838493255 -0.11208467237260426 0.0)
(9.259133440286435 -0.12149803577071762 0.0)
(9.578271925905618 -0.12889770553915664 0.0)
(9.807994747778567 -0.13421903025175996 0.0)
(9.948528179230879 -0.13742432249353134 0.0)
(10.000000000000007 -0.13849463919623753 0.0)
(9.96258293188025 -0.13742432249353187 0.0)
(9.836449696665888 -0.1342190302517613 0.0)
(9.621728074094397 -0.128897705539157 0.0)
(9.318644337491346 -0.12149803577071996 0.0)
(8.927266939284534 -0.11208467237260679 0.0)
(8.448169619258907 -0.10075684239906832 0.0)
(7.881552379870074 -0.08767621412240507 0.0)
(7.22583249925289 -0.0728204150869176 0.0)
(6.473795612250295 -0.055906192019706265 0.0)
(5.6204306446694785 -0.03814637047780657 0.0)
(4.68808475415473 -0.022352818539950928 0.0)
(3.6866086867215926 -0.010625809744192801 0.0)
(2.586855274876592 -0.0036538572879263103 0.0)
(1.3604124200151746 -0.0007271201852790663 0.0)
(0.023749772984280795 -4.3646619325233244e-05 0.0)
(-0.02372313966808212 -4.3565734486380774e-05 0.0)
(1.2174667372867922 -0.0007259585331862215 0.0)
(2.391156674633641 -0.0036490592506461723 0.0)
(3.5137703103213758 -0.010614472611270652 0.0)
(4.5565252676238694 -0.02233274442869657 0.0)
(5.489805224219249 -0.038115124964970326 0.0)
(6.324696968441086 -0.05586310139182393 0.0)
(7.084888399725029 -0.07277164244367869 0.0)
(7.763111556303154 -0.08762903858728188 0.0)
(8.351832685660225 -0.10071259969353856 0.0)
(8.850504052200733 -0.11204322793233333 0.0)
(9.259131733677796 -0.12145936253271782 0.0)
(9.578270941772036 -0.12886143170446424 0.0)
(9.807993958068128 -0.13418459592254295 0.0)
(9.948528002330672 -0.13739103565587432 0.0)
(10.000000000000007 -0.1384617433462567 0.0)
(9.962583108780457 -0.13739103565587485 0.0)
(9.836450486376327 -0.13418459592254423 0.0)
(9.62172905822798 -0.12886143170446454 0.0)
(9.318646044099985 -0.1214593625327201 0.0)
(8.927273725577056 -0.11204322793233577 0.0)
(8.44816731433979 -0.10071259969354229 0.0)
(7.8813328881412845 -0.08762903858728684 0.0)
(7.226222711386064 -0.07277164244368252 0.0)
(6.475303031558932 -0.055863101391826604 0.0)
(5.621305886891849 -0.03811512496497324 0.0)
(4.687919176820516 -0.022332744428698488 0.0)
(3.686229689678579 -0.010614472611271547 0.0)
(2.586621103144119 -0.003649059250646792 0.0)
(1.3603110404909857 -0.0007259585331864306 0.0)
(0.023723139668069864 -4.3565734486400425e-05 0.0)
(-0.023701492015010567 -4.348533566752188e-05 0.0)
(1.2175509944026854 -0.0007248366797820155 0.0)
(2.391370969033808 -0.003644623365383091 0.0)
(3.5141803724250438 -0.010604540011825814 0.0)
(4.55685904608815 -0.022315982841162377 0.0)
(5.489168478841208 -0.038089281785539025 0.0)
(6.323191025633772 -0.055826230053239376 0.0)
(7.084304154580258 -0.07272824103854884 0.0)
(7.76326644433313 -0.0875862873622649 0.0)
(8.351824583556759 -0.10067230011097623 0.0)
(8.850483749853677 -0.11200531178704672 0.0)
(9.259122543453751 -0.12142385373339169 0.0)
(9.578265228912933 -0.1288280315684489 0.0)
(9.807990554322158 -0.13415282415371854 0.0)
(9.948526613242018 -0.13736028258333324 0.0)
(10.000000000000007 -0.1384313386417739 0.0)
(9.962584497869111 -0.13736028258333377 0.0)
(9.836453890122295 -0.13415282415371982 0.0)
(9.621734771087084 -0.12882803156844921 0.0)
(9.318655234324032 -0.12142385373339395 0.0)
(8.927294027924113 -0.1120053117870491 0.0)
(8.448175416443256 -0.10067230011097991 0.0)
(7.881178000111308 -0.0875862873622698 0.0)
(7.226806956530837 -0.07272824103855259 0.0)
(6.476808974366249 -0.05582623005324199 0.0)
(5.62194263226989 -0.0380892817855419 0.0)
(4.687585398356234 -0.02231598284116426 0.0)
(3.6858196275749098 -0.010604540011826692 0.0)
(2.5864068087439516 -0.003644623365383701 0.0)
(1.3602267833750923 -0.0007248366797822222 0.0)
(0.02370149201499828 -4.348533566754136e-05 0.0)
(-0.023685781183351032 -4.34089554456519e-05 0.0)
(1.217614427006755 -0.0007238039172524445 0.0)
(2.391555970397767 -0.003640744536819672 0.0)
(3.51460348221072 -0.010596448366105803 0.0)
(4.557346360067411 -0.022303270250838173 0.0)
(5.488798207734513 -0.03806997644153516 0.0)
(6.321752727699685 -0.055797198063113035 0.0)
(7.083551547086702 -0.07269211784986492 0.0)
(7.763349923167616 -0.08754983885796522 0.0)
(8.351806430422313 -0.10063771434130935 0.0)
(8.850450823500072 -0.11197258990280264 0.0)
(9.259106273415929 -0.1213930695644201 0.0)
(9.578255038340886 -0.12879897267198331 0.0)
(9.807984686095033 -0.13412511093868418 0.0)
(9.948524072998929 -0.13733341450965444 0.0)
(10.000000000000007 -0.13840476100988022 0.0)
(9.9625870381122 -0.13733341450965492 0.0)
(9.836459758349422 -0.13412511093868545 0.0)
(9.621744961659129 -0.12879897267198362 0.0)
(9.318671504361852 -0.12139306956442233 0.0)
(8.927326954277717 -0.111972589902805 0.0)
(8.448193569577702 -0.10063771434131297 0.0)
(7.881094521276823 -0.08754983885797003 0.0)
(7.2275595640243955 -0.07269211784986863 0.0)
(6.478247272300338 -0.05579719806311561 0.0)
(5.622312903376585 -0.038069976441538006 0.0)
(4.687098084376971 -0.02230327025084005 0.0)
(3.6853965177892327 -0.010596448366106667 0.0)
(2.5862218073799923 -0.003640744536820277 0.0)
(1.3601633507710227 -0.0007238039172526493 0.0)
(0.023685781183338733 -4.34089554456712e-05 0.0)
(-0.02367669747830449 -4.33399498279861e-05 0.0)
(1.217654247986425 -0.0007229056232936727 0.0)
(2.391703550104036 -0.0036375931935868776 0.0)
(3.5150210490084786 -0.010590553206220304 0.0)
(4.557965797876919 -0.022295165225685785 0.0)
(5.488710679934201 -0.03805805717445611 0.0)
(6.32044527081876 -0.05577728103397854 0.0)
(7.082663645440772 -0.0726648600644522 0.0)
(7.763358324899344 -0.08752129455498109 0.0)
(8.351779023872403 -0.10061036201998415 0.0)
(8.850406719863662 -0.11194650001933183 0.0)
(9.25908363844003 -0.12136836262586963 0.0)
(9.578240817810991 -0.1287755318098165 0.0)
(9.807976611225913 -0.13410267394540853 0.0)
(9.948520493215039 -0.1373116119688416 0.0)
(10.000000000000007 -0.13838317822309873 0.0)
(9.96259061789609 -0.13731161196884206 0.0)
(9.836467833218542 -0.13410267394540976 0.0)
(9.621759182189024 -0.12877553180981674 0.0)
(9.318694139337751 -0.12136836262587183 0.0)
(8.927371057914128 -0.11194650001933416 0.0)
(8.448220976127613 -0.10061036201998774 0.0)
(7.8810861195450945 -0.08752129455498588 0.0)
(7.228447465670328 -0.07266486006445587 0.0)
(6.479554729181267 -0.0557772810339811 0.0)
(5.622400431176896 -0.03805805717445897 0.0)
(4.686478646567462 -0.022295165225687662 0.0)
(3.684978950991473 -0.010590553206221164 0.0)
(2.5860742276737234 -0.0036375931935874782 0.0)
(1.3601235297913528 -0.000722905623293876 0.0)
(0.023676697478292198 -4.333994982800526e-05 0.0)
(-0.02367464002125251 -4.3281350795122525e-05 0.0)
(1.217668707680699 -0.0007221812672988654 0.0)
(2.3918072237703107 -0.0036353077999411363 0.0)
(3.515414725697143 -0.010587113554709794 0.0)
(4.5586901425525514 -0.022292023885682685 0.0)
(5.488909741251689 -0.03805404769509166 0.0)
(6.319326102254418 -0.05576735408365889 0.0)
(7.08167946241642 -0.072647665339535 0.0)
(7.763291280371592 -0.0875019086377653 0.0)
(8.351743568100693 -0.10059144495796003 0.0)
(8.850353376777543 -0.11192818847838391 0.0)
(9.259055633065485 -0.1213508184954201 0.0)
(9.578223192147313 -0.12875873893054807 0.0)
(9.807966684509774 -0.13408649901432873 0.0)
(9.948516031179503 -0.1372958329246514 0.0)
(10.000000000000007 -0.13836753858959597 0.0)
(9.962595079931624 -0.13729583292465186 0.0)
(9.836477759934679 -0.13408649901433 0.0)
(9.621776807852703 -0.12875873893054832 0.0)
(9.318722144712298 -0.12135081849542231 0.0)
(8.927424401000247 -0.11192818847838622 0.0)
(8.448256431899322 -0.10059144495796363 0.0)
(7.881153164072846 -0.08750190863777009 0.0)
(7.229431648694683 -0.07264766533953866 0.0)
(6.4806738977456115 -0.055767354083661465 0.0)
(5.622201369859406 -0.03805404769509453 0.0)
(4.685754301891826 -0.022292023885684575 0.0)
(3.684585274302808 -0.010587113554710658 0.0)
(2.5859705540074485 -0.003635307799941735 0.0)
(1.360109070097079 -0.0007221812672990678 0.0)
(0.023674640021240246 -4.328135079514158e-05 0.0)
(-0.02367969921309395 -4.32357330813613e-05 0.0)
(1.2176571707570636 -0.000721662676145263 0.0)
(2.3918624361653613 -0.0036339887718982327 0.0)
(3.5157672148432253 -0.010586280543568988 0.0)
(4.559487567714415 -0.022293984255561682 0.0)
(5.489386645296861 -0.03805812417262994 0.0)
(6.318444396225914 -0.05576785338419027 0.0)
(7.080642241215223 -0.0726412891798693 0.0)
(7.763151735398257 -0.08749253288805481 0.0)
(8.35170162096893 -0.10058179433633453 0.0)
(8.850293138039332 -0.11191845985556807 0.0)
(9.259023487797213 -0.12134120803006739 0.0)
(9.578202935789271 -0.12874933188257148 0.0)
(9.807955342108365 -0.1340772968423254 0.0)
(9.948510882946001 -0.1372867706794186 0.0)
(10.000000000000005 -0.13835852928625617 0.0)
(9.962600228165128 -0.13728677067941908 0.0)
(9.836489102336088 -0.1340772968423266 0.0)
(9.621797064210746 -0.12874933188257173 0.0)
(9.318754289980568 -0.12134120803006959 0.0)
(8.927484639738458 -0.1119184598555704 0.0)
(8.448298379031085 -0.10058179433633813 0.0)
(7.881292709046183 -0.0874925328880596 0.0)
(7.2304688698958826 -0.07264128917987302 0.0)
(6.481555603774115 -0.0557678533841929 0.0)
(5.621724465814232 -0.03805812417263285 0.0)
(4.684956876729961 -0.0222939842555636 0.0)
(3.684232785156725 -0.01058628054356986 0.0)
(2.585915341612398 -0.0036339887718988316 0.0)
(1.3601206070207144 -0.000721662676145465 0.0)
(0.023679699213081735 -4.3235733081380304e-05 0.0)
(-0.02369165276219483 -4.320510104558985e-05 0.0)
(1.2176201441268373 -0.0007213726357794193 0.0)
(2.391866761357557 -0.0036336940651372778 0.0)
(3.516063028718506 -0.010588090773783455 0.0)
(4.560323035959743 -0.022300960200256705 0.0)
(5.490120437778441 -0.03807010749410562 0.0)
(6.317838893283107 -0.05577875699722079 0.0)
(7.0795975554392205 -0.07264601174224598 0.0)
(7.762945821330175 -0.08749357925913939 0.0)
(8.35165502555734 -0.10058183418576659 0.0)
(8.850228650428981 -0.11191774160877287 0.0)
(9.2589886150395 -0.12133995349607725 0.0)
(9.578180938764175 -0.12874772399436513 0.0)
(9.807943082386053 -0.13407547175600126 0.0)
(9.948505274718494 -0.13728482341161982 0.0)
(10.000000000000005 -0.13835654616538598 0.0)
(9.962605836392635 -0.13728482341162035 0.0)
(9.8365013620584 -0.13407547175600254 0.0)
(9.62181906123584 -0.12874772399436538 0.0)
(9.318789162738282 -0.12133995349607948 0.0)
(8.927549127348808 -0.11191774160877523 0.0)
(8.448344974442675 -0.10058183418577021 0.0)
(7.881498623114266 -0.08749357925914426 0.0)
(7.231513555671888 -0.07264601174224976 0.0)
(6.482161106716922 -0.05577875699722349 0.0)
(5.620990673332649 -0.03807010749410861 0.0)
(4.68412140848463 -0.02230096020025866 0.0)
(3.6839369712814434 -0.010588090773784344 0.0)
(2.5859110164202024 -0.003633694065137881 0.0)
(1.360157633650941 -0.0007213726357796215 0.0)
(0.023691652762182675 -4.320510104560882e-05 0.0)
(-0.023709975451476052 -4.319080060342022e-05 0.0)
(1.2175592546724143 -0.0007213238900443951 0.0)
(2.3918200093058655 -0.0036344366285341978 0.0)
(3.5162891698024827 -0.010592464707149297 0.0)
(4.561159838342284 -0.022312645209519966 0.0)
(5.491078877197225 -0.03808947113429595 0.0)
(6.317536198117567 -0.05579958583794149 0.0)
(7.078591306670211 -0.07266162552591392 0.0)
(7.7626825856547885 -0.08750500177538795 0.0)
(8.351605829183068 -0.10059156275534502 0.0)
(8.850162747414114 -0.11192606529644845 0.0)
(9.258952547037518 -0.12134711001537808 0.0)
(9.578158167581071 -0.12875398591359516 0.0)
(9.807930444012609 -0.13408110394631068 0.0)
(9.948499452912237 -0.13729007668063978 0.0)
(10.000000000000005 -0.13836167636168853 0.0)
(9.962611658198892 -0.1372900766806403 0.0)
(9.836514000431846 -0.1340811039463119 0.0)
(9.621841832418944 -0.12875398591359546 0.0)
(9.318825230740263 -0.12134711001538034 0.0)
(8.927615030363675 -0.11192606529645087 0.0)
(8.448394170816947 -0.10059156275534872 0.0)
(7.881761858789653 -0.08750500177539287 0.0)
(7.2325198044409 -0.07266162552591775 0.0)
(6.482463801882462 -0.055799585837944275 0.0)
(5.620032233913861 -0.038089471134299 0.0)
(4.683284606102088 -0.022312645209521968 0.0)
(3.6837108301974664 -0.010592464707150206 0.0)
(2.5859577684718946 -0.003634436628534807 0.0)
(1.3602185231053643 -0.0007213238900445982 0.0)
(0.023709975451463968 -4.3190800603439235e-05 0.0)
(-0.023733862215491015 -4.319346009011946e-05 0.0)
(1.2174771777650273 -0.0007215185807386101 0.0)
(2.3917242342099074 -0.0036361838352118136 0.0)
(3.5164357018696384 -0.010599210161036304 0.0)
(4.561961207296233 -0.022328525865421566 0.0)
(5.492219851478567 -0.038115364290275705 0.0)
(6.3175496106011035 -0.05582942472519638 0.0)
(7.077667707638224 -0.0726874444897833 0.0)
(7.762373594466099 -0.08752629855233338 0.0)
(8.351556193444797 -0.10061055258952052 0.0)
(8.850098324652636 -0.11194306519098614 0.0)
(9.25891686855329 -0.12136236314360434 0.0)
(9.578135622764083 -0.12876784250298656 0.0)
(9.807917982295038 -0.1340939459451151 0.0)
(9.948493673326748 -0.1373022996674483 0.0)
(10.000000000000005 -0.13837369446372363 0.0)
(9.96261743778438 -0.13730229966744883 0.0)
(9.836526462149417 -0.13409394594511642 0.0)
(9.621864377235934 -0.12876784250298687 0.0)
(9.31886090922449 -0.12136236314360663 0.0)
(8.927679453125153 -0.11194306519098861 0.0)
(8.44844380655522 -0.10061055258952428 0.0)
(7.882070849978343 -0.08752629855233836 0.0)
(7.233443403472888 -0.07268744448978724 0.0)
(6.482450389398925 -0.05582942472519927 0.0)
(5.618891259632515 -0.03811536429027887 0.0)
(4.682483237148137 -0.02232852586542363 0.0)
(3.683564298130311 -0.010599210161037237 0.0)
(2.5860535435678527 -0.0036361838352124308 0.0)
(1.3603006000127515 -0.0007215185807388144 0.0)
(0.023733862215479015 -4.3193460090138525e-05 0.0)
(-0.023762263513528496 -4.321296265270737e-05 0.0)
(1.2173775197138317 -0.0007219481535091365 0.0)
(2.391583644252184 -0.003638858916105134 0.0)
(3.516496186569015 -0.010608030752541135 0.0)
(4.562691932135819 -0.022347904400994028 0.0)
(5.493493228299899 -0.038146649264141366 0.0)
(6.317878541413725 -0.05586696259286818 0.0)
(7.076867339595049 -0.07272233419581618 0.0)
(7.762032424271654 -0.08755653384855805 0.0)
(8.351508299246056 -0.10063796930972028 0.0)
(8.85003821276283 -0.11196799434812037 0.0)
(9.258883147234144 -0.12138504268620652 0.0)
(9.578114294891224 -0.12878868492935136 0.0)
(9.807906244778414 -0.13411343349848098 0.0)
(9.94848818990644 -0.13732095531636632 0.0)
(10.000000000000005 -0.13839207241807436 0.0)
(9.962622921204689 -0.13732095531636684 0.0)
(9.83653819966604 -0.13411343349848226 0.0)
(9.621885705108792 -0.12878868492935172 0.0)
(9.318894630543639 -0.12138504268620887 0.0)
(8.92773956501496 -0.11196799434812292 0.0)
(8.448491700753959 -0.10063796930972413 0.0)
(7.882412020172789 -0.08755653384856314 0.0)
(7.234243771516065 -0.07272233419582023 0.0)
(6.4821214585863 -0.05586696259287118 0.0)
(5.61761788281118 -0.03814664926414463 0.0)
(4.681752512308549 -0.022347904400996155 0.0)
(3.6835038134309346 -0.010608030752542102 0.0)
(2.5861941335255767 -0.0036388589161057607 0.0)
(1.3604002580639474 -0.0007219481535093431 0.0)
(0.023762263513516586 -4.321296265272655e-05 0.0)
(-0.02379393144451144 -4.324845138426278e-05 0.0)
(1.2172646593112777 -0.0007225937337143189 0.0)
(2.3914044166982356 -0.00364234433305363 0.0)
(3.5164679663135754 -0.010618538921009894 0.0)
(4.563319906148413 -0.02236992935883633 0.0)
(5.494843057813267 -0.0381819514513755 0.0)
(6.318508537937289 -0.05591055009572497 0.0)
(7.076225369248271 -0.07276476165415842 0.0)
(7.761674065465643 -0.08759437918045976 0.0)
(8.351464250970324 -0.10067260827541623 0.0)
(8.849985052951162 -0.11199975742629327 0.0)
(9.258852864733147 -0.12141415214557373 0.0)
(9.578095121070211 -0.1288155974146052 0.0)
(9.807895747187745 -0.1341387103589648 0.0)
(9.94848324358277 -0.13734522393230988 0.0)
(10.000000000000005 -0.13841600273104807 0.0)
(9.96262786752836 -0.13734522393231047 0.0)
(9.83654869725671 -0.13413871035896613 0.0)
(9.621904878929804 -0.1288155974146056 0.0)
(9.318924913044635 -0.12141415214557616 0.0)
(8.927792724826627 -0.11199975742629588 0.0)
(8.448535749029693 -0.10067260827542018 0.0)
(7.882770378978801 -0.08759437918046496 0.0)
(7.234885741862843 -0.07276476165416261 0.0)
(6.481491462062733 -0.055910550095728116 0.0)
(5.616268053297809 -0.03818195145137886 0.0)
(4.681124538295954 -0.022369929358838518 0.0)
(3.6835320336863746 -0.01061853892101089 0.0)
(2.586373361079526 -0.003642344333054268 0.0)
(1.3605131184665018 -0.0007225937337145278 0.0)
(0.02379393144449962 -4.324845138428211e-05 0.0)
(-0.023827474577487295 -4.3298366974845935e-05 0.0)
(1.2171435554369814 -0.0007234269557409972 0.0)
(2.3911944264788945 -0.0036464869432129734 0.0)
(3.5163522810497163 -0.010630272956744204 0.0)
(4.5638175373047485 -0.022393633002594397 0.0)
(5.496210030979299 -0.03821971973845456 0.0)
(6.319411919277095 -0.05595827207863234 0.0)
(7.075770003600476 -0.07281286267990926 0.0)
(7.761314263678404 -0.08763817169339083 0.0)
(8.351425984018247 -0.10071294751382588 0.0)
(8.849941180962503 -0.11203695881395882 0.0)
(9.258827351607996 -0.12144841250531567 0.0)
(9.57807894376366 -0.12884739747338103 0.0)
(9.807886950767957 -0.1341686659075596 0.0)
(9.948479051688148 -0.1373740391966927 0.0)
(10.000000000000005 -0.13844443394847197 0.0)
(9.962632059422981 -0.13737403919669328 0.0)
(9.836557493676496 -0.134168665907561 0.0)
(9.621921056236355 -0.12884739747338145 0.0)
(9.318950426169787 -0.12144841250531818 0.0)
(8.927836596815288 -0.11203695881396152 0.0)
(8.448574015981768 -0.10071294751382992 0.0)
(7.883130180766041 -0.08763817169339615 0.0)
(7.235341107510639 -0.07281286267991359 0.0)
(6.4805880807229235 -0.05595827207863561 0.0)
(5.614901080131774 -0.038219719738458016 0.0)
(4.680626907139619 -0.022393633002596648 0.0)
(3.683647718950234 -0.010630272956745235 0.0)
(2.5865833512988674 -0.0036464869432136235 0.0)
(1.3606342223407983 -0.0007234269557412087 0.0)
(0.023827474577475565 -4.329836697486545e-05 0.0)
(-0.02386141908855853 -4.336051622472463e-05 0.0)
(1.2170195291736259 -0.0007244112093376557 0.0)
(2.390962900180233 -0.003651104727871454 0.0)
(3.516154213776292 -0.010642717287680716 0.0)
(4.564162960602205 -0.022417973837526087 0.0)
(5.497534085497883 -0.038258294655939426 0.0)
(6.320548992509763 -0.0560080317249662 0.0)
(7.07552125058516 -0.07286452380199558 0.0)
(7.7609688279422295 -0.08768598722444923 0.0)
(8.351395179769696 -0.10075721459261204 0.0)
(8.849908524451772 -0.11207796395020102 0.0)
(9.258807728858734 -0.12148631842790282 0.0)
(9.578066473772829 -0.12888268786927282 0.0)
(9.807880242017646 -0.1342019839522623 0.0)
(9.948475798406758 -0.13740613501951374 0.0)
(10.000000000000005 -0.1384761168546659 0.0)
(9.962635312704371 -0.13740613501951432 0.0)
(9.836564202426807 -0.13420198395226374 0.0)
(9.621933526227188 -0.12888268786927334 0.0)
(9.318970048919049 -0.12148631842790539 0.0)
(8.927869253326017 -0.1120779639502038 0.0)
(8.448604820230319 -0.10075721459261619 0.0)
(7.883475616502215 -0.08768598722445466 0.0)
(7.2355898605259545 -0.07286452380200002 0.0)
(6.479451007490253 -0.056008031724969605 0.0)
(5.613577025613186 -0.03825829465594298 0.0)
(4.680281483842162 -0.02241797383752841 0.0)
(3.6838457862236598 -0.01064271728768178 0.0)
(2.5868148775975293 -0.003651104727872118 0.0)
(1.3607582486041543 -0.0007244112093378701 0.0)
(0.02386141908854689 -4.336051622474432e-05 0.0)
(-0.023894273518008408 -4.3432168409557994e-05 0.0)
(1.2168980300083234 -0.0007255032482018981 0.0)
(2.390720010644249 -0.003655994790019178 0.0)
(3.515882467206942 -0.010655325132684343 0.0)
(4.5643409987730275 -0.02244188237187481 0.0)
(5.498757044835766 -0.038295981292526635 0.0)
(6.321869796717664 -0.056057642686899375 0.0)
(7.075490039954735 -0.07291747512522424 0.0)
(7.760652936071411 -0.08773572484667624 0.0)
(8.351373191706996 -0.10080346449731721 0.0)
(8.84988851828631 -0.11212097114435017 0.0)
(9.258794858673065 -0.12152620439644361 0.0)
(9.578058259006296 -0.12891991800684705 0.0)
(9.807875915707028 -0.1342372005591423 0.0)
(9.948473626681832 -0.1374401011690359 0.0)
(10.000000000000005 -0.13850965936069395 0.0)
(9.962637484429298 -0.13744010116903654 0.0)
(9.836568528737427 -0.13423720055914373 0.0)
(9.62194174099372 -0.12891991800684763 0.0)
(9.318982919104718 -0.12152620439644624 0.0)
(8.92788925949148 -0.11212097114435303 0.0)
(8.44862680829302 -0.10080346449732144 0.0)
(7.883791508373036 -0.08773572484668181 0.0)
(7.235621071156379 -0.07291747512522882 0.0)
(6.478130203282348 -0.056057642686902893 0.0)
(5.612354066275301 -0.03829598129253027 0.0)
(4.68010344567134 -0.022441882371877185 0.0)
(3.684117532793011 -0.010655325132685436 0.0)
(2.587057767133514 -0.0036559947900198534 0.0)
(1.3608797477694567 -0.0007255032482021155 0.0)
(0.023894273517996837 -4.34321684095779e-05 0.0)
(-0.02392459430231237 -4.3510175263428447e-05 0.0)
(1.2167843963921212 -0.0007266550901438585 0.0)
(2.390476429992799 -0.0036609422692714887 0.0)
(3.5155489813887772 -0.010667542526111018 0.0)
(4.5643438291457015 -0.022464308108380706 0.0)
(5.499825174396979 -0.038331123766350284 0.0)
(6.323316298180247 -0.056104925149525184 0.0)
(7.075677743047204 -0.07296939006532431 0.0)
(7.760380467776843 -0.08778519917994368 0.0)
(8.351360985945396 -0.10084966509174044 0.0)
(8.849882041500425 -0.11216409073897478 0.0)
(9.2587893065434 -0.1215663178944497 0.0)
(9.57805466040588 -0.1289574520619693 0.0)
(9.807874161926273 -0.13427276837492025 0.0)
(9.948472631934989 -0.1374744452347886 0.0)
(10.000000000000005 -0.1385435876702055 0.0)
(9.962638479176139 -0.1374744452347892 0.0)
(9.836570282518181 -0.1342727683749217 0.0)
(9.621945339594136 -0.12895745206196993 0.0)
(9.31898847123438 -0.12156631789445238 0.0)
(8.927895736277364 -0.11216409073897769 0.0)
(8.44863901405462 -0.10084966509174476 0.0)
(7.884063976667604 -0.08778519917994933 0.0)
(7.235433368063908 -0.07296939006532897 0.0)
(6.476683701819761 -0.0561049251495288 0.0)
(5.611285936714086 -0.038331123766354 0.0)
(4.680100615298667 -0.02246430810838313 0.0)
(3.6844510186111763 -0.010667542526112142 0.0)
(2.587301347784965 -0.003660942269272176 0.0)
(1.3609933813856594 -0.0007266550901440789 0.0)
(0.02392459430230087 -4.351017526344857e-05 0.0)
(-0.02395104920167842 -4.359110930788642e-05 0.0)
(1.216683621178228 -0.0007278161253358426 0.0)
(2.39024286071409 -0.003665729782441197 0.0)
(3.5151684090785538 -0.01067883265804467 0.0)
(4.564171327358829 -0.02248426570120843 0.0)
(5.500691542522691 -0.038362177981401915 0.0)
(6.324824940269545 -0.056147801607936684 0.0)
(7.076076112532077 -0.07301798757480345 0.0)
(7.760163394816923 -0.0878322364125585 0.0)
(8.35135909878373 -0.10089378640628437 0.0)
(8.849889378672241 -0.11220542813797212 0.0)
(9.258791316420163 -0.12160489640820422 0.0)
(9.578055836087495 -0.12899364085692416 0.0)
(9.807875057733302 -0.13430712461484035 0.0)
(9.948472857873586 -0.13750765820135322 0.0)
(10.000000000000005 -0.13857641103535076 0.0)
(9.962638253237543 -0.13750765820135386 0.0)
(9.836569386711153 -0.1343071246148418 0.0)
(9.62194416391252 -0.12899364085692475 0.0)
(9.318986461357618 -0.12160489640820696 0.0)
(8.927888399105548 -0.11220542813797511 0.0)
(8.448640901216285 -0.10089378640628877 0.0)
(7.884281049627525 -0.08783223641256423 0.0)
(7.235034998579033 -0.07301798757480822 0.0)
(6.475175059730458 -0.05614780160794038 0.0)
(5.610419568588372 -0.03836217798140569 0.0)
(4.68027311708554 -0.022484265701210898 0.0)
(3.684831590921401 -0.010678832658045815 0.0)
(2.587534917063674 -0.0036657297824418955 0.0)
(1.361094156599553 -0.0007278161253360656 0.0)
(0.023951049201666966 -4.359110930790675e-05 0.0)
(-0.023972475836226283 -4.3671414449083074e-05 0.0)
(1.2166001322451794 -0.0007289353400155679 0.0)
(2.3900295654149257 -0.0036701469749581346 0.0)
(3.5147574719273447 -0.010688699460742843 0.0)
(4.563831072825343 -0.02250087825024052 0.0)
(5.501318082582435 -0.038387779472284236 0.0)
(6.326329436012139 -0.05618438814899154 0.0)
(7.076667644782985 -0.07306113236800178 0.0)
(7.760011254980385 -0.08787476981457173 0.0)
(8.35136761314043 -0.10093388983110559 0.0)
(8.849910207419851 -0.11224316705165487 0.0)
(9.258800799993045 -0.12164024486839027 0.0)
(9.578061734393845 -0.12902689432226677 0.0)
(9.807878563767991 -0.1343387597285734 0.0)
(9.948474294570296 -0.13753828075174038 0.0)
(10.000000000000005 -0.13860668725751377 0.0)
(9.962636816540833 -0.13753828075174107 0.0)
(9.836565880676464 -0.1343387597285749 0.0)
(9.62193826560617 -0.1290268943222674 0.0)
(9.318976977784738 -0.12164024486839303 0.0)
(8.927867570357938 -0.11224316705165792 0.0)
(8.448632386859584 -0.10093388983111007 0.0)
(7.884433189464062 -0.08787476981457755 0.0)
(7.2344434663281225 -0.07306113236800664 0.0)
(6.473670563987861 -0.0561843881489953 0.0)
(5.609793028528628 -0.03838777947228805 0.0)
(4.680613371619027 -0.022500878250243016 0.0)
(3.685242528072611 -0.010688699460744008 0.0)
(2.5877482123628393 -0.003670146974958842 0.0)
(1.3611776455326015 -0.0007289353400157933 0.0)
(0.02397247583621485 -4.3671414449103606e-05 0.0)
(-0.023987932758832833 -4.374756222602834e-05 0.0)
(1.2165375979439548 -0.000729963557937553 0.0)
(2.3898459159005383 -0.0036739997634641325 0.0)
(3.514334225761786 -0.010696709404945787 0.0)
(4.563338015706966 -0.022513415830464307 0.0)
(5.501677265552207 -0.03840680335632447 0.0)
(6.327763680617494 -0.05621307722700898 0.0)
(7.077426348955001 -0.07309692874163735 0.0)
(7.7599307330133165 -0.08791093054611163 0.0)
(8.35138615491024 -0.10096821329508464 0.0)
(8.849943612566191 -0.11227564930119723 0.0)
(9.258817340571202 -0.1216708101283354 0.0)
(9.578072096164139 -0.1290557513615655 0.0)
(9.807884525981592 -0.1343662837270969 0.0)
(9.948476878899292 -0.13756496738710847 0.0)
(10.000000000000005 -0.1386330860548816 0.0)
(9.962634232211837 -0.1375649673871091 0.0)
(9.836559918462862 -0.1343662837270984 0.0)
(9.621927903835878 -0.1290557513615662 0.0)
(9.31896043720658 -0.12167081012833819 0.0)
(8.927834165211598 -0.1122756493012003 0.0)
(8.448613845089774 -0.10096821329508915 0.0)
(7.884513711431131 -0.0879109305461175 0.0)
(7.233684762156105 -0.07309692874164227 0.0)
(6.472236319382503 -0.05621307722701278 0.0)
(5.609433845558857 -0.03840680335632832 0.0)
(4.681106428737406 -0.02251341583046681 0.0)
(3.685665774238171 -0.010696709404946964 0.0)
(2.5879318618772267 -0.003673999763464846 0.0)
(1.361240179833826 -0.0007299635579377805 0.0)
(0.023987932758821422 -4.3747562226049035e-05 0.0)
(-0.023996740820596392 -4.3816206844711656e-05 0.0)
(1.2164987659173467 -0.0007308556010873776 0.0)
(2.389699981394613 -0.0036771188634807136 0.0)
(3.5139172672440857 -0.010702510548359002 0.0)
(4.562713820031458 -0.022521327563541606 0.0)
(5.501753309589422 -0.038418413758861125 0.0)
(6.3290646560015285 -0.0562326082963861 0.0)
(7.078318888974816 -0.07312380386854027 0.0)
(7.759925366903638 -0.0879391297707885 0.0)
(8.351413909401716 -0.10099524868800723 0.0)
(8.849988126350242 -0.1123014476759789 0.0)
(9.258840211391888 -0.1216952492064352 0.0)
(9.578086466121144 -0.12907894404930603 0.0)
(9.807892682405345 -0.1343884872562694 0.0)
(9.948480497309886 -0.13758654554552122 0.0)
(10.000000000000005 -0.13865444751259312 0.0)
(9.962630613801243 -0.13758654554552185 0.0)
(9.83655176203911 -0.1343884872562709 0.0)
(9.621913533878871 -0.12907894404930673 0.0)
(9.318937566385893 -0.12169524920643801 0.0)
(8.927789651427547 -0.112301447675982 0.0)
(8.4485860905983 -0.10099524868801177 0.0)
(7.8845190775408085 -0.08793912977079439 0.0)
(7.232792222136287 -0.07312380386854518 0.0)
(6.470935343998466 -0.056232608296389895 0.0)
(5.609357801521642 -0.03841841375886497 0.0)
(4.681730624412916 -0.022521327563544108 0.0)
(3.6860827327558723 -0.010702510548360182 0.0)
(2.5880777963831525 -0.0036771188634814314 0.0)
(1.361279011860434 -0.0007308556010876064 0.0)
(0.023996740820584967 -4.3816206844732486e-05 0.0)
(-0.02399851301139696 -4.387433218616986e-05 0.0)
(1.2164853423735633 -0.0007315722747209848 0.0)
(2.38959817399236 -0.0036793672274593827 0.0)
(3.513524916768707 -0.010705847999353802 0.0)
(4.561985911814866 -0.02252426582239511 0.0)
(5.501542873458205 -0.038422100540047355 0.0)
(6.330175199685936 -0.056242123197665556 0.0)
(7.079306048266815 -0.07314057690480101 0.0)
(7.759995392428393 -0.08795812846625908 0.0)
(8.351449657133276 -0.10101380812416823 0.0)
(8.85004179291777 -0.11231942864260873 0.0)
(9.258868407553088 -0.12171248829430799 0.0)
(9.578104212875242 -0.12909545334121886 0.0)
(9.807902674660914 -0.13440439473363924 0.0)
(9.948484990815736 -0.13760206712217402 0.0)
(10.000000000000007 -0.13866983304727606 0.0)
(9.962626120295393 -0.1376020671221747 0.0)
(9.83654176978354 -0.13440439473364074 0.0)
(9.621895787124775 -0.12909545334121955 0.0)
(9.318909370224695 -0.1217124882943108 0.0)
(8.927735984860021 -0.11231942864261184 0.0)
(8.44855034286674 -0.10101380812417277 0.0)
(7.884449052016054 -0.08795812846626498 0.0)
(7.231805062844285 -0.07314057690480592 0.0)
(6.469824800314057 -0.05624212319766934 0.0)
(5.609568237652861 -0.03842210054005117 0.0)
(4.68245853262951 -0.022524265822397596 0.0)
(3.686475083231252 -0.010705847999354978 0.0)
(2.5881796037854055 -0.003679367227460102 0.0)
(1.3612924354042175 -0.0007315722747212147 0.0)
(0.023998513011385506 -4.3874332186190786e-05 0.0)
(-0.023993171464412884 -4.39193843292366e-05 0.0)
(1.2164979171185606 -0.0007320820895100314 0.0)
(2.3895449669247837 -0.0036806460664001828 0.0)
(3.513174413497753 -0.01070657511643917 0.0)
(4.561186274012558 -0.022522101505306185 0.0)
(5.501055203337178 -0.038417701709462626 0.0)
(6.331046516412903 -0.05624120386349214 0.0)
(7.080344452857666 -0.07314651087389169 0.0)
(7.7601377327941305 -0.0879670918646015 0.0)
(8.351491827414995 -0.10102307613589624 0.0)
(8.850102254257976 -0.11232880215030829 0.0)
(9.258900690167058 -0.12172176993797067 0.0)
(9.578124556666522 -0.12910455384922026 0.0)
(9.807914063706868 -0.13441330721375272 0.0)
(9.948490161980416 -0.13761085012738475 0.0)
(10.000000000000007 -0.13867856664668363 0.0)
(9.962620949130711 -0.13761085012738544 0.0)
(9.836530380737587 -0.13441330721375427 0.0)
(9.621875443333494 -0.12910455384922095 0.0)
(9.318877087610725 -0.12172176993797348 0.0)
(8.927675523519813 -0.11232880215031137 0.0)
(8.44850817258502 -0.10102307613590078 0.0)
(7.884306711650315 -0.08796709186460737 0.0)
(7.230766658253431 -0.0731465108738966 0.0)
(6.4689534835870885 -0.05624120386349588 0.0)
(5.610055907773891 -0.03841770170946639 0.0)
(4.683258170431821 -0.022522101505308645 0.0)
(3.686825586502206 -0.01070657511644034 0.0)
(2.5882328108529817 -0.0036806460664009005 0.0)
(1.36127986065922 -0.0007320820895102618 0.0)
(0.02399317146440139 -4.391938432925758e-05 0.0)
(-0.023980950877446568 -4.3949383765166064e-05 0.0)
(1.2165359376410483 -0.0007323626451253667 0.0)
(2.389542698013093 -0.003680899190459623 0.0)
(3.512881157903723 -0.010704659951420604 0.0)
(4.56035004124667 -0.022514929708408214 0.0)
(5.500311726559293 -0.03840541054367537 0.0)
(6.331640322119479 -0.056229890687727574 0.0)
(7.081388477149353 -0.0731413450480664 0.0)
(7.7603461338255855 -0.08796562613049069 0.0)
(8.35153856736184 -0.1010226455037113 0.0)
(8.850166853810183 -0.11232915634429759 0.0)
(9.258935640794801 -0.12172268631898096 0.0)
(9.578146603626015 -0.12910584571363748 0.0)
(9.807926349129364 -0.13441483309853858 0.0)
(9.948495783592412 -0.13761250865197253 0.0)
(10.000000000000007 -0.13868026457243546 0.0)
(9.962615327518717 -0.13761250865197316 0.0)
(9.83651809531509 -0.13441483309854013 0.0)
(9.621853396374002 -0.12910584571363817 0.0)
(9.31884213698298 -0.12172268631898375 0.0)
(8.927610923967606 -0.11232915634430064 0.0)
(8.448461432638174 -0.10102264550371579 0.0)
(7.884098310618859 -0.08796562613049654 0.0)
(7.2297226339617415 -0.07314134504807122 0.0)
(6.468359677880513 -0.056229890687731245 0.0)
(5.610799384551779 -0.038405410543679075 0.0)
(4.684094403197712 -0.02251492970841064 0.0)
(3.687118842096237 -0.010704659951421756 0.0)
(2.588235079764672 -0.003680899190460338 0.0)
(1.3612418401367323 -0.0007323626451255967 0.0)
(0.023980950877435018 -4.394938376518706e-05 0.0)
(-0.023962388200732383 -4.3963012373625933e-05 0.0)
(1.2165977333888247 -0.0007324016144665148 0.0)
(2.3895914669491174 -0.003680115477829611 0.0)
(3.5126580351009213 -0.010700186653145316 0.0)
(4.559513956055091 -0.022503065547336467 0.0)
(5.4993451101340165 -0.03838576709402426 0.0)
(6.331930526069251 -0.056208680750618065 0.0)
(7.082392248624489 -0.07312530640426125 0.0)
(7.760611438762694 -0.08795379566560199 0.0)
(8.351587823306062 -0.10101253514880378 0.0)
(8.850232753188251 -0.11232047566194071 0.0)
(9.258971723769674 -0.1217151971732338 0.0)
(9.578169385050654 -0.12909927217231154 0.0)
(9.807938991129411 -0.13440890534341088 0.0)
(9.948501608648375 -0.13760696982340107 0.0)
(10.000000000000007 -0.13867485222078033 0.0)
(9.962609502462755 -0.1376069698234017 0.0)
(9.836505453315041 -0.13440890534341238 0.0)
(9.621830614949364 -0.12909927217231218 0.0)
(9.318806054008107 -0.12171519717323653 0.0)
(8.927545024589538 -0.11232047566194374 0.0)
(8.448412176693955 -0.1010125351488082 0.0)
(7.88383300568175 -0.08795379566560775 0.0)
(7.228718862486604 -0.073125306404266 0.0)
(6.468069473930741 -0.05620868075062165 0.0)
(5.611766000977059 -0.038385767094027884 0.0)
(4.684930488389292 -0.022503065547338844 0.0)
(3.687341964899039 -0.010700186653146444 0.0)
(2.588186310828647 -0.00368011547783032 0.0)
(1.3611800443889555 -0.0007324016144667439 0.0)
(0.02396238820072075 -4.396301237364691e-05 0.0)
(-0.023938299044325685 -4.395967133849334e-05 0.0)
(1.216680589169785 -0.0007321972852919178 0.0)
(2.389689130915028 -0.0036783293634093466 0.0)
(3.512514848697112 -0.010693351770155856 0.0)
(4.558714754491564 -0.02248703031162357 0.0)
(5.498197825418701 -0.03835963445775026 0.0)
(6.331904377231581 -0.05617850597799774 0.0)
(7.083311663400803 -0.07309909965114318 0.0)
(7.760921990591881 -0.08793212027891936 0.0)
(8.351637431031575 -0.10099318930167193 0.0)
(8.850297056894064 -0.1123031415165396 0.0)
(9.259007353671775 -0.12169963156009224 0.0)
(9.578191899966317 -0.1290851220546223 0.0)
(9.80795143424066 -0.13439578440308536 0.0)
(9.948507381206003 -0.13759447700766483 0.0)
(10.000000000000007 -0.13866256740054825 0.0)
(9.962603729905126 -0.13759447700766547 0.0)
(9.836493010203794 -0.13439578440308686 0.0)
(9.6218081000337 -0.1290851220546229 0.0)
(9.318770424106006 -0.12169963156009495 0.0)
(8.927480720883723 -0.11230314151654257 0.0)
(8.44836256896844 -0.10099318930167628 0.0)
(7.883522453852562 -0.08793212027892504 0.0)
(7.227799447710288 -0.07309909965114784 0.0)
(6.468095622768413 -0.05617850597800122 0.0)
(5.612913285692378 -0.0383596344577538 0.0)
(4.6857296899528205 -0.022487030311625883 0.0)
(3.687485151302848 -0.01069335177015696 0.0)
(2.588088646862736 -0.003678329363410047 0.0)
(1.361097188607995 -0.0007321972852921453 0.0)
(0.02393829904431397 -4.3959671338514237e-05 0.0)
(-0.02390974184168912 -4.393950745873972e-05 0.0)
(1.2167808644524938 -0.0007317586354516982 0.0)
(2.3898313987348336 -0.0036756193257988525 0.0)
(3.5124578900409267 -0.010684455614706719 0.0)
(4.557987552010693 -0.0224675285601911 0.0)
(5.496920282004839 -0.03832816085508296 0.0)
(6.331563024538558 -0.05614069219417234 0.0)
(7.084106324075047 -0.07306387626550027 0.0)
(7.7612641442339125 -0.08790155234727967 0.0)
(8.351685210865678 -0.10096545798344651 0.0)
(8.850356939540431 -0.11227791553873122 0.0)
(9.259040964988387 -0.12167667340412129 0.0)
(9.578213159108799 -0.12906401709085408 0.0)
(9.807963131735562 -0.1343760467876759 0.0)
(9.948512847629676 -0.13757557911623233 0.0)
(10.000000000000007 -0.1386439498842659 0.0)
(9.962598263481453 -0.13757557911623297 0.0)
(9.83648131270889 -0.13437604678767734 0.0)
(9.621786840891216 -0.12906401709085466 0.0)
(9.318736812789394 -0.12167667340412394 0.0)
(8.927420838237357 -0.11227791553873413 0.0)
(8.448314789134336 -0.1009654579834508 0.0)
(7.8831803002105305 -0.08790155234728526 0.0)
(7.2270047870360425 -0.07306387626550483 0.0)
(6.468436975461438 -0.05614069219417569 0.0)
(5.614190829106243 -0.038328160855086404 0.0)
(4.686456892433693 -0.02246752856019335 0.0)
(3.6875421099590335 -0.010684455614707794 0.0)
(2.58794637904293 -0.0036756193257995425 0.0)
(1.360996913325286 -0.0007317586354519236 0.0)
(0.02390974184167732 -4.393950745876051e-05 0.0)
(-0.023877971344062617 -4.390340669835271e-05 0.0)
(1.2168941533244775 -0.0007311049384173476 0.0)
(2.390012019420804 -0.0036721044390928604 0.0)
(3.5124896617915145 -0.010673889067593284 0.0)
(4.557364300559108 -0.022445417164319564 0.0)
(5.495568612812837 -0.038292729178544246 0.0)
(6.330921466403025 -0.05609690086762478 0.0)
(7.084741314710984 -0.07302118389845837 0.0)
(7.761622866083707 -0.08786343496967669 0.0)
(8.351729063449874 -0.10093055965751736 0.0)
(8.850409769993423 -0.11224590611183084 0.0)
(9.259071080899748 -0.12164733144469354 0.0)
(9.578232228390274 -0.1290368845945044 0.0)
(9.807973569647594 -0.13435055973189458 0.0)
(9.948517767734737 -0.1375511064878804 0.0)
(10.000000000000007 -0.13861981769153883 0.0)
(9.962593343376392 -0.137551106487881 0.0)
(9.836470874796861 -0.13435055973189602 0.0)
(9.621767771609742 -0.129036884594505 0.0)
(9.318706696878033 -0.12164733144469614 0.0)
(8.927368007784366 -0.11224590611183367 0.0)
(8.448270936550141 -0.10093055965752154 0.0)
(7.882821578360734 -0.08786343496968217 0.0)
(7.226369796400105 -0.07302118389846281 0.0)
(6.469078533596974 -0.05609690086762801 0.0)
(5.6155424982982485 -0.03829272917854758 0.0)
(4.687080143885279 -0.022445417164321746 0.0)
(3.687510338208445 -0.010673889067594325 0.0)
(2.5877657583569587 -0.003672104439093539 0.0)
(1.3608836244533018 -0.0007311049384175709 0.0)
(0.02387797134405072 -4.390340669837335e-05 0.0)
(-0.023844383488989394 -4.385295525869923e-05 0.0)
(1.2170154780799571 -0.0007302649164406507 0.0)
(2.390223056830434 -0.0036679391409829283 0.0)
(3.51260876795628 -0.010662116403564757 0.0)
(4.556872384665386 -0.022421667658291896 0.0)
(5.494202207714182 -0.03825489623118078 0.0)
(6.330007891715761 -0.05604905610912961 0.0)
(7.085188734981754 -0.0729728983745218 0.0)
(7.76198239455945 -0.08781944295394856 0.0)
(8.351767061981835 -0.10089002769248108 0.0)
(8.850453226979583 -0.11220851967149693 0.0)
(9.25909637816781 -0.12161289491382664 0.0)
(9.5782482699414 -0.1290049167178255 0.0)
(9.807982289353994 -0.13432044309034524 0.0)
(9.948521925340769 -0.13752213440512737 0.0)
(10.000000000000007 -0.13859123114676694 0.0)
(9.962589185770359 -0.13752213440512795 0.0)
(9.83646215509046 -0.13432044309034663 0.0)
(9.621751730058616 -0.12900491671782596 0.0)
(9.318681399609973 -0.12161289491382918 0.0)
(8.927324550798204 -0.11220851967149965 0.0)
(8.44823293801818 -0.10089002769248517 0.0)
(7.882462049884991 -0.0878194429539539 0.0)
(7.2259223761293345 -0.07297289837452607 0.0)
(6.4699921082842415 -0.05604905610913271 0.0)
(5.616908903396907 -0.03825489623118401 0.0)
(4.6875720597790025 -0.022421667658294016 0.0)
(3.687391232043679 -0.010662116403565767 0.0)
(2.5875547209473284 -0.003667939140983594 0.0)
(1.3607622996978217 -0.0007302649164408713 0.0)
(0.023844383488977407 -4.3852955258719694e-05 0.0)
)
