(
(-0.022414257291265265 4.787833002698203e-05 0.0)
(1.2034749539414349 0.0005910868206537275 0.0)
(2.322699239086915 0.0018925830373675526 0.0)
(3.368977154160801 0.0029617445991321724 0.0)
(4.353987685698062 0.00247899854216529 0.0)
(5.2726448604516865 0.000658029525111333 0.0)
(6.136064661477548 -0.0007110701989198087 0.0)
(6.94195406770956 -0.0006838380121480196 0.0)
(7.6530195911424315 -0.00018864382500918985 0.0)
(8.261372080835061 0.00014314046476320529 0.0)
(8.777904693621366 0.0003918960090181442 0.0)
(9.20303776768778 0.0005950907254331782 0.0)
(9.537328918402215 0.0007531484897394638 0.0)
(9.781233723959362 0.0008660079030512718 0.0)
(9.93530937162727 0.000934127227033649 0.0)
(10.000000000000005 0.0009566710952774834 0.0)
(9.97580173948383 0.0009341272270319784 0.0)
(9.863210720485096 0.0008660079030479924 0.0)
(9.662671081597782 0.0007531484897353754 0.0)
(9.374740010089985 0.0005950907254274568 0.0)
(8.999873084156416 0.00039189600901197354 0.0)
(8.538627919164922 0.00014314046475533463 0.0)
(7.9914248533020125 -0.00018864382501791654 0.0)
(7.369157043401577 -0.0006838380121556287 0.0)
(6.663935338522471 -0.0007110701989271623 0.0)
(5.838466250659422 0.0006580295251038999 0.0)
(4.890456758746386 0.002478998542161015 0.0)
(3.8310228458391906 0.0029617445991306514 0.0)
(2.6550785386908684 0.0018925830373672148 0.0)
(1.3743028238363577 0.0005910868206535431 0.0)
(0.02241425729126764 4.787833002696424e-05 0.0)
(-0.022434977539264263 4.7870292589080196e-05 0.0)
(1.2034030319192561 0.0005908484711726403 0.0)
(2.3226067919629405 0.0018908578517676012 0.0)
(3.369064372876212 0.002955612698526024 0.0)
(4.354604932790379 0.0024650489712906717 0.0)
(5.273605391754497 0.000635394185406795 0.0)
(6.136186057511499 -0.0007376757943513907 0.0)
(6.941257337176851 -0.0007077040908899344 0.0)
(7.652760755978656 -0.00020884055645098082 0.0)
(8.26133292561084 0.0001249713814701487 0.0)
(8.777854592734522 0.000375495691723904 0.0)
(9.20300987002092 0.0005802661866596218 0.0)
(9.537311283261054 0.0007395973045878756 0.0)
(9.781223994152088 0.0008533888984667208 0.0)
(9.935304845140825 0.0009220788078725598 0.0)
(10.000000000000005 0.0009448123547883611 0.0)
(9.975806265970274 0.0009220788078708796 0.0)
(9.863220450292369 0.0008533888984634223 0.0)
(9.662688716738943 0.0007395973045837583 0.0)
(9.374767907756844 0.0005802661866538608 0.0)
(8.99992318504326 0.0003754956917176833 0.0)
(8.538667074389144 0.0001249713814622176 0.0)
(7.9916836884657885 -0.00020884055645977882 0.0)
(7.369853773934287 -0.0007077040908976286 0.0)
(6.663813942488518 -0.0007376757943588349 0.0)
(5.837505719356608 0.0006353941853992865 0.0)
(4.889839511654068 0.0024650489712863487 0.0)
(3.83093562712378 0.0029556126985244807 0.0)
(2.655170985814843 0.0018908578517672565 0.0)
(1.3743747458585365 0.0005908484711724546 0.0)
(0.022434977539266713 4.787029258906232e-05 0.0)
(-0.022458877001517646 4.784906173138819e-05 0.0)
(1.2033185602755716 0.0005904285637254832 0.0)
(2.322480607473874 0.001888430514102048 0.0)
(3.369081722220261 0.0029479542042285863 0.0)
(4.355154323274902 0.0024485956543420216 0.0)
(5.274652376850947 0.0006089212243628678 0.0)
(6.136555164513461 -0.0007698710583109418 0.0)
(6.940671666668512 -0.0007382996385876979 0.0)
(7.6524813974581285 -0.00023573254490052948 0.0)
(8.261295903627273 0.0001004735081679856 0.0)
(8.777808871785217 0.00035312692789840047 0.0)
(9.202984059956306 0.0005598413972262158 0.0)
(9.537294951720575 0.0007207705321390541 0.0)
(9.781215025404713 0.0008357460488335805 0.0)
(9.935300640422245 0.0009051642850297106 0.0)
(10.000000000000005 0.0009281415636643546 0.0)
(9.975810470688854 0.0009051642850280196 0.0)
(9.863229419039744 0.0008357460488302599 0.0)
(9.662705048279422 0.0007207705321349032 0.0)
(9.37479371782146 0.0005598413972204091 0.0)
(8.999968905992565 0.000353126927892122 0.0)
(8.538704096372712 0.00010047350815998477 0.0)
(7.991963046986317 -0.00023573254490940956 0.0)
(7.370439444442626 -0.0007382996385954883 0.0)
(6.663444835486554 -0.0007698710583184856 0.0)
(5.836458734260155 0.0006089212243552786 0.0)
(4.8892901211695445 0.0024485956543376475 0.0)
(3.8309182777797317 0.0029479542042270186 0.0)
(2.65529717030391 0.001888430514101695 0.0)
(1.3744592175022214 0.000590428563725296 0.0)
(0.022458877001520165 4.784906173137022e-05 0.0)
(-0.022484905579376813 4.781557029895225e-05 0.0)
(1.2032252505398677 0.0005898455482772854 0.0)
(2.322326229935318 0.0018854076771472287 0.0)
(3.3690284398945103 0.002939105616468469 0.0)
(4.355611717938819 0.002430361519965571 0.0)
(5.2757398131313025 0.0005797738154569077 0.0)
(6.137155764597029 -0.0008062413897996509 0.0)
(6.940222789475226 -0.0007742803428484434 0.0)
(7.6521937900831665 -0.00026813820558286536 0.0)
(8.261262641562588 7.072323659202011e-05 0.0)
(8.777769539668318 0.0003257725601016293 0.0)
(9.202961471540956 0.0005347137850145678 0.0)
(9.537280641358791 0.0006974953863317936 0.0)
(9.78120721178759 0.0008138545486880498 0.0)
(9.935296942219173 0.0008841268516945714 0.0)
(10.000000000000005 0.0009073912059691024 0.0)
(9.975814168891926 0.000884126851692868 0.0)
(9.863237232656868 0.0008138545486847051 0.0)
(9.662719358641207 0.0006974953863276057 0.0)
(9.37481630623681 0.0005347137850087111 0.0)
(9.000008238109464 0.00032577256009528764 0.0)
(8.538737358437396 7.072323658394331e-05 0.0)
(7.99225065436128 -0.0002681382055918347 0.0)
(7.370888321635913 -0.0007742803428563367 0.0)
(6.662844235402983 -0.0008062413898072981 0.0)
(5.835371297979798 0.0005797738154492359 0.0)
(4.888832726505626 0.0024303615199611447 0.0)
(3.8309715601054823 0.0029391056164668745 0.0)
(2.6554515478424667 0.0018854076771468657 0.0)
(1.3745525272379255 0.0005898455482770962 0.0)
(0.0224849055793794 4.781557029893416e-05 0.0)
(-0.022511919624748574 4.7771289844042776e-05 0.0)
(1.2031272025712265 0.0005891250414602441 0.0)
(2.3221504424138897 0.0018819221588288134 0.0)
(3.3689068670268765 0.002929455726003817 0.0)
(4.35595701969738 0.0024111477426674147 0.0)
(5.2768199206348125 0.0005492326425125653 0.0)
(6.137961468493299 -0.0008451887429895445 0.0)
(6.939930428439667 -0.0008140652773517914 0.0)
(7.651910570795664 -0.00030463369305208703 0.0)
(8.261234600891056 3.7027739248716986e-05 0.0)
(8.777738324565085 0.0002946344892111792 0.0)
(9.202943097268514 0.0005059874113355905 0.0)
(9.53726898094682 0.0006707945344921896 0.0)
(9.78120089661676 0.0007886762704971562 0.0)
(9.935293913023886 0.0008598908542009912 0.0)
(10.000000000000005 0.0008834730144580274 0.0)
(9.975817198087213 0.0008598908541992754 0.0)
(9.863243547827699 0.0007886762704937862 0.0)
(9.66273101905318 0.0006707945344879631 0.0)
(9.37483468050925 0.0005059874113296816 0.0)
(9.000039453212697 0.00029463448920477196 0.0)
(8.538765399108927 3.702773924056126e-05 0.0)
(7.9925338736487825 -0.00030463369306114874 0.0)
(7.371180682671472 -0.00081406527735979 0.0)
(6.6620385315067105 -0.0008451887429972945 0.0)
(5.834291190476284 0.0005492326425048132 0.0)
(4.8884874247470655 0.0024111477426629374 0.0)
(3.831093132973117 0.0029294557260021964 0.0)
(2.6556273353638957 0.0018819221588284405 0.0)
(1.3746505752065672 0.0005891250414600525 0.0)
(0.02251191962475124 4.7771289844024535e-05 0.0)
(-0.022538732189900098 4.771816596883968e-05 0.0)
(1.203028724418016 0.0005882987010257701 0.0)
(2.3219609686916867 0.0018781271064451383 0.0)
(3.3687223453067516 0.002919428531367672 0.0)
(4.356175056623024 0.0023917985406714227 0.0)
(5.277845241413775 0.0005186396287955178 0.0)
(6.138936875047062 -0.0008850018424336282 0.0)
(6.939807429370879 -0.0008559063648601458 0.0)
(7.651644183732979 -0.0003436154623554047 0.0)
(8.261213013668485 8.675346471701881e-07 0.0)
(8.77771659801005 0.0002610808650964855 0.0)
(9.2029297444709 0.0004749244604953223 0.0)
(9.537260482821827 0.0006418411632022458 0.0)
(9.781196357369275 0.0007613175017422485 0.0)
(9.93529168593368 0.0008335211779403338 0.0)
(10.000000000000005 0.0008574379107090315 0.0)
(9.975819425177418 0.0008335211779386053 0.0)
(9.863248087075183 0.0007613175017388536 0.0)
(9.66273951717817 0.0006418411631979808 0.0)
(9.374848033306865 0.00047492446048936164 0.0)
(9.000061179767732 0.00026108086509001304 0.0)
(8.538786986331498 8.675346389360623e-07 0.0)
(7.992800260711468 -0.000343615462364558 0.0)
(7.371303681740259 -0.0008559063648682472 0.0)
(6.661063124952944 -0.0008850018424414762 0.0)
(5.833265869697319 0.0005186396287876907 0.0)
(4.8882693878214205 0.0023917985406668968 0.0)
(3.8312776546932423 0.0029194285313660254 0.0)
(2.6558168090860987 0.0018781271064447554 0.0)
(1.374749053359778 0.0005882987010255761 0.0)
(0.022538732189902832 4.771816596882127e-05 0.0)
(-0.02256416517977083 4.7658532839231996e-05 0.0)
(1.2029341430301277 0.0005874028348608069 0.0)
(2.321766133897431 0.0018741892676550898 0.0)
(3.3684829822809457 0.0029094646091481127 0.0)
(4.356256248572127 0.0023731640825149333 0.0)
(5.278770724748934 0.0004893389753601559 0.0)
(6.140039126678801 -0.0009239313733783355 0.0)
(6.939859196622924 -0.0008979651845344952 0.0)
(7.651406333455305 -0.00038337072586476143 0.0)
(8.261198828397944 -3.6168563975652444e-05 0.0)
(8.77770531462829 0.0002265859726165279 0.0)
(9.202921999845612 0.00044288978172562257 0.0)
(9.537255520375883 0.0006119074306277471 0.0)
(9.781193793491365 0.0007329803366709655 0.0)
(9.93529035880283 0.0008061764582455332 0.0)
(10.000000000000005 0.0008304298295509694 0.0)
(9.97582075230827 0.0008061764582437928 0.0)
(9.863250650953091 0.0007329803366675464 0.0)
(9.662744479624115 0.0006119074306234457 0.0)
(9.374855777932153 0.00044288978171961257 0.0)
(9.000072463149491 0.00022658597260999332 0.0)
(8.53880117160204 -3.6168563983960956e-05 0.0)
(7.9930381109891435 -0.0003833707258740015 0.0)
(7.371251914488213 -0.0008979651845426929 0.0)
(6.659960873321203 -0.000923931373386272 0.0)
(5.832340386362159 0.0004893389753522627 0.0)
(4.888188195872319 0.002373164082510364 0.0)
(3.831517017719049 0.0029094646091464425 0.0)
(2.656011643880355 0.0018741892676546973 0.0)
(1.3748436347476665 0.0005874028348606108 0.0)
(0.02256416517977362 4.7658532839213416e-05 0.0)
(-0.022587101115314184 4.759501062583897e-05 0.0)
(1.2028476141407136 0.0005864768056857025 0.0)
(2.3215744987155413 0.0018702816638910304 0.0)
(3.3681992951229103 0.002900001755858985 0.0)
(4.356197028118981 0.0023560631321985644 0.0)
(5.279555706595666 0.0004626180993143984 0.0)
(6.14121979246833 -0.0009602668434535204 0.0)
(6.940083455637453 -0.0009383937487827856 0.0)
(7.651207470668706 -0.00042215271003175585 0.0)
(8.261192668354267 -7.245325820189222e-05 0.0)
(8.777704970190962 0.0001926654542402528 0.0)
(9.202920203677317 0.0004112909202058429 0.0)
(9.53725431164978 0.0005823085702158003 0.0)
(9.781193317635138 0.00070490985847516 0.0)
(9.935289989943033 0.000779058172074228 0.0)
(10.000000000000005 0.000803635456660038 0.0)
(9.975821121168066 0.0007790581720724765 0.0)
(9.86325112680932 0.0007049098584717193 0.0)
(9.662745688350217 0.0005823085702114657 0.0)
(9.374857574100448 0.00041129092019978825 0.0)
(9.00007280758682 0.00019266545423366212 0.0)
(8.538807331645717 -7.245325821026786e-05 0.0)
(7.993236973775741 -0.0004221527100410741 0.0)
(7.371027655473684 -0.0009383937487910683 0.0)
(6.65878020753167 -0.0009602668434615324 0.0)
(5.831555404515426 0.0004626180993064508 0.0)
(4.8882474163254654 0.0023560631321939605 0.0)
(3.8318007048770855 0.002900001755857294 0.0)
(2.656203279062245 0.001870281663890629 0.0)
(1.3749301636370805 0.0005864768056855039 0.0)
(0.022587101115317015 4.7595010625820225e-05 0.0)
(-0.0226065322334825 4.7530390378506465e-05 0.0)
(1.2027729396708744 0.0005855613015282881 0.0)
(2.3213944832453235 0.0018665759881135934 0.0)
(3.367883748527378 0.002891455751962013 0.0)
(4.355999997301956 0.002341247074193914 0.0)
(5.280165696287708 0.0004396510670672351 0.0)
(6.1424269961208235 -0.0009924117385779426 0.0)
(6.9404703528836365 -0.0009754157004539141 0.0)
(7.651056333040219 -0.00045825740542172457 0.0)
(8.261194804198505 -0.00010639226494821958 0.0)
(8.777715579832009 0.00016080971548927973 0.0)
(9.202924434886363 0.00038151627210267956 0.0)
(9.537256909752735 0.0005543451017433222 0.0)
(9.781194950708842 0.0006783394326132679 0.0)
(9.935290595561316 0.0007533578473092832 0.0)
(10.000000000000005 0.0007782320877621455 0.0)
(9.975820515549783 0.0007533578473075224 0.0)
(9.863249493735614 0.0006783394326098088 0.0)
(9.662743090247263 0.0005543451017389595 0.0)
(9.374853342891402 0.00038151627209658684 0.0)
(9.000062197945773 0.00016080971548264138 0.0)
(8.53880519580148 -0.00010639226495665219 0.0)
(7.993388111404229 -0.0004582574054311087 0.0)
(7.370640758227498 -0.0009754157004622671 0.0)
(6.657573003879174 -0.0009924117385860134 0.0)
(5.8309454148233835 0.0004396510670592472 0.0)
(4.888444447142491 0.002341247074189284 0.0)
(3.832116251472619 0.0028914557519603046 0.0)
(2.6563832945324632 0.001866575988113184 0.0)
(1.3750048381069198 0.0005855613015280876 0.0)
(0.022606532233485358 4.753039037848757e-05 0.0)
(-0.022621604766491676 4.74675113926829e-05 0.0)
(1.202713400680202 0.0005846965479663732 0.0)
(2.32123399703721 0.0018632350609370976 0.0)
(3.3675502070344803 0.002884202093233956 0.0)
(4.355673813294696 0.0023293668989844943 0.0)
(5.280573891993938 0.0004214470079986081 0.0)
(6.14360769531631 -0.001018953670867259 0.0)
(6.941002888804287 -0.0010074043627211987 0.0)
(7.650959561280739 -0.0004900984377709062 0.0)
(8.261205142085569 -0.00013649436634785957 0.0)
(8.777736677383214 0.00013241843924589896 0.0)
(9.202934507561164 0.0003548740809826058 0.0)
(9.537263200528855 0.0005292456888572733 0.0)
(9.78119862095821 0.0006544365149884401 0.0)
(9.93529214904792 0.0007302047092034545 0.0)
(10.000000000000005 0.0007553359004125149 0.0)
(9.97581896206318 0.0007302047092016864 0.0)
(9.863245823486247 0.0006544365149849664 0.0)
(9.662736799471142 0.0005292456888528885 0.0)
(9.374843270216601 0.00035487408097648336 0.0)
(9.000041100394569 0.00013241843923922348 0.0)
(8.538794857914414 -0.0001364943663563364 0.0)
(7.99348488316371 -0.0004900984377803414 0.0)
(7.370108222306846 -0.0010074043627296039 0.0)
(6.656392304683685 -0.0010189536708753698 0.0)
(5.830537219117153 0.00042144700799059574 0.0)
(4.888770631149753 0.002329366898979847 0.0)
(3.8324497929655172 0.0028842020932322364 0.0)
(2.656543780740577 0.0018632350609366821 0.0)
(1.3750643770975923 0.000584696547966171 0.0)
(0.022621604766494562 4.746751139266386e-05 0.0)
(-0.022631656454815723 4.7409136455971495e-05 0.0)
(1.2026716132030228 0.0005839205406894465 0.0)
(2.3211000915615836 0.0018604056765896243 0.0)
(3.3672133258472186 0.0028785594921691337 0.0)
(4.355232808025741 0.0023209445997348396 0.0)
(5.2807623583417955 0.00040880577516060827 0.0)
(6.1447100122921645 -0.0010387264363737696 0.0)
(6.941657664745298 -0.0010329542122862177 0.0)
(7.65092140736434 -0.0005162767703693999 0.0)
(8.261223227787614 -0.00016143693113554965 0.0)
(8.77776733585677 0.0001087390862478732 0.0)
(9.202949979126819 0.000332534955982927 0.0)
(9.537272907572946 0.0005081131538417888 0.0)
(9.781204167119196 0.0006342513560719599 0.0)
(9.935294582145483 0.0007106160642876435 0.0)
(10.000000000000005 0.0007359529111958984 0.0)
(9.975816528965616 0.0007106160642858703 0.0)
(9.86324027732526 0.0006342513560684762 0.0)
(9.662727092427051 0.0005081131538373888 0.0)
(9.374827798650946 0.0003325349559767845 0.0)
(9.000010441921011 0.00010873908624117265 0.0)
(8.53877677221237 -0.00016143693114405606 0.0)
(7.9935230370801085 -0.0005162767703788687 0.0)
(7.369453446365833 -0.0010329542122946552 0.0)
(6.655289987707827 -0.0010387264363818996 0.0)
(5.830348752769296 0.0004088057751525884 0.0)
(4.889211636418709 0.002320944599730187 0.0)
(3.83278667415278 0.0028785594921674072 0.0)
(2.6566776862162036 0.001860405676589204 0.0)
(1.3751061645747715 0.0005839205406892428 0.0)
(0.02263165645481861 4.740913645595232e-05 0.0)
(-0.022636245645658717 4.735783045629742e-05 0.0)
(1.2026494133046362 0.0005832673760375908 0.0)
(2.320998650380071 0.0018582121530431892 0.0)
(3.366887906908654 0.0028747758743354855 0.0)
(4.354696358459814 0.00231635023686582 0.0)
(5.280722814464747 0.0004022828011976552 0.0)
(6.145685513257103 -0.001050861255954371 0.0)
(6.9424059110497 -0.0010509426355012137 0.0)
(7.650943547704307 -0.0005356421751747339 0.0)
(8.261248266651979 -0.00018012402864565175 0.0)
(8.777806208175445 9.081208394578321e-05 0.0)
(9.202970169791037 0.00031548043738785443 0.0)
(9.537285604375251 0.0004918760216245687 0.0)
(9.781211345503635 0.0006186708548189123 0.0)
(9.935297787948151 0.0006954526017830376 0.0)
(10.000000000000005 0.0007209347731982971 0.0)
(9.97581332316295 0.000695452601781262 0.0)
(9.863233098940823 0.0006186708548154238 0.0)
(9.662714395624747 0.0004918760216201613 0.0)
(9.374807607986728 0.0003154804373817023 0.0)
(8.999971569602337 9.08120839390709e-05 0.0)
(8.538751733348004 -0.0001801240286541718 0.0)
(7.993500896740142 -0.0005356421751842178 0.0)
(7.368705200061429 -0.0010509426355096616 0.0)
(6.654314486742888 -0.001050861255962498 0.0)
(5.830388296646346 0.0004022828011896451 0.0)
(4.889748085984637 0.0023163502368611726 0.0)
(3.833112093091345 0.0028747758743337573 0.0)
(2.6567791273977166 0.0018582121530427668 0.0)
(1.3751283644731582 0.000583267376037386 0.0)
(0.02263624564566159 4.735783045627815e-05 0.0)
(-0.022635170698370708 4.731584768542467e-05 0.0)
(1.2026477764079635 0.0005827657528706778 0.0)
(2.320934130632606 0.0018567508697094847 0.0)
(3.3665882485316105 0.0028730174849786886 0.0)
(4.354088035209436 0.00231578567827675 0.0)
(5.280456997848406 0.00040216469365223753 0.0)
(6.146491336483352 -0.0010548249478367158 0.0)
(6.9432147511437545 -0.0010605792539590095 0.0)
(7.651025009494607 -0.0005473437717277687 0.0)
(8.261279158516771 -0.00019173458200065044 0.0)
(8.777851586360665 7.942511202425933e-05 0.0)
(9.20299419241297 0.0003044598695440959 0.0)
(9.537300733061501 0.0004812477220902437 0.0)
(9.781219840706445 0.000608379589950635 0.0)
(9.93530162559882 0.0006853805764913187 0.0)
(10.000000000000005 0.0007109413559284191 0.0)
(9.97580948551228 0.0006853805764895434 0.0)
(9.863224603738011 0.0006083795899471473 0.0)
(9.662699266938496 0.000481247722085837 0.0)
(9.374783585364796 0.0003044598695379451 0.0)
(8.999926191417117 7.942511201754905e-05 0.0)
(8.538720841483212 -0.00019173458200916763 0.0)
(7.993419434949841 -0.0005473437717372482 0.0)
(7.367896359967372 -0.001060579253967446 0.0)
(6.653508663516637 -0.001054824947844819 0.0)
(5.830654113262689 0.000402164693644254 0.0)
(4.890356409235018 0.0023157856782721194 0.0)
(3.833411751468389 0.0028730174849769655 0.0)
(2.6568436471451817 0.0018567508697090618 0.0)
(1.3751300013698307 0.0005827657528704723 0.0)
(0.022635170698373553 4.7315847685405346e-05 0.0)
(-0.022628478844168975 4.728503278950012e-05 0.0)
(1.2026667744352502 0.0005824377115929676 0.0)
(2.320909367198856 0.001856086032704852 0.0)
(3.3663275171569658 0.0028733615845102003 0.0)
(4.353434566885331 0.0023192757296392036 0.0)
(5.279976587988596 0.00040845664195382925 0.0)
(6.147092075572565 -0.0010504433546508639 0.0)
(6.944048646073461 -0.001061440652274265 0.0)
(7.651162213453203 -0.0005508674132834296 0.0)
(8.261314546049968 -0.0001957584447270342 0.0)
(8.777901476577991 7.507849319765678e-05 0.0)
(9.203020991482557 0.0002999574760411469 0.0)
(9.537317628904905 0.0004766952432764277 0.0)
(9.781229279463957 0.0006038297408181034 0.0)
(9.935305926478138 0.0006808425347775553 0.0)
(10.000000000000005 0.0007064117518586621 0.0)
(9.97580518463296 0.0006808425347757828 0.0)
(9.863215164980499 0.0006038297408146213 0.0)
(9.662682371095093 0.0004766952432720297 0.0)
(9.374756786295208 0.0002999574760350083 0.0)
(8.99987630119979 7.507849319096218e-05 0.0)
(8.538685453950016 -0.00019575844473553207 0.0)
(7.993282230991244 -0.0005508674132928856 0.0)
(7.367062465037663 -0.0010614406522826683 0.0)
(6.652907924427424 -0.001050443354658922 0.0)
(5.8311345231225005 0.0004084566419458881 0.0)
(4.891009877559125 0.002319275729634599 0.0)
(3.8336724828430344 0.002873361584508487 0.0)
(2.6568684105789315 0.0018560860327044308 0.0)
(1.375111003342544 0.0005824377115927624 0.0)
(0.02262847884417177 4.728503278948074e-05 0.0)
(-0.02261646411088473 4.726673971867639e-05 0.0)
(1.202705572647933 0.0005822976657380689 0.0)
(2.320925448138798 0.0018562468537509887 0.0)
(3.3661171688443265 0.002875793053826116 0.0)
(4.352764665690174 0.0023266670444811823 0.0)
(5.279302693215673 0.0004208821894048526 0.0)
(6.14746133514818 -0.0010379089955855029 0.0)
(6.944870956021176 -0.0010534889821808915 0.0)
(7.651349131089164 -0.0005460582774780812 0.0)
(8.261352874388098 -0.0001920188156580546 0.0)
(8.777953686742544 7.796320994530215e-05 0.0)
(9.20304938949771 0.000302171083812631 0.0)
(9.53733554953301 0.0004784186127736751 0.0)
(9.781239247054437 0.000605221219468487 0.0)
(9.93531050161334 0.0006820378698925375 0.0)
(10.000000000000005 0.0007075449835051753 0.0)
(9.975800609497758 0.0006820378698907702 0.0)
(9.863205197390021 0.0006052212194650155 0.0)
(9.662664450466988 0.00047841861276929357 0.0)
(9.374728388280055 0.00030217108380651485 0.0)
(8.999824091035238 7.796320993863619e-05 0.0)
(8.538647125611885 -0.00019201881566651753 0.0)
(7.9930953133552824 -0.0005460582774874954 0.0)
(7.3662401550899475 -0.0010534889821892416 0.0)
(6.652538664851809 -0.001037908995593498 0.0)
(5.831808417895426 0.00042088218939696754 0.0)
(4.891679778754284 0.002326667044476613 0.0)
(3.8338828311556736 0.0028757930538244173 0.0)
(2.656852329638989 0.0018562468537505715 0.0)
(1.3750722051298612 0.0005822976657378639 0.0)
(0.022616464110887472 4.7266739718657026e-05 0.0)
(-0.022599654403918156 4.726177223701927e-05 0.0)
(1.202762466323526 0.0005823517686646387 0.0)
(2.320981666885349 0.0018572262666653424 0.0)
(3.3659664459137297 0.002880205058612943 0.0)
(4.35210776585693 0.002337634861950559 0.0)
(5.278464923233102 0.00043889538018220616 0.0)
(6.147582890619988 -0.001017772607447003 0.0)
(6.94564555019217 -0.0010370736255156223 0.0)
(7.651577549583521 -0.0005331276689409451 0.0)
(8.261392459454106 -0.00018068000725354448 0.0)
(8.77800592283521 8.795251309074402e-05 0.0)
(9.203078138701596 0.0003110034309827501 0.0)
(9.537353707546202 0.0004863421088790922 0.0)
(9.781249305520188 0.000612492886875526 0.0)
(9.935315149981353 0.0006889140609981167 0.0)
(10.000000000000005 0.0007142912587425992 0.0)
(9.975795961129746 0.0006889140609963572 0.0)
(9.863195138924269 0.0006124928868720699 0.0)
(9.662646292453795 0.0004863421088747341 0.0)
(9.37469963907617 0.0003110034309766657 0.0)
(8.999771854942571 8.795251308411849e-05 0.0)
(8.538607540545877 -0.00018068000726195857 0.0)
(7.992866894860924 -0.0005331276689503013 0.0)
(7.365465560918952 -0.0010370736255239015 0.0)
(6.652417109380002 -0.0010177726074549194 0.0)
(5.832646187878 0.0004388953801743886 0.0)
(4.892336678587529 0.0023376348619460314 0.0)
(3.834033554086271 0.0028802050586112632 0.0)
(2.656796110892438 0.0018572262666649308 0.0)
(1.375015311454268 0.0005823517686644348 0.0)
(0.02259965440392084 4.7261772236999946e-05 0.0)
(-0.022578788311040873 4.7270348606585025e-05 0.0)
(1.2028349556580074 0.0005825976431890626 0.0)
(2.3210755532896354 0.0018589812378362414 0.0)
(3.365881970855005 0.0028864037434518826 0.0)
(4.3514927303625095 0.002351697276212782 0.0)
(5.277500088121262 0.00046170474763733427 0.0)
(6.147451401062936 -0.0009909189462916892 0.0)
(6.9463383943356485 -0.0010129158430192834 0.0)
(7.651837432645512 -0.0005126437349552632 0.0)
(8.261431561952607 -0.00016224022601103437 0.0)
(8.77805588969764 0.00010460749092868527 0.0)
(9.203105975906789 0.0003260664403751717 0.0)
(9.537371305114602 0.0005001175876694335 0.0)
(9.781259012910631 0.0006253252392764948 0.0)
(9.935319667341389 0.0007011689808367501 0.0)
(10.000000000000005 0.0007263541585789635 0.0)
(9.97579144376971 0.0007011689808350001 0.0)
(9.863185431533827 0.000625325239273058 0.0)
(9.662628694885395 0.0005001175876651046 0.0)
(9.374671801870976 0.0003260664403691271 0.0)
(8.99972188808014 0.00010460749092211006 0.0)
(8.538568438047376 -0.00016224022601938763 0.0)
(7.992607011798933 -0.0005126437349645476 0.0)
(7.364772716775471 -0.001012915843027477 0.0)
(6.652548598937055 -0.0009909189462995141 0.0)
(5.833611022989842 0.0004617047476295924 0.0)
(4.892951714081951 0.002351697276208303 0.0)
(3.8341180291449954 0.0028864037434502246 0.0)
(2.6567022244881513 0.0018589812378358367 0.0)
(1.3749428221197861 0.0005825976431888599 0.0)
(0.02257878831104349 4.727034860656577e-05 0.0)
(-0.022554782650200476 4.729209199738496e-05 0.0)
(1.2029198556026361 0.0005830244860345515 0.0)
(2.321202982154813 0.001861434657041065 0.0)
(3.365867455347691 0.002894116749471284 0.0)
(4.35094658274136 0.0023682364105116313 0.0)
(5.2764505809698505 0.000488308089892817 0.0)
(6.147072643887608 -0.0009585279128633413 0.0)
(6.946919046147472 -0.0009820770834593497 0.0)
(7.652117361488835 -0.0004855065021060683 0.0)
(8.261468463791356 -0.00013750968218369377 0.0)
(8.778101391877312 0.00012719635420234762 0.0)
(9.20313167799742 0.00034669827091418957 0.0)
(9.537387569033246 0.0005191397798081777 0.0)
(9.781267942700788 0.0006431544465830203 0.0)
(9.935323855208916 0.0007182641706504701 0.0)
(10.000000000000005 0.0007432036612639095 0.0)
(9.975787255902183 0.0007182641706487312 0.0)
(9.86317650174367 0.0006431544465796056 0.0)
(9.662612430966751 0.0005191397798038827 0.0)
(9.374646099780344 0.00034669827090819095 0.0)
(8.999676385900468 0.00012719635419583048 0.0)
(8.538531536208627 -0.00013750968219197697 0.0)
(7.992327082955609 -0.0004855065021152702 0.0)
(7.364192064963647 -0.0009820770834674467 0.0)
(6.652927356112385 -0.0009585279128710665 0.0)
(5.834660530141257 0.000488308089885156 0.0)
(4.893497861703102 0.0023682364105072034 0.0)
(3.8341325446523093 0.002894116749469652 0.0)
(2.6565747956229733 0.001861434657040669 0.0)
(1.3748579221751571 0.0005830244860343506 0.0)
(0.022554782650203015 4.729209199736581e-05 0.0)
(-0.022528692186217166 4.7326047044605726e-05 0.0)
(1.2030134358091649 0.0005836135425073621 0.0)
(2.3213583544896705 0.001864478725528357 0.0)
(3.3659235371766223 0.002903005181297203 0.0)
(4.3504933197208056 0.002386525565543506 0.0)
(5.275362515203082 0.0005175365047593874 0.0)
(6.146463260991371 -0.0009220227099130796 0.0)
(6.9473619928493 -0.0009459123455129686 0.0)
(7.6524050365522305 -0.00045290833075858965 0.0)
(8.261501543571068 -0.00010757499062404473 0.0)
(8.778140430091694 0.00015472658958464374 0.0)
(9.20315411567065 0.0003719923977107865 0.0)
(9.537401784695307 0.0005425728849728652 0.0)
(9.781275702532016 0.0006651971260436661 0.0)
(9.935327529576693 0.0007394484990736278 0.0)
(10.000000000000005 0.000764099430474755 0.0)
(9.975783581534406 0.000739448499071901 0.0)
(9.86316874191244 0.0006651971260402757 0.0)
(9.66259821530469 0.0005425728849686072 0.0)
(9.374623662107116 0.00037199239770483805 0.0)
(8.999637347686086 0.0001547265895781899 0.0)
(8.538498456428915 -0.00010757499063225178 0.0)
(7.9920394078922135 -0.0004529083307677022 0.0)
(7.363749118261819 -0.0009459123455209625 0.0)
(6.653536739008624 -0.0009220227099207016 0.0)
(5.835748595908028 0.0005175365047518088 0.0)
(4.893951124723656 0.0023865255655391303 0.0)
(3.8340764628233774 0.002903005181295597 0.0)
(2.6564194232881153 0.0018644787255279705 0.0)
(1.3747643419686282 0.0005836135425071632 0.0)
(0.022528692186219636 4.73260470445867e-05 0.0)
(-0.022501663286347225 4.737072182559147e-05 0.0)
(1.203111584534519 0.0005843389305437271 0.0)
(2.3215348435180596 0.0018679796924977517 0.0)
(3.3660477522088357 0.002912678497496133 0.0)
(4.35015285684875 0.0024057611492953684 0.0)
(5.274283698440188 0.0005481057491596823 0.0)
(6.145650027543852 -0.0008830073092741575 0.0)
(6.947647772173402 -0.0009060106416039859 0.0)
(7.652687817919699 -0.00041628152492516633 0.0)
(8.26152934782674 -7.375142691524779e-05 0.0)
(8.778171289073066 0.00018598856889801783 0.0)
(9.203172303056164 0.00040083744310781734 0.0)
(9.537413327490597 0.0005693872953922141 0.0)
(9.781281951451527 0.0006904847626488745 0.0)
(9.935330528999723 0.0007637911654709433 0.0)
(10.000000000000005 0.0007881233443401047 0.0)
(9.975780582111376 0.000763791165469229 0.0)
(9.863162492992931 0.0006904847626455095 0.0)
(9.662586672509402 0.0005693872953879945 0.0)
(9.374605474721601 0.00040083744310192096 0.0)
(8.999606488704716 0.00018598856889162965 0.0)
(8.538470652173244 -7.375142692337585e-05 0.0)
(7.991756626524744 -0.0004162815249341864 0.0)
(7.363463338937717 -0.0009060106416118744 0.0)
(6.654349972456147 -0.0008830073092816768 0.0)
(5.836827412670925 0.0005481057491521842 0.0)
(4.8942915875957125 0.0024057611492910446 0.0)
(3.833952247791163 0.002912678497494553 0.0)
(2.6562429342597254 0.0018679796924973753 0.0)
(1.3746661932432738 0.0005843389305435304 0.0)
(0.02250166328634962 4.737072182557259e-05 0.0)
(-0.022474883551002956 4.742415341219585e-05 0.0)
(1.2032099893032646 0.0005851687779203888 0.0)
(2.321724694634951 0.0018717837318654523 0.0)
(3.3662346426630605 0.002922711670251125 0.0)
(4.349940153440931 0.0024250979854076675 0.0)
(5.27326153191609 0.0005786726664196052 0.0)
(6.144668675534965 -0.0008431959762739912 0.0)
(6.947763827499095 -0.0008641251796040578 0.0)
(7.652953280695289 -0.0003772353994472715 0.0)
(8.261550654890243 -3.7525136568206394e-05 0.0)
(8.77819261293424 0.000219608697963615 0.0)
(9.203185441033515 0.0004319660085810556 0.0)
(9.53742169024981 0.0005984048349279756 0.0)
(9.781286414893229 0.000717906263908636 0.0)
(9.935332721688845 0.0007902225976145681 0.0)
(10.000000000000005 0.0008142198360352234 0.0)
(9.975778389422254 0.0007902225976128665 0.0)
(9.863158029551228 0.0007179062639052961 0.0)
(9.66257830975019 0.0005984048349237944 0.0)
(9.37459233674425 0.00043196600857521106 0.0)
(8.999585164843543 0.00021960869795729202 0.0)
(8.53844934510974 -3.752513657625617e-05 0.0)
(7.991491163749154 -0.00037723539945620007 0.0)
(7.363347283612024 -0.0008641251796118437 0.0)
(6.6553313244650365 -0.0008431959762814126 0.0)
(5.837849579195026 0.0005786726664121816 0.0)
(4.894504291003531 0.0024250979854033923 0.0)
(3.8337653573369375 0.0029227116702495713 0.0)
(2.6560530831428335 0.0018717837318650862 0.0)
(1.374567788474528 0.0005851687779201944 0.0)
(0.022474883551005288 4.742415341217713e-05 0.0)
(-0.02244952963276325 4.748399411825381e-05 0.0)
(1.2033043263898893 0.0005860666226617792 0.0)
(2.321919566129591 0.001875723701100935 0.0)
(3.3664759969146445 0.0029326638603064965 0.0)
(4.349864555295958 0.002443686448677372 0.0)
(5.272340927757856 0.0006078942021153491 0.0)
(6.143562323776649 -0.0008043379480518323 0.0)
(6.947705059567687 -0.0008220963300861746 0.0)
(7.65318976093029 -0.0003374855696455362 0.0)
(8.261564528568188 -4.878365066444607e-07 0.0)
(8.778203464743765 0.00025410976981658074 0.0)
(9.203192952344013 0.0004640103619117083 0.0)
(9.537426505528602 0.0006283505259790365 0.0)
(9.78128889674166 0.0007462567792238155 0.0)
(9.935334011301311 0.0008175814467310496 0.0)
(10.000000000000005 0.00084124227345721 0.0)
(9.975777099809788 0.00081758144672936 0.0)
(9.863155547702796 0.0007462567792204993 0.0)
(9.662573494471395 0.0006283505259748917 0.0)
(9.374584825433752 0.00046401036190591295 0.0)
(8.999574313034017 0.00025410976981031963 0.0)
(8.538435471431796 -4.878365146200687e-07 0.0)
(7.991254683514152 -0.00033748556965437825 0.0)
(7.363406051543433 -0.0008220963300938646 0.0)
(6.656437676223356 -0.0008043379480591657 0.0)
(5.838770183353261 0.0006078942021079912 0.0)
(4.8945798891485035 0.0024436864486731386 0.0)
(3.833524003085353 0.002932663860304967 0.0)
(2.655858211648193 0.0018757237011005786 0.0)
(1.3744734513879031 0.0005860666226615872 0.0)
(0.022449529632765527 4.7483994118235254e-05 0.0)
(-0.022426715536411877 4.754761465261662e-05 0.0)
(1.2033904507953916 0.0005869930151125226 0.0)
(2.3221108957050123 0.0018796264851639627 0.0)
(3.366761210299318 0.0029420977866382314 0.0)
(4.349929384058019 0.0024607097960350423 0.0)
(5.271562335628002 0.0006344864154277324 0.0)
(6.1423795833411505 -0.0007681405752790091 0.0)
(6.94747405053457 -0.000781770763808544 0.0)
(7.653386868115805 -0.0002987785703211899 0.0)
(8.261570359276545 3.5733122062558674e-05 0.0)
(8.778203367692987 0.000287975870477623 0.0)
(9.20319450695442 0.0004955625328379144 0.0)
(9.537427561752438 0.000657908609664707 0.0)
(9.781289287948942 0.000774290638817266 0.0)
(9.93533434117391 0.00084466561504181 0.0)
(10.000000000000005 0.0008680033401418944 0.0)
(9.975776769937191 0.0008446656150401313 0.0)
(9.863155156495516 0.0007742906388139714 0.0)
(9.662572438247562 0.0006579086096605954 0.0)
(9.374583270823345 0.0004955625328321634 0.0)
(8.999574410084795 0.0002879758704714177 0.0)
(8.538429640723438 3.573312205464984e-05 0.0)
(7.991057576328636 -0.00029877857032995425 0.0)
(7.3636370605765515 -0.0007817707638161496 0.0)
(6.657620416658857 -0.0007681405752862675 0.0)
(5.839548775483116 0.0006344864154204284 0.0)
(4.894515060386442 0.0024607097960308443 0.0)
(3.8332387897006788 0.0029420977866367218 0.0)
(2.655666882072771 0.0018796264851636154 0.0)
(1.3743873269824005 0.0005869930151123328 0.0)
(0.02242671553641411 4.7547614652598245e-05 0.0)
(-0.0224074436716053 4.76122196453949e-05 0.0)
(1.2034645783709539 0.0005879072512831201 0.0)
(2.322290276689699 0.0018833206028627477 0.0)
(3.367077751062741 0.0029505989397821926 0.0)
(4.350131791269909 0.0024754200527411165 0.0)
(5.27095996544032 0.0006572808931528879 0.0)
(6.141172421679443 -0.0007361943042939374 0.0)
(6.9470809505140405 -0.0007449203123798675 0.0)
(7.6535359417227005 -0.0002628151162120908 0.0)
(8.26156789082466 6.954625648424284e-05 0.0)
(8.778192326046137 0.00031971898543997553 0.0)
(9.203190036557993 0.0005252361766922412 0.0)
(9.53742481251277 0.0006857803578628242 0.0)
(9.781287571326141 0.0008007760861849479 0.0)
(9.93533369681264 0.0008702850737403596 0.0)
(10.000000000000005 0.0008933272037771393 0.0)
(9.97577741429846 0.0008702850737386902 0.0)
(9.863156873118317 0.0008007760861816717 0.0)
(9.662575187487228 0.0006857803578587406 0.0)
(9.374587741219772 0.0005252361766865281 0.0)
(8.999585451731646 0.0003197189854338175 0.0)
(8.538432109175323 6.954625647639049e-05 0.0)
(7.990908502721741 -0.00026281511622078984 0.0)
(7.364030160597083 -0.0007449203123874035 0.0)
(6.658827578320568 -0.0007361943043011376 0.0)
(5.840151145670799 0.0006572808931456235 0.0)
(4.89431265317455 0.0024754200527369445 0.0)
(3.8329222489372547 0.0029505989397806995 0.0)
(2.6554875010880843 0.0018833206028624082 0.0)
(1.374313199406838 0.0005879072512829324 0.0)
(0.02240744367160751 4.761221964537667e-05 0.0)
(-0.02239256080882625 4.767497047139743e-05 0.0)
(1.2035234520865186 0.0005887691613087834 0.0)
(2.322449827411351 0.0018866437414238031 0.0)
(3.3674117109828647 0.002957793794621656 0.0)
(4.350462883529032 0.002487170877027584 0.0)
(5.270560284238851 0.0006752760876408907 0.0)
(6.139993879266502 -0.0007099027957996503 0.0)
(6.946543031601844 -0.0007131641172199252 0.0)
(7.653630431729411 -0.00023117537569851277 0.0)
(8.261557231671791 9.946587949130059e-05 0.0)
(8.778170824952978 0.0003479443803045802 0.0)
(9.203179737575777 0.0005517274878501273 0.0)
(9.53741837860616 0.0007107411369474852 0.0)
(9.781283822298521 0.0008245493992232818 0.0)
(9.93533210652956 0.0008933141506809594 0.0)
(10.000000000000005 0.0009161011801235116 0.0)
(9.97577900458154 0.000893314150679297 0.0)
(9.863160622145935 0.0008245493992200199 0.0)
(9.662581621393837 0.0007107411369434235 0.0)
(9.374598040201988 0.0005517274878444433 0.0)
(8.999606952824804 0.00034794438029845884 0.0)
(8.538442768328194 9.946587948349194e-05 0.0)
(7.99081401271503 -0.0002311753757071614 0.0)
(7.364568079509281 -0.0007131641172274095 0.0)
(6.660006120733512 -0.0007099027958068116 0.0)
(5.840550826872269 0.0006752760876336504 0.0)
(4.893981560915426 0.0024871708770234278 0.0)
(3.83258828901713 0.002957793794620175 0.0)
(2.6553279503664315 0.0018866437414234696 0.0)
(1.3742543256912734 0.0005887691613085975 0.0)
(0.022392560808828437 4.767497047137935e-05 0.0)
(-0.022382720873837806 4.7733109974129065e-05 0.0)
(1.2035644851387302 0.000589540874439805 0.0)
(2.3225825375031506 0.0018894498882182657 0.0)
(3.367748416471761 0.00296336622239759 0.0)
(4.350908113247238 0.002495445959172823 0.0)
(5.27038085328439 0.000687681322967216 0.0)
(6.138895739099869 -0.0006904212505804316 0.0)
(6.945883928970888 -0.0006878974874477278 0.0)
(7.653666186417906 -0.00020524954109535313 0.0)
(8.261538850161612 0.00012417737758520507 0.0)
(8.77813980913221 0.0003714118828579868 0.0)
(9.203164062526207 0.0005738724865637789 0.0)
(9.537408542726697 0.0007316942159501648 0.0)
(9.7812782055915 0.0008445660220494104 0.0)
(9.935329640198795 0.0009127409903533448 0.0)
(10.000000000000005 0.0009353246223241634 0.0)
(9.975781470912304 0.0009127409903516876 0.0)
(9.863166238852958 0.0008445660220461581 0.0)
(9.662591457273301 0.0007316942159461179 0.0)
(9.374613715251558 0.0005738724865581148 0.0)
(8.999637968645573 0.00037141188285188994 0.0)
(8.538461149838371 0.00012417737757742538 0.0)
(7.990778258026535 -0.00020524954110396872 0.0)
(7.365227182140239 -0.0006878974874551809 0.0)
(6.661104260900147 -0.0006904212505875747 0.0)
(5.840730257826728 0.0006876813229599824 0.0)
(4.893536331197219 0.002495445959168672 0.0)
(3.832251583528233 0.0029633662223961152 0.0)
(2.655195240274632 0.0018894498882179366 0.0)
(1.3742132926390618 0.0005895408744396204 0.0)
(0.02238272087383999 4.773310997411111e-05 0.0)
(-0.022378356215381704 4.7784083610202985e-05 0.0)
(1.2035858746103423 0.0005901884830130167 0.0)
(2.3226825759264487 0.0018916157462896875 0.0)
(3.368073073306233 0.002967071380827988 0.0)
(4.351447917845233 0.002499881707206207 0.0)
(5.270429556444819 0.0006939515357863618 0.0)
(6.137926251449477 -0.0006786056520927335 0.0)
(6.945132602384982 -0.0006702305925514727 0.0)
(7.653641634792586 -0.0001861767461451004 0.0)
(8.261513553944056 0.00014259497274811842 0.0)
(8.778100641362252 0.0003890903739705815 0.0)
(9.203143700142286 0.0005906981621028487 0.0)
(9.537395737044928 0.0007477189549120603 0.0)
(9.781270967992906 0.00085994646087573 0.0)
(9.93532640618641 0.0009277120129627105 0.0)
(10.000000000000005 0.0009501528874970921 0.0)
(9.975784704924688 0.0009277120129610554 0.0)
(9.863173476451552 0.0008599464608724825 0.0)
(9.66260426295507 0.0007477189549080203 0.0)
(9.374634077635479 0.0005906981620971937 0.0)
(8.999677136415528 0.00038909037396449585 0.0)
(8.538486446055927 0.00014259497274035177 0.0)
(7.990802809651855 -0.0001861767461537018 0.0)
(7.365978508726147 -0.0006702305925589162 0.0)
(6.662073748550541 -0.00067860565209988 0.0)
(5.840681554666298 0.0006939515357791176 0.0)
(4.892996526599221 0.0024998817072020498 0.0)
(3.8319269266937606 0.002967071380826514 0.0)
(2.655095201851334 0.001891615746289361 0.0)
(1.3741919031674497 0.0005901884830128331 0.0)
(0.022378356215383904 4.778408361018512e-05 0.0)
(-0.022379658608565594 4.7825651691303735e-05 0.0)
(1.2035866806871034 0.0005906835322924784 0.0)
(2.3227455471759413 0.0018930461517967358 0.0)
(3.3683714166589165 0.002968746472029815 0.0)
(4.352058579296528 0.0025002832224741193 0.0)
(5.270704253792367 0.0006938112244180847 0.0)
(6.137128013829055 -0.0006749751561180795 0.0)
(6.944322063759798 -0.0006609396835722309 0.0)
(7.653557855606951 -0.00017479501456517675 0.0)
(8.261482454488643 0.00015390942954262015 0.0)
(8.778055042603265 0.000400203093084762 0.0)
(9.20311954510991 0.0006014652250658531 0.0)
(9.537380524219083 0.0007581112561196167 0.0)
(9.781262427509583 0.0008700149273579301 0.0)
(9.935322546588994 0.0009375694191643122 0.0)
(10.000000000000005 0.0009599344487981437 0.0)
(9.975788564522105 0.0009375694191626569 0.0)
(9.863182016934875 0.0008700149273546818 0.0)
(9.662619475780915 0.0007581112561155758 0.0)
(9.374658232667855 0.0006014652250601964 0.0)
(8.999722735174515 0.0004002030930786738 0.0)
(8.53851754551134 0.0001539094295348499 0.0)
(7.990886588837491 -0.0001747950145737833 0.0)
(7.366789047351332 -0.0006609396835796867 0.0)
(6.662871986170964 -0.0006749751561252509 0.0)
(5.840406857318748 0.0006938112244108134 0.0)
(4.892385865147926 0.0025002832224699455 0.0)
(3.831628583341076 0.0029687464720283365 0.0)
(2.6550322306018415 0.0018930461517964092 0.0)
(1.3741910970906888 0.0005906835322922953 0.0)
(0.02237965860856782 4.782565169128594e-05 0.0)
(-0.022386570828615632 4.78559877919944e-05 0.0)
(1.203566867951475 0.0005910042707185171 0.0)
(2.322768684410128 0.0018936782553382835 0.0)
(3.368630337868699 0.0029683178955601545 0.0)
(4.352713266254123 0.0024966328631302404 0.0)
(5.271192875628128 0.0006872665538872147 0.0)
(6.1365360993393105 -0.0006796892800077907 0.0)
(6.943487926679689 -0.0006604329860533124 0.0)
(7.653418529965147 -0.00017160443881891453 0.0)
(8.261446918248549 0.0001576236114363735 0.0)
(8.778005016381297 0.00040426176765279636 0.0)
(9.203092658757013 0.0006057005904039828 0.0)
(9.537363572672898 0.0007624145008699524 0.0)
(9.781252959394742 0.0008743290314985213 0.0)
(9.935318230990193 0.0009418800925632666 0.0)
(10.000000000000005 0.0009642395223186103 0.0)
(9.975792880120906 0.0009418800925616085 0.0)
(9.863191485049715 0.0008743290314952671 0.0)
(9.662636427327099 0.0007624145008659024 0.0)
(9.374685119020752 0.0006057005903983134 0.0)
(8.999772761396486 0.000404261767646692 0.0)
(8.538553081751434 0.0001576236114285833 0.0)
(7.991025914479296 -0.00017160443882754538 0.0)
(7.367623184431444 -0.0006604329860608023 0.0)
(6.663463900660709 -0.0006796892800150077 0.0)
(5.839918235482985 0.0006872665538799005 0.0)
(4.891731178190328 0.00249663286312604 0.0)
(3.8313696621312934 0.0029683178955586666 0.0)
(2.6550090933676547 0.0018936782553379552 0.0)
(1.374210909826317 0.0005910042707183342 0.0)
(0.0223865708286179 4.785598779197665e-05 0.0)
(-0.02239878916522837 4.787375899950898e-05 0.0)
(1.2035273069388144 0.0005911366056314674 0.0)
(2.322750971021268 0.0018934842834411162 0.0)
(3.368838460411305 0.002965804482285026 0.0)
(4.3533832129708205 0.0024890910192859965 0.0)
(5.271873952802547 0.0006746050850437418 0.0)
(6.136176515620046 -0.0006925408937823995 0.0)
(6.942666841601942 -0.0006687327633567218 0.0)
(7.653229779580986 -0.00017674520696761114 0.0)
(8.26140850662115 0.00015357432407187086 0.0)
(8.77795276075702 0.0004010880669393006 0.0)
(9.203064222420752 0.0006032181639126623 0.0)
(9.537345627226301 0.000760439612461301 0.0)
(9.781242979660028 0.0008726992194539969 0.0)
(9.935313649009524 0.0009404546300565781 0.0)
(10.000000000000005 0.0009628789510039121 0.0)
(9.975797462101575 0.0009404546300549146 0.0)
(9.863201464784428 0.0008726992194507316 0.0)
(9.662654372773696 0.0007604396124572341 0.0)
(9.374713555357014 0.00060321816390697 0.0)
(8.999825017020763 0.00040108806693316704 0.0)
(8.538591493378833 0.0001535743240640452 0.0)
(7.991214664863457 -0.00017674520697628438 0.0)
(7.368444269509193 -0.0006687327633642655 0.0)
(6.663823484379973 -0.0006925408937896805 0.0)
(5.839237158308563 0.000674605085036371 0.0)
(4.891061231473629 0.0024890910192817612 0.0)
(3.831161539588687 0.0029658044822835224 0.0)
(2.6550268067565153 0.001893484283440784 0.0)
(1.374250470838978 0.0005911366056312841 0.0)
(0.02239878916523069 4.7873758999491215e-05 0.0)
(-0.022415776767045866 4.7878184479500765e-05 0.0)
(1.2034697358876432 0.0005910747224773542 0.0)
(2.322693185303261 0.001892472758875533 0.0)
(3.368986639762962 0.002961316666985578 0.0)
(4.3540389832135205 0.0024779890657624904 0.0)
(5.272717560030575 0.0006563831396651453 0.0)
(6.136065062122046 -0.0007129653210440124 0.0)
(6.941894885502742 -0.0006854743384517605 0.0)
(7.65299989780104 -0.00018999144306358233 0.0)
(8.261368907343085 0.0001419394857279465 0.0)
(8.777900571746963 0.0003908214375475041 0.0)
(9.20303548554172 0.0005941270188704492 0.0)
(9.537327476369386 0.0007522733638773824 0.0)
(9.78123292679673 0.0008651971021839359 0.0)
(9.935309001970836 0.0009333556638589803 0.0)
(10.000000000000005 0.0009559125158685222 0.0)
(9.975802109140263 0.000933355663857309 0.0)
(9.863211517647729 0.0008651971021806552 0.0)
(9.662672523630611 0.000752273363873292 0.0)
(9.374742292236045 0.000594127018864725 0.0)
(8.999877206030819 0.00039082143754132974 0.0)
(8.538631092656898 0.00014193948572007137 0.0)
(7.991444546643404 -0.00018999144307231422 0.0)
(7.369216225608395 -0.0006854743384593759 0.0)
(6.663934937877973 -0.0007129653210513729 0.0)
(5.838393551080533 0.0006563831396577066 0.0)
(4.8904054612309285 0.0024779890657582117 0.0)
(3.8310133602370295 0.0029613166669840555 0.0)
(2.6550845924745223 0.0018924727588751952 0.0)
(1.3743080418901494 0.0005910747224771698 0.0)
(0.022415776767048246 4.787818447948296e-05 0.0)
)
