(
(-0.027749055529831836 1.9013737253109513e-05 0.0)
(1.1911921582978577 0.00015426210664911332 0.0)
(2.3164709401345673 -7.25241275533101e-05 0.0)
(3.382744250890956 -0.0022094077640428694 0.0)
(4.388631338090346 -0.007592714834947169 0.0)
(5.3143224171646635 -0.015746404940326423 0.0)
(6.164254403932981 -0.02433996686805134 0.0)
(6.953733199900458 -0.031427979186894044 0.0)
(7.662503405018712 -0.03726888793645857 0.0)
(8.270757884751323 -0.042501076858127776 0.0)
(8.785366637057981 -0.047062065441905616 0.0)
(9.208858022556061 -0.05085380738906176 0.0)
(9.541594766291523 -0.05383528416038678 0.0)
(9.784030064971974 -0.05597976265520919 0.0)
(9.936692598707458 -0.05727127582545515 0.0)
(10.000000000000005 -0.057702698380646344 0.0)
(9.974418512403652 -0.05727127582545677 0.0)
(9.860414379472486 -0.05597976265521248 0.0)
(9.658405233708482 -0.05383528416039038 0.0)
(9.368919755221707 -0.05085380738906758 0.0)
(8.992411140719804 -0.047062065441911924 0.0)
(8.529242115248671 -0.042501076858136054 0.0)
(7.981941039425735 -0.037268887936468154 0.0)
(7.357377911210673 -0.03142797918690239 0.0)
(6.635745596067026 -0.024339966868059008 0.0)
(5.796788693946417 -0.01574640494033412 0.0)
(4.855813106354069 -0.007592714834951728 0.0)
(3.8172557491090204 -0.0022094077640446345 0.0)
(2.6613068376432105 -7.252412755390334e-05 0.0)
(1.386585619479934 0.0001542621066488674 0.0)
(0.027749055529829116 1.901373725308648e-05 0.0)
(-0.02777312474442783 1.894469648421077e-05 0.0)
(1.1911010526493264 0.00015326147179285746 0.0)
(2.3162659454648025 -7.671185346806203e-05 0.0)
(3.3824299808287495 -0.0022194547364775123 0.0)
(4.388536843941973 -0.007610733063000511 0.0)
(5.315134062289749 -0.015774518654132635 0.0)
(6.16553899123899 -0.02437839765154898 0.0)
(6.954011910757624 -0.031471015748961946 0.0)
(7.66229853500185 -0.03731030178140834 0.0)
(8.270753040267307 -0.04253985900582312 0.0)
(8.785368676771908 -0.04709834889821691 0.0)
(9.208857404782565 -0.05088762931925859 0.0)
(9.541594295656626 -0.053866981542328586 0.0)
(9.784030014103388 -0.05600983450450015 0.0)
(9.93669241384713 -0.05730033446695352 0.0)
(10.000000000000005 -0.05773141213952841 0.0)
(9.97441869726398 -0.05730033446695515 0.0)
(9.860414430341072 -0.05600983450450347 0.0)
(9.658405704343378 -0.053866981542332215 0.0)
(9.368920372995206 -0.050887629319264445 0.0)
(8.99240910100588 -0.04709834889822327 0.0)
(8.529246959732687 -0.04253985900583147 0.0)
(7.982145909442597 -0.03731030178141799 0.0)
(7.357099200353504 -0.03147101574897036 0.0)
(6.634461008761013 -0.024378397651556725 0.0)
(5.795977048821331 -0.01577451865414039 0.0)
(4.855907600502443 -0.007610733063005106 0.0)
(3.817570019171228 -0.002219454736479298 0.0)
(2.6615118323129763 -7.671185346866475e-05 0.0)
(1.3866767251284653 0.00015326147179260915 0.0)
(0.027773124744425153 1.8944696484187554e-05 0.0)
(-0.027793209949122693 1.887509185708913e-05 0.0)
(1.1910235088418402 0.00015228109640409016 0.0)
(2.3160752779102705 -8.06450143886714e-05 0.0)
(3.3820842586367 -0.0022284259908203776 0.0)
(4.388294998560174 -0.007626133207731204 0.0)
(5.315750275493374 -0.01579834442514144 0.0)
(6.166840637682894 -0.024411978660079398 0.0)
(6.954463025624973 -0.031510004421453804 0.0)
(7.662146817298553 -0.03734846652159087 0.0)
(8.270757160128452 -0.04257577215500412 0.0)
(8.785382477825092 -0.047132087760133175 0.0)
(9.208863274122963 -0.050919187345337964 0.0)
(9.541597922934548 -0.05389663705516708 0.0)
(9.78403223154586 -0.05603802454848122 0.0)
(9.936693278552292 -0.05732760863399266 0.0)
(10.000000000000005 -0.057758373494586054 0.0)
(9.974417832558817 -0.057327608633994304 0.0)
(9.860412212898598 -0.05603802454848455 0.0)
(9.658402077065457 -0.05389663705517074 0.0)
(9.368914503654807 -0.05091918734534386 0.0)
(8.992395299952694 -0.04713208776013959 0.0)
(8.529242839871541 -0.04257577215501252 0.0)
(7.982297627145894 -0.03734846652160059 0.0)
(7.356648085486153 -0.03151000442146229 0.0)
(6.633159362317106 -0.024411978660087204 0.0)
(5.795360835617704 -0.015798344425149227 0.0)
(4.856149445884243 -0.007626133207735825 0.0)
(3.817915741363279 -0.00222842599082218 0.0)
(2.6617024998675087 -8.06450143892822e-05 0.0)
(1.3867542689359518 0.00015228109640383968 0.0)
(0.027793209949120056 1.887509185706575e-05 0.0)
(-0.027808428636766983 1.8807981671722265e-05 0.0)
(1.1909629340084376 0.0001513640563838477 0.0)
(2.3159073150545 -8.415079441980115e-05 0.0)
(3.381722274715445 -0.002235927346568086 0.0)
(4.387916428188583 -0.00763823861495355 0.0)
(5.316143981494704 -0.015816835392562716 0.0)
(6.168102151301242 -0.02443923440556248 0.0)
(6.955066723340523 -0.031543232113428084 0.0)
(7.662054918107144 -0.03738170526814296 0.0)
(8.270770063315599 -0.04260723834759701 0.0)
(8.785407433824505 -0.047161799603785325 0.0)
(9.208875372689178 -0.050947094865367755 0.0)
(9.541605488749335 -0.05392294768992136 0.0)
(9.784036619869024 -0.05606309416819207 0.0)
(9.936695154829383 -0.05735189994956955 0.0)
(10.000000000000005 -0.05778239781320246 0.0)
(9.974415956281726 -0.0573518999495712 0.0)
(9.860407824575434 -0.056063094168195424 0.0)
(9.65839451125067 -0.053922947689925046 0.0)
(9.368902405088592 -0.05094709486537368 0.0)
(8.992370343953281 -0.047161799603791785 0.0)
(8.529229936684395 -0.04260723834760546 0.0)
(7.982389526337303 -0.03738170526815275 0.0)
(7.356044387770601 -0.031543232113436626 0.0)
(6.631897848698755 -0.024439234405570328 0.0)
(5.794967129616375 -0.015816835392570526 0.0)
(4.856528016255836 -0.007638238614958187 0.0)
(3.818277725284535 -0.002235927346569901 0.0)
(2.661870462723279 -8.415079442041832e-05 0.0)
(1.3868148437693546 0.00015136405638359538 0.0)
(0.027808428636764356 1.8807981671698725e-05 0.0)
(-0.027818112126067402 1.874631462688057e-05 0.0)
(1.1909219896964796 0.0001505506447929423 0.0)
(2.315769436878095 -8.707515600052676e-05 0.0)
(3.381359933976254 -0.0022416292078724265 0.0)
(4.38741776651675 -0.007646517395220417 0.0)
(5.316297881572302 -0.015829179097116248 0.0)
(6.1692681034935175 -0.024458967320404677 0.0)
(6.955796478531087 -0.031569238860887784 0.0)
(7.6620268753099685 -0.037408557571349706 0.0)
(8.270791182886308 -0.04263287501666503 0.0)
(8.78544244824919 -0.04718617894511957 0.0)
(9.208893168892342 -0.05097012567397321 0.0)
(9.541616660672924 -0.05394475740543427 0.0)
(9.78404298625799 -0.05608394185040621 0.0)
(9.93669796023822 -0.05737214109771744 0.0)
(10.000000000000005 -0.057802429510768846 0.0)
(9.97441315087289 -0.0573721410977191 0.0)
(9.86040145818647 -0.05608394185040957 0.0)
(9.65838333932708 -0.05394475740543796 0.0)
(9.368884608885429 -0.05097012567397916 0.0)
(8.992335329528595 -0.047186178945126056 0.0)
(8.529208817113686 -0.04263287501667352 0.0)
(7.982417569134479 -0.03740855757135951 0.0)
(7.355314632580035 -0.031569238860896354 0.0)
(6.630731896506477 -0.02445896732041254 0.0)
(5.794813229538778 -0.015829179097124065 0.0)
(4.85702667792767 -0.007646517395225058 0.0)
(3.8186400660237267 -0.002241629207874247 0.0)
(2.6620083408996846 -8.707515600114832e-05 0.0)
(1.3868557880813124 0.0001505506447926885 0.0)
(0.02781811212606478 1.87463146268569e-05 0.0)
(-0.027821834942219546 1.8692800259697715e-05 0.0)
(1.1909024749241282 0.00014987660144858388 0.0)
(2.3156677014958857 -8.928960803295946e-05 0.0)
(3.381013157008323 -0.0022452810453789463 0.0)
(4.386820923826262 -0.0076506057940724775 0.0)
(5.316205213638313 -0.015834833179006125 0.0)
(6.1702872644534414 -0.02447031037642818 0.0)
(6.95662022708864 -0.03158688197492752 0.0)
(7.662063921056231 -0.03742784359013306 0.0)
(8.27081959088528 -0.042651555733870306 0.0)
(8.785485982629384 -0.04720415460047842 0.0)
(9.208915880799845 -0.05098726783955788 0.0)
(9.54163094783143 -0.0539611079227059 0.0)
(9.784051050985273 -0.05609965158610688 0.0)
(9.93670157151427 -0.05738744271941686 0.0)
(10.000000000000005 -0.057817588431141126 0.0)
(9.974409539596838 -0.05738744271941851 0.0)
(9.860393393459187 -0.05609965158611024 0.0)
(9.658369052168574 -0.05396110792270961 0.0)
(9.368861896977926 -0.05098726783956383 0.0)
(8.992291795148402 -0.04720415460048491 0.0)
(8.529180409114714 -0.042651555733878806 0.0)
(7.9823805233882155 -0.037427843590142895 0.0)
(7.354490884022479 -0.0315868819749361 0.0)
(6.629712735546551 -0.024470310376436027 0.0)
(5.794905897472768 -0.015834833179013928 0.0)
(4.85762352061816 -0.007650605794077109 0.0)
(3.8189868429916585 -0.0022452810453807673 0.0)
(2.662110076281894 -8.928960803358322e-05 0.0)
(1.3868753028536638 0.00014987660144832906 0.0)
(0.027821834942216902 1.8692800259673957e-05 0.0)
(-0.027819433511492377 1.864978989356596e-05 0.0)
(1.1909052471347792 0.000149371542582196 0.0)
(2.315606578974447 -9.069685154601961e-05 0.0)
(3.380697180557213 -0.0022467224040284566 0.0)
(4.386152124293045 -0.007650324174743688 0.0)
(5.315870049352225 -0.015833549208217956 0.0)
(6.171114854112938 -0.024472765180502832 0.0)
(6.957501775008571 -0.03159538624939356 0.0)
(7.662164427623615 -0.037438715932110504 0.0)
(8.27085403911701 -0.04266245970267424 0.0)
(8.785536124144063 -0.04721493675245094 0.0)
(9.208942510492022 -0.050997768166726666 0.0)
(9.54164772247325 -0.05397128082991979 0.0)
(9.784060459701507 -0.05610953311824755 0.0)
(9.936705829984671 -0.05739713248940385 0.0)
(10.000000000000007 -0.057827208519090595 0.0)
(9.974405281126439 -0.05739713248940549 0.0)
(9.86038398474295 -0.05610953311825092 0.0)
(9.658352277526754 -0.05397128082992349 0.0)
(9.368835267285748 -0.05099776816673262 0.0)
(8.992241653633723 -0.04721493675245743 0.0)
(8.529145960882984 -0.042662459702682724 0.0)
(7.982280016820831 -0.03743871593212032 0.0)
(7.353609336102547 -0.03159538624940213 0.0)
(6.628885145887054 -0.024472765180510652 0.0)
(5.7952410617588574 -0.015833549208225724 0.0)
(4.85829232015138 -0.007650324174748301 0.0)
(3.819302819442769 -0.002246722404030272 0.0)
(2.6621711988033328 -9.069685154664334e-05 0.0)
(1.3868725306430125 0.00014937154258194075 0.0)
(0.0278194335114897 1.8649789893542136e-05 0.0)
(-0.027811013348358758 1.8619173325287888e-05 0.0)
(1.1909301845225686 0.0001490576595563888 0.0)
(2.3155887549255496 -9.123505483422266e-05 0.0)
(3.3804258880501226 -0.0022458899531587894 0.0)
(4.385440753745055 -0.007645684911072146 0.0)
(5.3153071152196025 -0.01582538360007921 0.0)
(6.1717145096963995 -0.024466223873028544 0.0)
(6.958402388688022 -0.03159437802202399 0.0)
(7.662323978937422 -0.0374406968864659 0.0)
(8.270893013989218 -0.042665107822635814 0.0)
(8.785590669666805 -0.04721805165300485 0.0)
(9.208971887908918 -0.0510011652903136 0.0)
(9.541666247551307 -0.053974829148143756 0.0)
(9.784070799004919 -0.05611315227038372 0.0)
(9.936710548540024 -0.05740078465691211 0.0)
(10.000000000000007 -0.0578308670855522 0.0)
(9.974400562571086 -0.057400784656913756 0.0)
(9.86037364543954 -0.05611315227038708 0.0)
(9.658333752448698 -0.05397482914814744 0.0)
(9.368805889868852 -0.05100116529031954 0.0)
(8.992187108110981 -0.04721805165301131 0.0)
(8.529106986010776 -0.04266510782264429 0.0)
(7.982120465507024 -0.03744069688647568 0.0)
(7.3527087224230945 -0.03159437802203252 0.0)
(6.628285490303592 -0.024466223873036316 0.0)
(5.795803995891483 -0.015825383600086937 0.0)
(4.859003690699371 -0.007645684911076728 0.0)
(3.81957411194986 -0.0022458899531605926 0.0)
(2.6621890228522296 -9.123505483484403e-05 0.0)
(1.386847593255223 0.0001490576595561336 0.0)
(0.02781101334835603 1.861917332526403e-05 0.0)
(-0.02779694441938253 1.86022957908622e-05 0.0)
(1.1909761913842982 0.00014894874381708343 0.0)
(2.315615012505295 -9.088057022970002e-05 0.0)
(3.380211199583498 -0.0022428202691382325 0.0)
(4.384718068502754 -0.0076368918438162875 0.0)
(5.314541145536374 -0.015810695136472954 0.0)
(6.172059883434528 -0.024450973867088745 0.0)
(6.959282496809545 -0.031583901592484954 0.0)
(7.662535564604811 -0.03743369941368894 0.0)
(8.270934803017322 -0.04265938374020854 0.0)
(8.785647222567126 -0.04721336243910835 0.0)
(9.209002722260578 -0.05099730994692312 0.0)
(9.541685709107563 -0.0539715969707665 0.0)
(9.784081614605428 -0.05611035002359157 0.0)
(9.936715519855637 -0.05739823875238279 0.0)
(10.000000000000007 -0.05782840337980878 0.0)
(9.97439559125547 -0.05739823875238444 0.0)
(9.86036282983903 -0.056110350023594914 0.0)
(9.658314290892442 -0.05397159697077017 0.0)
(9.368775055517192 -0.05099730994692903 0.0)
(8.99213055521066 -0.04721336243911478 0.0)
(8.529065196982671 -0.04265938374021696 0.0)
(7.981908879839634 -0.03743369941369867 0.0)
(7.351828614301569 -0.03158390159249341 0.0)
(6.627940116565464 -0.024450973867096448 0.0)
(5.796569965574714 -0.01581069513648061 0.0)
(4.859726375941674 -0.007636891843820829 0.0)
(3.8197888004164846 -0.0022428202691400184 0.0)
(2.6621627652724844 -9.088057023031687e-05 0.0)
(1.3868015863934933 0.00014894874381682878 0.0)
(0.02779694441937974 1.8602295790838355e-05 0.0)
(-0.02777784488756452 1.8599898858274995e-05 0.0)
(1.191041246262631 0.00014904958092260923 0.0)
(2.3156841980036647 -8.964897313746316e-05 0.0)
(3.3800625481758013 -0.00223764822826682 0.0)
(4.384015822033575 -0.00762433132426487 0.0)
(5.313605795609119 -0.015790129201618253 0.0)
(6.172135800237115 -0.024427685220045344 0.0)
(6.960103429032392 -0.031564417275924274 0.0)
(7.662789887938645 -0.037418030969931924 0.0)
(8.270977570067878 -0.04264553896110236 0.0)
(8.785703298014052 -0.04720107514624138 0.0)
(9.209033658742 -0.05098637153329064 0.0)
(9.541705252036842 -0.05396172631374887 0.0)
(9.784092431285337 -0.056101249503468585 0.0)
(9.936720525501 -0.05738960663820331 0.0)
(10.000000000000007 -0.05781992565258348 0.0)
(9.97439058561011 -0.05738960663820494 0.0)
(9.86035201315912 -0.0561012495034719 0.0)
(9.658294747963163 -0.05396172631375251 0.0)
(9.368744119035771 -0.05098637153329653 0.0)
(8.992074479763733 -0.04720107514624777 0.0)
(8.529022429932116 -0.04264553896111072 0.0)
(7.981654556505799 -0.03741803096994159 0.0)
(7.35100768207872 -0.03156441727593265 0.0)
(6.627864199762878 -0.02442768522005295 0.0)
(5.797505315501972 -0.015790129201625834 0.0)
(4.860428622410854 -0.007624331324269366 0.0)
(3.8199374518241815 -0.002237648228268585 0.0)
(2.662093579774114 -8.964897313807352e-05 0.0)
(1.3867365315151603 0.00014904958092235566 0.0)
(0.02777784488756167 1.8599898858251203e-05 0.0)
(-0.02775455395139122 1.8612087844359087e-05 0.0)
(1.1911224907652271 0.00014935574027502568 0.0)
(2.3157932715364327 -8.759437768060179e-05 0.0)
(3.3799864652979363 -0.002230601080558461 0.0)
(4.383364869762649 -0.007608555238668166 0.0)
(5.312542163002466 -0.015764589425068313 0.0)
(6.17193892445874 -0.02439738119244404 0.0)
(6.960829115096545 -0.03153678117756608 0.0)
(7.663075774436906 -0.03739437999794893 0.0)
(8.271019436034923 -0.04262418179958287 0.0)
(8.785756432155027 -0.047181729655573566 0.0)
(9.209063338060785 -0.050968830663299956 0.0)
(9.54172401765858 -0.053945650875702376 0.0)
(9.784102773779518 -0.056086250570220035 0.0)
(9.936725345537212 -0.057375267593678704 0.0)
(10.000000000000007 -0.057805806399701024 0.0)
(9.974385765573897 -0.05737526759368032 0.0)
(9.86034167066494 -0.05608625057022334 0.0)
(9.658275982341424 -0.05394565087570599 0.0)
(9.368714439716983 -0.050968830663305785 0.0)
(8.992021345622758 -0.0471817296555799 0.0)
(8.528980563965069 -0.04262418179959116 0.0)
(7.981368670007537 -0.03739437999795853 0.0)
(7.350281996014566 -0.03153678117757437 0.0)
(6.628061075541255 -0.024397381192451547 0.0)
(5.798568948108628 -0.01576458942507581 0.0)
(4.861079574681781 -0.007608555238672609 0.0)
(3.820013534702046 -0.002230601080560201 0.0)
(2.6619845062413456 -8.759437768120397e-05 0.0)
(1.3866552870125637 0.0001493557402747737 0.0)
(0.027754553951388292 1.8612087844335376e-05 0.0)
(-0.027728094971988516 1.863832718736506e-05 0.0)
(1.1912163551572759 0.0001498537697924903 0.0)
(2.315937440612113 -8.480705902471417e-05 0.0)
(3.379986293892367 -0.0022219884647910683 0.0)
(4.382793813341877 -0.00759025675936576 0.0)
(5.311396981787292 -0.015735197977881036 0.0)
(6.171477906460929 -0.024361393287817983 0.0)
(6.9614276696839505 -0.03150220757701345 0.0)
(7.663380662769875 -0.03736378567818067 0.0)
(8.271058561404459 -0.04259625065025542 0.0)
(8.785804290373106 -0.047156175972573273 0.0)
(9.209090456161967 -0.05094545805068829 0.0)
(9.541741181445692 -0.0539240769819656 0.0)
(9.784112187657698 -0.056066012249533094 0.0)
(9.9367297681807 -0.057355851650192836 0.0)
(10.000000000000007 -0.057786665995302605 0.0)
(9.97438134293041 -0.05735585165019445 0.0)
(9.86033225678676 -0.05606601224953637 0.0)
(9.658258818554312 -0.053924076981969174 0.0)
(9.368687321615804 -0.050945458050694066 0.0)
(8.99197348740468 -0.04715617597257954 0.0)
(8.528941438595533 -0.042596250650263644 0.0)
(7.981063781674568 -0.03736378567819017 0.0)
(7.3496834414271595 -0.03150220757702163 0.0)
(6.628522093539067 -0.024361393287825387 0.0)
(5.799714129323806 -0.01573519797788845 0.0)
(4.861650631102554 -0.007590256759370145 0.0)
(3.8200137061076154 -0.0022219884647927805 0.0)
(2.661840337165665 -8.480705902530686e-05 0.0)
(1.386561422620515 0.00014985376979224026 0.0)
(0.027728094971985504 1.8638327187341466e-05 0.0)
(-0.02769963050850602 1.8677463978564757e-05 0.0)
(1.19131871520911 0.000150521786969125 0.0)
(2.3161103707052706 -8.140948685228472e-05 0.0)
(3.3800620414903406 -0.0022121888035451253 0.0)
(4.3823277439456705 -0.007570239888062075 0.0)
(5.31022056913114 -0.015703246266475703 0.0)
(6.170773002531099 -0.02432130274885844 0.0)
(6.961872793401062 -0.03146221557502402 0.0)
(7.663691156701978 -0.03732759226906702 0.0)
(8.271093227079325 -0.04256297275672288 0.0)
(8.785844769865738 -0.04712553687932237 0.0)
(9.209113821525786 -0.05091728064529485 0.0)
(9.541755989252772 -0.05389795254996101 0.0)
(9.784120259291292 -0.056041423776193776 0.0)
(9.9367335991086 -0.05733221190878202 0.0)
(10.000000000000007 -0.05776334543374112 0.0)
(9.97437751200251 -0.057332211908783626 0.0)
(9.860324185153168 -0.05604142377619702 0.0)
(9.658244010747232 -0.053897952549964545 0.0)
(9.368663956251984 -0.050917280645300565 0.0)
(8.991933007912047 -0.047125536879328564 0.0)
(8.528906772920667 -0.04256297275673102 0.0)
(7.9807532877424645 -0.03732759226907642 0.0)
(7.349238317710047 -0.03146221557503209 0.0)
(6.6292269974688995 -0.024321302748865733 0.0)
(5.80089054197996 -0.015703246266483027 0.0)
(4.8621167004987615 -0.007570239888066405 0.0)
(3.819937958509641 -0.0022121888035468097 0.0)
(2.661667407072507 -8.1409486852867e-05 0.0)
(1.3864590625686803 0.00015052178696887717 0.0)
(0.027699630508502934 1.8677463978541305e-05 0.0)
(-0.027670411237394898 1.8727778618951596e-05 0.0)
(1.1914250734073148 0.00015133044035229128 0.0)
(2.3163044635839785 -7.755094426888734e-05 0.0)
(3.380210379880978 -0.002201632676007806 0.0)
(4.381987139810648 -0.007549384129462369 0.0)
(5.309064614453936 -0.01567013819059745 0.0)
(6.169855184858342 -0.02427887108050372 0.0)
(6.96214492832608 -0.03141856234700192 0.0)
(7.663993613697871 -0.03728739004279046 0.0)
(8.271121909913187 -0.04252581028874687 0.0)
(8.785876092038073 -0.04709115860152568 0.0)
(9.209132407520904 -0.05088553651076349 0.0)
(9.541767790451866 -0.05386842543943759 0.0)
(9.784126634027485 -0.056013565522737264 0.0)
(9.936736669996947 -0.05730538705643617 0.0)
(10.000000000000007 -0.05773686937782782 0.0)
(9.974374441114163 -0.05730538705643776 0.0)
(9.860317810416973 -0.0560135655227405 0.0)
(9.658232209548139 -0.05386842543944108 0.0)
(9.368645370256864 -0.05088553651076915 0.0)
(8.991901685739712 -0.047091158601531805 0.0)
(8.528878090086806 -0.04252581028875493 0.0)
(7.9804508307465705 -0.03728739004279977 0.0)
(7.34896618278503 -0.031418562347009876 0.0)
(6.63014481514166 -0.0242788710805109 0.0)
(5.802046496657167 -0.015670138190604692 0.0)
(4.862457304633785 -0.007549384129466643 0.0)
(3.819789620119003 -0.0022016326760094618 0.0)
(2.6614733141937985 -7.755094426945873e-05 0.0)
(1.3863527043704753 0.0001513304403520459 0.0)
(0.027670411237391734 1.8727778618928306e-05 0.0)
(-0.027641720999972624 1.878706037527501e-05 0.0)
(1.1915307565672377 0.00015224419919172236 0.0)
(2.316511191162229 -7.340096857663235e-05 0.0)
(3.3804247913467727 -0.0021907838991112112 0.0)
(4.3817869664593845 -0.007528605847444976 0.0)
(5.307979908289438 -0.01563732845853087 0.0)
(6.168764780672098 -0.024235962652634783 0.0)
(6.9622321173482575 -0.03137316593592512 0.0)
(7.664274744350484 -0.037244945411625714 0.0)
(8.2711433496348 -0.04248639609718345 0.0)
(8.785896880651162 -0.04705455165781631 0.0)
(9.2091453975127 -0.05085162042629127 0.0)
(9.541776066519876 -0.0538367930176134 0.0)
(9.784131031772032 -0.055983661529855226 0.0)
(9.936738845916528 -0.05727655572809267 0.0)
(10.000000000000007 -0.05770840113702297 0.0)
(9.974372265194582 -0.05727655572809423 0.0)
(9.860313412672426 -0.05598366152985843 0.0)
(9.658223933480128 -0.05383679301761686 0.0)
(9.36863238026507 -0.050851620426296894 0.0)
(8.991880897126622 -0.047054551657822366 0.0)
(8.528856650365194 -0.042486396097191424 0.0)
(7.980169700093956 -0.03724494541163492 0.0)
(7.348878993762853 -0.031373165935932965 0.0)
(6.631235219327908 -0.02423596265264186 0.0)
(5.8031312028216675 -0.015637328458538026 0.0)
(4.8626574779850475 -0.0075286058474492 0.0)
(3.8195752086532075 -0.0021907838991128393 0.0)
(2.661266586615547 -7.340096857719289e-05 0.0)
(1.3862470212105522 0.00015224419919147953 0.0)
(0.027641720999969397 1.8787060375251895e-05 0.0)
(-0.02761482039278423 1.8852704515615055e-05 0.0)
(1.1916311211641737 0.00015322291459568825 0.0)
(2.3167214702084316 -6.914190211527146e-05 0.0)
(3.380695855040172 -0.0021801191482648994 0.0)
(4.381736019142728 -0.007508818001708953 0.0)
(5.307014110642099 -0.015606258669879238 0.0)
(6.167549700337472 -0.02419446278307345 0.0)
(6.962130529541466 -0.031328020977045935 0.0)
(7.664522196293257 -0.03720212331501587 0.0)
(8.271156604222016 -0.04244646196950369 0.0)
(8.785906222291377 -0.047017324490330324 0.0)
(9.209152220744695 -0.0508170226025822 0.0)
(9.541780453821515 -0.05380444515523355 0.0)
(9.784133259296086 -0.055953025724287085 0.0)
(9.936740031261415 -0.057246984719573506 0.0)
(10.000000000000007 -0.057679191553746345 0.0)
(9.974371079849695 -0.05724698471957505 0.0)
(9.860311185148372 -0.05595302572429025 0.0)
(9.65821954617849 -0.053804445155236955 0.0)
(9.368625557033075 -0.05081702260258777 0.0)
(8.991871555486409 -0.047017324490336326 0.0)
(8.528843395777978 -0.04244646196951158 0.0)
(7.979922248151183 -0.03720212331502498 0.0)
(7.348980581569645 -0.031328020977053686 0.0)
(6.632450299662538 -0.02419446278308043 0.0)
(5.8040970004690084 -0.01560625866988633 0.0)
(4.862708425301703 -0.007508818001713132 0.0)
(3.8193041449598075 -0.0021801191482665023 0.0)
(2.661056307569344 -6.914190211582165e-05 0.0)
(1.386146656613616 0.0001532229145954479 0.0)
(0.02761482039278094 1.885270451559213e-05 0.0)
(-0.0275908913792963 1.8921826756537757e-05 0.0)
(1.1917217573613452 0.00015422358359984785 0.0)
(2.31692606144599 -6.4960880473375e-05 0.0)
(3.3810116609183845 -0.0021701070131104473 0.0)
(4.381836536392568 -0.007490890033995095 0.0)
(5.306209656893666 -0.015578293974315354 0.0)
(6.166263332261441 -0.024156194900166367 0.0)
(6.9618446284880875 -0.03128511105726716 0.0)
(7.664725096940523 -0.03716080527754518 0.0)
(8.271161091292523 -0.042407762538220414 0.0)
(8.785903706504136 -0.0469811127927019 0.0)
(9.209152577416559 -0.05078326320471511 0.0)
(9.541780759586773 -0.053772803158192224 0.0)
(9.78413321872631 -0.05592300418728286 0.0)
(9.936740173949723 -0.05721797332689437 0.0)
(10.000000000000007 -0.05765052404364969 0.0)
(9.974370937161387 -0.05721797332689592 0.0)
(9.860311225718148 -0.05592300418728601 0.0)
(9.658219240413231 -0.0537728031581956 0.0)
(9.36862520036121 -0.05078326320472062 0.0)
(8.99187407127365 -0.046981112792707835 0.0)
(8.528838908707469 -0.042407762538228234 0.0)
(7.979719347503917 -0.03716080527755421 0.0)
(7.349266482623025 -0.031285111057274814 0.0)
(6.633736667738572 -0.02415619490017327 0.0)
(5.804901454217442 -0.015578293974322392 0.0)
(4.862607908051863 -0.007490890033999239 0.0)
(3.818988339081594 -0.0021701070131120294 0.0)
(2.660851716331785 -6.496088047391581e-05 0.0)
(1.3860560204164443 0.00015422358359960995 0.0)
(0.02759089137929296 1.892182675651501e-05 0.0)
(-0.027570985356584598 1.8991389993232537e-05 0.0)
(1.1917986827700628 0.00015520223863883066 0.0)
(2.3171159755102164 -6.104161009292496e-05 0.0)
(3.381358333048873 -0.0021611874085498595 0.0)
(4.382084101664836 -0.007475609666406462 0.0)
(5.30560189327014 -0.015554663089402326 0.0)
(6.1649621971039235 -0.024122840424679364 0.0)
(6.961386976157366 -0.031246321559962393 0.0)
(7.664874531209038 -0.037122806738190885 0.0)
(8.271156613692654 -0.0423719981855456 0.0)
(8.78588944382853 -0.04694750764067739 0.0)
(9.209146451856784 -0.05075182555887119 0.0)
(9.541776970380887 -0.05374325731795206 0.0)
(9.78413091184527 -0.05589491601025568 0.0)
(9.936739267711989 -0.057190796257574776 0.0)
(10.000000000000007 -0.05762365820468095 0.0)
(9.97437184339912 -0.05719079625757631 0.0)
(9.86031353259919 -0.05589491601025882 0.0)
(9.658223029619117 -0.053743257317955415 0.0)
(9.368631325920985 -0.050751825558876675 0.0)
(8.991888333949255 -0.04694750764068327 0.0)
(8.52884338630734 -0.04237199818555335 0.0)
(7.979569913235402 -0.03712280673819984 0.0)
(7.349724134953749 -0.031246321559969977 0.0)
(6.635037802896093 -0.024122840424686213 0.0)
(5.805509217840969 -0.01555466308940932 0.0)
(4.862360342779593 -0.007475609666410579 0.0)
(3.8186416669511045 -0.002161187408551425 0.0)
(2.6606618022675583 -6.104161009345776e-05 0.0)
(1.3859790950077266 0.00015520223863859492 0.0)
(0.027570985356581226 1.899138999320996e-05 0.0)
(-0.02755597695887004 1.9058337744341368e-05 0.0)
(1.1918585174285985 0.0001561158794006225 0.0)
(2.317282867924565 -5.755629654433584e-05 0.0)
(3.3817206392924417 -0.0021537522456895716 0.0)
(4.382467837394378 -0.007463648290340255 0.0)
(5.3052175237932655 -0.015536404312991744 0.0)
(6.163703464363379 -0.024095864891245055 0.0)
(6.960777680955461 -0.031213356824679815 0.0)
(7.664963933230426 -0.037089797283255836 0.0)
(8.271143368159953 -0.04234074033170673 0.0)
(8.78586406094043 -0.04691798558315786 0.0)
(9.20913411321126 -0.050724090977695306 0.0)
(9.54176925269463 -0.05371710582468061 0.0)
(9.784126440013097 -0.055869995336318264 0.0)
(9.936737352366642 -0.05716664762232155 0.0)
(10.000000000000007 -0.05759977447265473 0.0)
(9.974373758744468 -0.05716664762232308 0.0)
(9.860318004431363 -0.055869995336321386 0.0)
(9.658230747305375 -0.05371710582468393 0.0)
(9.36864366456651 -0.05072409097770076 0.0)
(8.991913716837356 -0.04691798558316371 0.0)
(8.528856631840041 -0.042340740331714456 0.0)
(7.979480511214014 -0.03708979728326474 0.0)
(7.350333430155655 -0.031213356824687354 0.0)
(6.63629653563664 -0.024095864891251862 0.0)
(5.805893587317843 -0.015536404312998717 0.0)
(4.86197660705005 -0.007463648290344358 0.0)
(3.8182793607075345 -0.002153752245691125 0.0)
(2.660494909853209 -5.755629654486232e-05 0.0)
(1.385919260349191 0.0001561158794003886 0.0)
(0.02755597695886666 1.9058337744318938e-05 0.0)
(-0.02754652562769112 1.9119728448157983e-05 0.0)
(1.1918986323115204 0.00015692436218160883 0.0)
(2.317419405741672 -5.465807812873168e-05 0.0)
(3.3820826605755694 -0.002148128211983419 0.0)
(4.382970882935262 -0.007455531466778104 0.0)
(5.305073436954673 -0.01552431990231561 0.0)
(6.162542440453642 -0.0240764535554522 0.0)
(6.960043514198872 -0.031187665261580476 0.0)
(7.664989374843422 -0.037063227287800794 0.0)
(8.271121936678894 -0.04231536238961689 0.0)
(8.785828673117503 -0.04689384376534165 0.0)
(9.209116103617497 -0.05070127806794534 0.0)
(9.541757945629017 -0.05369549772714941 0.0)
(9.784119999713914 -0.05584933713429233 0.0)
(9.93673451207045 -0.057146588467989055 0.0)
(10.000000000000007 -0.05757992225506221 0.0)
(9.97437659904066 -0.05714658846799059 0.0)
(9.860324444730544 -0.05584933713429544 0.0)
(9.658242054370987 -0.05369549772715272 0.0)
(9.368661674160274 -0.050701278067950765 0.0)
(8.991949104660282 -0.04689384376534747 0.0)
(8.5288780633211 -0.042315362389624585 0.0)
(7.979455069601017 -0.03706322728780967 0.0)
(7.351067596912247 -0.031187665261587987 0.0)
(6.637457559546379 -0.024076453555458992 0.0)
(5.8060376741564355 -0.01552431990232258 0.0)
(4.861473561509165 -0.007455531466782203 0.0)
(3.8179173394244064 -0.002148128211984967 0.0)
(2.6603583720361024 -5.4658078129253844e-05 0.0)
(1.385879145466269 0.00015692436218137635 0.0)
(0.027546525627687734 1.9119728448135675e-05 0.0)
(-0.027543046637249113 1.917286470946779e-05 0.0)
(1.1919172648442613 0.0001575921637274705 0.0)
(2.317519589739641 -5.247429726115337e-05 0.0)
(3.382428490345374 -0.002144562417183571 0.0)
(4.383571135386716 -0.0074516158340980215 0.0)
(5.305175963666449 -0.01551894082427122 0.0)
(6.161530138641273 -0.024065459315883494 0.0)
(6.959216733831762 -0.031170375710945573 0.0)
(7.664949738190098 -0.03704426418881763 0.0)
(8.271093260909549 -0.04229697941962386 0.0)
(8.78578483523595 -0.046876142934537395 0.0)
(9.209093214384097 -0.05068438918714064 0.0)
(9.541743545995827 -0.05367938244563309 0.0)
(9.784111873922686 -0.05583384908778178 0.0)
(9.936730871620833 -0.05713150015712148 0.0)
(10.000000000000005 -0.0575649738220258 0.0)
(9.974380239490277 -0.057131500157123 0.0)
(9.860332570521772 -0.055833849087784874 0.0)
(9.65825645400418 -0.0536793824456364 0.0)
(9.368684563393673 -0.05068438918714605 0.0)
(8.991992942541836 -0.0468761429345432 0.0)
(8.528906739090443 -0.04229697941963154 0.0)
(7.979494706254342 -0.0370442641888265 0.0)
(7.351894377279359 -0.031170375710953074 0.0)
(6.63846986135875 -0.024065459315890294 0.0)
(5.805935147444657 -0.015518940824278207 0.0)
(4.860873309057709 -0.007451615834102129 0.0)
(3.817571509654601 -0.0021445624171851194 0.0)
(2.6602581880381333 -5.247429726167341e-05 0.0)
(1.385860512933528 0.000157592163727239 0.0)
(0.027543046637245747 1.9172864709445583e-05 0.0)
(-0.027545692848019405 1.921541181815888e-05 0.0)
(1.19191359634742 0.00015808994205999082 0.0)
(2.317579018016884 -5.110090527780813e-05 0.0)
(3.3827429334744488 -0.002143211535790096 0.0)
(4.384242220754156 -0.007452073438036522 0.0)
(5.305520599092448 -0.015520503425707106 0.0)
(6.160711037615953 -0.024063365239312195 0.0)
(6.958333667070911 -0.03116224784399966 0.0)
(7.664846764832486 -0.03703374119018365 0.0)
(8.271058600812763 -0.04228639913579843 0.0)
(8.785734473452084 -0.04686566083286787 0.0)
(9.209066451222103 -0.05067416640180645 0.0)
(9.541726686488595 -0.053669468056119406 0.0)
(9.784102419671816 -0.0558242117132157 0.0)
(9.936726590972489 -0.057122045642495047 0.0)
(10.000000000000005 -0.057555585980345755 0.0)
(9.97438452013862 -0.057122045642496566 0.0)
(9.860342024772642 -0.05582421171321881 0.0)
(9.65827331351141 -0.053669468056122716 0.0)
(9.368711326555665 -0.050674166401811875 0.0)
(8.992043304325701 -0.04686566083287369 0.0)
(8.52894139918723 -0.04228639913580611 0.0)
(7.979597679611955 -0.03703374119019254 0.0)
(7.352777444040212 -0.031162247844007184 0.0)
(6.639288962384071 -0.02406336523931903 0.0)
(5.805590512018656 -0.015520503425714125 0.0)
(4.860202223690267 -0.007452073438040651 0.0)
(3.817257066525525 -0.00214321153579165 0.0)
(2.6601987597608905 -5.110090527832833e-05 0.0)
(1.3858641814303696 0.0001580899420597598 0.0)
(0.027545692848016074 1.9215411818136736e-05 0.0)
(-0.02755434799034186 1.9245500332113108e-05 0.0)
(1.1918877880080359 0.00015839582570989854 0.0)
(2.317595079403619 -5.059824650989452e-05 0.0)
(3.383012173906959 -0.002144134923060055 0.0)
(4.384954652774251 -0.007456884172313712 0.0)
(5.306092200582542 -0.015528939048774872 0.0)
(6.160121127178233 -0.024070263335631847 0.0)
(6.957433114254266 -0.031163638784346834 0.0)
(7.664684979231534 -0.03703212065320755 0.0)
(8.271019479289777 -0.04228408641645583 0.0)
(8.785679800570557 -0.046862858024703975 0.0)
(9.20903699005589 -0.050671058882428295 0.0)
(9.541708107883228 -0.05366619017874572 0.0)
(9.784092052363789 -0.05582084845920147 0.0)
(9.936721858209271 -0.0571186403381859 0.0)
(10.000000000000005 -0.0575521712146109 0.0)
(9.974389252901839 -0.05711864033818742 0.0)
(9.860352392080669 -0.055820848459204576 0.0)
(9.658291892116777 -0.05366619017874903 0.0)
(9.368740787721878 -0.050671058882433735 0.0)
(8.992097977207228 -0.04686285802470981 0.0)
(8.528980520710215 -0.042284086416463536 0.0)
(7.979759465212907 -0.037032120653216455 0.0)
(7.35367799685686 -0.031163638784354394 0.0)
(6.639878872821792 -0.024070263335638737 0.0)
(5.80501891052856 -0.015528939048781939 0.0)
(4.85948979167017 -0.0074568841723178705 0.0)
(3.8169878260930146 -0.0021441349230616213 0.0)
(2.6601826983741557 -5.059824651041716e-05 0.0)
(1.3858899897697539 0.00015839582570966742 0.0)
(0.027554347990338585 1.924550033209099e-05 0.0)
(-0.027568631773096968 1.9261808217072702e-05 0.0)
(1.1918409737973268 0.00015849637470921499 0.0)
(2.317567068191897 -5.0988406864086456e-05 0.0)
(3.383224381710862 -0.002147292007046096 0.0)
(4.385677128487396 -0.00746583666206644 0.0)
(5.306865653012974 -0.015543877047629457 0.0)
(6.159786326913533 -0.024085850515109874 0.0)
(6.956554644025073 -0.031174487416612887 0.0)
(7.664471489950572 -0.03703947378131937 0.0)
(8.270977615268743 -0.04229014287825293 0.0)
(8.78562321881776 -0.04686785766030884 0.0)
(9.209006125355206 -0.05067520316772261 0.0)
(9.541688626489657 -0.053669692837447124 0.0)
(9.784081227519154 -0.05582390710096754 0.0)
(9.93671688128014 -0.05712143386703555 0.0)
(10.000000000000005 -0.057554879563380484 0.0)
(9.97439422983097 -0.05712143386703708 0.0)
(9.860363216925304 -0.055823907100970675 0.0)
(9.658311373510347 -0.05366969283745046 0.0)
(9.368771652422565 -0.050675203167728076 0.0)
(8.992154558960026 -0.04686785766031472 0.0)
(8.52902238473125 -0.04229014287826068 0.0)
(7.97997295449387 -0.037039473781328325 0.0)
(7.354556467086055 -0.031174487416620506 0.0)
(6.640213673086491 -0.024085850515116834 0.0)
(5.8042454580981255 -0.015543877047636587 0.0)
(4.858767315957023 -0.007465836662070638 0.0)
(3.8167756182891117 -0.002147292007047679 0.0)
(2.660210709585878 -5.098840686461369e-05 0.0)
(1.3859368039804632 0.00015849637470898326 0.0)
(0.02756863177309375 1.926180821705057e-05 0.0)
(-0.027587916593001905 1.9263618934406973e-05 0.0)
(1.1917752106460668 0.00015838717111885944 0.0)
(2.317496215143115 -5.2254243408198916e-05 0.0)
(3.383370232863477 -0.002152544071253594 0.0)
(4.386377903632488 -0.007478537551273088 0.0)
(5.30780697229894 -0.015564661073929485 0.0)
(6.1597213473329875 -0.024109441905595944 0.0)
(6.955736854758089 -0.031194317071743062 0.0)
(7.664215677318037 -0.03705547749152204 0.0)
(8.270934848178156 -0.042304302411338396 0.0)
(8.7855672142924 -0.046880440064840566 0.0)
(9.20897521325853 -0.0506864171653753 0.0)
(9.541669098284677 -0.05367982213180821 0.0)
(9.78407042076178 -0.055833253247390364 0.0)
(9.936711878862255 -0.05713030348649697 0.0)
(10.000000000000005 -0.05756359202676438 0.0)
(9.974399232248855 -0.057130303486498515 0.0)
(9.860374023682677 -0.055833253247393515 0.0)
(9.65833090171533 -0.05367982213181158 0.0)
(9.36880256451924 -0.05068641716538081 0.0)
(8.992210563485386 -0.046880440064846485 0.0)
(8.529065151821838 -0.0423043024113462 0.0)
(7.980228767126406 -0.03705547749153107 0.0)
(7.3553742563530395 -0.031194317071750768 0.0)
(6.640278652667035 -0.024109441905602994 0.0)
(5.803304138812156 -0.01556466107393669 0.0)
(4.858066540811929 -0.007478537551277335 0.0)
(3.8166297671364964 -0.0021525440712551985 0.0)
(2.6602815626346596 -5.225424340873271e-05 0.0)
(1.386002567131723 0.00015838717111862663 0.0)
(0.027587916592998755 1.9263618934384794e-05 0.0)
(-0.027611355110350632 1.9250852924508863e-05 0.0)
(1.1916933880668126 0.0001580730131448098 0.0)
(2.317385633410616 -5.434013760026613e-05 0.0)
(3.383443318931986 -0.002159660349589651 0.0)
(4.387026187431684 -0.007494428786097537 0.0)
(5.308874798593111 -0.015590377915582635 0.0)
(6.159929043520487 -0.024140000944551338 0.0)
(6.9550156786176025 -0.03122225647096827 0.0)
(7.663928781273005 -0.037079428610067224 0.0)
(8.270893057125734 -0.042325942871732566 0.0)
(8.785514247730859 -0.046900052390462875 0.0)
(9.20894561198684 -0.05070420815284495 0.0)
(9.541650381301885 -0.05369613299916578 0.0)
(9.784060106920817 -0.05584847624589442 0.0)
(9.936707070752707 -0.05714485948171754 0.0)
(10.000000000000005 -0.05757792579506049 0.0)
(9.974404040358403 -0.05714485948171909 0.0)
(9.86038433752364 -0.05584847624589758 0.0)
(9.65834961869812 -0.053696132999169185 0.0)
(9.36883216579093 -0.050704208152850504 0.0)
(8.992263530046927 -0.04690005239046886 0.0)
(8.529106942874257 -0.04232594287174044 0.0)
(7.980515663171438 -0.037079428610076334 0.0)
(7.356095432493528 -0.031222256470976067 0.0)
(6.640070956479534 -0.024140000944558485 0.0)
(5.802236312517983 -0.015590377915589926 0.0)
(4.857418257012732 -0.007494428786101837 0.0)
(3.8165566810679876 -0.0021596603495912807 0.0)
(2.6603921443671594 -5.434013760080814e-05 0.0)
(1.3860843897109778 0.0001580730131445754 0.0)
(0.027611355110347558 1.9250852924486596e-05 0.0)
(-0.027637917479570406 1.9224071102498537e-05 0.0)
(1.1915991011940057 0.00015756770431371 0.0)
(2.317240181753421 -5.715443906552422e-05 0.0)
(3.383440428648245 -0.002168328165803045 0.0)
(4.387593495480847 -0.007512812134753794 0.0)
(5.310022213561653 -0.0156198976216143 0.0)
(6.160400289685523 -0.024176184923710525 0.0)
(6.9544228027638715 -0.03125707800820025 0.0)
(7.663623407502834 -0.03711027476862338 0.0)
(8.27085407833387 -0.04235411341719583 0.0)
(8.785466646386958 -0.04692583290746768 0.0)
(9.208918622165859 -0.050727794426689836 0.0)
(9.541633297931266 -0.053717908769848034 0.0)
(9.784050739167567 -0.05586890722577511 0.0)
(9.936702668211034 -0.05716446228889669 0.0)
(10.000000000000005 -0.05759725106871276 0.0)
(9.974408442900076 -0.057164462288898266 0.0)
(9.860393705276891 -0.05586890722577829 0.0)
(9.658366702068738 -0.05371790876985147 0.0)
(9.368859155611911 -0.05072779442669544 0.0)
(8.992311131390828 -0.04692583290747372 0.0)
(8.529145921666123 -0.04235411341720378 0.0)
(7.9808210369416095 -0.03711027476863257 0.0)
(7.35668830834726 -0.03125707800820815 0.0)
(6.639599710314497 -0.024176184923717783 0.0)
(5.8010888975494375 -0.015619897621621678 0.0)
(4.856850948963568 -0.007512812134758148 0.0)
(3.816559571351729 -0.0021683281658047026 0.0)
(2.660537596024355 -5.71544390660758e-05 0.0)
(1.3861786765837847 0.00015756770431347368 0.0)
(0.027637917479567408 1.9224071102476155e-05 0.0)
(-0.02766643659875218 1.9184450212639177e-05 0.0)
(1.1914964928203449 0.0001568934469711623 0.0)
(2.3170662510512523 -6.057349254620877e-05 0.0)
(3.383361689006035 -0.0021781666719066805 0.0)
(4.38805490130216 -0.007532879866533285 0.0)
(5.311198801889985 -0.015651923150146223 0.0)
(6.161114380133723 -0.024216403985225985 0.0)
(6.953984277077272 -0.031297251688797205 0.0)
(7.663312973572322 -0.03714666064341498 0.0)
(8.270819624459367 -0.04238757628549708 0.0)
(8.785426501776659 -0.04695664886710189 0.0)
(9.208895429678945 -0.05075613964918708 0.0)
(9.54161859878487 -0.05374419265632883 0.0)
(9.78404272910397 -0.0558936484871539 0.0)
(9.93669886467686 -0.05718825059654931 0.0)
(10.000000000000005 -0.05762071873055151 0.0)
(9.97441224643425 -0.05718825059655089 0.0)
(9.860401715340489 -0.05589364848715712 0.0)
(9.658381401215134 -0.053744192656332304 0.0)
(9.368882348098825 -0.05075613964919274 0.0)
(8.992351276001127 -0.046956648867108 0.0)
(8.529180375540626 -0.04238757628550511 0.0)
(7.981131470872123 -0.037146660643424284 0.0)
(7.35712683403386 -0.03129725168880522 0.0)
(6.6388856198662936 -0.024216403985233354 0.0)
(5.799912309221102 -0.015651923150153693 0.0)
(4.856389543142255 -0.0075328798665376985 0.0)
(3.8166383109939397 -0.002178166671908366 0.0)
(2.6607115267265247 -6.0573492546770796e-05 0.0)
(1.386281284957446 0.0001568934469709237 0.0)
(0.027666436598749265 1.9184450212616653e-05 0.0)
(-0.027695659389973367 1.9133731124346833e-05 0.0)
(1.1913900713700518 0.00015607986675127914 0.0)
(2.3168714835009645 -6.444707108736008e-05 0.0)
(3.3832105596811837 -0.002188743581941401 0.0)
(4.3883901315679505 -0.007553750242014502 0.0)
(5.3123528664394675 -0.015685047358043765 0.0)
(6.162039939037186 -0.024258890977113406 0.0)
(6.953719369574214 -0.03134101235472941 0.0)
(7.6630111193804495 -0.037186987505669795 0.0)
(8.27079120934244 -0.04242486117942175 0.0)
(8.785395577780697 -0.046991146272475394 0.0)
(9.208877053561544 -0.05078799838311627 0.0)
(9.541606929716302 -0.05377382979272121 0.0)
(9.784036428677567 -0.055921612944268666 0.0)
(9.93669582727052 -0.05721517918995662 0.0)
(10.000000000000005 -0.05764729765444841 0.0)
(9.974415283840589 -0.05721517918995821 0.0)
(9.860408015766891 -0.0559216129442719 0.0)
(9.658393070283703 -0.05377382979272473 0.0)
(9.368900724216227 -0.050787998383121986 0.0)
(8.992382199997088 -0.04699114627248159 0.0)
(8.529208790657554 -0.042424861179429875 0.0)
(7.981433325063996 -0.037186987505679184 0.0)
(7.357391741536917 -0.03134101235473753 0.0)
(6.637960060962827 -0.024258890977120886 0.0)
(5.798758244671617 -0.01568504735805132 0.0)
(4.856054312876464 -0.007553750242018969 0.0)
(3.8167894403187916 -0.0021887435819431156 0.0)
(2.660906294276813 -6.444707108793299e-05 0.0)
(1.3863877064077395 0.0001560798667510381 0.0)
(0.027695659389970522 1.9133731124324146e-05 0.0)
(-0.027724301857249296 1.9074142341573123e-05 0.0)
(1.1912845128069598 0.0001551627108805193 0.0)
(2.3166644368324008 -6.860497673439162e-05 0.0)
(3.382993681019742 -0.002199594165830193 0.0)
(4.388584456873628 -0.00757450625508007 0.0)
(5.313433699725098 -0.01571781482821093 0.0)
(6.163136299030955 -0.024301779098677024 0.0)
(6.953639719805748 -0.03138643724239364 0.0)
(7.662731107848184 -0.03722948346683622 0.0)
(8.270770081491339 -0.04246432986894158 0.0)
(8.785375233142883 -0.04702780937070731 0.0)
(9.208864301226635 -0.05082197081399247 0.0)
(9.541598803443081 -0.053805517977471705 0.0)
(9.784032114717567 -0.05595157189003331 0.0)
(9.936693689450095 -0.057244064875988744 0.0)
(10.000000000000005 -0.05767582001111221 0.0)
(9.974417421661014 -0.05724406487599036 0.0)
(9.860412329726891 -0.055951571890036585 0.0)
(9.658401196556923 -0.053805517977475265 0.0)
(9.368913476551135 -0.05082197081399823 0.0)
(8.992402544634905 -0.04702780937071356 0.0)
(8.529229918508655 -0.042464329868949775 0.0)
(7.981713336596263 -0.03722948346684572 0.0)
(7.357471391305382 -0.03138643724240189 0.0)
(6.636863700969054 -0.024301779098684608 0.0)
(5.797677411385983 -0.015717814828218567 0.0)
(4.855859987570787 -0.007574506255084589 0.0)
(3.817006318980234 -0.0021995941658319346 0.0)
(2.661113340945377 -6.860497673497534e-05 0.0)
(1.3864932649708317 0.00015516271088027576 0.0)
(0.02772430185724652 1.9074142341550253e-05 0.0)
(-0.027751105502967773 1.9008302086418517e-05 0.0)
(1.1911844551812172 0.0001541822775099548 0.0)
(2.316454208297397 -7.286451871984621e-05 0.0)
(3.3827205822733255 -0.0022102416687675634 0.0)
(4.388629338920767 -0.007594235924487942 0.0)
(5.3143938119096354 -0.015748785817954965 0.0)
(6.164355288062638 -0.024343183924316922 0.0)
(6.953748827436986 -0.03143153046532846 0.0)
(7.662485242169983 -0.0372722813321248 0.0)
(8.270757169225194 -0.042504248172044984 0.0)
(8.78536636176938 -0.047065027252334544 0.0)
(9.208857732988486 -0.050856564255353766 0.0)
(9.541594577018792 -0.053837864889714294 0.0)
(9.784029976771482 -0.0559822089831793 0.0)
(9.9366925451475 -0.05727363847044634 0.0)
(10.000000000000005 -0.05770503258037128 0.0)
(9.97441856596361 -0.05727363847044796 0.0)
(9.860414467672976 -0.05598220898318259 0.0)
(9.658405422981213 -0.05383786488971788 0.0)
(9.368920044789284 -0.050856564255359595 0.0)
(8.992411416008407 -0.047065027252340866 0.0)
(8.5292428307748 -0.04250424817205326 0.0)
(7.981959202274464 -0.03727228133213438 0.0)
(7.357362283674145 -0.031431530465336796 0.0)
(6.635644711937368 -0.024343183924324597 0.0)
(5.796717299201445 -0.015748785817962664 0.0)
(4.855815105523648 -0.007594235924492505 0.0)
(3.817279417726651 -0.0022102416687693294 0.0)
(2.6613235694803814 -7.286451872044026e-05 0.0)
(1.3865933225965743 0.0001541822775097087 0.0)
(0.027751105502965053 1.900830208639547e-05 0.0)
)
