(
(-0.016088770159106966 6.354553870042226e-05 0.0)
(1.2216568414337465 0.0008432260867073551 0.0)
(2.344929863242096 0.003113439488572317 0.0)
(3.3831048790250664 0.006402906032706955 0.0)
(4.357356012103914 0.009553038227194504 0.0)
(5.275814627538358 0.012558911233509978 0.0)
(6.149564080600455 0.01661830196454575 0.0)
(6.958559777977135 0.021856854898581052 0.0)
(7.664148563624722 0.0269624564824528 0.0)
(8.26982163708471 0.03135991589492773 0.0)
(8.784745274725843 0.03512831148697269 0.0)
(9.208277038592213 0.0382567286023117 0.0)
(9.541138897979398 0.04071456649071061 0.0)
(9.783720545050924 0.04248144153357085 0.0)
(9.936535431058227 0.043545915531805056 0.0)
(10.000000000000004 0.04390118034570524 0.0)
(9.974575680052867 0.04354591553180349 0.0)
(9.860723899393532 0.04248144153356787 0.0)
(9.658861102020595 0.04071456649070649 0.0)
(9.36950073918555 0.03825672860230651 0.0)
(8.993032503051936 0.03512831148696711 0.0)
(8.530178362915267 0.0313599158949208 0.0)
(7.980295880819721 0.02696245648244539 0.0)
(7.352551333133997 0.021856854898574526 0.0)
(6.650435919399558 0.016618301964539197 0.0)
(5.835296483572768 0.012558911233503393 0.0)
(4.887088432340564 0.009553038227190802 0.0)
(3.8168951209749413 0.006402906032705711 0.0)
(2.6328479145356916 0.0031134394885721723 0.0)
(1.3561209363440456 0.0008432260867072281 0.0)
(0.016088770159112968 6.354553870040957e-05 0.0)
(-0.01608650797028465 6.359084263401486e-05 0.0)
(1.2216703184522923 0.0008437906659717407 0.0)
(2.345012585473205 0.003115252751154275 0.0)
(3.38340459742073 0.006405751261743527 0.0)
(4.357892470331878 0.00955591103598497 0.0)
(5.275936068033184 0.012562736691863505 0.0)
(6.148699886884213 0.016626806105470404 0.0)
(6.957826216784476 0.02187085511700234 0.0)
(7.664105537025842 0.026978020311120458 0.0)
(8.269795671920074 0.03137505273401301 0.0)
(8.78470592082042 0.035142924799696225 0.0)
(9.208256429993481 0.03827070029971028 0.0)
(9.541125930142377 0.040727918929784286 0.0)
(9.78371323496231 0.04249428838235768 0.0)
(9.936532150216443 0.043558439349941615 0.0)
(10.000000000000004 0.04391359077901455 0.0)
(9.97457896089465 0.04355843934994005 0.0)
(9.860731209482145 0.0424942883823547 0.0)
(9.658874069857616 0.04072791892978018 0.0)
(9.369521347784282 0.038270700299705106 0.0)
(8.993071856957359 0.03514292479969066 0.0)
(8.530204328079904 0.031375052734006086 0.0)
(7.980338907418602 0.026978020311113054 0.0)
(7.3532848943266576 0.021870855116995814 0.0)
(6.651300113115801 0.016626806105463843 0.0)
(5.83517504307794 0.012562736691856907 0.0)
(4.886551974112598 0.009555911035981258 0.0)
(3.816595402579277 0.0064057512617422836 0.0)
(2.6327651923045825 0.0031152527511541317 0.0)
(1.3561074593254998 0.0008437906659716143 0.0)
(0.016086507970290667 6.359084263400228e-05 0.0)
(-0.01608961125497308 6.362660248218756e-05 0.0)
(1.221664226533361 0.0008442030576140895 0.0)
(2.3450591683581448 0.0031163463253408652 0.0)
(3.3836749543256825 0.006406643158219075 0.0)
(4.3584873285728385 0.009554944881222474 0.0)
(5.276268220827307 0.012560473289416809 0.0)
(6.148010070390173 0.01662748017748611 0.0)
(6.95704824077893 0.021876761179865416 0.0)
(7.66400746013992 0.026986110203338364 0.0)
(8.269764647334329 0.03138327523230312 0.0)
(8.78466112293096 0.03515113729439145 0.0)
(9.20823257083552 0.03827875810414127 0.0)
(9.54111089749294 0.04073576787938648 0.0)
(9.783704811756612 0.04250194096192968 0.0)
(9.936528331383188 0.04356596044965821 0.0)
(10.000000000000004 0.043921063178729236 0.0)
(9.974582779727905 0.04356596044965664 0.0)
(9.860739632687842 0.0425019409619267 0.0)
(9.658889102507054 0.04073576787938236 0.0)
(9.369545206942243 0.03827875810413608 0.0)
(8.993116654846819 0.035151137294385855 0.0)
(8.530235352665649 0.031383275232296184 0.0)
(7.980436984304524 0.026986110203330953 0.0)
(7.354062870332206 0.02187676117985887 0.0)
(6.651989929609842 0.016627480177479514 0.0)
(5.8348428902838165 0.012560473289410175 0.0)
(4.885957115871635 0.009554944881218745 0.0)
(3.816325045674324 0.006406643158217824 0.0)
(2.6327186094196433 0.0031163463253407213 0.0)
(1.3561135512444311 0.0008442030576139635 0.0)
(0.016089611254979132 6.362660248217503e-05 0.0)
(-0.016097943660520357 6.365124702263244e-05 0.0)
(1.221638833344726 0.000844445141900086 0.0)
(2.3450675651301713 0.003116672161482966 0.0)
(3.3839040707521244 0.006405542533834142 0.0)
(4.3591144498439505 0.009550182213979753 0.0)
(5.276796491734606 0.012552220475932616 0.0)
(6.1475249403931 0.016620294563101663 0.0)
(6.956260032802912 0.02187431358557291 0.0)
(7.6638586422858985 0.026986370704042525 0.0)
(8.269729926491017 0.03138422210826583 0.0)
(8.784612849394767 0.035152588129065764 0.0)
(9.208206509446082 0.038280547970419264 0.0)
(9.5410944605382 0.04073776847103091 0.0)
(9.78369564553408 0.042504063031940445 0.0)
(9.936524142351008 0.043568148367592756 0.0)
(10.000000000000004 0.04392326922127622 0.0)
(9.974586968760086 0.04356814836759119 0.0)
(9.860748798910375 0.04250406303193747 0.0)
(9.658905539461793 0.040737768471026774 0.0)
(9.369571268331681 0.03828054797041406 0.0)
(8.993164928383012 0.03515258812906016 0.0)
(8.53027007350896 0.03138422210825887 0.0)
(7.980585802158546 0.02698637070403508 0.0)
(7.354851078308226 0.021874313585566327 0.0)
(6.652475059606915 0.01662029456309502 0.0)
(5.834314619376515 0.01255222047592594 0.0)
(4.8853299946005215 0.009550182213975992 0.0)
(3.816095929247882 0.006405542533832881 0.0)
(2.6327102126476167 0.0031166721614828193 0.0)
(1.3561389444330667 0.0008444451418999598 0.0)
(0.01609794366052645 6.365124702261992e-05 0.0)
(-0.016111139076270417 6.366369341932823e-05 0.0)
(1.2215952546166395 0.0008445062820890839 0.0)
(2.3450374068504836 0.0031162159429365946 0.0)
(3.384081879743434 0.006402497748010667 0.0)
(4.359746279583848 0.009541832297142396 0.0)
(5.27749766949786 0.012538340864937329 0.0)
(6.147265812617546 0.016605564985067413 0.0)
(6.9554962252729045 0.021863619876940292 0.0)
(7.663665622248027 0.02697879036730855 0.0)
(8.269693034960472 0.0313778517579036 0.0)
(8.78456322126271 0.035147213556697816 0.0)
(9.208179390914939 0.03827599125509449 0.0)
(9.54107734148788 0.04073383280238068 0.0)
(9.783686139041759 0.04250056135251595 0.0)
(9.936519767178314 0.043564906970633914 0.0)
(10.000000000000004 0.04392011197718183 0.0)
(9.97459134393278 0.04356490697063233 0.0)
(9.860758305402696 0.04250056135251295 0.0)
(9.658922658512115 0.040733832802376545 0.0)
(9.369598386862824 0.03827599125508927 0.0)
(8.993214556515069 0.035147213556692196 0.0)
(8.530306965039506 0.0313778517578966 0.0)
(7.9807788221964175 0.026978790367301064 0.0)
(7.355614885838235 0.021863619876933655 0.0)
(6.652734187382469 0.016605564985060706 0.0)
(5.833613441613259 0.012538340864930594 0.0)
(4.884698164860622 0.0095418322971386 0.0)
(3.8159181202565717 0.006402497748009389 0.0)
(2.6327403709273045 0.0031162159429364445 0.0)
(1.356182523161153 0.0008445062820889571 0.0)
(0.016111139076276565 6.366369341931568e-05 0.0)
(-0.016128617719795554 6.366339480037417e-05 0.0)
(1.2215354051186895 0.0008443837917930315 0.0)
(2.344970018618718 0.0031149977151100506 0.0)
(3.3842005686978265 0.006397642583067452 0.0)
(4.3603550563496585 0.009530262010780494 0.0)
(5.27834094564892 0.012519444301146047 0.0)
(6.147244072663907 0.01658393863409518 0.0)
(6.95479037849443 0.021845149915961294 0.0)
(7.663436880973651 0.02696370225926471 0.0)
(8.269655593689055 0.03136444408275711 0.0)
(8.784514419104118 0.035135249726164976 0.0)
(9.208152406780737 0.038265288171902063 0.0)
(9.54106029252173 0.04072413379951622 0.0)
(9.783676709977534 0.04249158978104395 0.0)
(9.936515398102191 0.043556378679834064 0.0)
(10.000000000000004 0.04391173016997556 0.0)
(9.974595713008902 0.04355637867983247 0.0)
(9.860767734466922 0.04249158978104093 0.0)
(9.658939707478263 0.04072413379951204 0.0)
(9.369625370997026 0.038265288171896804 0.0)
(8.99326335867366 0.0351352497261593 0.0)
(8.530344406310922 0.03136444408275006 0.0)
(7.9810075634707935 0.02696370225925716 0.0)
(7.3563207326167115 0.02184514991595458 0.0)
(6.652755927336107 0.01658393863408839 0.0)
(5.832770165462195 0.012519444301139243 0.0)
(4.884089388094811 0.00953026201077666 0.0)
(3.8157994313021795 0.006397642583066156 0.0)
(2.6328077591590704 0.0031149977151098945 0.0)
(1.3562423726591033 0.0008443837917929038 0.0)
(0.016128617719801765 6.36633948003616e-05 0.0)
(-0.01614961161147553 6.365036428654084e-05 0.0)
(1.2214619145283239 0.0008440830530114481 0.0)
(2.3448683613504953 0.0031130710047053466 0.0)
(3.3842549226397804 0.006391190366069834 0.0)
(4.360914031604018 0.009515979732109556 0.0)
(5.27928926817644 0.012496361065001474 0.0)
(6.1474606757459735 0.016556365732482398 0.0)
(6.954173506083622 0.02181971523893149 0.0)
(7.663182468935896 0.026941769323775528 0.0)
(8.269619247777738 0.03134458819154367 0.0)
(8.78446858719656 0.03511722230629361 0.0)
(9.20812674267697 0.03824890899473669 0.0)
(9.541044062740134 0.040709097618879524 0.0)
(9.783667772637234 0.04247754251196188 0.0)
(9.936511227091849 0.04354293821268889 0.0)
(10.000000000000004 0.04389849208093194 0.0)
(9.974599884019245 0.043542938212687295 0.0)
(9.860776671807221 0.04247754251195885 0.0)
(9.65895593725986 0.04070909761887533 0.0)
(9.369651035100793 0.0382489089947314 0.0)
(8.99330919058122 0.035117222306287894 0.0)
(8.53038075222224 0.03134458819153656 0.0)
(7.98126197550855 0.02694176932376791 0.0)
(7.35693760502752 0.021819715238924692 0.0)
(6.652539324254039 0.016556365732475518 0.0)
(5.831821842934674 0.012496361064994597 0.0)
(4.88353041284045 0.00951597973210567 0.0)
(3.8157450773602255 0.006391190366068514 0.0)
(2.6329094164272937 0.0031130710047051827 0.0)
(1.3563158632494692 0.0008440830530113189 0.0)
(0.01614961161148181 6.365036428652815e-05 0.0)
(-0.016173198318117185 6.362517441476735e-05 0.0)
(1.221378011887636 0.0008436172796562099 0.0)
(2.344736901680204 0.0031105204678528496 0.0)
(3.384242553356524 0.006383424595628686 0.0)
(4.361398644996867 0.009499612998325682 0.0)
(5.2803009695234655 0.01247010539167022 0.0)
(6.147906104720584 0.016524057783082725 0.0)
(6.953672712285677 0.021788433399028147 0.0)
(7.662913564534266 0.02691395525390124 0.0)
(8.269585594199368 0.03131915651579785 0.0)
(8.784427739310205 0.03509392338893267 0.0)
(9.208103526237403 0.03822757339467817 0.0)
(9.541029365250003 0.04068938492273989 0.0)
(9.783659719711244 0.042459036756574475 0.0)
(9.936507437413853 0.04352517611873611 0.0)
(10.000000000000004 0.043880979367465184 0.0)
(9.97460367369724 0.0435251761187345 0.0)
(9.860784724733213 0.04245903675657143 0.0)
(9.65897063474999 0.040689384922735654 0.0)
(9.36967425154036 0.038227573394672844 0.0)
(8.993350038467574 0.03509392338892688 0.0)
(8.53041440580061 0.03131915651579067 0.0)
(7.9815308799101805 0.026913955253893538 0.0)
(7.357438398825465 0.021788433399021253 0.0)
(6.652093895279426 0.016524057783075755 0.0)
(5.830810141587645 0.012470105391663263 0.0)
(4.883045799447601 0.009499612998321751 0.0)
(3.8157574466434823 0.006383424595627343 0.0)
(2.6330408760975854 0.003110520467852677 0.0)
(1.3563997658901572 0.000843617279656079 0.0)
(0.016173198318123527 6.362517441475459e-05 0.0)
(-0.016198341482981327 6.35889319819359e-05 0.0)
(1.2212873837251625 0.0008430069369564381 0.0)
(2.3445814157052585 0.0031074581704757815 0.0)
(3.384164004331735 0.006374686485490118 0.0)
(4.3617876035022976 0.009481880933769253 0.0)
(5.281331597383664 0.012441830907405055 0.0)
(6.148560788253484 0.01648843433808707 0.0)
(6.9533100010639 0.0217526788630681 0.0)
(7.662641982936224 0.026881482148987706 0.0)
(8.269556111630612 0.03128926647682599 0.0)
(8.784393670226452 0.035066376685886795 0.0)
(9.208083777549922 0.03820221881896072 0.0)
(9.541016845832166 0.04066586185090231 0.0)
(9.783652905030396 0.04243688562391815 0.0)
(9.93650419557972 0.04350387283188919 0.0)
(10.000000000000004 0.04385996150616642 0.0)
(9.974606915531373 0.043503872831887565 0.0)
(9.860791539414059 0.04243688562391507 0.0)
(9.658983154167826 0.04066586185089805 0.0)
(9.369694000227842 0.03820221881895532 0.0)
(8.993384107551327 0.03506637668588095 0.0)
(8.530443888369366 0.03128926647681874 0.0)
(7.981802461508224 0.02688148214897992 0.0)
(7.357801110047243 0.02175267886306111 0.0)
(6.651439211746524 0.01648843433808 0.0)
(5.829779513727443 0.012441830907398022 0.0)
(4.882656840942169 0.00948188093376527 0.0)
(3.8158359956682717 0.006374686485488751 0.0)
(2.6331963620725314 0.0031074581704755994 0.0)
(1.356490394052631 0.0008430069369563052 0.0)
(0.016198341482987745 6.3588931981923e-05 0.0)
(-0.01622393636140196 6.354322941424144e-05 0.0)
(1.2211940120765628 0.0008422788422537701 0.0)
(2.344408735194944 0.0031040186643185768 0.0)
(3.384022726865861 0.0063653599722277 0.0)
(4.362063816995162 0.009463562652916974 0.0)
(5.28233586785434 0.012412779941317887 0.0)
(6.149395960747946 0.016451060626497288 0.0)
(6.953101309285815 0.02171402261995037 0.0)
(7.662379656940341 0.026845776817856968 0.0)
(8.269532095481605 0.03125623138825825 0.0)
(8.784367876878513 0.03503579254889257 0.0)
(9.20806836433572 0.03817395930125645 0.0)
(9.54100705456694 0.04063956196410911 0.0)
(9.783647628019303 0.042412062394237435 0.0)
(9.936501644029711 0.0434799643795989 0.0)
(10.000000000000004 0.04383636198340998 0.0)
(9.97460946708138 0.04347996437959727 0.0)
(9.860796816425152 0.04241206239423433 0.0)
(9.658992945433054 0.04063956196410481 0.0)
(9.369709413442044 0.03817395930125101 0.0)
(8.993409900899268 0.035035792548886675 0.0)
(8.530467904518373 0.03125623138825092 0.0)
(7.982064787504107 0.026845776817849092 0.0)
(7.358009801825327 0.02171402261994328 0.0)
(6.650604039252058 0.016451060626490124 0.0)
(5.828775243256765 0.012412779941310782 0.0)
(4.8823806274493045 0.009463562652912942 0.0)
(3.815977273134146 0.006365359972226306 0.0)
(2.633369042582846 0.003104018664318385 0.0)
(1.356583765701231 0.000842278842253635 0.0)
(0.01622393636140844 6.35432294142284e-05 0.0)
(-0.01624885836124578 6.3490074798898e-05 0.0)
(1.2211019995212575 0.0008414649866974296 0.0)
(2.3442264474149743 0.0031003530749893838 0.0)
(3.383824928432293 0.006355854845771806 0.0)
(4.362215149159902 0.009445463027517151 0.0)
(5.283269655128272 0.012384228939711348 0.0)
(6.1503749262524705 0.01641357878082736 0.0)
(6.9530558064863595 0.021674163154277948 0.0)
(7.6621381126709664 0.02680840808743785 0.0)
(8.269514600977997 0.031221502751450286 0.0)
(8.784351492578907 0.03500351478897743 0.0)
(9.208057963823233 0.03814403651307397 0.0)
(9.541000421664604 0.040611640831271674 0.0)
(9.783644120540176 0.042385657754831704 0.0)
(9.936499894874268 0.04345450125551962 0.0)
(10.000000000000004 0.04381121771905172 0.0)
(9.974611216236825 0.04345450125551798 0.0)
(9.860800323904279 0.042385657754828575 0.0)
(9.65899957833539 0.04061164083126733 0.0)
(9.36971981395453 0.038144036513068476 0.0)
(8.993426285198872 0.035003514788971464 0.0)
(8.53048539902198 0.031221502751442882 0.0)
(7.982306331773483 0.026808408087429892 0.0)
(7.3580553046247825 0.021674163154270763 0.0)
(6.649625073747531 0.016413578780820105 0.0)
(5.827841455982831 0.012384228939704173 0.0)
(4.8822292952845645 0.009445463027513078 0.0)
(3.816175071567715 0.006355854845770389 0.0)
(2.633551330362817 0.0031003530749891825 0.0)
(1.3566757782565364 0.0008414649866972923 0.0)
(0.016248858361252318 6.34900747988848e-05 0.0)
(-0.01627201245543316 6.343180365246013e-05 0.0)
(1.221015388922595 0.0008406011296116555 0.0)
(2.3440425617569143 0.0030966224617773215 0.0)
(3.3835792999323395 0.006346588743989773 0.0)
(4.362234950738053 0.009428377321997522 0.0)
(5.28409193030096 0.012357432381363442 0.0)
(6.151454670813753 0.016377635684804923 0.0)
(6.953175491975297 0.021634851818051644 0.0)
(7.661927963141402 0.026771017871380812 0.0)
(8.269504396796272 0.031186606479169213 0.0)
(8.784345237223787 0.03497096163186155 0.0)
(9.208053032991955 0.03811376520698382 0.0)
(9.540997238562753 0.040583325255886614 0.0)
(9.783642536705234 0.04235883187725052 0.0)
(9.936499024968079 0.0434286022627399 0.0)
(10.000000000000004 0.0437856335060674 0.0)
(9.974612086143015 0.04342860226273825 0.0)
(9.860801907739223 0.04235883187724738 0.0)
(9.65900276143724 0.04058332525588224 0.0)
(9.369724744785808 0.038113765206978296 0.0)
(8.993432540553991 0.03497096163185553 0.0)
(8.530495603203706 0.03118660647916174 0.0)
(7.982516481303047 0.026771017871372777 0.0)
(7.357935619135844 0.021634851818044375 0.0)
(6.648545329186245 0.016377635684797585 0.0)
(5.827019180810142 0.012357432381356212 0.0)
(4.882209493706415 0.009428377321993411 0.0)
(3.8164207000676695 0.006346588743988335 0.0)
(2.6337352160208773 0.0030966224617771116 0.0)
(1.3567623888551992 0.000840601129611516 0.0)
(0.016272012455439744 6.343180365244676e-05 0.0)
(-0.016292381295424728 6.337097630249823e-05 0.0)
(1.2209379857918303 0.0008397252272964149 0.0)
(2.3438651578201704 0.003092990741001964 0.0)
(3.383296633832924 0.006337968802442048 0.0)
(4.362122351684496 0.009413056251001207 0.0)
(5.284766564105624 0.012333567658025069 0.0)
(6.15258775243111 0.016344810612313167 0.0)
(6.953455106991202 0.021597815879467193 0.0)
(7.66175844193752 0.026735249027375934 0.0)
(8.269501931289508 0.03115307584977812 0.0)
(8.784349385662013 0.03493956340371427 0.0)
(9.20805378849359 0.03808447544879582 0.0)
(9.54099764512106 0.04055585937253448 0.0)
(9.783642946105282 0.04233276344147825 0.0)
(9.93649907253323 0.04340340535562164 0.0)
(10.000000000000004 0.04376073346797055 0.0)
(9.974612038577863 0.04340340535561998 0.0)
(9.860801498339173 0.04233276344147508 0.0)
(9.659002354878934 0.04055585937253008 0.0)
(9.369723989284173 0.038084475448790255 0.0)
(8.993428392115767 0.034939563403708206 0.0)
(8.530498068710472 0.031153075849770593 0.0)
(7.982686002506929 0.026735249027367822 0.0)
(7.357656004119938 0.021597815879459848 0.0)
(6.6474122475688855 0.016344810612305766 0.0)
(5.826344547005477 0.01233356765801779 0.0)
(4.882322092759972 0.009413056250997068 0.0)
(3.8167033661670855 0.006337968802440591 0.0)
(2.6339126199576217 0.0030929907410017464 0.0)
(1.3568397919859638 0.0008397252272962733 0.0)
(0.016292381295431355 6.337097630248474e-05 0.0)
(-0.01630906991165499 6.33102653914892e-05 0.0)
(1.2208731910809247 0.0008388757652970215 0.0)
(2.3437020304091716 0.003089617483830135 0.0)
(3.382989349965332 0.006330373765590501 0.0)
(4.361882299395651 0.009400172994358675 0.0)
(5.285263914367096 0.012313683341980429 0.0)
(6.153724385571187 0.016316545836985608 0.0)
(6.953882365761816 0.021564682629910653 0.0)
(7.66163699751089 0.02670267317299153 0.0)
(8.269507312787558 0.031122384137789918 0.0)
(8.784363755618797 0.03491069968523896 0.0)
(9.208060197132777 0.038057454176900644 0.0)
(9.541001623476095 0.040530449981882356 0.0)
(9.783645330752035 0.042308597846891866 0.0)
(9.936500035479797 0.04338001764016717 0.0)
(10.000000000000004 0.04373761166688181 0.0)
(9.974611075631296 0.04338001764016549 0.0)
(9.86079911369242 0.04230859784688868 0.0)
(9.658998376523899 0.04053044998187793 0.0)
(9.369717580644986 0.03805745417689505 0.0)
(8.993414022158982 0.03491069968523285 0.0)
(8.53049268721242 0.031122384137782334 0.0)
(7.98280744693356 0.026702673172983363 0.0)
(7.357228745349322 0.021564682629903246 0.0)
(6.646275614428806 0.016316545836978166 0.0)
(5.825847196744004 0.012313683341973119 0.0)
(4.882562145048818 0.009400172994354512 0.0)
(3.8170106500346783 0.00633037376558903 0.0)
(2.6340757473686205 0.0030896174838299104 0.0)
(1.3569045866968696 0.000838875765296878 0.0)
(0.016309069911661644 6.331026539147553e-05 0.0)
(-0.016321345036857754 6.325233844579527e-05 0.0)
(1.2208238517509367 0.0008380900674196817 0.0)
(2.343560347043924 0.003086650905010765 0.0)
(3.3826709498205454 0.006324137345459661 0.0)
(4.361525341329926 0.009390293618797547 0.0)
(5.285562128424764 0.012298653113699199 0.0)
(6.154814628653222 0.0162940832613412 0.0)
(6.954438495318407 0.021536907883751975 0.0)
(7.661568965907439 0.026674721631673417 0.0)
(8.269520304837247 0.03109587988088045 0.0)
(8.784387715704527 0.03488563869542075 0.0)
(9.208071977325638 0.038033888656551364 0.0)
(9.541008998826218 0.04050821352607031 0.0)
(9.783649585868476 0.04228739688550778 0.0)
(9.936501871497669 0.04335946672980693 0.0)
(10.000000000000004 0.04371728403244088 0.0)
(9.974609239613425 0.04335946672980525 0.0)
(9.860794858575979 0.0422873968855046 0.0)
(9.658991001173776 0.040508213526065866 0.0)
(9.369705800452126 0.03803388865654573 0.0)
(8.993390062073251 0.034885638695414604 0.0)
(8.53047969516273 0.03109587988087283 0.0)
(7.98287547853701 0.026674721631665208 0.0)
(7.356672615792729 0.021536907883744526 0.0)
(6.645185371346769 0.016294083261333723 0.0)
(5.825548982686337 0.012298653113691872 0.0)
(4.882919103114544 0.009390293618793373 0.0)
(3.817329050179466 0.006324137345458182 0.0)
(2.6342174307338686 0.003086650905010536 0.0)
(1.3569539260268577 0.0008380900674195366 0.0)
(0.016321345036864415 6.325233844578147e-05 0.0)
(-0.016328667324488316 6.319974066943587e-05 0.0)
(1.2207921356817621 0.0008374026557917322 0.0)
(2.3434463330322943 0.0030842213505899753 0.0)
(3.382355423318429 0.00631953355894087 0.0)
(4.361067161571695 0.00938385220600617 0.0)
(5.2856481032985005 0.012289137373915033 0.0)
(6.155810578390733 0.016278409849859628 0.0)
(6.955099060345669 0.02151571201252491 0.0)
(7.661557336311365 0.02665262254301121 0.0)
(8.269540336591678 0.031074727627610158 0.0)
(8.784420213156872 0.03486548156830444 0.0)
(9.208088611472045 0.0380148143136002 0.0)
(9.541019447112035 0.04049012703428629 0.0)
(9.783655524492573 0.04227009208878317 0.0)
(9.936504499915577 0.043342655593945324 0.0)
(10.000000000000004 0.04370064372371675 0.0)
(9.974606611195517 0.043342655593943645 0.0)
(9.860788919951881 0.04227009208877997 0.0)
(9.658980552887957 0.040490127034281835 0.0)
(9.369689166305719 0.038014814313594554 0.0)
(8.993357564620906 0.03486548156829828 0.0)
(8.5304596634083 0.03107472762760252 0.0)
(7.9828871081330846 0.02665262254300298 0.0)
(7.356012050765466 0.02151571201251744 0.0)
(6.644189421609256 0.016278409849852137 0.0)
(5.825463007812601 0.012289137373907705 0.0)
(4.883377282872777 0.009383852206001997 0.0)
(3.817644576681583 0.0063195335589393865 0.0)
(2.634331444745498 0.003084221350589742 0.0)
(1.3569856420960325 0.0008374026557915861 0.0)
(0.01632866732449497 6.319974066942197e-05 0.0)
(-0.016330715046623936 6.315478311247934e-05 0.0)
(1.2207794364194575 0.0008368437340225212 0.0)
(2.3433649979413707 0.00308243557074427 0.0)
(3.3820566341162475 0.006316764687991375 0.0)
(4.360527891701316 0.00938113177987837 0.0)
(5.28551806140964 0.01228555422682549 0.0)
(6.156668474574293 0.0162702142635677 0.0)
(6.955835036824772 0.021502026324034425 0.0)
(7.661602619705842 0.02663734690053159 0.0)
(8.26956652789221 0.031059856769290784 0.0)
(8.784459820097227 0.03485111397117913 0.0)
(9.20810936869804 0.03800106923978092 0.0)
(9.541032509254984 0.04047698519389097 0.0)
(9.78366288569205 0.042257443797827865 0.0)
(9.93650780524565 0.04333032288313702 0.0)
(10.000000000000004 0.04368842188543216 0.0)
(9.974603305865443 0.04333032288313534 0.0)
(9.860781558752407 0.042257443797824666 0.0)
(9.658967490745008 0.04047698519388652 0.0)
(9.369668409079724 0.038001069239775274 0.0)
(8.993317957680551 0.03485111397117297 0.0)
(8.530433472107768 0.03105985676928314 0.0)
(7.982841824738607 0.026637346900523353 0.0)
(7.35527607428636 0.021502026324026955 0.0)
(6.643331525425695 0.016270214263560224 0.0)
(5.825593049701463 0.01228555422681818 0.0)
(4.883916552743158 0.009381131779874206 0.0)
(3.817943365883765 0.0063167646879898915 0.0)
(2.634412779836422 0.003082435570744035 0.0)
(1.3569983413583369 0.0008368437340223742 0.0)
(0.01633071504663057 6.315478311246535e-05 0.0)
(-0.016327398230100168 6.311944112773078e-05 0.0)
(1.220786311946376 0.0008364378601120692 0.0)
(2.34331991548625 0.0030813720293730784 0.0)
(3.3817877104649248 0.006315952391735187 0.0)
(4.359931226250327 0.00938225187096132 0.0)
(5.285177716560875 0.0122880611093585 0.0)
(6.157350622815072 0.016269856601533676 0.0)
(6.956614087295656 0.021496452142395532 0.0)
(7.661702826421362 0.026629565888019114 0.0)
(8.26959772794101 0.031051920704231416 0.0)
(8.784504796269092 0.034843167189977715 0.0)
(9.208133336969086 0.03799325736849123 0.0)
(9.5410476113284 0.04046936543330903 0.0)
(9.783671346029262 0.04225000775540705 0.0)
(9.93651164225773 0.04332301047413286 0.0)
(10.000000000000004 0.04368115552280212 0.0)
(9.974599468853363 0.04332301047413118 0.0)
(9.860773098415192 0.04225000775540385 0.0)
(9.658952388671594 0.04046936543330457 0.0)
(9.369644440808678 0.037993257368485585 0.0)
(8.993272981508687 0.034843167189971554 0.0)
(8.530402272058968 0.031051920704223784 0.0)
(7.982741618023087 0.02662956588801089 0.0)
(7.354497023815474 0.021496452142388083 0.0)
(6.642649377184915 0.016269856601526234 0.0)
(5.82593339455023 0.012288061109351225 0.0)
(4.884513218194148 0.009382251870957174 0.0)
(3.8182122895350887 0.006315952391733713 0.0)
(2.6344578622915424 0.003081372029372844 0.0)
(1.3569914658314184 0.000836437860111922 0.0)
(0.016327398230106774 6.311944112771677e-05 0.0)
(-0.016318862609767136 6.309526757734378e-05 0.0)
(1.2208124601644432 0.0008362028674174763 0.0)
(2.343313066507535 0.003081077456538556 0.0)
(3.381560468377718 0.006317132360983755 0.0)
(4.359303381607077 0.009387163264501985 0.0)
(5.284642022882215 0.012296547873681785 0.0)
(6.157827050767326 0.016277352578773017 0.0)
(6.957401981705864 0.02149923438695176 0.0)
(7.661853553558165 0.026629621388928614 0.0)
(8.269632565865015 0.031051268128612145 0.0)
(8.784553165501757 0.034841990391727966 0.0)
(9.208159463163202 0.0379917219390642 0.0)
(9.541064089774805 0.040467602550880465 0.0)
(9.783680533772477 0.04224811068762084 0.0)
(9.936515842360528 0.043321039660806825 0.0)
(10.000000000000004 0.04367916390650717 0.0)
(9.974595268750566 0.04332103966080516 0.0)
(9.860763910671977 0.04224811068761764 0.0)
(9.658935910225189 0.04046760255087601 0.0)
(9.369618314614561 0.037991721939058566 0.0)
(8.993224612276022 0.03484199039172182 0.0)
(8.530367434134963 0.031051268128604533 0.0)
(7.982590890886282 0.02662962138892042 0.0)
(7.3537091294052646 0.021499234386944354 0.0)
(6.642172949232661 0.016277352578765624 0.0)
(5.826469088228892 0.01229654787367455 0.0)
(4.8851410628374 0.00938716326449787 0.0)
(3.818439531622296 0.006317132360982289 0.0)
(2.6344647112702577 0.0030810774565383243 0.0)
(1.356965317613351 0.0008362028674173292 0.0)
(0.016318862609773693 6.309526757732974e-05 0.0)
(-0.01630548322516679 6.308332460289803e-05 0.0)
(1.220856732168794 0.0008361490810878357 0.0)
(2.343344751936819 0.003081564795232146 0.0)
(3.381384892456211 0.006320252750046983 0.0)
(4.3586719441165815 0.009395650162853332 0.0)
(5.283934517773878 0.012310641626897063 0.0)
(6.158076825058432 0.01629237283575933 0.0)
(6.958164101416422 0.021510250810967295 0.0)
(7.662048178441611 0.02663751096465167 0.0)
(8.269669510949578 0.031057927715411816 0.0)
(8.784602802539625 0.034847635282792076 0.0)
(9.208186599343215 0.03799653041545984 0.0)
(9.54108122056141 0.04047177400443407 0.0)
(9.783690045229063 0.04225183594815718 0.0)
(9.936520221009209 0.043324497037090966 0.0)
(10.000000000000004 0.04368253454452373 0.0)
(9.974590890101885 0.0433244970370893 0.0)
(9.860754399215391 0.042251835948153994 0.0)
(9.658918779438583 0.040471774004429646 0.0)
(9.369591178434549 0.03799653041545425 0.0)
(8.993174975238153 0.03484763528278597 0.0)
(8.5303304890504 0.031057927715404252 0.0)
(7.982396266002836 0.026637510964643518 0.0)
(7.352947009694705 0.021510250810959943 0.0)
(6.641923174941555 0.016292372835752 0.0)
(5.827176593337231 0.012310641626889891 0.0)
(4.885772500327898 0.009395650162849252 0.0)
(3.818615107543803 0.0063202527500455345 0.0)
(2.634433025840973 0.0030815647952319187 0.0)
(1.356921045609 0.0008361490810876893 0.0)
(0.016305483225173292 6.308332460288399e-05 0.0)
(-0.01628784794198157 6.308413695684164e-05 0.0)
(1.2209171827285508 0.0008362788643960727 0.0)
(2.343413579574307 0.003082812632683214 0.0)
(3.381268697185188 0.006325176454738027 0.0)
(4.358064657986989 0.009407339667228136 0.0)
(5.283086287715981 0.012329723115271859 0.0)
(6.158088971062989 0.016314257409879407 0.0)
(6.958866960281508 0.021529017372924862 0.0)
(7.662278149610375 0.02665288796166457 0.0)
(8.269706939895272 0.031071606854569837 0.0)
(8.784651526422065 0.03485985383698372 0.0)
(9.20821355319502 0.03800747152202221 0.0)
(9.54109825099279 0.04048169650793219 0.0)
(9.78369946248302 0.042261019855883264 0.0)
(9.93652458581396 0.04333323069219643 0.0)
(10.000000000000004 0.04369111933718377 0.0)
(9.974586525297134 0.04333323069219477 0.0)
(9.860744981961435 0.04226101985588011 0.0)
(9.658901749007201 0.04048169650792779 0.0)
(9.369564224582744 0.038007471522016646 0.0)
(8.993126251355713 0.03485985383697766 0.0)
(8.530293060104706 0.031071606854562322 0.0)
(7.982166294834071 0.026652887961656487 0.0)
(7.352244150829618 0.02152901737291758 0.0)
(6.641911028936998 0.01631425740987216 0.0)
(5.828024823395131 0.01232972311526475 0.0)
(4.886379786457491 0.009407339667224101 0.0)
(3.8187313028148258 0.006325176454736597 0.0)
(2.6343641982034844 0.0030828126326829927 0.0)
(1.356860595049243 0.0008362788643959272 0.0)
(0.016287847941988016 6.308413695682765e-05 0.0)
(-0.016266731622291815 6.309766894582848e-05 0.0)
(1.2209911557567086 0.000836586514901055 0.0)
(2.343516525259525 0.0030847661411970134 0.0)
(3.381216987972285 0.006331687136480425 0.0)
(4.357508206259837 0.009421718162189523 0.0)
(5.282134602385473 0.01235295393311557 0.0)
(6.157862955107778 0.01634204473298312 0.0)
(6.959479675968432 0.0215547095044245 0.0)
(7.662533362552024 0.026675076742850006 0.0)
(8.2697432081427 0.031091704509736872 0.0)
(8.784697196310818 0.03487810919338496 0.0)
(9.208239140415678 0.038024064526545144 0.0)
(9.541114432782953 0.0404969340847238 0.0)
(9.783708371757436 0.0422752588866951 0.0)
(9.936528744993245 0.043346856885295666 0.0)
(10.000000000000004 0.04370454108440325 0.0)
(9.974582366117849 0.043346856885294015 0.0)
(9.860736072687018 0.04227525888669196 0.0)
(9.658885567217041 0.04049693408471943 0.0)
(9.369538637362085 0.03802406452653962 0.0)
(8.99308058146696 0.034878109193378935 0.0)
(8.530256791857278 0.03109170450972942 0.0)
(7.981911081892422 0.026675076742841985 0.0)
(7.351631435142692 0.02155470950441731 0.0)
(6.642137044892211 0.01634204473297596 0.0)
(5.828976508725641 0.012352953933108538 0.0)
(4.886936238184644 0.00942171816218553 0.0)
(3.818783012027729 0.006331687136479018 0.0)
(2.6342612525182663 0.003084766141196799 0.0)
(1.356786622021085 0.000836586514900911 0.0)
(0.01626673162229819 6.309766894581458e-05 0.0)
(-0.016243062078553458 6.312332599901856e-05 0.0)
(1.2210754010137406 0.0008370585150024247 0.0)
(2.343649065747397 0.00308733948718329 0.0)
(3.381232036825717 0.006339498727829372 0.0)
(4.357027038406016 0.009438153882973593 0.0)
(5.281121277094719 0.012379313360791736 0.0)
(6.1574087079203865 0.01637451388092876 0.0)
(6.959975326870845 0.021586198340210548 0.0)
(7.662802603676798 0.026703102373755904 0.0)
(8.269776722131416 0.031117337626712514 0.0)
(8.78473780555452 0.034901599245032715 0.0)
(9.208262236749524 0.03804558036276593 0.0)
(9.541129054933634 0.04051681722356105 0.0)
(9.783716381595093 0.04229392740362839 0.0)
(9.936532515800337 0.04336477690639231 0.0)
(10.000000000000004 0.04372221005916373 0.0)
(9.974578595310756 0.04336477690639067 0.0)
(9.860728062849361 0.04229392740362526 0.0)
(9.658870945066358 0.040516817223556705 0.0)
(9.369515541028239 0.03804558036276045 0.0)
(8.993039972223256 0.03490159924502676 0.0)
(8.530223277868561 0.031117337626705124 0.0)
(7.981641840767647 0.026703102373747966 0.0)
(7.351135784240278 0.021586198340203446 0.0)
(6.642591292079605 0.0163745138809217 0.0)
(5.8299898340163985 0.01237931336078478 0.0)
(4.887417406038467 0.009438153882969652 0.0)
(3.818767963174296 0.0063394987278279896 0.0)
(2.634128712030394 0.0030873394871830852 0.0)
(1.3567023767640527 0.0008370585150022825 0.0)
(0.016243062078559765 6.312332599900477e-05 0.0)
(-0.016217879307216167 6.315998079243293e-05 0.0)
(1.2211662169171746 0.000837674125879227 0.0)
(2.343805377451363 0.0030904196025272118 0.0)
(3.381313182526396 0.006348268001751898 0.0)
(4.35664229606075 0.0094559246740774 0.0)
(5.280090835503168 0.012407643213271466 0.0)
(6.156746188291204 0.016410238218756222 0.0)
(6.960332134994861 0.02162210031844576 0.0)
(7.66307404302224 0.026735733459431702 0.0)
(8.269806009318073 0.031147379933231297 0.0)
(8.784771569857302 0.034929291882031456 0.0)
(9.208281827385903 0.038071073664203155 0.0)
(9.541141474974289 0.04054047229569859 0.0)
(9.783723140058378 0.04231620514620216 0.0)
(9.936535732552871 0.04338620338254313 0.0)
(10.000000000000004 0.04374334991903871 0.0)
(9.974575378558223 0.043386203382541504 0.0)
(9.860721304386077 0.04231620514619907 0.0)
(9.658858525025703 0.04054047229569429 0.0)
(9.36949595039186 0.03807107366419773 0.0)
(8.993006207920477 0.03492929188202556 0.0)
(8.530193990681905 0.031147379933223984 0.0)
(7.981370401422205 0.026735733459423854 0.0)
(7.3507789761162625 0.021622100318438756 0.0)
(6.64325381170879 0.01641023821874926 0.0)
(5.831020275607952 0.012407643213264586 0.0)
(4.887802148383733 0.009455924674073508 0.0)
(3.8186868174736173 0.00634826800175054 0.0)
(2.6339724003264275 0.0030904196025270158 0.0)
(1.3566115608606184 0.0008376741258790869 0.0)
(0.016217879307222405 6.315998079241927e-05 0.0)
(-0.01619228979318192 6.320602278150703e-05 0.0)
(1.221259613182357 0.0008384062987157638 0.0)
(2.3439785923211143 0.0030938711525954777 0.0)
(3.381456859680685 0.006357609652394779 0.0)
(4.356370884098826 0.009474249719450588 0.0)
(5.279088553329213 0.012436698728664802 0.0)
(6.155904506120694 0.01644764808441719 0.0)
(6.960534422844273 0.021660837971887288 0.0)
(7.663335754040094 0.026771536249669697 0.0)
(8.269829782877265 0.03118051142530565 0.0)
(8.784797005677465 0.03495997034057368 0.0)
(9.208297051548094 0.03809942430183034 0.0)
(9.541151147191052 0.04056685994054244 0.0)
(9.783728350192778 0.042341113271163716 0.0)
(9.936538253912625 0.04341019487358468 0.0)
(10.000000000000004 0.043767031817259563 0.0)
(9.974572857198469 0.04341019487358306 0.0)
(9.860716094251677 0.04234111327116063 0.0)
(9.65884885280894 0.04056685994053818 0.0)
(9.36948072622967 0.038099424301824954 0.0)
(8.992980772100314 0.03495997034056785 0.0)
(8.530170217122713 0.031180511425298405 0.0)
(7.9811086904043504 0.026771536249661932 0.0)
(7.350576688266851 0.021660837971880387 0.0)
(6.644095493879302 0.016447648084410325 0.0)
(5.832022557781909 0.012436698728657998 0.0)
(4.888073560345656 0.009474249719446744 0.0)
(3.8185431403193273 0.006357609652393445 0.0)
(2.6337991854566756 0.003093871152595291 0.0)
(1.3565181645954358 0.0008384062987156259 0.0)
(0.01619228979318809 6.320602278149353e-05 0.0)
(-0.016167417892882688 6.32594289654724e-05 0.0)
(1.221351486148259 0.0008392228631770699 0.0)
(2.344161099612162 0.0030975424825925206 0.0)
(3.3816567553772754 0.006367113224718833 0.0)
(4.356224727865316 0.009492323850124178 0.0)
(5.278158469017954 0.01246520326078093 0.0)
(6.1549206433836146 0.01648509975685395 0.0)
(6.960573302261053 0.02170070923891146 0.0)
(7.663576237627022 0.026808937635366178 0.0)
(8.269846998242295 0.031215276365786162 0.0)
(8.784812995411604 0.03499228666531571 0.0)
(9.208307240314259 0.038129386600496175 0.0)
(9.541157646604411 0.040594820733253 0.0)
(9.78373178307452 0.04236755736107034 0.0)
(9.936539969095662 0.043435697237291786 0.0)
(10.000000000000004 0.04379221521454328 0.0)
(9.974571142015431 0.043435697237290176 0.0)
(9.860712661369934 0.042367557361067294 0.0)
(9.658842353395581 0.040594820733248764 0.0)
(9.369470537463505 0.03812938660049083 0.0)
(8.992964782366174 0.03499228666530994 0.0)
(8.530153001757682 0.031215276365778994 0.0)
(7.980868206817421 0.026808937635358503 0.0)
(7.3505378088500715 0.021700709238904648 0.0)
(6.645079356616385 0.016485099756847175 0.0)
(5.83295264209317 0.012465203260774195 0.0)
(4.888219716579167 0.009492323850120379 0.0)
(3.8183432446227363 0.006367113224717525 0.0)
(2.6336166781656276 0.003097542482592343 0.0)
(1.3564262916295335 0.0008392228631769342 0.0)
(0.016167417892888808 6.325942896545903e-05 0.0)
(-0.016144356432115772 6.331785277430942e-05 0.0)
(1.2214377990848362 0.000840087940914578 0.0)
(2.3443448802880247 0.003101272280994778 0.0)
(3.381904086564957 0.0063763611491424385 0.0)
(4.3562102491977335 0.009509352921862063 0.0)
(5.277341448772487 0.01249190437262623 0.0)
(6.1538378292087055 0.01652094767809552 0.0)
(6.960447064954756 0.021739962248987638 0.0)
(7.663784927374168 0.02684629426805755 0.0)
(8.269856899001518 0.0312501472467888 0.0)
(8.784818836500056 0.03502482093606941 0.0)
(9.208311946008655 0.038159644071611744 0.0)
(9.541160687642037 0.04062312612775138 0.0)
(9.78373328786906 0.042394375510989665 0.0)
(9.93654080273998 0.043461589946458414 0.0)
(10.000000000000004 0.04381779359848492 0.0)
(9.974570308371113 0.04346158994645682 0.0)
(9.860711156575395 0.04239437551098665 0.0)
(9.658839312357957 0.040623126127747176 0.0)
(9.369465831769109 0.038159644071606456 0.0)
(8.992958941277722 0.03502482093606369 0.0)
(8.53014310099846 0.0312501472467817 0.0)
(7.980659517070275 0.026846294268049953 0.0)
(7.3506640461563695 0.021739962248980917 0.0)
(6.646162170791297 0.01652094767808882 0.0)
(5.833769662338638 0.012491904372619551 0.0)
(4.888234195246748 0.009509352921858298 0.0)
(3.8180959134350534 0.006376361149141151 0.0)
(2.6334328974897643 0.00310127228099461 0.0)
(1.3563399786929562 0.0008400879409144444 0.0)
(0.016144356432121837 6.331785277429622e-05 0.0)
(-0.01612411868927751 6.337872717274115e-05 0.0)
(1.2215147595595601 0.000840963521995117 0.0)
(2.3445218593620227 0.0031048966672839297 0.0)
(3.382187985963824 0.0063849470887850195 0.0)
(4.3563280842622465 0.009524588708405885 0.0)
(5.2766733909677015 0.012515628866194527 0.0)
(6.152703640469861 0.01655361675606446 0.0)
(6.9601612575616745 0.02177687229666444 0.0)
(7.663952653835828 0.026881964765645378 0.0)
(8.269859050133688 0.03128359190559676 0.0)
(8.78481427229608 0.03505614365649765 0.0)
(9.208310961871677 0.038188867257250715 0.0)
(9.541160136686296 0.040650532436786575 0.0)
(9.783732798458479 0.04242038938047665 0.0)
(9.936540718216772 0.04348673532281317 0.0)
(10.000000000000004 0.04384264310168845 0.0)
(9.974570392894321 0.04348673532281159 0.0)
(9.860711645985976 0.042420389380473635 0.0)
(9.658839863313696 0.0406505324367824 0.0)
(9.369466815906087 0.03818886725724547 0.0)
(8.992963505481699 0.03505614365649198 0.0)
(8.53014094986629 0.03128359190558972 0.0)
(7.980491790608615 0.02688196476563785 0.0)
(7.350949853549452 0.021776872296657795 0.0)
(6.647296359530145 0.01655361675605783 0.0)
(5.834437720143425 0.012515628866187893 0.0)
(4.888116360182234 0.009524588708402152 0.0)
(3.817812014036186 0.00638494708878375 0.0)
(2.633255918415766 0.00310489666728377 0.0)
(1.356263018218232 0.0008409635219949853 0.0)
(0.01612411868928354 6.337872717272811e-05 0.0)
(-0.016107593873764314 6.343937745106707e-05 0.0)
(1.2215789860699668 0.0008418111349878382 0.0)
(2.3446842606974183 0.0031082563925570574 0.0)
(3.382495979553668 0.006392493793166214 0.0)
(4.356573055601692 0.009537361777167993 0.0)
(5.276183648841362 0.012535334330641159 0.0)
(6.151567911345325 0.01658167157124122 0.0)
(6.959728437935793 0.02180981762197197 0.0)
(7.664072047418125 0.02691438183172298 0.0)
(8.26985335712199 0.03131414084508731 0.0)
(8.784799503342448 0.03508487856356809 0.0)
(9.208304331144506 0.03821577214409843 0.0)
(9.541156017945179 0.04067583547727801 0.0)
(9.783730336346581 0.04244445596769704 0.0)
(9.936539719239832 0.043510028524521176 0.0)
(10.000000000000004 0.04386567188244396 0.0)
(9.974571391871262 0.043510028524519594 0.0)
(9.860714108097874 0.04244445596769405 0.0)
(9.658843982054814 0.04067583547727386 0.0)
(9.369473446633258 0.03821577214409321 0.0)
(8.99297827443533 0.03508487856356247 0.0)
(8.530146642877988 0.031314140845080315 0.0)
(7.980372397026318 0.026914381831715507 0.0)
(7.351382673175336 0.02180981762196538 0.0)
(6.648432088654682 0.01658167157123463 0.0)
(5.834927462269765 0.012535334330634557 0.0)
(4.887871388842788 0.00953736177716428 0.0)
(3.817504020446341 0.006392493793164958 0.0)
(2.63309351708037 0.003108256392556904 0.0)
(1.3561987917078253 0.0008418111349877085 0.0)
(0.016107593873770323 6.343937745105416e-05 0.0)
(-0.01609550805573854 6.349713874701406e-05 0.0)
(1.2216276566206878 0.0008425935373285057 0.0)
(2.344824948676639 0.003111203836632102 0.0)
(3.3828145346596106 0.006398669673901819 0.0)
(4.3569343996235785 0.00954711090287465 0.0)
(5.275893740766542 0.012550154943908473 0.0)
(6.150480543695074 0.016603879446371747 0.0)
(6.95916762337965 0.021837350667587976 0.0)
(7.664137862185476 0.026942121119712264 0.0)
(8.269840070106946 0.03134045180074693 0.0)
(8.784775178559963 0.035109763098033105 0.0)
(9.208292345169161 0.0382391765806479 0.0)
(9.541148512388633 0.040697923479917096 0.0)
(9.783726009714062 0.04246551783083698 0.0)
(9.93653784970238 0.04353044609091309 0.0)
(10.000000000000004 0.04388586809825504 0.0)
(9.974573261408713 0.04353044609091152 0.0)
(9.860718434730394 0.042465517830834 0.0)
(9.65885148761136 0.04069792347991296 0.0)
(9.369485432608602 0.03823917658064269 0.0)
(8.993002599217816 0.0351097630980275 0.0)
(8.530159929893031 0.03134045180073997 0.0)
(7.980306582258967 0.026942121119704832 0.0)
(7.35194348773148 0.02183735066758143 0.0)
(6.649519456304937 0.016603879446365186 0.0)
(5.835217370344584 0.012550154943901888 0.0)
(4.8875100448209 0.009547110902870944 0.0)
(3.8171854653403976 0.006398669673900572 0.0)
(2.632952829101149 0.0031112038366319537 0.0)
(1.3561501211571043 0.0008425935373283775 0.0)
(0.016095508055744535 6.34971387470013e-05 0.0)
(-0.016088392263933868 6.354947313490953e-05 0.0)
(1.221658632716765 0.0008432763516896351 0.0)
(2.3449377417272594 0.0031136094942086044 0.0)
(3.383129654553076 0.006403203374090765 0.0)
(4.357396239532643 0.009553407726777824 0.0)
(5.275816404773678 0.01255943951536305 0.0)
(6.149489314464375 0.01661926460805098 0.0)
(6.958503455058861 0.02185826168185838 0.0)
(7.664147206357409 0.02696396381604656 0.0)
(8.269819772895687 0.031361368717318476 0.0)
(8.784742366735067 0.03512970387897325 0.0)
(9.208275530587471 0.038258052218774326 0.0)
(9.541137949797083 0.040715825938276724 0.0)
(9.783720008665236 0.042482649550161664 0.0)
(9.936535191748474 0.04354709091147455 0.0)
(10.000000000000004 0.043902344364346854 0.0)
(9.97457591936262 0.043547090911472984 0.0)
(9.860724435779218 0.04248264955015869 0.0)
(9.65886205020291 0.040715825938272616 0.0)
(9.369502247190292 0.03825805221876915 0.0)
(8.993035411042712 0.03512970387896767 0.0)
(8.53018022710429 0.031361368717311544 0.0)
(7.980297238087034 0.02696396381603915 0.0)
(7.352607656052271 0.021858261681851853 0.0)
(6.650510685535638 0.016619264608044425 0.0)
(5.835294706337448 0.012559439515356461 0.0)
(4.887048204911834 0.009553407726774122 0.0)
(3.8168703454469313 0.006403203374089521 0.0)
(2.632840036050528 0.0031136094942084596 0.0)
(1.356119145061027 0.000843276351689508 0.0)
(0.016088392263939863 6.354947313489687e-05 0.0)
)
