(
(-0.02727984405990891 2.3356164086815033e-05 0.0)
(1.191919070910052 0.00021851050574733872 0.0)
(2.3155765105123236 0.0002080596703814318 0.0)
(3.3786229494655613 -0.0014933032046304882 0.0)
(4.381464730526788 -0.006234015661497102 0.0)
(5.305870598882046 -0.013569556979103897 0.0)
(6.15732614373657 -0.021220625521325524 0.0)
(6.949576144689795 -0.02736548831291521 0.0)
(7.659442715639418 -0.032363137953161696 0.0)
(8.268039424700813 -0.036856761648643745 0.0)
(8.783188540444849 -0.040779777778157396 0.0)
(9.207171371158575 -0.044041760089255276 0.0)
(9.540362217075355 -0.04660698237479343 0.0)
(9.783223642737513 -0.048452209339793384 0.0)
(9.936294160283769 -0.04956348566533503 0.0)
(10.000000000000005 -0.04993473384493438 0.0)
(9.97481695082734 -0.049563485665336665 0.0)
(9.861220801706947 -0.048452209339796715 0.0)
(9.659637782924648 -0.04660698237479713 0.0)
(9.370606406619194 -0.04404176008926114 0.0)
(8.994589237332937 -0.040779777778163745 0.0)
(8.531960575299179 -0.03685676164865205 0.0)
(7.985001728805028 -0.032363137953171243 0.0)
(7.3615349664213365 -0.027365488312923528 0.0)
(6.642673856263439 -0.021220625521333233 0.0)
(5.805240512229037 -0.013569556979111639 0.0)
(4.862979713917631 -0.0062340156615016745 0.0)
(3.821377050534417 -0.0014933032046322366 0.0)
(2.6622012672654556 0.00020805967038086963 0.0)
(1.3858587068677397 0.0002185105057470995 0.0)
(0.027279844059906886 2.3356164086792542e-05 0.0)
(-0.027306205359498716 2.329070062630029e-05 0.0)
(1.191820574692193 0.00021753764839514036 0.0)
(2.3153685910609276 0.0002038444640415172 0.0)
(3.3783494171260595 -0.00150380975078022 0.0)
(4.381499224474222 -0.006253441293644702 0.0)
(5.306811250498738 -0.013600038483360813 0.0)
(6.158538610619781 -0.021261436493653203 0.0)
(6.949696386762978 -0.027410019398969417 0.0)
(7.659202046431495 -0.032405442943799566 0.0)
(8.26802720865985 -0.03689623131408141 0.0)
(8.783180531606979 -0.04081658630881987 0.0)
(9.207165289233027 -0.04407597998914086 0.0)
(9.540358298342513 -0.046638985147976465 0.0)
(9.783221673835882 -0.0484825240597795 0.0)
(9.93629309517782 -0.049592750272120775 0.0)
(10.000000000000005 -0.049963641903950765 0.0)
(9.974818015933288 -0.04959275027212243 0.0)
(9.861222770608578 -0.04848252405978286 0.0)
(9.65964170165749 -0.046638985147980205 0.0)
(9.370612488544744 -0.04407597998914678 0.0)
(8.994597246170807 -0.040816586308826286 0.0)
(8.531972791340142 -0.0368962313140898 0.0)
(7.985242398012952 -0.0324054429438092 0.0)
(7.361414724348153 -0.027410019398977838 0.0)
(6.6414613893802255 -0.02126143649366101 0.0)
(5.804299860612344 -0.013600038483368621 0.0)
(4.8629452199701975 -0.006253441293649318 0.0)
(3.82165058287392 -0.0015038097507819926 0.0)
(2.662409186716852 0.0002038444640409448 0.0)
(1.3859572030855989 0.00021753764839489858 0.0)
(0.027306205359496755 2.3290700626277622e-05 0.0)
(-0.027329508649533575 2.3222109515530527e-05 0.0)
(1.1917321469578221 0.00021654767346159374 0.0)
(2.3151672630996103 0.00019972608937387463 0.0)
(3.3780329849101154 -0.0015136225860758001 0.0)
(4.381383987296757 -0.006270939240297928 0.0)
(5.307588166669805 -0.013627310831110543 0.0)
(6.159815788511388 -0.021298864573000252 0.0)
(6.949998072135028 -0.027452134623406853 0.0)
(7.659006499479213 -0.032446064343791804 0.0)
(8.26802370770983 -0.03693429667494596 0.0)
(8.783184269383069 -0.04085221949538959 0.0)
(9.207165621471743 -0.04410921151074949 0.0)
(9.540358428449988 -0.04667014083994692 0.0)
(9.783221953880387 -0.048512090063830365 0.0)
(9.936293064676269 -0.04962132505541392 0.0)
(10.000000000000005 -0.04999187913434183 0.0)
(9.974818046434839 -0.04962132505541558 0.0)
(9.86122249056407 -0.04851209006383374 0.0)
(9.659641571550017 -0.04667014083995069 0.0)
(9.370612156306025 -0.04410921151075543 0.0)
(8.994593508394717 -0.04085221949539607 0.0)
(8.531976292290162 -0.0369342966749544 0.0)
(7.985437944965234 -0.03244606434380153 0.0)
(7.361113038976102 -0.027452134623415357 0.0)
(6.640184211488615 -0.021298864573008128 0.0)
(5.8035229444412755 -0.013627310831118407 0.0)
(4.863060457147664 -0.006270939240302579 0.0)
(3.821967015089865 -0.0015136225860775932 0.0)
(2.66261051467817 0.00019972608937329314 0.0)
(1.3860456308199702 0.00021654767346134958 0.0)
(0.027329508649531657 2.3222109515507684e-05 0.0)
(-0.027348730026081514 2.3153404522429087e-05 0.0)
(1.1916576730598134 0.00021558407863417093 0.0)
(2.3149813726106734 0.00019588550022704693 0.0)
(3.3776875562704007 -0.0015223105524864156 0.0)
(4.381124082305149 -0.0062857406736924306 0.0)
(5.30816721112002 -0.01365017572528632 0.0)
(6.161101560551365 -0.021331265238032887 0.0)
(6.950467945302613 -0.027489983520313347 0.0)
(7.658864666757912 -0.03248321732313753 0.0)
(8.268029075676091 -0.03696928520891959 0.0)
(8.783199589542079 -0.040885111680837784 0.0)
(9.207172353276764 -0.044139994521817 0.0)
(9.540362601681093 -0.04669908052659733 0.0)
(9.783224470566388 -0.048539608275817436 0.0)
(9.936294070119294 -0.04964795449151266 0.0)
(10.000000000000005 -0.050018204843862726 0.0)
(9.974817040991814 -0.04964795449151434 0.0)
(9.86121997387807 -0.04853960827582082 0.0)
(9.65963739831891 -0.04669908052660114 0.0)
(9.370605424501004 -0.044139994521823 0.0)
(8.994578188235707 -0.0408851116808443 0.0)
(8.5319709243239 -0.03696928520892809 0.0)
(7.985579777686535 -0.0324832173231473 0.0)
(7.360643165808515 -0.02748998352032192 0.0)
(6.638898439448634 -0.021331265238040818 0.0)
(5.80294389999106 -0.013650175725294218 0.0)
(4.863320362139272 -0.006285740673697106 0.0)
(3.8223124437295803 -0.0015223105524882247 0.0)
(2.662796405167107 0.00019588550022645759 0.0)
(1.386120104717979 0.0002155840786339247 0.0)
(0.027348730026079623 2.3153404522406075e-05 0.0)
(-0.027363024937021536 2.3087604418700597e-05 0.0)
(1.1916004252449992 0.00021468920250674204 0.0)
(2.3148190872821233 0.00019249144506198633 0.0)
(3.3773283087094006 -0.0015294919166621691 0.0)
(4.380730929249249 -0.006297195245923309 0.0)
(5.308522941695571 -0.013667628524268194 0.0)
(6.162339432268529 -0.021357214862804917 0.0)
(6.951085360898359 -0.027521903078401442 0.0)
(7.658782780137892 -0.03251526944789373 0.0)
(8.26804307670002 -0.03699965958382922 0.0)
(8.783225818944247 -0.04091381764271038 0.0)
(9.207185188864894 -0.04416697647315305 0.0)
(9.54037063467169 -0.046724532651039936 0.0)
(9.783229113315302 -0.04856386959584916 0.0)
(9.93629606732957 -0.04967146853171199 0.0)
(10.000000000000005 -0.05004146232899866 0.0)
(9.974815043781538 -0.04967146853171367 0.0)
(9.861215331129156 -0.04856386959585257 0.0)
(9.659629365328314 -0.04672453265104376 0.0)
(9.370592588912876 -0.04416697647315908 0.0)
(8.994551958833538 -0.04091381764271694 0.0)
(8.531956923299973 -0.036999659583837774 0.0)
(7.985661664306556 -0.032515269447903554 0.0)
(7.360025750212766 -0.027521903078410064 0.0)
(6.6376605677314675 -0.021357214862812883 0.0)
(5.802588169415509 -0.013667628524276113 0.0)
(4.863713515195174 -0.006297195245927998 0.0)
(3.8226716912905814 -0.001529491916663989 0.0)
(2.6629586904956577 0.00019249144506139096 0.0)
(1.3861773525327934 0.00021468920250649397 0.0)
(0.02736302493701966 2.3087604418677442e-05 0.0)
(-0.027371765290118734 2.302760034052502e-05 0.0)
(1.1915629188776307 0.0002139023642992166 0.0)
(2.314687537634404 0.00018969305245339715 0.0)
(3.376971026907721 -0.0015348511425991127 0.0)
(4.380221802555077 -0.006304799664042287 0.0)
(5.30863972824576 -0.013678902383997901 0.0)
(6.16347501384425 -0.02137557326827736 0.0)
(6.9518231908105195 -0.027546490810683926 0.0)
(7.658764437567426 -0.03254081240633631 0.0)
(8.268065095602235 -0.03702408520520969 0.0)
(8.783261805117629 -0.04093707609355881 0.0)
(9.20720356426387 -0.04418897182717799 0.0)
(9.540382174466869 -0.046745378893490085 0.0)
(9.783235678133238 -0.048583808025908184 0.0)
(9.93629896855333 -0.049690834012103266 0.0)
(10.000000000000005 -0.050060629698401096 0.0)
(9.974812142557777 -0.049690834012104945 0.0)
(9.86120876631122 -0.0485838080259116 0.0)
(9.659617825533134 -0.04674537889349392 0.0)
(9.3705742135139 -0.04418897182718404 0.0)
(8.994515972660157 -0.040937076093565394 0.0)
(8.531934904397756 -0.03702408520521826 0.0)
(7.985680006877021 -0.03254081240634617 0.0)
(7.359287920300604 -0.027546490810692575 0.0)
(6.636524986155744 -0.02137557326828534 0.0)
(5.802471382865321 -0.013678902384005823 0.0)
(4.864222641889348 -0.006304799664046978 0.0)
(3.8230289730922618 -0.0015348511426009378 0.0)
(2.6630902401433767 0.00018969305245279778 0.0)
(1.386214858900162 0.00021390236429896719 0.0)
(0.027371765290116857 2.3027600340501735e-05 0.0)
(-0.027374567050248044 2.297602875732301e-05 0.0)
(1.191546801918874 0.00021325813624295355 0.0)
(2.314592503718373 0.0001876132786529863 0.0)
(3.3766314091740988 -0.0015381527557140038 0.0)
(4.379619072318156 -0.006308219803829107 0.0)
(5.308512439383225 -0.01368350195170386 0.0)
(6.164458409901579 -0.021385533819699508 0.0)
(6.9526490161425745 -0.027562666377186285 0.0)
(7.658810444985507 -0.032558723887600845 0.0)
(8.268094164912458 -0.03704148885594292 0.0)
(8.7833059668956 -0.040953865099602894 0.0)
(9.207226672092279 -0.04420501414827536 0.0)
(9.54039671402914 -0.04676070330819162 0.0)
(9.783243876574106 -0.04859854750785403 0.0)
(9.936302646316113 -0.049705200048906245 0.0)
(10.000000000000005 -0.05007486477292422 0.0)
(9.974808464794995 -0.04970520004890794 0.0)
(9.861200567870354 -0.04859854750785744 0.0)
(9.659603285970864 -0.046760703308195456 0.0)
(9.37055110568549 -0.0442050141482814 0.0)
(8.994471810882185 -0.04095386509960948 0.0)
(8.531905835087533 -0.0370414888559515 0.0)
(7.98563399945894 -0.03255872388761071 0.0)
(7.358462094968546 -0.027562666377194935 0.0)
(6.635541590098414 -0.021385533819707474 0.0)
(5.802598671727857 -0.013683501951711766 0.0)
(4.864825372126271 -0.006308219803833787 0.0)
(3.823368590825885 -0.0015381527557158286 0.0)
(2.6631852740594075 0.00018761327865238504 0.0)
(1.3862309758589184 0.0002132581362427032 0.0)
(0.02737456705024614 2.2976028757299637e-05 0.0)
(-0.027371307113195048 2.2935155630112936e-05 0.0)
(1.1915527825184116 0.0002127848245401631 0.0)
(2.3145381611504416 0.00018634350511670514 0.0)
(3.3763243776904366 -0.001539251689166705 0.0)
(4.378949221402432 -0.006307305390598503 0.0)
(5.30814666794772 -0.013681225130795742 0.0)
(6.165246411816829 -0.021386658868664185 0.0)
(6.953526551640239 -0.027569719053108777 0.0)
(7.6589187809103505 -0.032568216893968695 0.0)
(8.268129007378379 -0.0370511058514548 0.0)
(8.783356363890428 -0.04096344698263169 0.0)
(9.207253497034415 -0.0442143985662047 0.0)
(9.540413614516735 -0.04676983256839779 0.0)
(9.78325334841341 -0.04860744041581512 0.0)
(9.936306939023748 -0.04971393542474574 0.0)
(10.000000000000005 -0.0500835420894358 0.0)
(9.974804172087362 -0.04971393542474742 0.0)
(9.861191096031048 -0.048607440415818534 0.0)
(9.659586385483268 -0.04676983256840163 0.0)
(9.370524280743354 -0.04421439856621073 0.0)
(8.994421413887357 -0.04096344698263826 0.0)
(8.531870992621613 -0.03705110585146337 0.0)
(7.985525663534096 -0.03256821689397855 0.0)
(7.3575845594708795 -0.027569719053117406 0.0)
(6.6347535881831625 -0.021386658868672116 0.0)
(5.802964443163365 -0.01368122513080361 0.0)
(4.8654952230419966 -0.006307305390603163 0.0)
(3.823675622309548 -0.0015392516891685223 0.0)
(2.6632396166273393 0.00018634350511610425 0.0)
(1.3862249952593806 0.00021278482453991238 0.0)
(0.027371307113193116 2.2935155630089504e-05 0.0)
(-0.027362128714629987 2.2906776849329125e-05 0.0)
(1.1915805978996414 0.0002125032256411666 0.0)
(2.314526897643627 0.0001859395233707528 0.0)
(3.3760634228584276 -0.0015380996578317457 0.0)
(4.378241681831684 -0.00630209660199496 0.0)
(5.307558485266959 -0.01367217196061892 0.0)
(6.165804396227452 -0.021378898982578103 0.0)
(6.9544172399991515 -0.027567338956773862 0.0)
(7.659084685259615 -0.032568874320107015 0.0)
(8.268168092085785 -0.03705251363855632 0.0)
(8.78341078175036 -0.04096540073223446 0.0)
(9.207282860451397 -0.044216712746810515 0.0)
(9.54043213335315 -0.046772365551116656 0.0)
(9.783263677475862 -0.048610096011684756 0.0)
(9.936311658062513 -0.04971665632318825 0.0)
(10.000000000000005 -0.05008628038252304 0.0)
(9.974799453048595 -0.04971665632318993 0.0)
(9.861180766968596 -0.048610096011688156 0.0)
(9.659567866646853 -0.04677236555112048 0.0)
(9.370494917326372 -0.044216712746816544 0.0)
(8.994366996027425 -0.04096540073224102 0.0)
(8.531831907914206 -0.03705251363856488 0.0)
(7.98535975918483 -0.03256887432011684 0.0)
(7.356693871111965 -0.02756733895678245 0.0)
(6.634195603772539 -0.021378898982585985 0.0)
(5.803552625844128 -0.013672171960626738 0.0)
(4.866202762612747 -0.006302096601999588 0.0)
(3.823936577141557 -0.0015380996578335509 0.0)
(2.6632508801341537 0.00018593952337015457 0.0)
(1.3861971798781507 0.00021250322564091603 0.0)
(0.027362128714628006 2.2906776849305672e-05 0.0)
(-0.027347435136594392 2.289213932668171e-05 0.0)
(1.1916290259055986 0.00021242571248641535 0.0)
(2.314559208095813 0.00018641908363398272 0.0)
(3.375860010555988 -0.0015347472798584027 0.0)
(4.3775275416002435 -0.006292822302660503 0.0)
(5.306773735011886 -0.013656740220908662 0.0)
(6.1661078463192505 -0.02136259511663957 0.0)
(6.955281946002289 -0.027555630665260244 0.0)
(7.659300868499707 -0.03256066727991403 0.0)
(8.268209701724139 -0.037045650361657724 0.0)
(8.783466829454182 -0.04095964050422795 0.0)
(9.2073134721684 -0.04421185500923067 0.0)
(9.540451456854592 -0.0467681909617215 0.0)
(9.783274409921354 -0.0486063976134387 0.0)
(9.936316596086481 -0.04971324319293399 0.0)
(10.000000000000005 -0.050082959336597246 0.0)
(9.974794515024628 -0.04971324319293566 0.0)
(9.861170034523104 -0.0486063976134421 0.0)
(9.659548543145412 -0.04676819096172531 0.0)
(9.370464305609369 -0.044211855009236675 0.0)
(8.994310948323601 -0.04095964050423448 0.0)
(8.531790298275853 -0.037045650361666224 0.0)
(7.985143575944739 -0.0325606672799238 0.0)
(7.355829165108825 -0.027555630665268768 0.0)
(6.633892153680741 -0.021362595116647377 0.0)
(5.8043373760992045 -0.013656740220916418 0.0)
(4.8669169028441885 -0.006292822302665092 0.0)
(3.824139989443997 -0.0015347472798601905 0.0)
(2.6632185696819675 0.0001864190836333893 0.0)
(1.3861487518721933 0.0002124257124861654 0.0)
(0.02734743513659235 2.2892139326658277e-05 0.0)
(-0.027327871988026005 2.2891886208137227e-05 0.0)
(1.1916959386982982 0.00021255569086212276 0.0)
(2.314633672844841 0.00018776111490575938 0.0)
(3.3757230783475536 -0.0015293418526018227 0.0)
(4.376838178723398 -0.006279889988341042 0.0)
(5.305826897673048 -0.013635607954076265 0.0)
(6.166143429050335 -0.021338463632890853 0.0)
(6.95608267604981 -0.02753510861947731 0.0)
(7.659557831934552 -0.032543956375721446 0.0)
(8.268252008042053 -0.03703081758058991 0.0)
(8.783522044368329 -0.040946419392492724 0.0)
(9.20734398716258 -0.04420003879356744 0.0)
(9.540470735981758 -0.04675749222403316 0.0)
(9.783285074185866 -0.04859650772192986 0.0)
(9.936321536127911 -0.04970384600068216 0.0)
(10.000000000000005 -0.0500737248723407 0.0)
(9.974789574983197 -0.049703846000683824 0.0)
(9.861159370258594 -0.04859650772193323 0.0)
(9.659529264018246 -0.046757492224036926 0.0)
(9.370433790615188 -0.0442000387935734 0.0)
(8.994255733409455 -0.0409464193924992 0.0)
(8.531747991957939 -0.037030817580598355 0.0)
(7.984886612509892 -0.032543956375731146 0.0)
(7.355028435061303 -0.02753510861948575 0.0)
(6.633856570949658 -0.02133846363289857 0.0)
(5.805284213438045 -0.013635607954083945 0.0)
(4.867606265721036 -0.006279889988345582 0.0)
(3.8242769216524315 -0.001529341852603589 0.0)
(2.663144104932939 0.00018776111490517258 0.0)
(1.3860818390794936 0.000212555690861874 0.0)
(0.027327871988023892 2.289188620811385e-05 0.0)
(-0.027304298837883156 2.2906028615261457e-05 0.0)
(1.1917783962520423 0.00021288744975624902 0.0)
(2.3147470200458677 0.00018990665078717761 0.0)
(3.375658642783853 -0.0015221208806467095 0.0)
(4.376203882544802 -0.00626386788126877 0.0)
(5.304759575550924 -0.013609703673265956 0.0)
(6.1659095809806 -0.021307564824580565 0.0)
(6.956784247528319 -0.027506674520572743 0.0)
(7.659844285060926 -0.032519475854087744 0.0)
(8.268293152177314 -0.037008667020617204 0.0)
(8.783574000450484 -0.04092631830849109 0.0)
(9.207373064660922 -0.04418178328271991 0.0)
(9.54048912364507 -0.04674073942101286 0.0)
(9.783295201701122 -0.048580860880898094 0.0)
(9.93632626113042 -0.049688877641868634 0.0)
(10.000000000000005 -0.05005898273521889 0.0)
(9.974784849980688 -0.0496888776418703 0.0)
(9.861149242743336 -0.04858086088090145 0.0)
(9.659510876354934 -0.0467407394210166 0.0)
(9.370404713116846 -0.04418178328272583 0.0)
(8.994203777327302 -0.04092631830849751 0.0)
(8.531706847822678 -0.03700866702062558 0.0)
(7.984600159383518 -0.032519475854097375 0.0)
(7.354326863582793 -0.027506674520581087 0.0)
(6.634090419019395 -0.021307564824588184 0.0)
(5.806351535560172 -0.013609703673273549 0.0)
(4.868240561899633 -0.006263867881273258 0.0)
(3.8243413572161318 -0.001522120880648451 0.0)
(2.663030757731912 0.00018990665078659916 0.0)
(1.3859993815257492 0.00021288744975600182 0.0)
(0.027304298837880967 2.290602861523816e-05 0.0)
(-0.027277751447257262 2.2933945156558157e-05 0.0)
(1.1918727755327714 0.00021340641228992193 0.0)
(2.3148942694302432 0.00019276142035675494 0.0)
(3.3756695350456742 -0.0015134016402903766 0.0)
(4.375652522878131 -0.006245459963516828 0.0)
(5.30361866482695 -0.013580165565185992 0.0)
(6.1654165769664155 -0.021271256328818086 0.0)
(6.9573558346705395 -0.027471577710833698 0.0)
(7.660147641652505 -0.03248830134434769 0.0)
(8.268331326331891 -0.036980171936821495 0.0)
(8.783620414845446 -0.04090022045708019 0.0)
(9.207399427051342 -0.0441578905904372 0.0)
(9.540505811924241 -0.04671866864017692 0.0)
(9.783304347482632 -0.04856014458391325 0.0)
(9.936330563486043 -0.049668995798795856 0.0)
(10.000000000000005 -0.05003938066776695 0.0)
(9.974780547625064 -0.049668995798797494 0.0)
(9.861140096961826 -0.04856014458391658 0.0)
(9.659494188075762 -0.046718668640180636 0.0)
(9.370378350726426 -0.04415789059044306 0.0)
(8.994157362932338 -0.04090022045708655 0.0)
(8.5316686736681 -0.03698017193682979 0.0)
(7.984296802791937 -0.03248830134435723 0.0)
(7.353755276440571 -0.027471577710841938 0.0)
(6.634583423033581 -0.021271256328825594 0.0)
(5.807492446284149 -0.013580165565193501 0.0)
(4.868791921566305 -0.0062454599635212585 0.0)
(3.8243304649543104 -0.0015134016402920908 0.0)
(2.662883508347536 0.00019276142035618604 0.0)
(1.3859050022450197 0.00021340641228967673 0.0)
(0.027277751447254996 2.2933945156534982e-05 0.0)
(-0.027249396259925347 2.2974409230274624e-05 0.0)
(1.1919749296875521 0.00021408977619882702 0.0)
(2.315068951129403 0.00019619999026225743 0.0)
(3.375755276546959 -0.001503567239002682 0.0)
(4.375208325458454 -0.006225475045314901 0.0)
(5.302454295031099 -0.013548291480266974 0.0)
(6.164686078702241 -0.02123113347448271 0.0)
(6.957772322983133 -0.02743136027987231 0.0)
(7.660454572775632 -0.03245180259742709 0.0)
(8.268364853203272 -0.036946584351054475 0.0)
(8.783659248189617 -0.04086927253010634 0.0)
(9.207421916018635 -0.04412941051790779 0.0)
(9.540520067566817 -0.04669224963125795 0.0)
(9.78331210968149 -0.04853526906716543 0.0)
(9.936334254157146 -0.04964507404327562 0.0)
(10.000000000000005 -0.050015779948967734 0.0)
(9.974776856953962 -0.04964507404327724 0.0)
(9.86113233476297 -0.048535269067168735 0.0)
(9.659479932433186 -0.04669224963126162 0.0)
(9.370355861759133 -0.044129410517913595 0.0)
(8.994118529588167 -0.04086927253011263 0.0)
(8.53163514679672 -0.0369465843510627 0.0)
(7.98398987166881 -0.032451802597436526 0.0)
(7.353338788127979 -0.02743136027988044 0.0)
(6.635313921297759 -0.021231133474490106 0.0)
(5.808656816080003 -0.013548291480274394 0.0)
(4.869236118985983 -0.006225475045319278 0.0)
(3.8242447234530252 -0.0015035672390043674 0.0)
(2.662708826648376 0.00019619999026169893 0.0)
(1.3858028480902387 0.00021408977619858405 0.0)
(0.027249396259923 2.297440923025159e-05 0.0)
(-0.02722047915094443 2.3025642919038686e-05 0.0)
(1.1920803702497091 0.00021490751572298596 0.0)
(2.315263389949057 0.00020007127603272312 0.0)
(3.3759120999630006 -0.0014930497823846774 0.0)
(4.374890807507756 -0.006204791227407409 0.0)
(5.3013176264420485 -0.013515481907488245 0.0)
(6.163750182945394 -0.021188959186391236 0.0)
(6.958015412731585 -0.02738778930802931 0.0)
(7.660751592438271 -0.032411583301493053 0.0)
(8.26839225968206 -0.036909380040388025 0.0)
(8.783688794216895 -0.040834834322863146 0.0)
(9.207439543438719 -0.044097594427415766 0.0)
(9.540531264205942 -0.046662643197175606 0.0)
(9.783318147240873 -0.04850732731535208 0.0)
(9.93633717098239 -0.04961816345348187 0.0)
(10.000000000000005 -0.04998921755122902 0.0)
(9.974773940128719 -0.049618163453483494 0.0)
(9.861126297203585 -0.04850732731535537 0.0)
(9.659468735794063 -0.046662643197179235 0.0)
(9.37033823433905 -0.04409759442742152 0.0)
(8.99408898356089 -0.04083483432286936 0.0)
(8.531607740317932 -0.036909380040396164 0.0)
(7.98369285200617 -0.03241158330150239 0.0)
(7.3530956983795255 -0.02738778930803732 0.0)
(6.636249817054608 -0.021188959186398522 0.0)
(5.809793484669057 -0.013515481907495581 0.0)
(4.86955363693668 -0.006204791227411732 0.0)
(3.8240879000369827 -0.0014930497823863347 0.0)
(2.662514387828721 0.0002000712760321754 0.0)
(1.3856974075280815 0.00021490751572274548 0.0)
(0.027220479150942004 2.3025642919015816e-05 0.0)
(-0.027192270685180764 2.308539510829543e-05 0.0)
(1.1921844643538395 0.00021582370088371944 0.0)
(2.3154690426031856 0.00020420518045371501 0.0)
(3.3761331147597984 -0.0014823113882390154 0.0)
(4.3747139201839085 -0.006184317318913232 0.0)
(5.300258602198122 -0.013483178439454293 0.0)
(6.162650011243258 -0.021146586525606727 0.0)
(6.958074422997072 -0.027342779224096638 0.0)
(7.661025650139828 -0.03236941061882983 0.0)
(8.268412341577717 -0.03687019369416945 0.0)
(8.783707754728896 -0.04079841898717395 0.0)
(9.207451534795005 -0.04406384025977148 0.0)
(9.540538909881775 -0.04663115019048005 0.0)
(9.783322194881473 -0.04847754703792989 0.0)
(9.936339185801812 -0.049589446431498624 0.0)
(10.000000000000005 -0.0499608605777129 0.0)
(9.974771925309296 -0.049589446431500234 0.0)
(9.861122249562985 -0.04847754703793314 0.0)
(9.659461090118228 -0.04663115019048364 0.0)
(9.370326242982763 -0.04406384025977718 0.0)
(8.99407002304889 -0.04079841898718009 0.0)
(8.531587658422275 -0.0368701936941775 0.0)
(7.983418794304613 -0.03236941061883907 0.0)
(7.35303668811404 -0.027342779224104545 0.0)
(6.637349988756748 -0.021146586525613915 0.0)
(5.810852508912984 -0.013483178439461552 0.0)
(4.869730524260528 -0.006184317318917504 0.0)
(3.823866885240184 -0.0014823113882406463 0.0)
(2.6623087351745918 0.00020420518045317798 0.0)
(1.3855933134239509 0.0002158237008834814 0.0)
(0.027192270685178276 2.3085395108272736e-05 0.0)
(-0.027166010291014085 2.315104039616246e-05 0.0)
(1.1922826382954423 0.00021679807618117807 0.0)
(2.3156768730903976 0.000208420067327739 0.0)
(3.376408609951517 -0.0014718238819591198 0.0)
(4.374685435592314 -0.006164952905915645 0.0)
(5.29932375388717 -0.013452800431452997 0.0)
(6.161433903127718 -0.021105877269325474 0.0)
(6.957946760976482 -0.027298307688818673 0.0)
(7.66126470428627 -0.032327137539960867 0.0)
(8.268424216528487 -0.03683074708876218 0.0)
(8.783715296635409 -0.04076162654626895 0.0)
(9.207457363209235 -0.044029631111349714 0.0)
(9.54054266865731 -0.046599154356270635 0.0)
(9.783324074757363 -0.04844723672580731 0.0)
(9.93634021008793 -0.04956018475073552 0.0)
(10.000000000000005 -0.04993195498195804 0.0)
(9.974770901023177 -0.049560184750737105 0.0)
(9.861120369687095 -0.04844723672581053 0.0)
(9.659457331342693 -0.04659915435627418 0.0)
(9.370320414568534 -0.044029631111355355 0.0)
(8.994062481142377 -0.040761626546275034 0.0)
(8.531575783471503 -0.036830747088770155 0.0)
(7.98317974015817 -0.032327137539970026 0.0)
(7.353164350134631 -0.027298307688826483 0.0)
(6.6385660968722915 -0.021105877269332572 0.0)
(5.811787357223938 -0.013452800431460191 0.0)
(4.869759008852122 -0.006164952905919874 0.0)
(3.8235913900484646 -0.0014718238819607264 0.0)
(2.6621009046873794 0.0002084200673272121 0.0)
(1.3854951394823478 0.00021679807618094258 0.0)
(0.027166010291011542 2.315104039613995e-05 0.0)
(-0.027142851802122038 2.3219694448785565e-05 0.0)
(1.1923705784911278 0.00021778782934736088 0.0)
(2.3158777497192995 0.0002125307422364682 0.0)
(3.3767264807834354 -0.0014620480653845783 0.0)
(4.374806605293816 -0.0061475488252955715 0.0)
(5.298554157033718 -0.013425682637580946 0.0)
(6.160155292164563 -0.02106862010779298 0.0)
(6.95763803590545 -0.02725632870009716 0.0)
(7.66145825127574 -0.03228662146663528 0.0)
(8.26842736277076 -0.036792773435842314 0.0)
(8.783711088558858 -0.04072607359269167 0.0)
(9.207456772591552 -0.043996470069548245 0.0)
(9.540542375378823 -0.046568061532967824 0.0)
(9.783323704270238 -0.04841772815864784 0.0)
(9.936340198835488 -0.049531664115912546 0.0)
(10.000000000000005 -0.049903770822960644 0.0)
(9.97477091227562 -0.04953166411591413 0.0)
(9.86112074017422 -0.048417728158651044 0.0)
(9.65945762462118 -0.04656806153297134 0.0)
(9.370321005186216 -0.043996470069553845 0.0)
(8.994066689218927 -0.0407260735926977 0.0)
(8.531572637229232 -0.03679277343585023 0.0)
(7.982986193168699 -0.03228662146664434 0.0)
(7.353473075205664 -0.02725632870010488 0.0)
(6.639844707835449 -0.0210686201078 0.0)
(5.812556954077391 -0.013425682637588088 0.0)
(4.869637839150618 -0.006147548825299766 0.0)
(3.823273519216545 -0.001462048065386164 0.0)
(2.661900028058477 0.0002125307422359504 0.0)
(1.3854071992866621 0.00021778782934712772 0.0)
(0.027142851802119453 2.321969444876323e-05 0.0)
(-0.02712381276013929 2.3288340732691514e-05 0.0)
(1.1924444210095797 0.00021874947243884796 0.0)
(2.3160628463383106 0.00021635658964468016 0.0)
(3.3770727605927284 -0.0014534134700113254 0.0)
(4.375072105313405 -0.00613286978051559 0.0)
(5.2979836263155695 -0.013403016564090273 0.0)
(6.158870358180363 -0.02103645205252694 0.0)
(6.9571618125988 -0.027218686737898127 0.0)
(7.661597787007606 -0.03224964260099291 0.0)
(8.268421642064402 -0.03675794122824832 0.0)
(8.78369531539443 -0.04069332225817999 0.0)
(9.207449788892614 -0.04396581416987743 0.0)
(9.540538042932438 -0.04653923788234481 0.0)
(9.783321099698624 -0.04839031788890809 0.0)
(9.936339152538897 -0.049505137671546795 0.0)
(10.000000000000005 -0.049877546461105565 0.0)
(9.97477195857221 -0.04950513767154836 0.0)
(9.861123344745835 -0.04839031788891128 0.0)
(9.659461957067565 -0.04653923788234829 0.0)
(9.370327988885155 -0.04396581416988299 0.0)
(8.994082462383354 -0.04069332225818596 0.0)
(8.531578357935588 -0.036757941228256166 0.0)
(7.982846657436834 -0.03224964260100192 0.0)
(7.353949298512316 -0.027218686737905784 0.0)
(6.641129641819653 -0.021036452052533905 0.0)
(5.81312748479554 -0.01340301656409738 0.0)
(4.8693723391310275 -0.006132869780519762 0.0)
(3.8229272394072513 -0.0014534134700128951 0.0)
(2.6617149314394655 0.00021635658964417012 0.0)
(1.3853333567682102 0.00021874947243861692 0.0)
(0.027123812760136676 2.3288340732669342e-05 0.0)
(-0.02710972970573961 2.335396305575031e-05 0.0)
(1.192500921345628 0.00021964075261747575 0.0)
(2.316224030140617 0.00021972950881644812 0.0)
(3.377432234478076 -0.0014462994841635158 0.0)
(4.375470270065939 -0.006121560741948781 0.0)
(5.297637229808723 -0.013385798116783748 0.0)
(6.157635558823662 -0.021010786509025943 0.0)
(6.956539015437401 -0.02718703572117658 0.0)
(7.661677180537082 -0.03221782572673918 0.0)
(8.268407305766788 -0.036727780929458116 0.0)
(8.783668670186115 -0.04066481157645548 0.0)
(9.207436718963377 -0.043939010376485406 0.0)
(9.540529861677921 -0.046513949862878594 0.0)
(9.783316375482633 -0.048366210273694754 0.0)
(9.936337117170517 -0.04948177094107495 0.0)
(10.000000000000005 -0.049854434146876625 0.0)
(9.974773993940591 -0.04948177094107652 0.0)
(9.861128068961827 -0.04836621027369792 0.0)
(9.659470138322082 -0.046513949862882056 0.0)
(9.370341058814391 -0.04393901037649095 0.0)
(8.99410910759167 -0.040664811576461415 0.0)
(8.531592694233204 -0.036727780929465936 0.0)
(7.982767263907358 -0.032217825726748146 0.0)
(7.354572095673717 -0.027187035721184187 0.0)
(6.642364441176357 -0.021010786509032875 0.0)
(5.813473881302387 -0.013385798116790835 0.0)
(4.868974174378493 -0.006121560741952939 0.0)
(3.8225677655219026 -0.001446299484165075 0.0)
(2.661553747637159 0.00021972950881594405 0.0)
(1.3852768564321618 0.00021964075261724644 0.0)
(0.027109729705736985 2.3353963055728286e-05 0.0)
(-0.027101221422569113 2.3413678093139396e-05 0.0)
(1.1925375969778713 0.0002204225086627463 0.0)
(2.3163542190048223 0.00022250129985394582 0.0)
(3.377789107814595 -0.0014410186833646334 0.0)
(4.375983604920614 -0.006114118608060467 0.0)
(5.297530187541975 -0.013374783842735764 0.0)
(6.156505148919192 -0.020992751174317648 0.0)
(6.955797008989149 -0.02716276633770336 0.0)
(7.661692943457729 -0.03219256881912146 0.0)
(8.268384983788607 -0.03670361772782387 0.0)
(8.783632323675619 -0.04064179425471429 0.0)
(9.207418137072622 -0.043917236399017685 0.0)
(9.54051819108463 -0.04649330858388139 0.0)
(9.783309739195671 -0.04834646455751665 0.0)
(9.936334182160707 -0.04946259061588572 0.0)
(10.000000000000005 -0.049835449393078254 0.0)
(9.974776928950401 -0.04946259061588727 0.0)
(9.861134705248789 -0.048346464557519814 0.0)
(9.659481808915375 -0.04649330858388484 0.0)
(9.370359640705146 -0.0439172363990232 0.0)
(8.994145454102167 -0.04064179425472021 0.0)
(8.531615016211385 -0.036703617727831664 0.0)
(7.982751500986711 -0.0321925688191304 0.0)
(7.355314102121971 -0.027162766337710947 0.0)
(6.643494851080829 -0.020992751174324573 0.0)
(5.813580923569134 -0.013374783842742849 0.0)
(4.8684608395238165 -0.0061141186080646255 0.0)
(3.8222108921853826 -0.0014410186833661875 0.0)
(2.6614235587729533 0.0002225012998534457 0.0)
(1.3852401807999184 0.00022042250866251834 0.0)
(0.027101221422566487 2.3413678093117495e-05 0.0)
(-0.02709866174902483 2.3464862075361476e-05 0.0)
(1.1925528364461253 0.00022106039164421267 0.0)
(2.316447692670407 0.00022455017532983405 0.0)
(3.3781277002407606 -0.0014378030963408284 0.0)
(4.376589554883033 -0.006110870372598705 0.0)
(5.297667202756698 -0.013370457688997943 0.0)
(6.155528796610129 -0.02098313848801442 0.0)
(6.954968395659919 -0.027146944939788708 0.0)
(7.661644383175653 -0.032174981620454284 0.0)
(8.268355656916743 -0.03668651331022007 0.0)
(8.783587872862118 -0.04062528163196475 0.0)
(9.207394859674633 -0.04390144894620981 0.0)
(9.54050354393708 -0.04647822098539021 0.0)
(9.783301482424047 -0.04833194833101889 0.0)
(9.936330476468433 -0.04944843944437849 0.0)
(10.000000000000005 -0.04982142635506072 0.0)
(9.974780634642675 -0.04944843944438004 0.0)
(9.861142962020411 -0.04833194833102206 0.0)
(9.659496456062923 -0.046478220985393656 0.0)
(9.370382918103136 -0.043901448946215324 0.0)
(8.994189904915668 -0.040625281631970656 0.0)
(8.531644343083249 -0.03668651331022785 0.0)
(7.982800061268788 -0.03217498162046321 0.0)
(7.356142715451204 -0.02714694493979629 0.0)
(6.644471203389894 -0.02098313848802135 0.0)
(5.81344390835441 -0.013370457689005043 0.0)
(4.867854889561396 -0.006110870372602872 0.0)
(3.8218722997592165 -0.0014378030963423838 0.0)
(2.6613300851073682 0.00022455017532933567 0.0)
(1.3852249413316646 0.00022106039164398564 0.0)
(0.027098661749022226 2.346486207533967e-05 0.0)
(-0.02710216315247952 2.3505266071876157e-05 0.0)
(1.1925459701560341 0.0002215263741506432 0.0)
(2.3165003440755108 0.00022578611140401395 0.0)
(3.3784331346248035 -0.0014367940101031775 0.0)
(4.377261495620402 -0.006111958757087202 0.0)
(5.29804225525502 -0.013373009738851046 0.0)
(6.154749401030748 -0.020982370813966505 0.0)
(6.954089583203491 -0.027140266690712556 0.0)
(7.661533633340807 -0.03216583688007219 0.0)
(8.268320613720292 -0.03667721921346454 0.0)
(8.783537270833037 -0.040615999242641455 0.0)
(9.207367909535693 -0.04389234168985585 0.0)
(9.54048656380414 -0.04646934998888074 0.0)
(9.783291967955202 -0.04832329941063711 0.0)
(9.93632616291503 -0.049439939203140465 0.0)
(10.000000000000005 -0.04981298117946009 0.0)
(9.974784948196078 -0.04943993920314202 0.0)
(9.861152476489256 -0.04832329941064027 0.0)
(9.659513436195864 -0.04646934998888419 0.0)
(9.370409868242076 -0.043892341689861364 0.0)
(8.994240506944749 -0.04061599924264739 0.0)
(8.5316793862797 -0.036677219213472334 0.0)
(7.9829108111036335 -0.03216583688008113 0.0)
(7.3570215279076345 -0.027140266690720158 0.0)
(6.645250598969276 -0.02098237081397348 0.0)
(5.813068855856086 -0.013373009738858181 0.0)
(4.8671829488240235 -0.006111958757091391 0.0)
(3.821566865375173 -0.0014367940101047399 0.0)
(2.6612774337022644 0.00022578611140351508 0.0)
(1.3852318076217558 0.00022152637415041656 0.0)
(0.02710216315247695 2.3505266071854405e-05 0.0)
(-0.027111571787671013 2.35331148049936e-05 0.0)
(1.1925172997998235 0.00022179998176319627 0.0)
(2.3165098598137166 0.0002261548033064672 0.0)
(3.378691990738666 -0.0014380357620548915 0.0)
(4.377969903286004 -0.006117335939902679 0.0)
(5.298638865916303 -0.013382327859893376 0.0)
(6.154201207396942 -0.020990481882367164 0.0)
(6.953199185031457 -0.027143025020521797 0.0)
(7.661365560098325 -0.03216553640113776 0.0)
(8.268281393933199 -0.03667614380316569 0.0)
(8.783482740948962 -0.04061435493794965 0.0)
(9.207338470795603 -0.043890314786138716 0.0)
(9.54046799676179 -0.04646708536971061 0.0)
(9.783281613837492 -0.048320897814110114 0.0)
(9.936321431030146 -0.049437463377220894 0.0)
(10.000000000000005 -0.049810484931842244 0.0)
(9.974789680080962 -0.04943746337722245 0.0)
(9.861162830606968 -0.04832089781411329 0.0)
(9.659532003238215 -0.04646708536971407 0.0)
(9.370439306982165 -0.04389031478614426 0.0)
(8.994295036828824 -0.040614354937955593 0.0)
(8.531718606066793 -0.03667614380317351 0.0)
(7.983078884346116 -0.03216553640114673 0.0)
(7.3579119260796695 -0.027143025020529447 0.0)
(6.645798792603082 -0.020990481882374186 0.0)
(5.8124722451948 -0.013382327859900563 0.0)
(4.8664745411584205 -0.0061173359399068995 0.0)
(3.82130800926131 -0.0014380357620564664 0.0)
(2.661267917964059 0.00022615480330596561 0.0)
(1.3852604779779667 0.00022179998176296946 0.0)
(0.02711157178766849 2.3533114804971868e-05 0.0)
(-0.027126474256381608 2.3547184652328455e-05 0.0)
(1.192468085100494 0.0002218691926639272 0.0)
(2.316475821780896 0.00022564005138950283 0.0)
(3.3788928949182684 -0.0014414737918869325 0.0)
(4.378683651743006 -0.006126765657469501 0.0)
(5.299430820759559 -0.013398002630933352 0.0)
(6.153908302334089 -0.021007115307709635 0.0)
(6.952336323610562 -0.02715509873325084 0.0)
(7.661147548279001 -0.03217409338614565 0.0)
(8.268239720801159 -0.036683334330884616 0.0)
(8.783426679153237 -0.040620420965629296 0.0)
(9.207307836938746 -0.04389545729349966 0.0)
(9.540448658611899 -0.04647152663110312 0.0)
(9.783270875011903 -0.048324849063195716 0.0)
(9.936316488724145 -0.04944112074988127 0.0)
(10.000000000000005 -0.049814047292760774 0.0)
(9.974794622386963 -0.04944112074988284 0.0)
(9.861173569432555 -0.04832484906319891 0.0)
(9.659551341388106 -0.0464715266311066 0.0)
(9.370469940839023 -0.04389545729350522 0.0)
(8.994351098624549 -0.040620420965635284 0.0)
(8.531760279198833 -0.03668333433089248 0.0)
(7.983296896165442 -0.03217409338615467 0.0)
(7.358774787500567 -0.027155098733258554 0.0)
(6.646091697665934 -0.021007115307716734 0.0)
(5.811680290351541 -0.013398002630940604 0.0)
(4.865760792701417 -0.006126765657473761 0.0)
(3.8211071050817074 -0.0014414737918885252 0.0)
(2.6613019559968802 0.00022564005138899643 0.0)
(1.3853096926772963 0.00022186919266369972 0.0)
(0.027126474256379148 2.3547184652306703e-05 0.0)
(-0.02714621577139946 2.3546857410528872e-05 0.0)
(1.1924004884618986 0.00022173096585247567 0.0)
(2.31639972554594 0.0002242644729106403 0.0)
(3.3790270198015033 -0.0014469570388581795 0.0)
(4.379371380189973 -0.006139833585248962 0.0)
(5.300383322737816 -0.01341934533120766 0.0)
(6.153883555554796 -0.02103154024771437 0.0)
(6.951538911493078 -0.027175957332050606 0.0)
(7.660889176923333 -0.03219113185682918 0.0)
(8.26819742536535 -0.03669847485798806 0.0)
(8.783371548698605 -0.040633930795521654 0.0)
(9.20727735396075 -0.04390754325957317 0.0)
(9.540429399037397 -0.04648247863215776 0.0)
(9.783260223322788 -0.0483349795472377 0.0)
(9.936311553152912 -0.04945075062285789 0.0)
(10.000000000000005 -0.04982351173859405 0.0)
(9.974799557958196 -0.049450750622859474 0.0)
(9.86118422112167 -0.04833497954724089 0.0)
(9.659570600962608 -0.046482478632161275 0.0)
(9.370500423817019 -0.04390754325957877 0.0)
(8.994406229079178 -0.040633930795527684 0.0)
(8.531802574634641 -0.036698474857995975 0.0)
(7.98355526752111 -0.03219113185683827 0.0)
(7.359572199618053 -0.027175957332058402 0.0)
(6.6461164444452265 -0.02103154024772156 0.0)
(5.810727788373281 -0.013419345331214989 0.0)
(4.865073064254449 -0.006139833585253271 0.0)
(3.8209729801984724 -0.0014469570388597939 0.0)
(2.661378052231836 0.0002242644729101271 0.0)
(1.385377289315892 0.000221730965852247 0.0)
(0.02714621577139707 2.3546857410507066e-05 0.0)
(-0.027169928926670757 2.3532147458000862e-05 0.0)
(1.1923174799566725 0.0002213913747620581 0.0)
(2.316284914638199 0.0002220885082716909 0.0)
(3.3790884721863756 -0.0014542445791280321 0.0)
(4.380002871097109 -0.006155965542401532 0.0)
(5.301454520656702 -0.013445418201511615 0.0)
(6.1541280543872725 -0.02106268351520172 0.0)
(6.950841985508623 -0.027204684328249556 0.0)
(7.660601798396012 -0.032215903173957526 0.0)
(8.26815636600985 -0.03672090013741391 0.0)
(8.783319771916387 -0.04065429083041678 0.0)
(9.2072483612279 -0.043926041649120624 0.0)
(9.540411064268753 -0.0464994601619843 0.0)
(9.78325012678588 -0.048350844151300434 0.0)
(9.936306841176416 -0.04946592987714951 0.0)
(10.000000000000005 -0.04983846241890688 0.0)
(9.974804269934692 -0.049465929877151094 0.0)
(9.861194317658578 -0.04835084415130367 0.0)
(9.659588935731252 -0.046499460161987846 0.0)
(9.370529416549868 -0.04392604164912628 0.0)
(8.994458005861398 -0.040654290830422865 0.0)
(8.531843633990142 -0.036720900137421894 0.0)
(7.983842646048432 -0.0322159031739667 0.0)
(7.3602691256025095 -0.02720468432825745 0.0)
(6.645871945612748 -0.021062683515209013 0.0)
(5.809656590454392 -0.013445418201519028 0.0)
(4.864441573347311 -0.006155965542405893 0.0)
(3.8209115278136006 -0.001454244579129672 0.0)
(2.661492863139578 0.00022208850827116938 0.0)
(1.3854602978211183 0.0002213913747618278 0.0)
(0.02716992892666845 2.3532147457978968e-05 0.0)
(-0.02719657180953488 2.3503701123147406e-05 0.0)
(1.1922227068266755 0.000220865340403923 0.0)
(2.316136433638918 0.0002192077653780755 0.0)
(3.3790745519675176 -0.0014630162115092115 0.0)
(4.380550377909235 -0.006174452720242506 0.0)
(5.302597348039362 -0.013475075647623026 0.0)
(6.154631056000117 -0.0210991767319733 0.0)
(6.950276167309964 -0.02724001751018926 0.0)
(7.660298039583786 -0.03224731893117389 0.0)
(8.26811834680762 -0.036749624843410066 0.0)
(8.783273623783668 -0.04068060648762901 0.0)
(9.207222132627837 -0.043950139676747164 0.0)
(9.540394459902158 -0.046521725083229014 0.0)
(9.78324102902454 -0.0483717458137049 0.0)
(9.936302559830285 -0.04948599156409221 0.0)
(10.000000000000005 -0.04985824242815781 0.0)
(9.974808551280823 -0.04948599156409382 0.0)
(9.86120341541992 -0.048371745813708164 0.0)
(9.659605540097845 -0.04652172508323259 0.0)
(9.370555645149931 -0.043950139676752875 0.0)
(8.994504153994118 -0.04068060648763516 0.0)
(8.531881653192372 -0.036749624843418136 0.0)
(7.984146404860659 -0.03224731893118315 0.0)
(7.360834943801169 -0.027240017510197258 0.0)
(6.645368943999901 -0.021099176731980702 0.0)
(5.808513763071729 -0.013475075647630529 0.0)
(4.863894066535185 -0.006174452720246924 0.0)
(3.8209254480324586 -0.0014630162115108784 0.0)
(2.661641344138859 0.00021920776537754437 0.0)
(1.3855550709511155 0.00022086534040369077 0.0)
(0.02719657180953265 2.3503701123125396e-05 0.0)
(-0.027224973780460557 2.3462768285880868e-05 0.0)
(1.1921203332298573 0.00022017597576541427 0.0)
(2.3159608065315678 0.00021574881880236926 0.0)
(3.3789858707738802 -0.001472886526522136 0.0)
(4.380989844178661 -0.006194482825998891 0.0)
(5.303761591141347 -0.01350701457561653 0.0)
(6.155370459422677 -0.02113941645284661 0.0)
(6.949866317913615 -0.027280404402495528 0.0)
(7.659991247093152 -0.03228399877757971 0.0)
(8.268085038252853 -0.03678338686494544 0.0)
(8.783235131964972 -0.040711721505323574 0.0)
(9.207199820597266 -0.04397877851920499 0.0)
(9.540380315503105 -0.0465482951159849 0.0)
(9.783233329777755 -0.048396766153643564 0.0)
(9.936298897229035 -0.049510054209863555 0.0)
(10.000000000000005 -0.04988198266892688 0.0)
(9.974812213882073 -0.049510054209865165 0.0)
(9.861211114666704 -0.04839676615364684 0.0)
(9.659619684496898 -0.04654829511598853 0.0)
(9.370577957180503 -0.04397877851921074 0.0)
(8.994542645812812 -0.0407117215053298 0.0)
(8.53191496174714 -0.03678338686495358 0.0)
(7.984453197351293 -0.032283998777589064 0.0)
(7.3612447931975185 -0.027280404402503636 0.0)
(6.644629540577338 -0.021139416452854123 0.0)
(5.8073495199697405 -0.013507014575624116 0.0)
(4.863454600265757 -0.006194482826003365 0.0)
(3.821014129226097 -0.0014728865265238316 0.0)
(2.6618169712462105 0.0002157488188018277 0.0)
(1.385657444547934 0.00022017597576517975 0.0)
(0.027224973780458402 2.346276828585871e-05 0.0)
(-0.027253886908805244 2.3411147460186226e-05 0.0)
(1.192014857274775 0.00021935357026759092 0.0)
(2.315765750049944 0.00021186364832914483 0.0)
(3.3788263250948742 -0.0014834218405823695 0.0)
(4.38130196056149 -0.006215175773467794 0.0)
(5.304896095250678 -0.0135398316474267 0.0)
(6.156313776621265 -0.02118163461810297 0.0)
(6.949630445352253 -0.027324070479006143 0.0)
(7.659694900824888 -0.032324331067827776 0.0)
(8.268057903862509 -0.03682070276055963 0.0)
(8.783205987720399 -0.04074626874654629 0.0)
(9.207182405485987 -0.04401069983814975 0.0)
(9.540369252550612 -0.04657800282162119 0.0)
(9.783227367336345 -0.04842480582315291 0.0)
(9.936296014300666 -0.04953706054582971 0.0)
(10.000000000000005 -0.04990864003846622 0.0)
(9.974815096810442 -0.049537060545831346 0.0)
(9.861217077108114 -0.04842480582315621 0.0)
(9.659630747449391 -0.046578002821624845 0.0)
(9.370595372291781 -0.04401069983815556 0.0)
(8.994571790057387 -0.040746268746552586 0.0)
(8.531942096137483 -0.03682070276056787 0.0)
(7.984749543619558 -0.03232433106783723 0.0)
(7.361480665758879 -0.027324070479014362 0.0)
(6.643686223378746 -0.02118163461811059 0.0)
(5.806215015860408 -0.013539831647434372 0.0)
(4.863142483882928 -0.006215175773472322 0.0)
(3.8211736749051037 -0.0014834218405840932 0.0)
(2.662012027727835 0.00021186364832859246 0.0)
(1.3857629205030166 0.00021935357026735397 0.0)
(0.027253886908803166 2.3411147460163905e-05 0.0)
(-0.02728204080460455 2.3351106770706877e-05 0.0)
(1.191910913381932 0.00021843425890347908 0.0)
(2.315559834619003 0.0002077229612412772 0.0)
(3.378602925075754 -0.0014941592512639171 0.0)
(4.381473013234861 -0.006235622352394106 0.0)
(5.305951012332306 -0.013572084940955338 0.0)
(6.157419559963926 -0.02122397623879696 0.0)
(6.949578913434708 -0.027369097132204066 0.0)
(7.659422021691871 -0.03236654367487044 0.0)
(8.26803813587206 -0.036859932938066865 0.0)
(8.783187471594733 -0.04078273026872024 0.0)
(9.207170652482136 -0.04404450106922544 0.0)
(9.54036175713057 -0.04660954289790092 0.0)
(9.783223403679077 -0.04845463281045184 0.0)
(9.936294037715774 -0.049565823962995026 0.0)
(10.000000000000005 -0.04993704326072655 0.0)
(9.974817073395334 -0.04956582396299668 0.0)
(9.86122104076538 -0.04845463281045517 0.0)
(9.659638242869432 -0.04660954289790463 0.0)
(9.370607125295635 -0.0440445010692313 0.0)
(8.994590306183053 -0.0407827302687266 0.0)
(8.531961864127933 -0.036859932938075185 0.0)
(7.985022422752576 -0.032366543674880004 0.0)
(7.361532197676423 -0.02736909713221239 0.0)
(6.642580440036083 -0.021223976238804683 0.0)
(5.805160098778778 -0.013572084940963087 0.0)
(4.862971431209558 -0.006235622352398683 0.0)
(3.8213970749242248 -0.0014941592512656672 0.0)
(2.6622179431587756 0.00020772296124071414 0.0)
(1.38586686439586 0.00021843425890323958 0.0)
(0.027282040804602534 2.3351106770684373e-05 0.0)
)
