(
(-0.017316472300741848 6.121720049346954e-05 0.0)
(1.2179882005331883 0.0008045063246506611 0.0)
(2.3400337723867612 0.002919198271031568 0.0)
(3.379136272153591 0.005838817039811157 0.0)
(4.3548493191588316 0.008368115688485006 0.0)
(5.273025230234657 0.010540599743886719 0.0)
(6.145177782092974 0.01366640548245853 0.0)
(6.9542937747223545 0.018016114322291513 0.0)
(7.661150382364165 0.02233741141920405 0.0)
(8.26742465150001 0.026042461584349502 0.0)
(8.782814930194787 0.029211132100283317 0.0)
(9.206791581632391 0.03184099918533291 0.0)
(9.540056633267302 0.03390683085496347 0.0)
(9.783013263296017 0.035391746855287495 0.0)
(9.936186452260856 0.03628636629713385 0.0)
(10.000000000000004 0.03658490769480267 0.0)
(9.974924658850238 0.036286366297132264 0.0)
(9.86143118114844 0.03539174685528444 0.0)
(9.659943366732692 0.03390683085495935 0.0)
(9.370986196145372 0.03184099918532761 0.0)
(8.994962847582991 0.029211132100277613 0.0)
(8.532575348499968 0.026042461584342376 0.0)
(7.983294062080278 0.02233741141919638 0.0)
(7.356817336388778 0.01801611432228478 0.0)
(6.654822217907041 0.013666405482451818 0.0)
(5.838085880876466 0.010540599743879954 0.0)
(4.88959512528564 0.008368115688481193 0.0)
(3.8208637278464135 0.005838817039809863 0.0)
(2.637744005391026 0.00291919827103139 0.0)
(1.3597895772446038 0.0008045063246505237 0.0)
(0.017316472300747225 6.121720049345592e-05 0.0)
(-0.01731854545215753 6.12553481309907e-05 0.0)
(1.2179859360299943 0.000804954667955693 0.0)
(2.3400882017366733 0.0029204503339790243 0.0)
(3.379416132196696 0.0058401111624801156 0.0)
(4.355440513942212 0.008367903462499772 0.0)
(5.27331975692288 0.010539522289177995 0.0)
(6.144443848466093 0.013668652873079773 0.0)
(6.953514204568984 0.018023716854223902 0.0)
(7.661061983578014 0.022347103258260777 0.0)
(8.267394220245176 0.02605217602055799 0.0)
(8.782770617152366 0.029220733809462975 0.0)
(9.206768050846183 0.03185034684770831 0.0)
(9.5400418108617 0.033915884864295705 0.0)
(9.783004949134801 0.03540054007819765 0.0)
(9.93618268952504 0.036294988004225155 0.0)
(10.000000000000004 0.03659346712427906 0.0)
(9.974928421586053 0.036294988004223566 0.0)
(9.861439495309655 0.0354005400781946 0.0)
(9.659958189138294 0.03391588486429159 0.0)
(9.371009726931582 0.03185034684770301 0.0)
(8.995007160625413 0.02922073380945727 0.0)
(8.532605779754801 0.026052176020550856 0.0)
(7.983382460866429 0.022347103258253093 0.0)
(7.357596906542151 0.018023716854217154 0.0)
(6.655556151533922 0.013668652873073037 0.0)
(5.8377913541882425 0.010539522289171205 0.0)
(4.889003930502259 0.008367903462495942 0.0)
(3.8205838678033084 0.005840111162478817 0.0)
(2.6376895760411134 0.0029204503339788474 0.0)
(1.3597918417477979 0.0008049546679555562 0.0)
(0.017318545452162937 6.125534813097717e-05 0.0)
(-0.01732594531826466 6.128254480280817e-05 0.0)
(1.2179640570992782 0.0008052340324064898 0.0)
(2.3401043400993937 0.0029209339286267243 0.0)
(3.379656570021484 0.0058393937851961815 0.0)
(4.3560696273386 0.00836383516406501 0.0)
(5.27381595589992 0.01053235497270921 0.0)
(6.143911300218992 0.013662940747749085 0.0)
(6.952717435915241 0.018022905178453043 0.0)
(7.660921300248079 0.022348931377942218 0.0)
(8.267359770676762 0.02605458912112084 0.0)
(8.782722388476968 0.029223554972484453 0.0)
(9.206742078769736 0.03185341297063293 0.0)
(9.540025433304297 0.03391908072624734 0.0)
(9.78299580802334 0.035403795554859396 0.0)
(9.936178518088843 0.03629827079365416 0.0)
(10.000000000000004 0.036596754932308524 0.0)
(9.97493259302225 0.03629827079365257 0.0)
(9.861448636421114 0.03540379555485634 0.0)
(9.659974566695697 0.03391908072624321 0.0)
(9.371035699008027 0.03185341297062762 0.0)
(8.995055389300811 0.02922355497247873 0.0)
(8.532640229323215 0.026054589121113685 0.0)
(7.983523144196365 0.022348931377934513 0.0)
(7.358393675195896 0.01802290517844626 0.0)
(6.656088699781024 0.0136629407477423 0.0)
(5.8372951552112 0.010532354972702376 0.0)
(4.888374817105868 0.008363835164061152 0.0)
(3.8203434299785197 0.005839393785194873 0.0)
(2.6376734376783935 0.0029209339286265447 0.0)
(1.3598137206785141 0.0008052340324063527 0.0)
(0.017325945318270107 6.128254480279466e-05 0.0)
(-0.017338346762484157 6.129759553691719e-05 0.0)
(1.2179235250612295 0.000805332143240166 0.0)
(2.3400814783847883 0.0029206278067105585 0.0)
(3.379847021229804 0.005836696428204806 0.0)
(4.35670901725629 0.008356089546771197 0.0)
(5.274492025090499 0.010519412713253766 0.0)
(6.143603536547379 0.013649520086803453 0.0)
(6.951938477318122 0.01801371495852739 0.0)
(7.660734513742506 0.022342815454014033 0.0)
(8.26732281644578 0.02604959485881398 0.0)
(8.782672363248357 0.02921947163260575 0.0)
(9.206714806568575 0.03185006283427477 0.0)
(9.540008220194999 0.03391627802049086 0.0)
(9.782986241605352 0.03540137024558397 0.0)
(9.936174121237537 0.03629607042565904 0.0)
(10.000000000000004 0.03659462665862113 0.0)
(9.974936989873559 0.03629607042565744 0.0)
(9.861458202839104 0.035401370245580904 0.0)
(9.659991779804994 0.03391627802048672 0.0)
(9.371062971209188 0.03185006283426943 0.0)
(8.995105414529421 0.029219471632599997 0.0)
(8.532677183554197 0.026049594858806785 0.0)
(7.983709930701939 0.022342815454006286 0.0)
(7.359172633793016 0.01801371495852055 0.0)
(6.656396463452636 0.013649520086796606 0.0)
(5.836619086020619 0.010519412713246872 0.0)
(4.887735427188177 0.008356089546767304 0.0)
(3.8201529787701993 0.005836696428203482 0.0)
(2.6376962993929993 0.0029206278067103754 0.0)
(1.3598542527165631 0.0008053321432400285 0.0)
(0.01733834676248966 6.129759553690365e-05 0.0)
(-0.017355204888044817 6.129983903159555e-05 0.0)
(1.2178661208194488 0.0008052446896461788 0.0)
(2.3400206210947725 0.00291954541866749 0.0)
(3.3799791177439826 0.005832137608437514 0.0)
(4.357330590072029 0.008345006938872019 0.0)
(5.275318259251214 0.010501264170014938 0.0)
(6.143534080023946 0.013628980569532425 0.0)
(6.951211554793321 0.01799654999589744 0.0)
(7.660509831118632 0.022329024208984857 0.0)
(8.267284981253534 0.026037412672386413 0.0)
(8.78262273948356 0.029208663204310883 0.0)
(9.206687432533327 0.031840443637496496 0.0)
(9.539990927846342 0.033907599892789804 0.0)
(9.782976670211736 0.035393370714023945 0.0)
(9.936169692160723 0.036288483580384036 0.0)
(10.000000000000004 0.03658717581566911 0.0)
(9.97494141895037 0.03628848358038243 0.0)
(9.861467774232718 0.035393370714020864 0.0)
(9.660009072153652 0.033907599892785634 0.0)
(9.371090345244436 0.031840443637491125 0.0)
(8.995155038294218 0.02920866320430509 0.0)
(8.532715018746446 0.026037412672379176 0.0)
(7.983934613325813 0.022329024208977054 0.0)
(7.359899556317819 0.017996549995890527 0.0)
(6.6564659199760685 0.013628980569525499 0.0)
(5.835792851859901 0.010501264170007981 0.0)
(4.887113854372437 0.008345006938868084 0.0)
(3.820020882256021 0.005832137608436172 0.0)
(2.637757156683015 0.002919545418667301 0.0)
(1.359911656958344 0.0008052446896460402 0.0)
(0.017355204888050382 6.129983903158196e-05 0.0)
(-0.01737577897975058 6.128917671179142e-05 0.0)
(1.2177943666113016 0.0008049755141754558 0.0)
(2.3399244421873346 0.0029177343226479573 0.0)
(3.38004705548485 0.0058259176320947575 0.0)
(4.357907035013429 0.008331074289883509 0.0)
(5.276258355164597 0.010478706756780821 0.0)
(6.143705982441267 0.013602224664748903 0.0)
(6.950568607986712 0.017972164487618743 0.0)
(7.660257124519906 0.0223081636049309 0.0)
(8.267247927509151 0.0260185778248231 0.0)
(8.78257569756002 0.02919160459016567 0.0)
(9.20666115942902 0.031824978030206744 0.0)
(9.539974316052486 0.03389342764419919 0.0)
(9.782967514392023 0.03538014844496133 0.0)
(9.936165425463939 0.03627584360993081 0.0)
(10.000000000000004 0.036574729779860864 0.0)
(9.974945685647157 0.03627584360992919 0.0)
(9.861476930052433 0.03538014844495822 0.0)
(9.660025683947508 0.03389342764419499 0.0)
(9.371116618348744 0.03182497803020133 0.0)
(8.99520208021776 0.029191604590159827 0.0)
(8.532752072490828 0.026018577824815807 0.0)
(7.984187319924541 0.022308163604923027 0.0)
(7.360542503124429 0.017972164487611752 0.0)
(6.656294017558746 0.013602224664741886 0.0)
(5.834852755946515 0.010478706756773789 0.0)
(4.886537409431036 0.00833107428987953 0.0)
(3.8199529445151534 0.005825917632093391 0.0)
(2.6378533355904534 0.0029177343226477613 0.0)
(1.3599834111664915 0.0008049755141753161 0.0)
(0.017375778979756208 6.128917671177777e-05 0.0)
(-0.017399165049651125 6.126607706033085e-05 0.0)
(1.2177114151854234 0.0008045364439057383 0.0)
(2.3397971675877134 0.002915274094897753 0.0)
(3.3800478493923616 0.00581830979355791 0.0)
(4.3584130241443395 0.008314903774913158 0.0)
(5.277271006736071 0.010452731605021302 0.0)
(6.144111690721609 0.01357042797796053 0.0)
(6.950037886804737 0.017941629888313042 0.0)
(7.6599874974119615 0.0222811502186309 0.0)
(8.267213283286374 0.025993917884868593 0.0)
(8.782533304413793 0.02916904531446779 0.0)
(9.206637141647795 0.03180434554289627 0.0)
(9.539959114705265 0.033874383977394666 0.0)
(9.782959176436178 0.03536228440070929 0.0)
(9.93616150861803 0.036258705891476874 0.0)
(10.000000000000004 0.036557835407240426 0.0)
(9.974949602493064 0.03625870589147524 0.0)
(9.861485268008277 0.035362284400706157 0.0)
(9.660040885294727 0.03387438397739044 0.0)
(9.37114063612997 0.03180434554289081 0.0)
(8.995244473363988 0.02916904531446189 0.0)
(8.532786716713606 0.025993917884861224 0.0)
(7.984456947032485 0.022281150218622946 0.0)
(7.361073224306405 0.017941629888305954 0.0)
(6.655888309278402 0.013570427977953419 0.0)
(5.833840104375039 0.010452731605014193 0.0)
(4.8860314203001245 0.008314903774909127 0.0)
(3.819952150607642 0.00581830979355652 0.0)
(2.637980610190075 0.0029152740948975484 0.0)
(1.3600663625923701 0.000804536443905597 0.0)
(0.01739916504965683 6.126607706031709e-05 0.0)
(-0.017424335556618632 6.12315550336394e-05 0.0)
(1.217620911275712 0.0008039467707814214 0.0)
(2.3396443895089734 0.002912272833323361 0.0)
(3.3799814645836737 0.005809648367334133 0.0)
(4.358826325228032 0.008297205896805644 0.0)
(5.278311719908179 0.010424480015384494 0.0)
(6.144733378785358 0.013534987597414396 0.0)
(6.949642710165207 0.017906287832412354 0.0)
(7.659712796716653 0.022249170968859287 0.0)
(8.26718257078897 0.025964516365170394 0.0)
(8.78249742272217 0.02914197659052039 0.0)
(9.206616434487014 0.031779452729311444 0.0)
(9.539945991724068 0.03385130563625623 0.0)
(9.782952022698728 0.035340563494690905 0.0)
(9.936158113722042 0.036237823425018544 0.0)
(10.000000000000004 0.03653723500563335 0.0)
(9.974952997389051 0.03623782342501691 0.0)
(9.861492421745728 0.035340563494687754 0.0)
(9.660054008275926 0.033851305636251966 0.0)
(9.37116134329075 0.03177945272930595 0.0)
(8.99528035505561 0.02914197659051443 0.0)
(8.53281742921101 0.025964516365162955 0.0)
(7.984731647727794 0.02224917096885124 0.0)
(7.3614684009459355 0.01790628783240517 0.0)
(6.6552666212146505 0.013534987597407185 0.0)
(5.832799391202928 0.010424480015377309 0.0)
(4.885618119216431 0.008297205896801564 0.0)
(3.8200185354163305 0.005809648367332719 0.0)
(2.638133388268816 0.0029122728333231475 0.0)
(1.3601568665020818 0.0008039467707812778 0.0)
(0.017424335556624405 6.12315550336255e-05 0.0)
(-0.01745018455462509 6.118712746641359e-05 0.0)
(1.2175268314583876 0.0008032324039608108 0.0)
(2.3394728207403945 0.002908862407867708 0.0)
(3.3798508178858326 0.00580031392064607 0.0)
(4.359128778570999 0.00827875826794766 0.0)
(5.279334767648068 0.010395193311034221 0.0)
(6.145543730796339 0.01349746070859535 0.0)
(6.9494004414067065 0.017867691185196495 0.0)
(7.659445092279983 0.02221363096534663 0.0)
(8.26715713946789 0.025931665114715494 0.0)
(8.782469629061037 0.029111587768532884 0.0)
(9.206599947781445 0.03175139333414108 0.0)
(9.539935523708678 0.033825206640872886 0.0)
(9.782946367501808 0.03531594010377935 0.0)
(9.936155389941495 0.03621411374792861 0.0)
(10.000000000000004 0.03651383371899889 0.0)
(9.974955721169598 0.03621411374792696 0.0)
(9.861498076942649 0.035315940103776186 0.0)
(9.660064476291316 0.03382520664086858 0.0)
(9.371177829996318 0.031751393334135514 0.0)
(8.995308148716743 0.02911158776852686 0.0)
(8.532842860532089 0.02593166511470798 0.0)
(7.984999352164466 0.0222136309653385 0.0)
(7.361710669704435 0.017867691185189206 0.0)
(6.654456269203667 0.013497460708588045 0.0)
(5.831776343463035 0.010395193311026956 0.0)
(4.885315665873463 0.00827875826794353 0.0)
(3.8201491821141724 0.00580031392064463 0.0)
(2.638304957037395 0.002908862407867484 0.0)
(1.3602509463194061 0.0008032324039606651 0.0)
(0.017450184554630925 6.118712746639956e-05 0.0)
(-0.017475576285987497 6.113474642467944e-05 0.0)
(1.2174333094285097 0.000802424731415107 0.0)
(2.3392899996997927 0.002905192666386117 0.0)
(3.3796616496757297 0.005790716592004305 0.0)
(4.359307094926676 0.00826037144340224 0.0)
(5.280295199109663 0.010366158296181116 0.0)
(6.146507141369686 0.013459496174344601 0.0)
(6.949321725375267 0.017827535812733553 0.0)
(7.659196146545145 0.02217609177082869 0.0)
(8.267138106728856 0.025896807557349216 0.0)
(8.782451144633017 0.02907921407774862 0.0)
(9.206588405926766 0.03172140023587572 0.0)
(9.539928170604542 0.033797233733355005 0.0)
(9.782942459324424 0.03528949613472407 0.0)
(9.936153456954324 0.036188618620042766 0.0)
(10.000000000000004 0.03648865975706032 0.0)
(9.974957654156771 0.03618861862004111 0.0)
(9.86150198512003 0.03528949613472088 0.0)
(9.660071829395452 0.033797233733350654 0.0)
(9.371189371850997 0.03172140023587011 0.0)
(8.995326633144762 0.029079214077742534 0.0)
(8.532861893271123 0.025896807557341625 0.0)
(7.985248297899304 0.022176091770820472 0.0)
(7.361789385735875 0.017827535812726173 0.0)
(6.653492858630316 0.013459496174337202 0.0)
(5.830815912001439 0.010366158296173782 0.0)
(4.885137349517787 0.008260371443398066 0.0)
(3.820338350324276 0.00579071659200284 0.0)
(2.638487778077997 0.0029051926663858844 0.0)
(1.3603444683492842 0.0008024247314149591 0.0)
(0.017475576285993395 6.113474642466526e-05 0.0)
(-0.01749939508448265 6.107671343558232e-05 0.0)
(1.2173444543729774 0.0008015592407983733 0.0)
(2.33910395920923 0.0029014248506056884 0.0)
(3.3794222716584437 0.005781278070471542 0.0)
(4.359353439400613 0.008242853306602163 0.0)
(5.2811508146916 0.01033865071625977 0.0)
(6.147581280007317 0.013422762086842977 0.0)
(6.949410020709301 0.017787586068627383 0.0)
(7.658976897732296 0.022138202788836565 0.0)
(8.267126308835602 0.02586147527037213 0.0)
(8.782442781610062 0.029046277958914672 0.0)
(9.206582316050955 0.031690791276382343 0.0)
(9.5399242554936 0.033768615992083924 0.0)
(9.782940469884744 0.035262393487147464 0.0)
(9.936152399692446 0.0361624582506383 0.0)
(10.000000000000004 0.036462819217650745 0.0)
(9.97495871141865 0.03616245825063663 0.0)
(9.861503974559712 0.035262393487144245 0.0)
(9.660075744506393 0.033768615992079545 0.0)
(9.371195461726808 0.03169079127637668 0.0)
(8.995334996167719 0.02904627795890853 0.0)
(8.532873691164378 0.02586147527036447 0.0)
(7.985467546712154 0.022138202788828262 0.0)
(7.36170109040184 0.017787586068619906 0.0)
(6.652418719992683 0.013422762086835495 0.0)
(5.829960296419501 0.010338650716252376 0.0)
(4.88509100504385 0.008242853306597948 0.0)
(3.8205777283415627 0.005781278070470056 0.0)
(2.6386738185685603 0.0029014248506054464 0.0)
(1.360433323404817 0.0008015592407982232 0.0)
(0.017499395084488598 6.107671343556797e-05 0.0)
(-0.017520594395679934 6.1015578362494816e-05 0.0)
(1.2172641704203748 0.0008006739601849385 0.0)
(2.3389228735475105 0.002897724511458789 0.0)
(3.3791432016661243 0.005772413067416641 0.0)
(4.359265775701412 0.008226973572429902 0.0)
(5.281864020210512 0.01031387920400823 0.0)
(6.148718951022574 0.01338887247469218 0.0)
(6.949661447873365 0.017749597271548005 0.0)
(7.658796979233167 0.022101628791923057 0.0)
(8.267122264165971 0.025827220689835416 0.0)
(8.782444907448099 0.029014226564837674 0.0)
(9.206581945732019 0.03166091135734357 0.0)
(9.53992395039867 0.03374061082825643 0.0)
(9.782940486595106 0.03523582300180117 0.0)
(9.936152264610014 0.0361367820784878 0.0)
(10.000000000000004 0.0364374474867979 0.0)
(9.97495884650108 0.03613678207848613 0.0)
(9.86150395784935 0.03523582300179792 0.0)
(9.660076049601324 0.03374061082825201 0.0)
(9.371195832045744 0.03166091135733787 0.0)
(8.99533287032968 0.029014226564831477 0.0)
(8.532877735834006 0.025827220689827693 0.0)
(7.985647465211282 0.022101628791914678 0.0)
(7.361449663237774 0.017749597271540452 0.0)
(6.651281048977423 0.013388872474684628 0.0)
(5.829247090900588 0.010313879204000788 0.0)
(4.885178668743052 0.008226973572425656 0.0)
(3.820856798333883 0.0057724130674151365 0.0)
(2.6388549042302802 0.0028977245114585382 0.0)
(1.3605136073574196 0.0008006739601847863 0.0)
(0.017520594395685922 6.10155783624803e-05 0.0)
(-0.017538242760628382 6.0954027368684914e-05 0.0)
(1.217195985100704 0.0007998077871853818 0.0)
(2.338754699287323 0.002894254235077954 0.0)
(3.37883670152369 0.005764511094855773 0.0)
(4.359047955611638 0.008213429967353835 0.0)
(5.2824034787206715 0.010292932174356633 0.0)
(6.149870167232358 0.013359316385450825 0.0)
(6.950064959617841 0.017715238579740555 0.0)
(7.658664296337459 0.0220679767746023 0.0)
(8.267126150435352 0.02579554889934088 0.0)
(8.782457428741695 0.028984468175137 0.0)
(9.20658731124109 0.0316330733477382 0.0)
(9.539927268725062 0.0337144487375371 0.0)
(9.782942508721286 0.03521095213720196 0.0)
(9.936153057642306 0.036112718267622336 0.0)
(10.000000000000004 0.03641365935193918 0.0)
(9.97495805346879 0.03611271826762065 0.0)
(9.86150193572317 0.0352109521371987 0.0)
(9.660072731274932 0.03371444873753267 0.0)
(9.371190466536675 0.031633073347732465 0.0)
(8.995320349036083 0.028984468175130763 0.0)
(8.532873849564625 0.02579554889933311 0.0)
(7.98578014810699 0.022067976774593864 0.0)
(7.361046151493296 0.01771523857973294 0.0)
(6.650129832767636 0.013359316385443222 0.0)
(5.828707632390428 0.010292932174349153 0.0)
(4.885396488832827 0.008213429967349565 0.0)
(3.821163298476318 0.005764511094854253 0.0)
(2.6390230784904682 0.002894254235077696 0.0)
(1.3605817926770907 0.0007998077871852276 0.0)
(0.017538242760634398 6.095402736867025e-05 0.0)
(-0.017551564742458933 6.089476489221626e-05 0.0)
(1.2171428943521698 0.0007989987798566851 0.0)
(2.3386068256979944 0.002891166499058668 0.0)
(3.378516238286673 0.005757919351007011 0.0)
(4.358709549747546 0.008202817572603676 0.0)
(5.282745487402054 0.010276730001466354 0.0)
(6.150984346302501 0.01333539245960884 0.0)
(6.950602826374883 0.017686019651265608 0.0)
(7.658584678888873 0.022038725344950754 0.0)
(8.267137796888177 0.02576785149942095 0.0)
(8.782479795328117 0.028958310319014663 0.0)
(9.206598176827516 0.03160850039878009 0.0)
(9.539934064671586 0.03369127923432994 0.0)
(9.78294644741476 0.035188873673640375 0.0)
(9.93615474394493 0.03609132413786783 0.0)
(10.000000000000004 0.036392500020201134 0.0)
(9.974956367166165 0.03609132413786613 0.0)
(9.861497997029696 0.0351888736736371 0.0)
(9.660065935328408 0.033691279234325494 0.0)
(9.371179600950247 0.031608500398774345 0.0)
(8.995297982449662 0.02895831031900839 0.0)
(8.532862203111803 0.025767851499413137 0.0)
(7.985859765555575 0.02203872534494227 0.0)
(7.360508284736253 0.017686019651257944 0.0)
(6.64901565369749 0.013335392459601202 0.0)
(5.828365623709045 0.010276730001458857 0.0)
(4.88573489469692 0.008202817572599394 0.0)
(3.8214837617133357 0.00575791935100548 0.0)
(2.6391709520797972 0.002891166499058404 0.0)
(1.3606348834256248 0.0007989987798565292 0.0)
(0.017551564742464963 6.0894764892201474e-05 0.0)
(-0.017559974997661827 6.084039481788728e-05 0.0)
(1.217107230885136 0.000798282484500834 0.0)
(2.338485750074512 0.002888596972872762 0.0)
(3.378195892523437 0.005752927465035813 0.0)
(4.358265427043708 0.00819560267738992 0.0)
(5.282875019018887 0.010265984579173161 0.0)
(6.152012533242995 0.013318151870700136 0.0)
(6.951251415263185 0.017663224312385824 0.0)
(7.658561625132445 0.022015159757273323 0.0)
(8.267156691800613 0.025745345463157134 0.0)
(8.782511024460476 0.02893690232481423 0.0)
(9.20661406507731 0.03158827220089154 0.0)
(9.539944039636783 0.03367212034421848 0.0)
(9.782952129616543 0.03517055769841389 0.0)
(9.936157249424836 0.036073539708146245 0.0)
(10.000000000000004 0.036374899193910425 0.0)
(9.974953861686258 0.036073539708144545 0.0)
(9.861492314827913 0.03517055769841061 0.0)
(9.660055960363211 0.03367212034421402 0.0)
(9.371163712700454 0.03158827220088577 0.0)
(8.995266753317305 0.028936902324807938 0.0)
(8.532843308199366 0.0257453454631493 0.0)
(7.985882819312004 0.022015159757264813 0.0)
(7.359859695847949 0.017663224312378132 0.0)
(6.6479874667569945 0.013318151870692487 0.0)
(5.828236092092213 0.01026598457916566 0.0)
(4.88617901740076 0.008195602677385635 0.0)
(3.8218041074765723 0.005752927465034278 0.0)
(2.6392920277032794 0.002888596972872496 0.0)
(1.3606705468926585 0.0007982824845006768 0.0)
(0.017559974997667857 6.084039481787237e-05 0.0)
(-0.017563103995009578 6.079330606729672e-05 0.0)
(1.2170905616870997 0.0007976903738253396 0.0)
(2.338396792258271 0.002886658556800033 0.0)
(3.377889739640763 0.00574975477127936 0.0)
(4.357735101439231 0.008192102291008982 0.0)
(5.282786382188896 0.010261168041674417 0.0)
(6.152909551400688 0.013308352138660598 0.0)
(6.951982228473554 0.017647854148588688 0.0)
(7.658596148008054 0.02199831544038053 0.0)
(8.267182004964777 0.02572901966460925 0.0)
(8.782549743987826 0.02892118482063606 0.0)
(9.20663427788984 0.031573277544081305 0.0)
(9.539956755338931 0.03365781387378402 0.0)
(9.782959305661084 0.03515680898196584 0.0)
(9.93616046399582 0.03606014639376385 0.0)
(10.000000000000004 0.03636163022117445 0.0)
(9.974950647115273 0.03606014639376215 0.0)
(9.861485138783372 0.035156808981962565 0.0)
(9.660043244661063 0.033657813873779543 0.0)
(9.371143499887923 0.03157327754407553 0.0)
(8.995228033789953 0.02892118482062976 0.0)
(8.532817995035202 0.0257290196646014 0.0)
(7.985848296436394 0.021998315440372014 0.0)
(7.359128882637578 0.017647854148580996 0.0)
(6.6470904485993 0.013308352138652956 0.0)
(5.828324728922205 0.01026116804166693 0.0)
(4.886709343005239 0.008192102291004704 0.0)
(3.8221102603592474 0.005749754771277824 0.0)
(2.6393809855195207 0.002886658556799764 0.0)
(1.3606872160906949 0.0007976903738251815 0.0)
(0.017563103995015594 6.0793306067281734e-05 0.0)
(-0.017560814252083064 6.0755567633999114e-05 0.0)
(1.217093619172127 0.000797248464090047 0.0)
(2.3383438608929725 0.0028854364212964824 0.0)
(3.3776112314362243 0.005748540672097026 0.0)
(4.3571418744709725 0.008192470214034664 0.0)
(5.282483471452237 0.010262492018816216 0.0)
(6.15363598743878 0.013306423845787936 0.0)
(6.952763155410511 0.01764058449675253 0.0)
(7.658686730643706 0.02198893250274084 0.0)
(8.267212624166543 0.025719591429498277 0.0)
(8.782594252644973 0.028911848404859372 0.0)
(9.206657927151104 0.031564175266137695 0.0)
(9.539971653073342 0.03364898842316449 0.0)
(9.782967660246113 0.035148231617744385 0.0)
(9.936164246415515 0.03605173267245223 0.0)
(10.000000000000004 0.03635327611638033 0.0)
(9.974946864695578 0.03605173267245053 0.0)
(9.861476784198343 0.03514823161774111 0.0)
(9.660028346926651 0.03364898842316001 0.0)
(9.37111985062666 0.03156417526613192 0.0)
(8.995183525132806 0.02891184840485307 0.0)
(8.532787375833436 0.025719591429490436 0.0)
(7.9857577138007425 0.02198893250273233 0.0)
(7.358347955700618 0.01764058449674485 0.0)
(6.6463640125612065 0.013306423845780322 0.0)
(5.828627639658865 0.010262492018808756 0.0)
(4.8873025699734995 0.008192470214030407 0.0)
(3.8223887685637865 0.005748540672095497 0.0)
(2.6394339168848195 0.0028854364212962135 0.0)
(1.3606841586056673 0.0007972484640898884 0.0)
(0.017560814252089045 6.075556763398407e-05 0.0)
(-0.017553206375997506 6.072883767571302e-05 0.0)
(1.2171162689999198 0.0007969761720002741 0.0)
(2.3383292816859726 0.002884984264760303 0.0)
(3.3773726050508124 0.005749338512785757 0.0)
(4.356511811446639 0.008196690280602317 0.0)
(5.281979596152518 0.010269898337465092 0.0)
(6.154159923086735 0.013312451717743265 0.0)
(6.953559883573114 0.017641734772079573 0.0)
(7.658829393004105 0.021987423213468544 0.0)
(8.267247204054202 0.02571747501722653 0.0)
(8.782642594802947 0.0289093033025129 0.0)
(9.206683973755824 0.03156136530450139 0.0)
(9.539988078260821 0.03364603176651441 0.0)
(9.782976826286449 0.03514520247944157 0.0)
(9.936168430491318 0.03604866822773336 0.0)
(10.000000000000004 0.036350203943609334 0.0)
(9.974942680619776 0.03604866822773166 0.0)
(9.861467618158008 0.035145202479438295 0.0)
(9.660011921739173 0.033646031766509946 0.0)
(9.371093804021939 0.03156136530449563 0.0)
(8.995135182974831 0.02890930330250662 0.0)
(8.532752795945775 0.02571747501721871 0.0)
(7.985615051440343 0.02198742321346006 0.0)
(7.357551227538014 0.017641734772071937 0.0)
(6.6458400769132515 0.0133124517177357 0.0)
(5.829131514958586 0.010269898337457676 0.0)
(4.887932632997834 0.008196690280598084 0.0)
(3.822627394949199 0.005749338512784238 0.0)
(2.639448496091819 0.0028849842647600357 0.0)
(1.3606615087778746 0.0007969761720001158 0.0)
(0.017553206376003445 6.0728837675697964e-05 0.0)
(-0.017540614642909895 6.0714290657904485e-05 0.0)
(1.2171575159784809 0.000796885461572301 0.0)
(2.3383536952209556 0.0028853219541224964 0.0)
(3.3771843452913473 0.005752113237685296 0.0)
(4.355872596182853 0.008204577068707348 0.0)
(5.2812968956485955 0.010283061577529088 0.0)
(6.154458337570695 0.01332617090086055 0.0)
(6.954337406183469 0.017651254433576326 0.0)
(7.6590178667661295 0.021993853887973088 0.0)
(8.267284225250755 0.025722763419077352 0.0)
(8.782692646395768 0.028913661340737626 0.0)
(9.206711273263844 0.031564971123746025 0.0)
(9.540005309208677 0.03364907381391793 0.0)
(9.782986401043047 0.03514785466185276 0.0)
(9.936172832382594 0.03605108770570193 0.0)
(10.000000000000004 0.03635254868851263 0.0)
(9.974938278728501 0.036051087705700244 0.0)
(9.86145804340141 0.0351478546618495 0.0)
(9.659994690791317 0.033649073813913494 0.0)
(9.37106650451392 0.03156497112374028 0.0)
(8.995085131382012 0.028913661340731374 0.0)
(8.532715774749224 0.025722763419069566 0.0)
(7.985426577678318 0.021993853887964654 0.0)
(7.356773704927658 0.017651254433568738 0.0)
(6.6455416624292925 0.013326170900853047 0.0)
(5.829814215462512 0.01028306157752173 0.0)
(4.888571848261622 0.00820457706870315 0.0)
(3.8228156547086645 0.005752113237683791 0.0)
(2.639424082556836 0.0028853219541222345 0.0)
(1.3606202617993133 0.0007968854615721434 0.0)
(0.01754061464291578 6.071429065788943e-05 0.0)
(-0.017523592310536164 6.071256574992298e-05 0.0)
(1.2172155477910318 0.0007969803184563833 0.0)
(2.338416028811857 0.002886434651930275 0.0)
(3.377054723947248 0.005756742930459771 0.0)
(4.355252314628894 0.008215784047308895 0.0)
(5.2804653665516454 0.010301403370321266 0.0)
(6.154518119104168 0.01334697859933215 0.0)
(6.955061560320515 0.01766872520473234 0.0)
(7.659243870737479 0.022007941974181346 0.0)
(8.267322061112552 0.025735224272348284 0.0)
(8.782742208248012 0.028924731035306753 0.0)
(9.20673862618472 0.03157483429077064 0.0)
(9.540022588820586 0.03365798090337741 0.0)
(9.782995963818621 0.035156071632934854 0.0)
(9.93617725867829 0.036058884798922324 0.0)
(10.000000000000004 0.036360207327288736 0.0)
(9.974933852432804 0.03605888479892064 0.0)
(9.861448480625835 0.03515607163293161 0.0)
(9.659977411179408 0.03365798090337299 0.0)
(9.371039151593044 0.031574834290764936 0.0)
(8.995035569529769 0.028924731035300542 0.0)
(8.532677938887428 0.025735224272340554 0.0)
(7.985200573706968 0.022007941974172968 0.0)
(7.35604955079061 0.017668725204724827 0.0)
(6.6454818808958205 0.013346978599324728 0.0)
(5.830645744559464 0.010301403370313973 0.0)
(4.889192129815582 0.008215784047304739 0.0)
(3.8229452760527636 0.0057567429304582855 0.0)
(2.6393617489659342 0.0028864346519300193 0.0)
(1.360562229986762 0.0007969803184562265 0.0)
(0.017523592310541992 6.071256574990798e-05 0.0)
(-0.017502887309019353 6.0723738741069586e-05 0.0)
(1.2172878146258954 0.0007972565748145697 0.0)
(2.338513543634729 0.0028882734682775884 0.0)
(3.37698943634324 0.005763024170878458 0.0)
(4.354678220821469 0.00822981880226979 0.0)
(5.279521544728949 0.010324117811021693 0.0)
(6.15433664099594 0.013373960560953834 0.0)
(6.955700527976273 0.0176933794518249 0.0)
(7.6594974747171145 0.022029068467358737 0.0)
(8.267359049201042 0.02575431006994309 0.0)
(8.782789102702562 0.028942026004092347 0.0)
(9.206764830681152 0.03159052143606032 0.0)
(9.540039157862012 0.03367236167367708 0.0)
(9.783005094442304 0.03516949235401101 0.0)
(9.936181514895075 0.036071716917382805 0.0)
(10.000000000000004 0.03637284335336093 0.0)
(9.974929596216018 0.03607171691738113 0.0)
(9.86143935000215 0.03516949235400779 0.0)
(9.659960842137982 0.033672361673672685 0.0)
(9.371012947096611 0.03159052143605466 0.0)
(8.994988675075216 0.028942026004086185 0.0)
(8.532640950798937 0.025754310069935414 0.0)
(7.984946969727331 0.022029068467350435 0.0)
(7.355410583134851 0.01769337945181747 0.0)
(6.6456633590040495 0.013373960560946498 0.0)
(5.8315895663821635 0.010324117811014473 0.0)
(4.889766223623008 0.008229818802265683 0.0)
(3.823010563656772 0.005763024170876995 0.0)
(2.6392642341430617 0.0028882734682773386 0.0)
(1.3604899631518983 0.0007972565748144143 0.0)
(0.017502887309025113 6.072373874105465e-05 0.0)
(-0.017479409378247372 6.0747318710553737e-05 0.0)
(1.2173711412105561 0.0007977020924478783 0.0)
(2.338641955066653 0.002890757608938153 0.0)
(3.3769913510972014 0.005770680972728562 0.0)
(4.354175539392203 0.008246064672132918 0.0)
(5.2785068999847224 0.010350206868660889 0.0)
(6.153921877062082 0.013405931247694047 0.0)
(6.956226234080907 0.01772413391234042 0.0)
(7.6597675358101265 0.022056305108044887 0.0)
(8.267393564327287 0.025779182216831925 0.0)
(8.782831269302878 0.028964786337806227 0.0)
(9.206788735375508 0.03161134329514988 0.0)
(9.540054288319586 0.03369158426007881 0.0)
(9.783013391731199 0.03518752714314967 0.0)
(9.93618541402257 0.03608902024127394 0.0)
(10.000000000000004 0.03638990156286057 0.0)
(9.974925697088526 0.036089020241272265 0.0)
(9.861431052713257 0.03518752714314648 0.0)
(9.659945711680407 0.03369158426007446 0.0)
(9.370989042402256 0.03161134329514427 0.0)
(8.994946508474902 0.02896478633780012 0.0)
(8.532606435672692 0.02577918221682432 0.0)
(7.984676908634318 0.02205630510803666 0.0)
(7.354884877030216 0.01772413391233309 0.0)
(6.646078122937909 0.013405931247686808 0.0)
(5.832604211126393 0.010350206868653749 0.0)
(4.890268905052276 0.008246064672128859 0.0)
(3.8230086489028094 0.005770680972727123 0.0)
(2.6391358227111374 0.0028907576089379117 0.0)
(1.3604066365672374 0.0007977020924477246 0.0)
(0.017479409378253062 6.074731871053891e-05 0.0)
(-0.017454190095546683 6.078226959765463e-05 0.0)
(1.2174618663273256 0.0007982972961265533 0.0)
(2.3387956209442318 0.002893777925315951 0.0)
(3.3770603840783475 0.0057793769101445154 0.0)
(4.353766357243466 0.008263807843097463 0.0)
(5.277466013952787 0.01037852423777477 0.0)
(6.15329205127106 0.013441485926066145 0.0)
(6.956615580069932 0.01775963729154755 0.0)
(7.660042188026151 0.022088455168076063 0.0)
(8.267424089959784 0.025808747876382813 0.0)
(8.782866855325683 0.028992011989023847 0.0)
(9.206809289939246 0.031636384993643435 0.0)
(9.540067315388685 0.033714804057302865 0.0)
(9.783020491117608 0.03520938358470979 0.0)
(9.93618878474024 0.03611003449419945 0.0)
(10.000000000000004 0.036410632449269335 0.0)
(9.974922326370853 0.03611003449419779 0.0)
(9.861423953326847 0.03520938358470661 0.0)
(9.65993268461131 0.033714804057298556 0.0)
(9.370968487838518 0.031636384993637856 0.0)
(8.994910922452096 0.02899201198901781 0.0)
(8.532575910040194 0.025808747876375278 0.0)
(7.984402256418293 0.02208845516806792 0.0)
(7.354495531041191 0.017759637291540318 0.0)
(6.646707948728934 0.013441485926059007 0.0)
(5.833645097158331 0.01037852423776771 0.0)
(4.890678087201013 0.008263807843093456 0.0)
(3.822939615921663 0.0057793769101431025 0.0)
(2.638982156833558 0.0028937779253157196 0.0)
(1.3603159114504675 0.0007982972961264015 0.0)
(0.017454190095552304 6.078226959763992e-05 0.0)
(-0.017428337550061776 6.0827055724333885e-05 0.0)
(1.21755600368055 0.0007990160336898476 0.0)
(2.338967789469929 0.002897201710234856 0.0)
(3.3771935021037787 0.005788729899545027 0.0)
(4.353468653090298 0.008282268712691465 0.0)
(5.276444621261138 0.010407825704969639 0.0)
(6.152474837015896 0.0134790623885479 0.0)
(6.956851458792878 0.01779832963591553 0.0)
(7.660309363649278 0.022124106032631364 0.0)
(8.267449284858085 0.02584170798760392 0.0)
(8.782894297186237 0.02902250671243864 0.0)
(9.206825591242444 0.03166454624512165 0.0)
(9.540077666683723 0.03374100082993863 0.0)
(9.783026080667483 0.03523410134663446 0.0)
(9.936191478944925 0.036133836348330305 0.0)
(10.000000000000004 0.036434125135364516 0.0)
(9.97491963216617 0.03613383634832866 0.0)
(9.861418363776973 0.03523410134663131 0.0)
(9.65992233331627 0.03374100082993435 0.0)
(9.37095218653532 0.03166454624511614 0.0)
(8.994883480591541 0.029022506712432665 0.0)
(8.532550715141893 0.02584170798759646 0.0)
(7.984135080795166 0.02212410603262331 0.0)
(7.354259652318245 0.017798329635908394 0.0)
(6.647525162984101 0.01347906238854086 0.0)
(5.834666489849982 0.010407825704962652 0.0)
(4.890975791354181 0.008282268712687503 0.0)
(3.8228064978962313 0.005788729899543639 0.0)
(2.63880998830786 0.002897201710234634 0.0)
(1.360221774097243 0.000799016033689698 0.0)
(0.017428337550067327 6.0827055724319316e-05 0.0)
(-0.01740298765534537 6.087970927011913e-05 0.0)
(1.2176494170471477 0.0007998267251241237 0.0)
(2.3391508958736984 0.002900878528849167 0.0)
(3.3773848562109894 0.005798328987686649 0.0)
(4.353295507508553 0.008300636144078161 0.0)
(5.275487600036063 0.010436823817382463 0.0)
(6.151506141195912 0.013517009594122062 0.0)
(6.956923506170187 0.01783851087461847 0.0)
(7.660557323471411 0.022161691267943654 0.0)
(8.267468042004452 0.02587661434350702 0.0)
(8.782912389139392 0.029054930625692275 0.0)
(9.206836923035658 0.03169458969571415 0.0)
(9.540084887387735 0.033769023539722144 0.0)
(9.783029914786225 0.03526059437568456 0.0)
(9.936193378258196 0.036159379993740255 0.0)
(10.000000000000004 0.03645934739549774 0.0)
(9.974917732852898 0.036159379993738625 0.0)
(9.86141452965823 0.03526059437568142 0.0)
(9.659915112612259 0.03376902353971789 0.0)
(9.370940854742106 0.03169458969570868 0.0)
(8.994865388638386 0.029054930625686357 0.0)
(8.532531957995525 0.025876614343499638 0.0)
(7.983887120973033 0.02216169126793569 0.0)
(7.354187604940936 0.01783851087461143 0.0)
(6.648493858804088 0.013517009594115111 0.0)
(5.8356235110750605 0.010436823817375545 0.0)
(4.8911489369359265 0.008300636144074247 0.0)
(3.8226151437890197 0.005798328987685284 0.0)
(2.63862688190409 0.0029008785288489546 0.0)
(1.360128360730645 0.0007998267251239763 0.0)
(0.017402987655350866 6.087970927010472e-05 0.0)
(-0.01737925423939498 6.093791673453548e-05 0.0)
(1.2177380020146857 0.0008006937501308772 0.0)
(2.3393368947951423 0.0029046468284755224 0.0)
(3.377626038650582 0.005807752408197474 0.0)
(4.353254528198333 0.008318103105924695 0.0)
(5.274637000039368 0.010464244451004379 0.0)
(6.1504285265332586 0.013553660211998152 0.0)
(6.9568285565719075 0.01787841551753725 0.0)
(7.660775172591595 0.022199559447533556 0.0)
(8.267479537244188 0.025911933222673093 0.0)
(8.782920336257824 0.029087859081354257 0.0)
(9.206842787420625 0.031725195291164826 0.0)
(9.540088660236195 0.03379764092005159 0.0)
(9.783031825009674 0.035287698616631266 0.0)
(9.936194399227702 0.036185543089380746 0.0)
(10.000000000000004 0.036485191009701594 0.0)
(9.974916711883392 0.03618554308937913 0.0)
(9.861412619434782 0.03528769861662816 0.0)
(9.659911339763797 0.033797640920047375 0.0)
(9.370934990357139 0.0317251952911594 0.0)
(8.994857441519954 0.0290878590813484 0.0)
(8.53252046275579 0.025911933222665787 0.0)
(7.983669271852848 0.02219955944752567 0.0)
(7.354282554539217 0.0178784155175303 0.0)
(6.649571473466745 0.013553660211991284 0.0)
(5.836474111071755 0.010464244450997523 0.0)
(4.891189916246145 0.00831810310592082 0.0)
(3.8223739613494265 0.0058077524081961325 0.0)
(2.638440882982646 0.0029046468284753186 0.0)
(1.3600397757631066 0.0008006937501307322 0.0)
(0.01737925423940042 6.093791673452124e-05 0.0)
(-0.017358180105088404 6.0999120588084064e-05 0.0)
(1.217817866321752 0.0008015790132174891 0.0)
(2.3395176137819282 0.0029083410369222487 0.0)
(3.3779064523073914 0.005816586113219919 0.0)
(4.3533475157155594 0.008333902131882428 0.0)
(5.2739301950787825 0.010488882793358667 0.0)
(6.149289341444772 0.013587403881077103 0.0)
(6.956570781909681 0.01791629022766552 0.0)
(7.660953339118033 0.022236046712867757 0.0)
(8.267483265497491 0.025946112778165657 0.0)
(8.782917789359688 0.0291198452633237 0.0)
(9.206842926727 0.031755018277600924 0.0)
(9.540088819457047 0.03382559557558933 0.0)
(9.783031727406104 0.03531422315871319 0.0)
(9.936194496993913 0.03621117607669339 0.0)
(10.000000000000004 0.03651052045684749 0.0)
(9.97491661411718 0.03621117607669179 0.0)
(9.861412717038352 0.03531422315871009 0.0)
(9.659911180542947 0.03382559557558515 0.0)
(9.370934851050762 0.031755018277595554 0.0)
(8.994859988418092 0.0291198452633179 0.0)
(8.532516734502487 0.025946112778158413 0.0)
(7.98349110532641 0.02223604671285994 0.0)
(7.354540329201445 0.017916290227658647 0.0)
(6.650710658555234 0.013587403881070305 0.0)
(5.837180916032343 0.01048888279335186 0.0)
(4.891096928728918 0.008333902131878583 0.0)
(3.8220935476926163 0.005816586113218596 0.0)
(2.63826016399586 0.0029083410369220536 0.0)
(1.3599599114560403 0.0008015790132173462 0.0)
(0.01735818010509381 6.099912058806998e-05 0.0)
(-0.01734069121133304 6.106063164540921e-05 0.0)
(1.2178855008768017 0.0008024436175434765 0.0)
(2.339685112372392 0.0029117988374285594 0.0)
(3.378213776318339 0.005824441965916103 0.0)
(4.353570384358842 0.008347339041654278 0.0)
(5.273398240871209 0.010509656280756853 0.0)
(6.148138639639161 0.01361675796627189 0.0)
(6.956161508330582 0.017950470859530054 0.0)
(7.6610839947395 0.022269549880259042 0.0)
(8.267479062951729 0.0259776512228461 0.0)
(8.782904860351028 0.02914948375728195 0.0)
(9.206837334833917 0.031782748287558074 0.0)
(9.540085358054412 0.03385165922991263 0.0)
(9.783029626264039 0.035339002562076505 0.0)
(9.93619366726116 0.036235152689109894 0.0)
(10.000000000000004 0.036534222807366755 0.0)
(9.974917443849936 0.03623515268910829 0.0)
(9.861414818180418 0.03533900256207344 0.0)
(9.65991464194558 0.03385165922990847 0.0)
(9.370940442943846 0.03178274828755273 0.0)
(8.99487291742675 0.02914948375727619 0.0)
(8.532520937048249 0.025977651222838898 0.0)
(7.983360449704942 0.022269549880251288 0.0)
(7.354949602780545 0.017950470859523244 0.0)
(6.651861360360848 0.013616757966265141 0.0)
(5.837712870239916 0.01050965628075008 0.0)
(4.890874060085634 0.008347339041650458 0.0)
(3.8217862236816673 0.005824441965914794 0.0)
(2.638092665405395 0.002911798837428371 0.0)
(1.3598922769009907 0.0008024436175433354 0.0)
(0.017340691211338417 6.106063164539528e-05 0.0)
(-0.017327555988125472 6.111974722318338e-05 0.0)
(1.2179379339412195 0.0008032495739765046 0.0)
(2.3398320309848994 0.002914868300566075 0.0)
(3.3785345074286184 0.00583097479449043 0.0)
(4.35391334168772 0.008357823442007006 0.0)
(5.273064510511347 0.010525652164166682 0.0)
(6.147026980848613 0.01364043270278083 0.0)
(6.955618718566931 0.017979455578698428 0.0)
(7.661161398687017 0.02229859688182455 0.0)
(8.267467114259077 0.026005162815153103 0.0)
(8.782882117308832 0.029175472302026557 0.0)
(9.206826257438927 0.03180716691512937 0.0)
(9.540078428115995 0.03387468669373262 0.0)
(9.783025613903815 0.035360948065070105 0.0)
(9.93619194648638 0.03625641943814462 0.0)
(10.000000000000004 0.03655525662333981 0.0)
(9.974919164624714 0.036256419438143034 0.0)
(9.86141883054064 0.03536094806506704 0.0)
(9.659921571883999 0.03387468669372848 0.0)
(9.370951520338837 0.031807166915124044 0.0)
(8.994895660468947 0.029175472302020833 0.0)
(8.532532885740903 0.026005162815145942 0.0)
(7.9832830457574255 0.022298596881816846 0.0)
(7.355492392544199 0.017979455578691666 0.0)
(6.652973019151398 0.01364043270277411 0.0)
(5.838046600599779 0.01052565216415993 0.0)
(4.890531102756755 0.008357823442003197 0.0)
(3.8214654925713876 0.00583097479448913 0.0)
(2.6379457467928877 0.002914868300565893 0.0)
(1.3598398438365726 0.0008032495739763652 0.0)
(0.017327555988130836 6.111974722316957e-05 0.0)
(-0.017319351573143224 6.117386989106802e-05 0.0)
(1.2179728617020789 0.0008039614702653615 0.0)
(2.3399519142843968 0.002917414559739958 0.0)
(3.378854553300004 0.005835897558406818 0.0)
(4.354361318784586 0.008364894667569777 0.0)
(5.272943667500665 0.010536167613734772 0.0)
(6.146003209326665 0.013657387865993425 0.0)
(6.954966261807935 0.018001970849636423 0.0)
(7.661182149972735 0.02232191144545548 0.0)
(8.267447944423227 0.02602743874605174 0.0)
(8.782850559520767 0.029196669008446155 0.0)
(9.206810181262497 0.03182720125049193 0.0)
(9.540068334130611 0.03389366618241662 0.0)
(9.783019866621203 0.03537909542244058 0.0)
(9.93618941027727 0.03627404190175144 0.0)
(10.000000000000004 0.03657269771737307 0.0)
(9.974921700833823 0.03627404190174985 0.0)
(9.861424577823252 0.03537909542243753 0.0)
(9.659931665869383 0.03389366618241249 0.0)
(9.370967596515266 0.03182720125048663 0.0)
(8.994927218257011 0.029196669008440444 0.0)
(8.532552055576751 0.026027438746044608 0.0)
(7.983262294471708 0.022321911445447803 0.0)
(7.356144849303196 0.01800197084962969 0.0)
(6.653996790673348 0.01365738786598672 0.0)
(5.83816744361046 0.01053616761372802 0.0)
(4.890083125659888 0.00836489466756597 0.0)
(3.8211454467000014 0.0058358975584055246 0.0)
(2.6378258634933904 0.0029174145597397794 0.0)
(1.3598049160757133 0.0008039614702652234 0.0)
(0.017319351573148588 6.117386989105432e-05 0.0)
(-0.017316438453371066 6.122062159805095e-05 0.0)
(1.2179887494974662 0.0008045480269894927 0.0)
(2.340039494818024 0.002919325736980357 0.0)
(3.379159851702415 0.005838993960424724 0.0)
(4.3548946323553555 0.008368242021627807 0.0)
(5.273041021459978 0.010540740599844564 0.0)
(6.145112307721052 0.013666878477056712 0.0)
(6.954232805809951 0.018017027392529562 0.0)
(7.6611453368231235 0.022338469171878688 0.0)
(8.267422395731698 0.02604350025189099 0.0)
(8.782811573578309 0.029212142532038937 0.0)
(9.206789812662413 0.03184197102160173 0.0)
(9.54005551960951 0.03390776377195385 0.0)
(9.783012636941285 0.03539264727250474 0.0)
(9.93618617007022 0.036287245781118825 0.0)
(10.000000000000004 0.03658577975970229 0.0)
(9.974924941040873 0.036287245781117236 0.0)
(9.861431807503171 0.03539264727250169 0.0)
(9.659944480390484 0.03390776377194972 0.0)
(9.37098796511535 0.03184197102159643 0.0)
(8.994966204199471 0.029212142532033233 0.0)
(8.53257760426828 0.026043500251883865 0.0)
(7.983299107621319 0.02233846917187101 0.0)
(7.356878305301182 0.01801702739252282 0.0)
(6.654887692278963 0.013666878477049997 0.0)
(5.838070089651146 0.010540740599837799 0.0)
(4.8895498120891165 0.008368242021623994 0.0)
(3.8208401482975898 0.005838993960423429 0.0)
(2.637738282959763 0.00291932573698018 0.0)
(1.3597890282803262 0.0008045480269893552 0.0)
(0.017316438453376444 6.122062159803735e-05 0.0)
)
