(
(-0.023423477874894596 4.424313260949682e-05 0.0)
(1.2007953189435854 0.0005345866409643006 0.0)
(2.320066080667296 0.0016298534697469192 0.0)
(3.3686266085254446 0.0022478110903867313 0.0)
(4.356294448287994 0.001051873617693016 0.0)
(5.27552218995859 -0.001703376756977699 0.0)
(6.136799342060437 -0.004129743594802923 0.0)
(6.9410727641899195 -0.005129633467322071 0.0)
(7.6525883824721985 -0.005546058062678331 0.0)
(8.261227279105205 -0.006016694212627939 0.0)
(8.777774283598628 -0.006462084892358085 0.0)
(9.202947357093496 -0.006835612372262755 0.0)
(9.537266053365526 -0.00713087526527219 0.0)
(9.781193857247178 -0.0073439998713913015 0.0)
(9.935290098674663 -0.00747223646155382 0.0)
(10.000000000000005 -0.007515258748044343 0.0)
(9.975821012436437 -0.007472236461555499 0.0)
(9.86325058719728 -0.007343999871394616 0.0)
(9.662733946634471 -0.007130875265276244 0.0)
(9.374830420684269 -0.006835612372268543 0.0)
(9.000003494179156 -0.006462084892364328 0.0)
(8.53877272089478 -0.00601669421263594 0.0)
(7.991856061972245 -0.005546058062687257 0.0)
(7.370038346921217 -0.005129633467329851 0.0)
(6.663200657939581 -0.004129743594810393 0.0)
(5.835588921152514 -0.0017033767569852437 0.0)
(4.888149996156448 0.0010518736176886568 0.0)
(3.8313733914745445 0.0022478110903851618 0.0)
(2.6577116971104866 0.001629853469746543 0.0)
(1.3769824588342072 0.0005345866409641062 0.0)
(0.023423477874896254 4.42431326094781e-05 0.0)
(-0.023447301849959978 4.4223247191137486e-05 0.0)
(1.2007112759593817 0.0005341835569092404 0.0)
(2.3199423846546487 0.0016274805560998363 0.0)
(3.3686528015472557 0.002240239393760722 0.0)
(4.3568594793720115 0.001035511110644246 0.0)
(5.276572380218465 -0.001729727135382393 0.0)
(6.1371427972248265 -0.004161676044852974 0.0)
(6.940465646282321 -0.0051598044964121376 0.0)
(7.652307855053248 -0.005572480709393144 0.0)
(8.261189503892272 -0.006040736222721152 0.0)
(8.777727417244634 -0.006484014025648639 0.0)
(9.202920947889695 -0.006855617183410755 0.0)
(9.537249344853295 -0.0071493009257423395 0.0)
(9.781184675911016 -0.0073612569684323986 0.0)
(9.935285798609334 -0.007488775034972323 0.0)
(10.000000000000005 -0.007531557026356509 0.0)
(9.975825312501767 -0.007488775034974013 0.0)
(9.863259768533442 -0.007361256968435735 0.0)
(9.662750655146704 -0.007149300925746428 0.0)
(9.374856829888072 -0.00685561718341659 0.0)
(9.000050360533148 -0.00648401402565494 0.0)
(8.538810496107713 -0.006040736222729222 0.0)
(7.992136589391197 -0.005572480709402152 0.0)
(7.370645464828817 -0.005159804496420014 0.0)
(6.662857202775189 -0.004161676044860543 0.0)
(5.8345387308926355 -0.0017297271353900192 0.0)
(4.88758496507243 0.0010355111106398352 0.0)
(3.831347198452734 0.0022402393937591284 0.0)
(2.657835393123134 0.0016274805560994514 0.0)
(1.3770665018184112 0.0005341835569090443 0.0)
(0.023447301849961712 4.422324719111869e-05 0.0)
(-0.023473412596404338 4.419082384145779e-05 0.0)
(1.2006178202716113 0.000533612930414416 0.0)
(2.319789438732997 0.0016244911089694357 0.0)
(3.368607521605033 0.0022314203590380476 0.0)
(4.357334272502142 0.0010172550780341639 0.0)
(5.277669228797298 -0.0017589307790771855 0.0)
(6.137722810251434 -0.00419801324804362 0.0)
(6.939993960484741 -0.005195597725542936 0.0)
(7.652017456272457 -0.005604635711463605 0.0)
(8.261155337838165 -0.0060702328856559185 0.0)
(8.777686776651851 -0.0065111159513554 0.0)
(9.202897663182297 -0.006880497730840386 0.0)
(9.537234595815741 -0.007172335847334692 0.0)
(9.781176616417337 -0.007382914545816417 0.0)
(9.935281988989704 -0.007509582738384842 0.0)
(10.000000000000005 -0.007552079196509589 0.0)
(9.975829122121397 -0.007509582738386544 0.0)
(9.863267828027121 -0.0073829145458197765 0.0)
(9.662765404184258 -0.007172335847338816 0.0)
(9.374880114595468 -0.006880497730846269 0.0)
(9.00009100112593 -0.006511115951361765 0.0)
(8.53884466216182 -0.006070232885664063 0.0)
(7.992426988171989 -0.005604635711472701 0.0)
(7.371117150626397 -0.005195597725550915 0.0)
(6.66227718974858 -0.004198013248051291 0.0)
(5.8334418823138 -0.001758930779084895 0.0)
(4.887110171942299 0.0010172550780296998 0.0)
(3.8313924783949567 0.002231420359036427 0.0)
(2.657988339044786 0.0016244911089690413 0.0)
(1.377159957506182 0.0005336129304142177 0.0)
(0.023473412596406142 4.419082384143886e-05 0.0)
(-0.023500662855797164 4.414728718312579e-05 0.0)
(1.2005190581522225 0.0005328998337640778 0.0)
(2.319613963066332 0.001621016479193588 0.0)
(3.3684927582166013 0.0022217414784704522 0.0)
(4.357697966136857 0.0009979076565371882 0.0)
(5.2787645421751614 -0.001789704533384684 0.0)
(6.138513896428973 -0.004237158614143698 0.0)
(6.939678431808201 -0.005235440465708322 0.0)
(7.651729945720984 -0.005641110236924651 0.0)
(8.261126282136798 -0.0061038881720255015 0.0)
(8.777654147493578 -0.006542199860444384 0.0)
(9.20287852605875 -0.006909160808815264 0.0)
(9.537222454298592 -0.0071989679177356745 0.0)
(9.781170032885548 -0.0074080210092145205 0.0)
(9.935278837203493 -0.0075337453193700474 0.0)
(10.000000000000005 -0.007575923551891306 0.0)
(9.975832273907608 -0.007533745319371763 0.0)
(9.86327441155891 -0.007408021009217906 0.0)
(9.662777545701406 -0.007198967917739836 0.0)
(9.374899251719015 -0.006909160808821201 0.0)
(9.000123630284204 -0.006542199860450815 0.0)
(8.538873717863186 -0.0061038881720337276 0.0)
(7.992714498723463 -0.005641110236933841 0.0)
(7.371432679302937 -0.005235440465716408 0.0)
(6.661486103571038 -0.004237158614151475 0.0)
(5.832346568935934 -0.001789704533392475 0.0)
(4.886746478307584 0.0009979076565326721 0.0)
(3.831507241783389 0.0022217414784688047 0.0)
(2.658163814711452 0.0016210164791931837 0.0)
(1.3772587196255708 0.0005328998337638776 0.0)
(0.023500662855799045 4.4147287183106705e-05 0.0)
(-0.023527855301593677 4.409455013726052e-05 0.0)
(1.2004193290280611 0.0005320755991204686 0.0)
(2.319423667734422 0.0016172093356479884 0.0)
(3.3683135538752946 0.002211628024363066 0.0)
(4.357934580243207 0.0009783189364587898 0.0)
(5.2798101942860525 -0.0018206962558396085 0.0)
(6.1394812968780546 -0.0042773921673811945 0.0)
(6.939532924005505 -0.005277582099795659 0.0)
(7.651457956086475 -0.005680301661855782 0.0)
(8.261103613442534 -0.006140223330117432 0.0)
(8.777630963435334 -0.006575899982816625 0.0)
(9.202864377369252 -0.006940347014126793 0.0)
(9.5372134537779 -0.0072280269724938635 0.0)
(9.781165214583991 -0.007435473226555972 0.0)
(9.935276481734416 -0.007560201118323642 0.0)
(10.000000000000005 -0.007602042415148203 0.0)
(9.975834629376685 -0.007560201118325369 0.0)
(9.863279229860465 -0.007435473226559383 0.0)
(9.6627865462221 -0.007228026972498065 0.0)
(9.374913400408513 -0.00694034701413278 0.0)
(9.000146814342449 -0.006575899982823121 0.0)
(8.53889638655745 -0.006140223330125738 0.0)
(7.992986488357973 -0.005680301661865066 0.0)
(7.371578187105633 -0.0052775820998038495 0.0)
(6.660518703121953 -0.004277392167389072 0.0)
(5.8313009168250405 -0.0018206962558474764 0.0)
(4.886509864201234 0.0009783189364542247 0.0)
(3.8316864461246967 0.0022116280243613924 0.0)
(2.658354110043362 0.001617209335647574 0.0)
(1.3773584487497323 0.000532075599120266 0.0)
(0.02352785530159562 4.409455013724128e-05 0.0)
(-0.023553795147472755 4.403492987317762e-05 0.0)
(1.2003230148143937 0.0005311764418459339 0.0)
(2.319226913966017 0.0016132369572550585 0.0)
(3.368077782492025 0.002201524363387325 0.0)
(4.358033718430231 0.0009593496103226624 0.0)
(5.280760241089185 -0.0018505442268550445 0.0)
(6.1405825057927546 -0.00431694611903206 0.0)
(6.939563830423304 -0.0053201710014990945 0.0)
(7.651213438095878 -0.005720487986744212 0.0)
(8.261088327776326 -0.006177641859558441 0.0)
(8.777618243142225 -0.0066107355967477185 0.0)
(9.202855838781337 -0.006972686081967133 0.0)
(9.537207989720077 -0.007258236209905225 0.0)
(9.781162373220024 -0.007464064997633203 0.0)
(9.935275026077477 -0.007587787715839121 0.0)
(10.000000000000005 -0.00762928817121188 0.0)
(9.975836085033624 -0.007587787715840861 0.0)
(9.863282071224434 -0.0074640649976366385 0.0)
(9.66279201027992 -0.007258236209909463 0.0)
(9.37492193899643 -0.006972686081973173 0.0)
(9.000159534635557 -0.006610735596754279 0.0)
(8.538911672223659 -0.006177641859566822 0.0)
(7.993231006348569 -0.005720487986753584 0.0)
(7.371547280687833 -0.005320171001507382 0.0)
(6.65941749420725 -0.004316946119040027 0.0)
(5.830350870021907 -0.00185054422686298 0.0)
(4.88641072601421 0.000959349610318053 0.0)
(3.8319222175079672 0.002201524363385627 0.0)
(2.658550863811768 0.0016132369572546342 0.0)
(1.3774547629634002 0.0005311764418457289 0.0)
(0.02355379514747476 4.40349298731582e-05 0.0)
(-0.02357734264406208 4.397104599620869e-05 0.0)
(1.2002343473815666 0.0005302418692661548 0.0)
(2.319032346761749 0.0016092738830541231 0.0)
(3.367795803430041 0.0021918744319223793 0.0)
(4.35799102474736 0.000941833155615826 0.0)
(5.2815729392660895 -0.0018779369811898923 0.0)
(6.141769138067967 -0.004354082540822664 0.0)
(6.939769793090141 -0.005361335892391968 0.0)
(7.651007135422368 -0.0057599034979931435 0.0)
(8.261081096762384 -0.006214499658620157 0.0)
(8.777616545520658 -0.006645176089091487 0.0)
(9.202853285464935 -0.007004757092858034 0.0)
(9.53720630220583 -0.007288268291344139 0.0)
(9.781161633637979 -0.007492540052332245 0.0)
(9.935274534191581 -0.007615293007289909 0.0)
(10.000000000000005 -0.007656463691405604 0.0)
(9.97583657691952 -0.007615293007291661 0.0)
(9.86328281080648 -0.007492540052335703 0.0)
(9.66279369779417 -0.007288268291348411 0.0)
(9.37492449231283 -0.007004757092864119 0.0)
(9.000161232257124 -0.006645176089098105 0.0)
(8.538918903237601 -0.006214499658628607 0.0)
(7.993437309022079 -0.005759903498002597 0.0)
(7.371341318020995 -0.005361335892400344 0.0)
(6.658230861932035 -0.00435408254083071 0.0)
(5.829538171845001 -0.0018779369811978846 0.0)
(4.886453419697082 0.00094183315561118 0.0)
(3.832204196569952 0.0021918744319206597 0.0)
(2.6587454310160363 0.0016092738830536892 0.0)
(1.3775434303962275 0.0005302418692659474 0.0)
(0.023577342644064133 4.3971045996189106e-05 0.0)
(-0.023597463157440438 4.390570544703551e-05 0.0)
(1.2001572226143657 0.0005293129447905348 0.0)
(2.3188485150486233 0.001605494243275331 0.0)
(3.3674800063334605 0.002183102230302746 0.0)
(4.357808375076914 0.0009265392133126508 0.0)
(5.282212580345663 -0.0019016709313323073 0.0)
(6.1429890552524 -0.004387169726318692 0.0)
(6.940141762383235 -0.005399268062477491 0.0)
(7.650848112627999 -0.005796816350146941 0.0)
(8.26108223811823 -0.006249177263041245 0.0)
(8.777625945161022 -0.006677708207621445 0.0)
(9.202856829608097 -0.007035150905253204 0.0)
(9.537208465381445 -0.0073168036620943205 0.0)
(9.781163028333738 -0.007519647248843263 0.0)
(9.935275027689292 -0.007641508460489166 0.0)
(10.000000000000005 -0.0076823749330882695 0.0)
(9.97583608342181 -0.007641508460490927 0.0)
(9.86328141611072 -0.00751964724884674 0.0)
(9.662791534618554 -0.007316803662098623 0.0)
(9.374920948169668 -0.007035150905259329 0.0)
(9.000151832616762 -0.006677708207628112 0.0)
(8.538917761881756 -0.006249177263049754 0.0)
(7.993596331816448 -0.005796816350156462 0.0)
(7.3709693487278996 -0.005399268062485938 0.0)
(6.657010944747599 -0.0043871697263268 0.0)
(5.828898530765426 -0.0019016709313403421 0.0)
(4.88663606936753 0.0009265392133079768 0.0)
(3.832519993666533 0.00218310223030101 0.0)
(2.6589292627291625 0.0016054942432748892 0.0)
(1.3776205551634282 0.0005293129447903254 0.0)
(0.023597463157442527 4.3905705447015765e-05 0.0)
(-0.02361327262905943 4.384177916985158e-05 0.0)
(1.2000950292339665 0.0005284304836611132 0.0)
(2.318683496055804 0.0016020641083759073 0.0)
(3.3671442667489733 0.002175593193019305 0.0)
(4.357493794711263 0.0009141397712584616 0.0)
(5.28265105966906 -0.001920703250933066 0.0)
(6.144188656416746 -0.004414753885120744 0.0)
(6.940663394652344 -0.005432300841597045 0.0)
(7.650743356883432 -0.00582960466001212 0.0)
(8.261091701694777 -0.006280151002324326 0.0)
(8.77764602906031 -0.006706902550565216 0.0)
(9.202866315487658 -0.00706253207063991 0.0)
(9.537214384200944 -0.007342588530168993 0.0)
(9.781166496026923 -0.007544195546542778 0.0)
(9.935276484887225 -0.007665282216383133 0.0)
(10.000000000000005 -0.0077058834037036185 0.0)
(9.975834626223875 -0.007665282216384902 0.0)
(9.863277948417535 -0.007544195546546269 0.0)
(9.662785615799056 -0.007342588530173319 0.0)
(9.374911462290108 -0.007062532070646066 0.0)
(9.000131748717472 -0.006706902550571922 0.0)
(8.538908298305207 -0.006280151002332882 0.0)
(7.993701087561016 -0.005829604660021695 0.0)
(7.370447716458788 -0.005432300841605549 0.0)
(6.65581134358325 -0.004414753885128893 0.0)
(5.828460051442029 -0.0019207032509411276 0.0)
(4.886950649733182 0.0009141397712537698 0.0)
(3.8328557332510216 0.002175593193017556 0.0)
(2.6590942817219823 0.0016020641083754595 0.0)
(1.3776827485438277 0.0005284304836609019 0.0)
(0.023613272629061533 4.3841779169831685e-05 0.0)
(-0.023624076419658722 4.378207596832654e-05 0.0)
(1.2000504999037238 0.0005276332596054999 0.0)
(2.3185445404159415 0.0015991341922080785 0.0)
(3.3668033364597028 0.0021696772534328932 0.0)
(4.3570611057361655 0.0009051796382529816 0.0)
(5.282869111256986 -0.0019341976946875563 0.0)
(6.14531523328045 -0.004435623019754848 0.0)
(6.941311770329864 -0.005458982829867882 0.0)
(7.650697470964438 -0.005856827769237722 0.0)
(8.261109071679787 -0.006306059947030158 0.0)
(8.777675914768736 -0.00673147637190339 0.0)
(9.202881326311422 -0.007085697510703485 0.0)
(9.537223798602225 -0.007364489955637038 0.0)
(9.781171884353439 -0.007565106338139713 0.0)
(9.935278841758768 -0.0076855696996306865 0.0)
(10.000000000000005 -0.007725956184060343 0.0)
(9.975832269352333 -0.007685569699632461 0.0)
(9.86327256009102 -0.007565106338143216 0.0)
(9.662776201397772 -0.00736448995564138 0.0)
(9.374896451466343 -0.007085697510709661 0.0)
(9.000101863009046 -0.006731476371910123 0.0)
(8.538890928320198 -0.006306059947038745 0.0)
(7.99374697348001 -0.005856827769247332 0.0)
(7.369799340781266 -0.0054589828298764196 0.0)
(6.654684766719543 -0.004435623019763018 0.0)
(5.828241999854105 -0.0019341976946956275 0.0)
(4.88738333870828 0.0009051796382482827 0.0)
(3.833196663540293 0.0021696772534311364 0.0)
(2.659233237361845 0.0015991341922076256 0.0)
(1.3777272778740703 0.000527633259605287 0.0)
(0.02362407641966083 4.3782075968306524e-05 0.0)
(-0.023629399830444365 4.3729219091911484e-05 0.0)
(1.2000255911609443 0.0005269563011902182 0.0)
(2.31843775358564 0.0015968332299281282 0.0)
(3.3664721953188455 0.0021656143471060325 0.0)
(4.356529319713606 0.0009000525061483712 0.0)
(5.2828571543215785 -0.0019415613414245924 0.0)
(6.146319286117138 -0.004448860178624185 0.0)
(6.942058400974694 -0.005478141669538696 0.0)
(7.650712471014351 -0.005877289544207645 0.0)
(8.261133584867892 -0.006325765705527441 0.0)
(8.777714289162942 -0.006750349942882905 0.0)
(9.202901202531256 -0.007103629378387511 0.0)
(9.537236294933722 -0.0073815456299309145 0.0)
(9.781178956560074 -0.007581460841706512 0.0)
(9.935281994747296 -0.007701479515332831 0.0)
(10.000000000000005 -0.007741711312911684 0.0)
(9.975829116363805 -0.007701479515334607 0.0)
(9.863265487884384 -0.00758146084171002 0.0)
(9.662763705066276 -0.007381545629935265 0.0)
(9.374876575246509 -0.007103629378393698 0.0)
(9.00006348861484 -0.006750349942889651 0.0)
(8.538866415132093 -0.006325765705536043 0.0)
(7.993731973430098 -0.005877289544217274 0.0)
(7.369052710136434 -0.005478141669547249 0.0)
(6.653680713882853 -0.004448860178632357 0.0)
(5.828253956789512 -0.0019415613414326559 0.0)
(4.887915124730841 0.0009000525061436766 0.0)
(3.833527804681151 0.002165614347104274 0.0)
(2.6593400241921468 0.001596833229927673 0.0)
(1.3777521866168498 0.0005269563011900043 0.0)
(0.02362939983044646 4.372921909189137e-05 0.0)
(-0.023629008960485334 4.3685530975057175e-05 0.0)
(1.2000213974502167 0.0005264293527295755 0.0)
(2.318367827582861 0.0015952623216091467 0.0)
(3.366165393062325 0.0021635829907098486 0.0)
(4.355921802348541 0.0008989836517494841 0.0)
(5.282615714228708 -0.00194247064597796 0.0)
(6.147156698682027 -0.004453883745184735 0.0)
(6.942870481002222 -0.005488935556244462 0.0)
(7.650787697958419 -0.0058900909319634705 0.0)
(8.261164164194456 -0.006338402442838469 0.0)
(8.777759466142252 -0.006762693993323141 0.0)
(9.202925070822424 -0.007115539780231375 0.0)
(9.537251324129489 -0.007393006157924625 0.0)
(9.78118740190701 -0.007592540470276169 0.0)
(9.935285805316262 -0.007712312615293799 0.0)
(10.000000000000005 -0.0077524565387191045 0.0)
(9.975825305794839 -0.007712312615295576 0.0)
(9.863257042537448 -0.007592540470279677 0.0)
(9.66274867587051 -0.007393006157928976 0.0)
(9.374852706955341 -0.007115539780237562 0.0)
(9.00001831163553 -0.006762693993329887 0.0)
(8.538835835805529 -0.00633840244284707 0.0)
(7.993656746486028 -0.005890090931973097 0.0)
(7.368240630108903 -0.005488935556253005 0.0)
(6.652843301317962 -0.0044538837451928845 0.0)
(5.828495396882384 -0.0019424706459859988 0.0)
(4.888522642095909 0.0008989836517448043 0.0)
(3.833834606937672 0.0021635829907080935 0.0)
(2.6594099501949255 0.0015952623216086903 0.0)
(1.3777563803275774 0.0005264293527293609 0.0)
(0.02362900896048741 4.368553097503698e-05 0.0)
(-0.02362292098389256 4.3652931193693045e-05 0.0)
(1.200038103035518 0.000526075567374907 0.0)
(2.3183378348282413 0.0015944904900887737 0.0)
(3.365896410020014 0.002163672438328127 0.0)
(4.355265246842568 0.0009020200385631933 0.0)
(5.282155399414353 -0.0019368856551691103 0.0)
(6.147790676599019 -0.004450472993112182 0.0)
(6.943712329101698 -0.005490890226350183 0.0)
(7.650919846462345 -0.005894669462946684 0.0)
(8.261199466059812 -0.006343414923844054 0.0)
(8.777809460712843 -0.006767966148230558 0.0)
(9.202951882455876 -0.007120905394967524 0.0)
(9.537268225834158 -0.007398367984984567 0.0)
(9.78119684932115 -0.007597858405238939 0.0)
(9.93529010603624 -0.007717593012919903 0.0)
(10.000000000000005 -0.007757719735918464 0.0)
(9.975821005074861 -0.007717593012921676 0.0)
(9.863247595123308 -0.007597858405242442 0.0)
(9.662731774165842 -0.007398367984988911 0.0)
(9.37482589532189 -0.007120905394973701 0.0)
(8.999968317064939 -0.006767966148237291 0.0)
(8.538800533940172 -0.006343414923852637 0.0)
(7.993524597982102 -0.005894669462956289 0.0)
(7.367398782009426 -0.0054908902263586966 0.0)
(6.65220932340097 -0.004450472993120289 0.0)
(5.828955711696742 -0.0019368856551771083 0.0)
(4.889179197601883 0.0009020200385585391 0.0)
(3.8341035899799834 0.0021636724383263814 0.0)
(2.659439942949545 0.001594490490088319 0.0)
(1.3777396747422759 0.0005260755673746922 0.0)
(0.023622920983894593 4.365293119367281e-05 0.0)
(-0.023611403395219884 4.3632852122572595e-05 0.0)
(1.2000749739039924 0.0005259104898074651 0.0)
(2.3183490931485484 0.0015945516482319892 0.0)
(3.3656770648147014 0.0021658787597961617 0.0)
(4.354588501043486 0.0009090282533078175 0.0)
(5.281496435269331 -0.0019250517632767316 0.0)
(6.1481933640382715 -0.004438777784612799 0.0)
(6.9445469560077475 -0.005483919795227384 0.0)
(7.651103110162624 -0.00589082396488207 0.0)
(8.261237939364579 -0.006340582909298885 0.0)
(8.777862076204748 -0.006765934758763659 0.0)
(9.202980459377487 -0.0071194904673005655 0.0)
(9.537286257417747 -0.007397395522238916 0.0)
(9.781206883700403 -0.007597180986261446 0.0)
(9.935294707941457 -0.007717088697199663 0.0)
(10.000000000000005 -0.007757269649253569 0.0)
(9.975816403169643 -0.007717088697201432 0.0)
(9.863237560744055 -0.007597180986264939 0.0)
(9.662713742582252 -0.007397395522243243 0.0)
(9.374797318400278 -0.007119490467306719 0.0)
(8.999915701573034 -0.006765934758770364 0.0)
(8.538762060635406 -0.006340582909307436 0.0)
(7.993341334281822 -0.005890823964891634 0.0)
(7.366564155103374 -0.005483919795235845 0.0)
(6.6518066359617185 -0.0044387777846208445 0.0)
(5.829614675841766 -0.0019250517632846745 0.0)
(4.889855943400966 0.0009090282533031977 0.0)
(3.8343229351852965 0.002165878759794431 0.0)
(2.659428684629238 0.001594551648231538 0.0)
(1.3777028038738013 0.0005259104898072507 0.0)
(0.023611403395221862 4.363285212255236e-05 0.0)
(-0.023594962256242757 4.362617599934725e-05 0.0)
(1.200130390017132 0.0005259413732335622 0.0)
(2.3184011078737843 0.0015954431088618653 0.0)
(3.3655169950734276 0.0021701050133849987 0.0)
(4.353921299923637 0.0009197003678486442 0.0)
(5.2806677754726365 -0.0019074889298610822 0.0)
(6.148347067650398 -0.004419311985752273 0.0)
(6.945337689741026 -0.005468330530867557 0.0)
(7.651329436787538 -0.0058787234019194445 0.0)
(8.261277893662127 -0.006330030832741055 0.0)
(8.777915000789507 -0.006756689080459297 0.0)
(9.203009545969607 -0.007111357166563649 0.0)
(9.537304626605462 -0.007390131497921641 0.0)
(9.7812170641525 -0.00759053797789426 0.0)
(9.93529940883262 -0.007710821826843212 0.0)
(10.000000000000005 -0.007751126054709065 0.0)
(9.975811702278481 -0.007710821826844972 0.0)
(9.863227380291958 -0.007590537977897737 0.0)
(9.662695373394538 -0.007390131497925945 0.0)
(9.37476823180816 -0.0071113571665697714 0.0)
(8.999862776988275 -0.006756689080465962 0.0)
(8.538722106337856 -0.006330030832749557 0.0)
(7.9931150076569075 -0.0058787234019289526 0.0)
(7.365773421370094 -0.005468330530875947 0.0)
(6.651652932349592 -0.0044193119857602395 0.0)
(5.8304433356384635 -0.0019074889298689578 0.0)
(4.8905231445208175 0.0009197003678440665 0.0)
(3.8344830049265703 0.002170105013383286 0.0)
(2.6593766699040016 0.0015954431088614197 0.0)
(1.3776473877606614 0.0005259413732333487 0.0)
(0.023594962256244672 4.3626175999327056e-05 0.0)
(-0.023574319960529614 4.3633196160657915e-05 0.0)
(1.2002019164923068 0.0005261668606919552 0.0)
(2.318491593572081 0.001597125702829207 0.0)
(3.3654232339677845 0.0021761655052436554 0.0)
(4.3532929590796146 0.0009335674689968311 0.0)
(5.279705829819745 -0.0018849688336921497 0.0)
(6.148245033979877 -0.004392930888120857 0.0)
(6.9460497869079 -0.005444807397026918 0.0)
(7.651588881959242 -0.005858899450658034 0.0)
(8.261317573433722 -0.006312222333110034 0.0)
(8.777965909057691 -0.006740635351507675 0.0)
(9.203037864220585 -0.007096862855111699 0.0)
(9.537322526288799 -0.007376895079972089 0.0)
(9.781226943367 -0.007578221261771991 0.0)
(9.93530400216117 -0.007699067756669092 0.0)
(10.000000000000005 -0.007739558890589848 0.0)
(9.975807108949931 -0.0076990677566708444 0.0)
(9.863217501077457 -0.007578221261775451 0.0)
(9.662677473711199 -0.007376895079976364 0.0)
(9.374739913557182 -0.007096862855117785 0.0)
(8.99981186872009 -0.00674063535151429 0.0)
(8.538682426566261 -0.0063122223331184765 0.0)
(7.992855562485203 -0.005858899450667472 0.0)
(7.365061324203219 -0.005444807397035223 0.0)
(6.651754966020115 -0.004392930888128734 0.0)
(5.8314052812913575 -0.0018849688336999495 0.0)
(4.8911514853648415 0.0009335674689923013 0.0)
(3.8345767660322134 0.0021761655052419645 0.0)
(2.6592861842057043 0.0015971257028287683 0.0)
(1.3775758612854865 0.0005261668606917432 0.0)
(0.02357431996053146 4.363319616063779e-05 0.0)
(-0.023550383492790084 4.365360415345961e-05 0.0)
(1.2002864105870514 0.0005265770446762402 0.0)
(2.3186165744673937 0.0015995255000333076 0.0)
(3.3653999011892237 0.0021837939484472195 0.0)
(4.352731086658589 0.0009500202616970716 0.0)
(5.278652864442815 -0.0018584809665962456 0.0)
(6.147891746199524 -0.004360793628885627 0.0)
(6.946651959261601 -0.005414383957172067 0.0)
(7.651870046131531 -0.005832223139249372 0.0)
(8.261355235222789 -0.006287939883299879 0.0)
(8.77801256419313 -0.00671847894338946 0.0)
(9.203064169878282 -0.0070766443864733256 0.0)
(9.537339169988421 -0.00735826785237962 0.0)
(9.781236087269294 -0.00756077201186826 0.0)
(9.935308286104654 -0.0076823429390172945 0.0)
(10.000000000000005 -0.007723076396925789 0.0)
(9.975802825006447 -0.007682342939019034 0.0)
(9.863208357175163 -0.007560772011871696 0.0)
(9.662660830011578 -0.007358267852383861 0.0)
(9.374713607899483 -0.007076644386479365 0.0)
(8.999765213584652 -0.0067184789433960175 0.0)
(8.538644764777194 -0.006287939883308252 0.0)
(7.992574398312914 -0.005832223139258726 0.0)
(7.364459151849517 -0.005414383957180277 0.0)
(6.65210825380047 -0.0043607936288934035 0.0)
(5.832458246668291 -0.0018584809666039642 0.0)
(4.891713357785868 0.0009500202616925936 0.0)
(3.834600098810774 0.0021837939484455537 0.0)
(2.6591612033103913 0.0015995255000328776 0.0)
(1.3774913671907416 0.00052657704467603 0.0)
(0.02355038349279186 4.365360415343958e-05 0.0)
(-0.02352420457762611 4.3686503287884e-05 0.0)
(1.2003801597854202 0.000527153902452558 0.0)
(2.3187705591278287 0.001602537057775324 0.0)
(3.3654480219373486 0.0021926551631571687 0.0)
(4.352260370306824 0.0009683358403376507 0.0)
(5.277555144714163 -0.0018291891569953806 0.0)
(6.1473027271280865 -0.0043243122604239214 0.0)
(6.947117748450551 -0.005378396961592119 0.0)
(7.652160575465051 -0.005799866576013819 0.0)
(8.261389224239217 -0.006258250409731764 0.0)
(8.778052916254524 -0.0066911933681433645 0.0)
(9.203087307120224 -0.007051590123171853 0.0)
(9.537353826410612 -0.0073350682614470985 0.0)
(9.781244094093042 -0.007538956916301333 0.0)
(9.935312072434433 -0.007661382231778247 0.0)
(10.000000000000005 -0.007702402784334614 0.0)
(9.975799038676668 -0.007661382231779977 0.0)
(9.863200350351416 -0.007538956916304746 0.0)
(9.662646173589387 -0.0073350682614513035 0.0)
(9.374690470657542 -0.007051590123177842 0.0)
(8.999724861523259 -0.006691193368149859 0.0)
(8.538610775760766 -0.006258250409740061 0.0)
(7.992283868979393 -0.005799866576023083 0.0)
(7.363993362660566 -0.0053783969616002245 0.0)
(6.652697272871909 -0.004324312260431594 0.0)
(5.833555966396946 -0.0018291891570030156 0.0)
(4.892184074137634 0.0009683358403332257 0.0)
(3.8345519780626485 0.00219265516315553 0.0)
(2.659007218649956 0.0016025370577749036 0.0)
(1.3773976179923726 0.0005271539024523498 0.0)
(0.02352420457762781 4.3686503287864104e-05 0.0)
(-0.023496933468677022 4.373044803615175e-05 0.0)
(1.2004790449191465 0.0005278720879455486 0.0)
(2.318946781749114 0.0016060280537175608 0.0)
(3.365565481874521 0.0022023598038102827 0.0)
(4.351901492439664 0.0009877094519005053 0.0)
(5.276460902430443 -0.0017983804334155654 0.0)
(6.1465038571859845 -0.00428508970732517 0.0)
(6.947426688549925 -0.005338427613036507 0.0)
(7.6524477046323955 -0.005763251449145287 0.0)
(8.261418047067806 -0.006224458413558915 0.0)
(8.778085192246118 -0.006659977504028152 0.0)
(9.203106259338329 -0.0070228009037012675 0.0)
(9.537365851578997 -0.007308315654757645 0.0)
(9.781250612033057 -0.0075137344904608345 0.0)
(9.935315194786103 -0.0076371066100815056 0.0)
(10.000000000000005 -0.007678446413532277 0.0)
(9.975795916324998 -0.007637106610083221 0.0)
(9.863193832411401 -0.0075137344904642215 0.0)
(9.662634148421002 -0.007308315654761812 0.0)
(9.374671518439438 -0.007022800903707205 0.0)
(8.999692585531664 -0.006659977504034581 0.0)
(8.538581952932178 -0.006224458413567132 0.0)
(7.9919967398120475 -0.005763251449154458 0.0)
(7.363684422561192 -0.005338427613044506 0.0)
(6.6534961428140145 -0.004285089707332739 0.0)
(5.834650208680668 -0.0017983804334231188 0.0)
(4.892542952004794 0.0009877094518961327 0.0)
(3.8344345181254758 0.0022023598038086708 0.0)
(2.6588309960286702 0.0016060280537171507 0.0)
(1.3772987328586461 0.0005278720879453425 0.0)
(0.023496933468678646 4.373044803613199e-05 0.0)
(-0.02346976840857896 4.37835075464186e-05 0.0)
(1.2005787211563592 0.0005287000453985332 0.0)
(2.319137499431659 0.0016098450998849134 0.0)
(3.3657471200259885 0.0022124814662504012 0.0)
(4.351670221494044 0.001007289855336585 0.0)
(5.275418216595744 -0.00176740847480793 0.0)
(6.145530237256981 -0.004244849336816902 0.0)
(6.9475652052969465 -0.0052962320915589094 0.0)
(7.652718817703239 -0.0057239865603329 0.0)
(8.261440437286197 -0.006188048653272457 0.0)
(8.77810797401989 -0.006626202919005236 0.0)
(9.203120193806802 -0.00699154167369672 0.0)
(9.537374717129675 -0.0072791854929066865 0.0)
(9.781255354702978 -0.007486212961595068 0.0)
(9.935317515969244 -0.007610582700333428 0.0)
(10.000000000000005 -0.007652259883624891 0.0)
(9.975793595141857 -0.007610582700335131 0.0)
(9.86318908974148 -0.007486212961598431 0.0)
(9.662625282870325 -0.007279185492910813 0.0)
(9.374657583970963 -0.006991541673702604 0.0)
(8.999669803757891 -0.006626202919011597 0.0)
(8.538559562713788 -0.006188048653280593 0.0)
(7.991725626741204 -0.005723986560341979 0.0)
(7.3635459058141715 -0.005296232091566805 0.0)
(6.654469762743021 -0.0042448493368243715 0.0)
(5.835692894515369 -0.0017674084748154075 0.0)
(4.892774222950414 0.0010072898553322614 0.0)
(3.834252879974007 0.0022124814662488152 0.0)
(2.6586402783461245 0.0016098450998845134 0.0)
(1.3771990566214332 0.0005287000453983295 0.0)
(0.023469768408580522 4.378350754639902e-05 0.0)
(-0.023443902980375565 4.384335048087309e-05 0.0)
(1.200674808905548 0.000529601395875733 0.0)
(2.3193343323894022 0.0016138204822518764 0.0)
(3.3659849555436736 0.002222575423146964 0.0)
(4.3515767190922165 0.001026216723540243 0.0)
(5.274472900918102 -0.0017376341323720975 0.0)
(6.144424646419569 -0.004205359237161571 0.0)
(6.9475272125191605 -0.005253664391178525 0.0)
(7.652962002465236 -0.0056837971369579875 0.0)
(8.261455411109155 -0.006150620907129601 0.0)
(8.778120260586377 -0.006591353606551664 0.0)
(9.203128498270596 -0.006959185906537466 0.0)
(9.537380033526567 -0.007248957701913826 0.0)
(9.781258113718565 -0.007457601575333185 0.0)
(9.935318933995315 -0.007582975914604226 0.0)
(10.000000000000005 -0.007624993782829682 0.0)
(9.975792177115785 -0.0075829759146059175 0.0)
(9.863186330725892 -0.0074576015753365235 0.0)
(9.66261996647343 -0.0072489577019179165 0.0)
(9.37464927950717 -0.006959185906543299 0.0)
(8.999657517191405 -0.006591353606557963 0.0)
(8.53854458889083 -0.006150620907137663 0.0)
(7.991482441979206 -0.005683797136966978 0.0)
(7.363583898591958 -0.005253664391186322 0.0)
(6.655575353580436 -0.004205359237168949 0.0)
(5.836638210193013 -0.001737634132379507 0.0)
(4.89286772535224 0.0010262167235359633 0.0)
(3.8340150444563217 0.0022225754231454025 0.0)
(2.658443445388381 0.0016138204822514863 0.0)
(1.3771029688722443 0.0005296013958755317 0.0)
(0.02344390298037707 4.3843350480853656e-05 0.0)
(-0.023420473663662626 4.390734745045481e-05 0.0)
(1.200763086246801 0.0005305365356861541 0.0)
(2.3195286321422754 0.0016177795297900022 0.0)
(3.3662685383700364 0.0022321981645003082 0.0)
(4.35162509355866 0.0010436584445483383 0.0)
(5.273666490838987 -0.0017103656362440782 0.0)
(6.1432356623125255 -0.004168354531092937 0.0)
(6.947314379549717 -0.005212594858774662 0.0)
(7.653166573824839 -0.005644449028759173 0.0)
(8.261462310614295 -0.006113819681823739 0.0)
(8.778121512096327 -0.0065569607817016345 0.0)
(9.20313080784676 -0.006927155255439278 0.0)
(9.537381567176924 -0.007218960435615112 0.0)
(9.781258767853723 -0.007429157463644481 0.0)
(9.935319386558845 -0.007555499244553652 0.0)
(10.000000000000005 -0.007597846133733671 0.0)
(9.975791724552256 -0.007555499244555331 0.0)
(9.863185676590735 -0.007429157463647795 0.0)
(9.662618432823075 -0.0072189604356191674 0.0)
(9.374646969931005 -0.006927155255445066 0.0)
(8.999656265681455 -0.006556960781707876 0.0)
(8.53853768938569 -0.006113819681831733 0.0)
(7.991277870619603 -0.005644449028768084 0.0)
(7.363796731561403 -0.005212594858782373 0.0)
(6.656764337687482 -0.004168354531100238 0.0)
(5.837444620272129 -0.0017103656362514317 0.0)
(4.892819350885796 0.0010436584445440945 0.0)
(3.8337314616299576 0.0022321981644987674 0.0)
(2.658249145635507 0.0016177795297896212 0.0)
(1.3770146915309909 0.0005305365356859552 0.0)
(0.023420473663664083 4.3907347450435554e-05 0.0)
(-0.023400509899753782 4.39726865453995e-05 0.0)
(1.2008396744352423 0.0005314643764973166 0.0)
(2.319711861514599 0.001621548289193338 0.0)
(3.366585408394487 0.0022409268846596757 0.0)
(4.351813219407817 0.0010588486610485016 0.0)
(5.2730344185419895 -0.001686801114257433 0.0)
(6.142015526722327 -0.00413546113769746 0.0)
(6.946936057879927 -0.005174828014466561 0.0)
(7.6533235432907585 -0.005607671119625382 0.0)
(8.261460832649982 -0.006079261955868873 0.0)
(8.77811167356068 -0.006524535602259159 0.0)
(9.203127021056746 -0.0068968570886129895 0.0)
(9.53737925069495 -0.0071905117190132605 0.0)
(9.781257288366946 -0.007402130408759523 0.0)
(9.935318853775021 -0.007529359964796579 0.0)
(10.000000000000005 -0.007572009754372917 0.0)
(9.97579225733608 -0.007529359964798249 0.0)
(9.863187156077512 -0.007402130408762818 0.0)
(9.662620749305047 -0.007190511719017287 0.0)
(9.374650756721019 -0.006896857088618739 0.0)
(8.999666104217102 -0.006524535602265352 0.0)
(8.538539167350002 -0.006079261955876807 0.0)
(7.991120901153683 -0.005607671119634224 0.0)
(7.364175053231195 -0.005174828014474198 0.0)
(6.6579844732776845 -0.004135461137704699 0.0)
(5.838076692569128 -0.0016868011142647445 0.0)
(4.892631225036638 0.0010588486610442855 0.0)
(3.8334145916055062 0.002240926884658152 0.0)
(2.658065916263183 0.0016215482891929651 0.0)
(1.3769381033425494 0.0005314643764971196 0.0)
(0.023400509899755204 4.3972686545380407e-05 0.0)
(-0.023384888859912526 4.403649688540978e-05 0.0)
(1.2009012083259862 0.0005323441506814143 0.0)
(2.319875969742962 0.001624961168068452 0.0)
(3.366921642927848 0.002248378059630006 0.0)
(4.3521328307340434 0.0010711199427174314 0.0)
(5.272604456127495 -0.0016679759483981809 0.0)
(6.140817850174633 -0.004108124332504174 0.0)
(6.946408870271839 -0.005142023264300629 0.0)
(7.65342601391183 -0.0055750793636006706 0.0)
(8.261451042155263 -0.006048466132521885 0.0)
(8.778091177266694 -0.006495502771288754 0.0)
(9.203117304285177 -0.006869622652080021 0.0)
(9.53737318586263 -0.0071648615366703 0.0)
(9.78125374026418 -0.007377707930025358 0.0)
(9.93531735905339 -0.007505706587465076 0.0)
(10.000000000000005 -0.007548619847990208 0.0)
(9.975793752057712 -0.007505706587466739 0.0)
(9.863190704180278 -0.007377707930028639 0.0)
(9.662626814137369 -0.007164861536674304 0.0)
(9.37466047349259 -0.006869622652085739 0.0)
(8.999686600511088 -0.006495502771294908 0.0)
(8.538548957844721 -0.006048466132529774 0.0)
(7.991018430532611 -0.0055750793636094595 0.0)
(7.364702240839284 -0.005142023264308212 0.0)
(6.659182149825382 -0.004108124332511371 0.0)
(5.838506654983623 -0.0016679759484054667 0.0)
(4.892311613710411 0.0010711199427132327 0.0)
(3.8330783570721443 0.0022483780596284954 0.0)
(2.65790180803482 0.0016249611680680853 0.0)
(1.3768765694518055 0.0005323441506812193 0.0)
(0.023384888859913928 4.403649688539085e-05 0.0)
(-0.023374296904051583 4.409597476088334e-05 0.0)
(1.2009449842324462 0.0005331372025702999 0.0)
(2.320013746212037 0.001627868210761257 0.0)
(3.3672624684398476 0.0022542242984146415 0.0)
(4.352569884400375 0.0010799331118882705 0.0)
(5.2723954953574035 -0.00165471728201451 0.0)
(6.139695256385861 -0.004087545244722 0.0)
(6.945755980384493 -0.005115621988984565 0.0)
(7.65346948331643 -0.005548105782819831 0.0)
(8.261433369306568 -0.006022785323921276 0.0)
(8.77806092378403 -0.006471137938269195 0.0)
(9.20310208446922 -0.006846648577157636 0.0)
(9.537363639157597 -0.0071431369106727 0.0)
(9.781248279442568 -0.007356963106477902 0.0)
(9.935314968069282 -0.007485578398686457 0.0)
(10.000000000000005 -0.00752870412428138 0.0)
(9.97579614304182 -0.0074855783986881134 0.0)
(9.86319616500189 -0.007356963106481173 0.0)
(9.662636360842402 -0.007143136910676686 0.0)
(9.374675693308545 -0.006846648577163334 0.0)
(8.999716853993752 -0.006471137938275322 0.0)
(8.538566630693417 -0.006022785323929133 0.0)
(7.990974961128011 -0.005548105782828583 0.0)
(7.365355130726632 -0.005115621988992114 0.0)
(6.660304743614156 -0.004087545244729177 0.0)
(5.8387156157537135 -0.0016547172820217868 0.0)
(4.891874560044077 0.0010799331118840783 0.0)
(3.8327375315601437 0.002254224298413138 0.0)
(2.6577640315657445 0.001627868210760895 0.0)
(1.3768327935453455 0.0005331372025701061 0.0)
(0.023374296904052985 4.409597476086452e-05 0.0)
(-0.02336919942333406 4.414850682278354e-05 0.0)
(1.2009690787213783 0.0005338086869148227 0.0)
(2.320119137275828 0.0016301416871341158 0.0)
(3.367592909681011 0.0022582087279767785 0.0)
(4.353105177068283 0.001084900934030889 0.0)
(5.27241671758567 -0.001647607676651274 0.0)
(6.138697070073362 -0.004074628081819712 0.0)
(6.945006075005109 -0.005096784212255987 0.0)
(7.653452041538443 -0.005527935547075601 0.0)
(8.261408590616535 -0.006003347897815245 0.0)
(8.778022242395371 -0.006452511649389158 0.0)
(9.203082030339745 -0.006828944302668042 0.0)
(9.537351030044606 -0.007126292381342712 0.0)
(9.781241145840621 -0.007340807427712251 0.0)
(9.935311785878168 -0.0074698597942521715 0.0)
(10.000000000000005 -0.007513137643711409 0.0)
(9.975799325232932 -0.0074698597942538265 0.0)
(9.863203298603837 -0.007340807427715516 0.0)
(9.662648969955391 -0.007126292381346693 0.0)
(9.37469574743802 -0.006828944302673729 0.0)
(8.99975553538241 -0.006452511649395271 0.0)
(8.53859140938345 -0.006003347897823088 0.0)
(7.990992402905999 -0.00552793554708434 0.0)
(7.366105036106019 -0.005096784212263524 0.0)
(6.661302929926657 -0.004074628081826888 0.0)
(5.838694393525446 -0.001647607676658559 0.0)
(4.891339267376169 0.0010849009340266925 0.0)
(3.8324070903189797 0.0022582087279752767 0.0)
(2.6576586405019533 0.0016301416871337565 0.0)
(1.3768086990564135 0.0005338086869146301 0.0)
(0.023369199423335475 4.4148506822764825e-05 0.0)
(-0.023369820391737104 4.4191784908415184e-05 0.0)
(1.2009724331250184 0.0005343290999213308 0.0)
(2.3201875122438 0.0016316817047944117 0.0)
(3.367898447667727 0.0022601562797707636 0.0)
(4.353715188957227 0.0010858051321287149 0.0)
(5.272667190346408 -0.0016469595153614776 0.0)
(6.137867149717578 -0.004069940400303952 0.0)
(6.944192103604144 -0.00508633763156161 0.0)
(7.653374454937686 -0.005515454899626182 0.0)
(8.261377794815472 -0.005991007899147124 0.0)
(8.777976832690166 -0.006440442309706199 0.0)
(9.203058023038514 -0.006817287722043257 0.0)
(9.537335912545016 -0.007115068066482905 0.0)
(9.781232652895758 -0.007329950744697385 0.0)
(9.935307952299704 -0.00745924142088469 0.0)
(10.000000000000005 -0.007502604368958472 0.0)
(9.975803158811397 -0.007459241420886345 0.0)
(9.8632117915487 -0.007329950744700651 0.0)
(9.662664087454983 -0.007115068066486884 0.0)
(9.374719754739253 -0.006817287722048942 0.0)
(8.999800945087616 -0.006440442309712314 0.0)
(8.538622205184513 -0.005991007899154969 0.0)
(7.991069989506756 -0.0055154548996349225 0.0)
(7.3669190075069855 -0.005086337631569157 0.0)
(6.6621328502824415 -0.004069940400311151 0.0)
(5.838443920764706 -0.0016469595153687886 0.0)
(4.890729255487222 0.0010858051321245028 0.0)
(3.8321015523322632 0.0022601562797692574 0.0)
(2.657590265533982 0.0016316817047940533 0.0)
(1.3768053446527733 0.0005343290999211388 0.0)
(0.02336982039173854 4.4191784908396536e-05 0.0)
(-0.02337613252504511 4.422390745787065e-05 0.0)
(1.2009549000570074 0.0005346755755943865 0.0)
(2.320215866844948 0.001632420598183535 0.0)
(3.3681656576198247 0.0022599813819337137 0.0)
(4.354373117260794 0.0010826059773715124 0.0)
(5.27313590832474 -0.0016528012771664178 0.0)
(6.137241960500645 -0.004073688168324653 0.0)
(6.943349830595839 -0.005084741250545666 0.0)
(7.653240132527455 -0.0055112122172878 0.0)
(8.26134233501454 -0.005986307524883003 0.0)
(8.777926689887789 -0.006435460223925757 0.0)
(9.20303111740242 -0.0068121910041108215 0.0)
(9.537318950894099 -0.0071099571419539105 0.0)
(9.781223173772439 -0.00732487008022324 0.0)
(9.935303635774314 -0.007454189830484015 0.0)
(10.000000000000005 -0.007497567112845127 0.0)
(9.975807475336786 -0.007454189830485673 0.0)
(9.863221270672017 -0.007324870080226511 0.0)
(9.662681049105899 -0.007109957141957897 0.0)
(9.374746660375346 -0.006812191004116519 0.0)
(8.999851087889994 -0.006435460223931887 0.0)
(8.538657664985445 -0.005986307524890865 0.0)
(7.991204311916987 -0.005511212217296563 0.0)
(7.367761280515293 -0.005084741250553246 0.0)
(6.6627580394993755 -0.004073688168331895 0.0)
(5.837975202786373 -0.00165280127717377 0.0)
(4.890071327183653 0.0010826059773672747 0.0)
(3.831834342380165 0.002259981381932199 0.0)
(2.6575619109328334 0.0016324205981831743 0.0)
(1.3768228777207845 0.0005346755755941945 0.0)
(0.023376132525046587 4.422390745785204e-05 0.0)
(-0.02338785847966825 4.4243463065093394e-05 0.0)
(1.2009172498882779 0.0005348328904267751 0.0)
(2.3202029552299717 0.0016323259016777336 0.0)
(3.368382798820856 0.0022576917191566236 0.0)
(4.35505005381297 0.0010754440347666256 0.0)
(5.273802276910191 -0.0016648762857395859 0.0)
(6.136848972093004 -0.004085706715811331 0.0)
(6.942516263915282 -0.005092065211269502 0.0)
(7.653054976188721 -0.005515393915760638 0.0)
(8.261303769252518 -0.005989453300868955 0.0)
(8.777874017171243 -0.006437784295782553 0.0)
(9.203002495615893 -0.006813878089332506 0.0)
(9.537300890355768 -0.007111184172429362 0.0)
(9.781213124966003 -0.007325788669391995 0.0)
(9.935299025962225 -0.007454926980690727 0.0)
(10.000000000000005 -0.007498247203189596 0.0)
(9.975812085148876 -0.007454926980692391 0.0)
(9.863231319478455 -0.007325788669395278 0.0)
(9.662699109644231 -0.007111184172433366 0.0)
(9.374775282161874 -0.006813878089338226 0.0)
(8.999903760606541 -0.0064377842957887114 0.0)
(8.538696230747465 -0.00598945330087685 0.0)
(7.991389468255722 -0.005515393915769441 0.0)
(7.368594847195852 -0.005092065211277132 0.0)
(6.663151027907015 -0.004085706715818638 0.0)
(5.837308834200918 -0.0016648762857469936 0.0)
(4.889394390631476 0.0010754440347623528 0.0)
(3.8316172011791334 0.002257691719155094 0.0)
(2.65757482254781 0.00163232590167737 0.0)
(1.3768605278895143 0.0005348328904265829 0.0)
(0.023387858479669784 4.4243463065074786e-05 0.0)
(-0.023404483038612405 4.424959249247803e-05 0.0)
(1.2008611368983644 0.0005347941322925611 0.0)
(2.320149344711611 0.0016314017760682314 0.0)
(3.3685403304836963 0.0022533878950330983 0.0)
(4.355716255260074 0.001064633986969709 0.0)
(5.274637017086205 -0.0016826539872948811 0.0)
(6.1367054516863355 -0.004105467969774737 0.0)
(6.94172802895745 -0.005107987712297715 0.0)
(7.6528271213522725 -0.005527816258863996 0.0)
(8.261263792038438 -0.00600030700746319 0.0)
(8.777821128883328 -0.006447312409810972 0.0)
(9.202973415267868 -0.006822274850270104 0.0)
(9.537282524477035 -0.007118695244434956 0.0)
(9.781202948002617 -0.007332666151076087 0.0)
(9.93529432541015 -0.007461420482473323 0.0)
(10.000000000000005 -0.007504614758066336 0.0)
(9.975816785700951 -0.007461420482474994 0.0)
(9.863241496441841 -0.007332666151079384 0.0)
(9.662717475522964 -0.007118695244438984 0.0)
(9.374804362509897 -0.0068222748502758555 0.0)
(8.999956648894454 -0.00644731240981717 0.0)
(8.538736207961547 -0.006000307007471135 0.0)
(7.9916173230921705 -0.005527816258872856 0.0)
(7.369383082153685 -0.0051079877123054165 0.0)
(6.663294548313684 -0.004105467969782122 0.0)
(5.8364740940249025 -0.0016826539873023565 0.0)
(4.888728189184371 0.0010646339869653941 0.0)
(3.831459669516293 0.0022533878950315497 0.0)
(2.6576284330661712 0.0016314017760678617 0.0)
(1.3769166408794278 0.0005347941322923678 0.0)
(0.023404483038614 4.424959249245938e-05 0.0)
(-0.02342527574917135 4.424202642419874e-05 0.0)
(1.2007890265893884 0.0005345610041532557 0.0)
(2.320057390837966 0.0016296888257436688 0.0)
(3.3686313309552762 0.0022472590117215015 0.0)
(4.3563424499293 0.0010506508077045356 0.0)
(5.27560345189656 -0.0017053532621493495 0.0)
(6.136817705304744 -0.004132103656867906 0.0)
(6.941019759324357 -0.00513180914806452 0.0)
(7.652566579542776 -0.0055479334315679495 0.0)
(8.261224159897948 -0.006018391752654253 0.0)
(8.777770348838661 -0.0064636259181117955 0.0)
(9.20294515409564 -0.006837012348609459 0.0)
(9.537264660221014 -0.007132160335207888 0.0)
(9.781193090039437 -0.007345200341312317 0.0)
(9.935289740651744 -0.007473385023243002 0.0)
(10.000000000000005 -0.007516389998763172 0.0)
(9.975821370459357 -0.007473385023244681 0.0)
(9.86325135440502 -0.007345200341315632 0.0)
(9.662735339778985 -0.0071321603352119435 0.0)
(9.374832623682124 -0.00683701234861525 0.0)
(9.00000742893912 -0.006463625918118042 0.0)
(8.538775840102037 -0.006018391752662259 0.0)
(7.991877864901669 -0.005547933431576882 0.0)
(7.37009135178678 -0.005131809148072308 0.0)
(6.6631822946952735 -0.004132103656875383 0.0)
(5.835507659214544 -0.0017053532621569007 0.0)
(4.888101994515144 0.0010506508077001726 0.0)
(3.8313686690447133 0.0022472590117199303 0.0)
(2.6577203869398165 0.0016296888257432921 0.0)
(1.376988751188404 0.000534561004153061 0.0)
(0.02342527574917302 4.4242026424180024e-05 0.0)
)
