(
(-0.005062566703213125 -7.855086901383267e-05 0.0)
(1.2878203309951444 -0.0011494118981089858 0.0)
(2.5269743317399147 -0.004945840037973837 0.0)
(3.7025293415319984 -0.012425725763148623 0.0)
(4.775509386668578 -0.02324551478567861 0.0)
(5.713342721070913 -0.036892381491565485 0.0)
(6.5218796160367996 -0.05273468033495458 0.0)
(7.246601088104422 -0.06887415259639713 0.0)
(7.898296185788839 -0.08347568187706111 0.0)
(8.462231034168873 -0.09627490547658697 0.0)
(8.938664547675645 -0.1073313218982115 0.0)
(9.327442215760325 -0.1165200886758528 0.0)
(9.628160053354028 -0.12374386587934252 0.0)
(9.840635323455848 -0.12893909560577943 0.0)
(9.964655102762245 -0.13206887336264558 0.0)
(10.000000000000002 -0.1331139001318025 0.0)
(9.946456008348893 -0.13206887336264472 0.0)
(9.803809120988594 -0.12893909560577804 0.0)
(9.57183994664599 -0.12374386587933946 0.0)
(9.250335562017467 -0.11652008867585031 0.0)
(8.839113230102143 -0.10733132189820878 0.0)
(8.337768965831154 -0.09627490547658409 0.0)
(7.746148258655605 -0.08347568187705873 0.0)
(7.0645100230066795 -0.06887415259639458 0.0)
(6.278120383963227 -0.05273468033495127 0.0)
(5.397768390040176 -0.036892381491562466 0.0)
(4.468935057775786 -0.023245514785677098 0.0)
(3.4974706584679547 -0.01242572576314824 0.0)
(2.4508034460378396 -0.004945840037974123 0.0)
(1.2899574467826216 -0.0011494118981090272 0.0)
(0.005062566703199595 -7.855086901383618e-05 0.0)
(-0.005094215972915056 -7.856864326920483e-05 0.0)
(1.2877097772446524 -0.0011498426086660634 0.0)
(2.5268241355367307 -0.00494867625325185 0.0)
(3.702624298177544 -0.012435361205802017 0.0)
(4.776377483085594 -0.023266989173629012 0.0)
(5.7147818865176685 -0.03692712354950081 0.0)
(6.522170340300768 -0.05277601209689895 0.0)
(7.245637047977614 -0.06891201697383155 0.0)
(7.8979096474696835 -0.08350818454444733 0.0)
(8.462174968249819 -0.09630428555706767 0.0)
(8.93859356736347 -0.1073579593797752 0.0)
(9.327402530344907 -0.11654426111858361 0.0)
(9.628134959366477 -0.1237660339047825 0.0)
(9.840621497616832 -0.12895978979712097 0.0)
(9.964648655883545 -0.13208866374582043 0.0)
(10.000000000000002 -0.13313338932118177 0.0)
(9.946462455227593 -0.13208866374581957 0.0)
(9.80382294682761 -0.12895978979711964 0.0)
(9.57186504063354 -0.12376603390477948 0.0)
(9.250375247432885 -0.11654426111858118 0.0)
(8.839184210414317 -0.10735795937977256 0.0)
(8.33782503175021 -0.0963042855570649 0.0)
(7.746534796974761 -0.08350818454444503 0.0)
(7.065474063133489 -0.06891201697382913 0.0)
(6.277829659699256 -0.05277601209689578 0.0)
(5.3963292245934165 -0.036927123549497905 0.0)
(4.468066961358768 -0.02326698917362757 0.0)
(3.497375701822409 -0.012435361205801668 0.0)
(2.4509536422410245 -0.004948676253252147 0.0)
(1.290068000533114 -0.0011498426086661065 0.0)
(0.005094215972901628 -7.856864326920847e-05 0.0)
(-0.005130014466821277 -7.860521064716032e-05 0.0)
(1.2875826455443884 -0.0011505293561988072 0.0)
(2.5266273347371273 -0.00495248643321588 0.0)
(3.7026171096051326 -0.012447066119651587 0.0)
(4.777135621702703 -0.023291779056906065 0.0)
(5.716325864365894 -0.03696692211106836 0.0)
(6.522814507840052 -0.05282483740688385 0.0)
(7.244846642742019 -0.0689590678172285 0.0)
(7.897498849932983 -0.0835498986299962 0.0)
(8.462122758006117 -0.09634239148994934 0.0)
(8.938529891691598 -0.10739284071750092 0.0)
(9.32736640767827 -0.1165761802418782 0.0)
(9.628112094464624 -0.1237955078721227 0.0)
(9.840608961721099 -0.12898744706971327 0.0)
(9.964642762716322 -0.13211520210120517 0.0)
(10.000000000000002 -0.13315955265360355 0.0)
(9.946468348394816 -0.1321152021012043 0.0)
(9.803835482723345 -0.12898744706971194 0.0)
(9.571887905535393 -0.12379550787211975 0.0)
(9.250411370099522 -0.11657618024187585 0.0)
(8.839247886086188 -0.10739284071749837 0.0)
(8.337877241993912 -0.09634239148994665 0.0)
(7.7469455945114625 -0.08354989862999404 0.0)
(7.066264468369085 -0.06895906781722623 0.0)
(6.277185492159969 -0.052824837406880834 0.0)
(5.394785246745187 -0.03696692211106558 0.0)
(4.467308822741658 -0.02329177905690469 0.0)
(3.497382890394821 -0.01244706611965127 0.0)
(2.4511504430406283 -0.0049524864332161885 0.0)
(1.2901951322333782 -0.001150529356198853 0.0)
(0.005130014466807956 -7.86052106471641e-05 0.0)
(-0.0051683892646010475 -7.865896444400988e-05 0.0)
(1.287444521828681 -0.0011514419662769983 0.0)
(2.5263925764082034 -0.004957103165528834 0.0)
(3.7025080916674837 -0.01246032621219631 0.0)
(4.777750491296045 -0.02331879521339038 0.0)
(5.717906815053566 -0.03701002850028229 0.0)
(6.523783815111447 -0.052879010970111946 0.0)
(7.24426460135768 -0.0690132377986062 0.0)
(7.897081842870968 -0.08359899129310253 0.0)
(8.462076697460358 -0.09638754897025396 0.0)
(8.938476318452558 -0.1074344332892226 0.0)
(9.327335434924299 -0.11661444357785346 0.0)
(9.628092463290427 -0.12383099274915926 0.0)
(9.840598266572972 -0.12902085221359605 0.0)
(9.964637682195558 -0.13214732238201468 0.0)
(10.000000000000002 -0.1331912405601057 0.0)
(9.94647342891558 -0.13214732238201382 0.0)
(9.80384617787147 -0.12902085221359472 0.0)
(9.57190753670959 -0.12383099274915636 0.0)
(9.250442342853493 -0.11661444357785117 0.0)
(8.839301459325227 -0.10743443328922013 0.0)
(8.33792330253967 -0.09638754897025141 0.0)
(7.747362601573478 -0.0835989912931005 0.0)
(7.066846509753423 -0.06901323779860406 0.0)
(6.276216184888571 -0.05287901097010908 0.0)
(5.393204296057511 -0.03701002850027962 0.0)
(4.466693953148316 -0.02331879521338909 0.0)
(3.4974919083324703 -0.012460326212196034 0.0)
(2.451385201369553 -0.004957103165529156 0.0)
(1.290333255949086 -0.001151441966277047 0.0)
(0.0051683892645878315 -7.865896444401387e-05 0.0)
(-0.005207654247844628 -7.872754281625975e-05 0.0)
(1.2873014750009082 -0.001152540340483374 0.0)
(2.5261301754014522 -0.004962323599418954 0.0)
(3.7023020344133357 -0.012474558859228432 0.0)
(4.778195075620559 -0.023346850602590705 0.0)
(5.719455274499737 -0.03705454870126143 0.0)
(6.5250356725267435 -0.052936152499322715 0.0)
(7.243916497658214 -0.06907214678808406 0.0)
(7.8966769488110495 -0.08365330549196187 0.0)
(8.462038810428659 -0.09643777386091025 0.0)
(8.938435201556464 -0.10748090959343025 0.0)
(9.327310972969144 -0.11665736990552737 0.0)
(9.628076928401764 -0.123870929395313 0.0)
(9.840589882097698 -0.12905853746786017 0.0)
(9.964633637550046 -0.1321836132818726 0.0)
(10.000000000000002 -0.13322706073204796 0.0)
(9.946477473561092 -0.13218361328187178 0.0)
(9.803854562346746 -0.1290585374678589 0.0)
(9.571923071598254 -0.12387092939531015 0.0)
(9.250466804808648 -0.11665736990552517 0.0)
(8.839342576221322 -0.10748090959342786 0.0)
(8.337961189571368 -0.09643777386090781 0.0)
(7.747767495633398 -0.08365330549195998 0.0)
(7.06719461345289 -0.06907214678808206 0.0)
(6.27496432747327 -0.05293615249931999 0.0)
(5.391655836611337 -0.037054548701258884 0.0)
(4.466249368823801 -0.023346850602589484 0.0)
(3.4976979655866196 -0.012474558859228194 0.0)
(2.4516476023763047 -0.004962323599419292 0.0)
(1.2904763027768593 -0.0011525403404834258 0.0)
(0.005207654247831513 -7.872754281626396e-05 0.0)
(-0.005246084185021556 -7.880793255569385e-05 0.0)
(1.2871597902769856 -0.0011537762182647242 0.0)
(2.5258516611370627 -0.004967918358571623 0.0)
(3.7020079916214645 -0.01248913870427525 0.0)
(4.778449840454371 -0.023374712522031462 0.0)
(5.720903206229166 -0.037098526577822186 0.0)
(6.526515075761323 -0.05299375130026011 0.0)
(7.243817626683335 -0.06913320643243538 0.0)
(7.896301958057488 -0.08371045476004141 0.0)
(8.462010761597881 -0.09649085937210662 0.0)
(8.938408347604511 -0.10753022754634296 0.0)
(9.32729409662636 -0.11670307312059348 0.0)
(9.628066172373224 -0.12391356306741388 0.0)
(9.840584176693776 -0.12909884701137642 0.0)
(9.964630806494107 -0.1322224802450315 0.0)
(10.000000000000002 -0.13326543929660625 0.0)
(9.946480304617031 -0.1322224802450307 0.0)
(9.803860267750666 -0.1290988470113752 0.0)
(9.571933827626793 -0.1239135630674111 0.0)
(9.250483681151431 -0.11670307312059136 0.0)
(8.839369430173276 -0.10753022754634066 0.0)
(8.337989238402148 -0.09649085937210429 0.0)
(7.748142486386961 -0.08371045476003963 0.0)
(7.0672934844277675 -0.06913320643243355 0.0)
(6.273484924238685 -0.05299375130025752 0.0)
(5.390207904881904 -0.037098526577819736 0.0)
(4.465994603989989 -0.02337471252203031 0.0)
(3.4979920083784917 -0.01248913870427505 0.0)
(2.451926116640695 -0.004967918358571975 0.0)
(1.2906179875007824 -0.00115377621826478 0.0)
(0.005246084185008533 -7.88079325556983e-05 0.0)
(-0.005281990534997858 -7.889660148423033e-05 0.0)
(1.2870256930244772 -0.0011550952974123117 0.0)
(2.525569271022284 -0.004973641619504994 0.0)
(3.7016388829942084 -0.01250342513561848 0.0)
(4.778503591896762 -0.02340115676994436 0.0)
(5.722186990770581 -0.03714002982252371 0.0)
(6.52815702254355 -0.05304927658698496 0.0)
(7.2439723326428025 -0.06919373388259288 0.0)
(7.895973347017968 -0.08376792806305333 0.0)
(8.461993783382333 -0.09654447302359827 0.0)
(8.938396936510216 -0.10758022020733439 0.0)
(9.327285547411577 -0.11674954510739342 0.0)
(9.628060667805023 -0.12395702051990595 0.0)
(9.84058140104622 -0.12914000971654704 0.0)
(9.96462931341916 -0.13226221552823528 0.0)
(10.000000000000002 -0.13330468996986553 0.0)
(9.946481797691977 -0.13226221552823453 0.0)
(9.803863043398222 -0.12914000971654582 0.0)
(9.571939332194995 -0.12395702051990322 0.0)
(9.250492230366214 -0.11674954510739138 0.0)
(8.83938084126757 -0.1075802202073322 0.0)
(8.338006216617696 -0.09654447302359605 0.0)
(7.7484710974264805 -0.0837679280630517 0.0)
(7.0671387784682995 -0.06919373388259116 0.0)
(6.271842977456454 -0.0530492765869825 0.0)
(5.388924120340487 -0.03714002982252134 0.0)
(4.4659408525475985 -0.023401156769943265 0.0)
(3.498361117005749 -0.012503425135618312 0.0)
(2.4522085067554746 -0.00497364161950536 0.0)
(1.2907520847532907 -0.0011550952974123704 0.0)
(0.005281990534984911 -7.889660148423503e-05 0.0)
(-0.005313795638444388 -7.898965365136452e-05 0.0)
(1.2869050752313347 -0.001156439620001578 0.0)
(2.525295412762141 -0.004979241912604065 0.0)
(3.701210926489385 -0.01251679043360119 0.0)
(4.77835396820769 -0.023425021434454494 0.0)
(5.723250220979848 -0.03717723485872185 0.0)
(6.52988936873567 -0.05310028867997923 0.0)
(7.244373818039781 -0.0692510696731284 0.0)
(7.895705554260391 -0.08382320012920771 0.0)
(8.461988621773745 -0.09659625912962207 0.0)
(8.93840146965619 -0.1076286909903396 0.0)
(9.32728570096165 -0.11679474397184535 0.0)
(9.628060656557818 -0.12399939231182983 0.0)
(9.840581677111908 -0.12918021696941173 0.0)
(9.964629223928188 -0.13230107323583365 0.0)
(10.000000000000002 -0.1333430881490498 0.0)
(9.94648188718295 -0.1323010732358329 0.0)
(9.803862767332536 -0.12918021696941057 0.0)
(9.5719393434422 -0.12399939231182715 0.0)
(9.25049207681614 -0.11679474397184333 0.0)
(8.839376308121597 -0.10762869099033749 0.0)
(8.338011378226282 -0.09659625912961993 0.0)
(7.748738890184058 -0.08382320012920619 0.0)
(7.066737293071318 -0.06925106967312682 0.0)
(6.270110631264329 -0.05310028867997686 0.0)
(5.387860890131218 -0.037177234858719564 0.0)
(4.466090476236672 -0.023425021434453446 0.0)
(3.498789073510574 -0.012516790433601049 0.0)
(2.452482365015618 -0.004979241912604445 0.0)
(1.2908727025464337 -0.0011564396200016403 0.0)
(0.0053137956384315 -7.898965365136944e-05 0.0)
(-0.0053401020373014954 -7.908300051510662e-05 0.0)
(1.2868032366227244 -0.0011577501189573198 0.0)
(2.5250421191875763 -0.004984473171235511 0.0)
(3.7007429257328903 -0.01252864735148114 0.0)
(4.7780075435783225 -0.02344525794586245 0.0)
(5.724046180466697 -0.03720850696519078 0.0)
(6.531635998215239 -0.05314454620120072 0.0)
(7.245004442340426 -0.06930269457429873 0.0)
(7.89551034610861 -0.08387384240503518 0.0)
(8.461995503563758 -0.09664394230341934 0.0)
(8.93842174786429 -0.10767351017782813 0.0)
(9.32729455052987 -0.11683668375853419 0.0)
(9.628066139125789 -0.12403881670416542 0.0)
(9.840584992761013 -0.1292177021368368 0.0)
(9.964630541953259 -0.13233734603124284 0.0)
(10.000000000000002 -0.1333789466884133 0.0)
(9.946480569157877 -0.1323373460312421 0.0)
(9.80385945168343 -0.1292177021368357 0.0)
(9.571933860874228 -0.12403881670416274 0.0)
(9.250483227247921 -0.11683668375853223 0.0)
(8.839356029913496 -0.10767351017782607 0.0)
(8.33800449643627 -0.09664394230341729 0.0)
(7.748934098335839 -0.0838738424050337 0.0)
(7.06610666877067 -0.06930269457429726 0.0)
(6.268364001784756 -0.053144546201198434 0.0)
(5.387064930644368 -0.03720850696518855 0.0)
(4.466436900866041 -0.02344525794586144 0.0)
(3.49925707426707 -0.01252864735148102 0.0)
(2.452735658590184 -0.004984473171235901 0.0)
(1.290974541155044 -0.001157750118957385 0.0)
(0.005340102037288649 -7.908300051511179e-05 0.0)
(-0.005359753876529598 -7.917254058503715e-05 0.0)
(1.2867246518008004 -0.001158969213352912 0.0)
(2.524820519554867 -0.004989105543465382 0.0)
(3.700255443821783 -0.012538474917978302 0.0)
(4.777479539273109 -0.02346097714887863 0.0)
(5.7245398962274425 -0.03723247210278294 0.0)
(6.533320167278292 -0.05318010455613383 0.0)
(7.245836497066662 -0.06934634028239152 0.0)
(7.895396299651692 -0.0839176297615832 0.0)
(8.462014126379106 -0.09668542743356735 0.0)
(8.93845688014715 -0.10771270849669608 0.0)
(9.327311707282401 -0.1168735217099595 0.0)
(9.628076874614932 -0.12407356146123832 0.0)
(9.840591202309984 -0.1292508181891428 0.0)
(9.964633209582765 -0.1323694401541918 0.0)
(10.000000000000002 -0.13341069002933761 0.0)
(9.946477901528374 -0.13236944015419105 0.0)
(9.80385324213446 -0.12925081818914164 0.0)
(9.571923125385087 -0.1240735614612357 0.0)
(9.25046607049539 -0.1168735217099576 0.0)
(8.839320897630635 -0.10771270849669408 0.0)
(8.337985873620921 -0.09668542743356535 0.0)
(7.7490481447927575 -0.08391762976158185 0.0)
(7.065274614044432 -0.0693463402823901 0.0)
(6.266679832721699 -0.05318010455613159 0.0)
(5.386571214883623 -0.03723247210278074 0.0)
(4.466964905171257 -0.023460977148877637 0.0)
(3.4997445561781784 -0.012538474917978196 0.0)
(2.452957258222893 -0.004989105543465781 0.0)
(1.2910531259769682 -0.0011589692133529795 0.0)
(0.005359753876516769 -7.91725405850425e-05 0.0)
(-0.005371887690265036 -7.925433963429222e-05 0.0)
(1.286672773638871 -0.001160043338410882 0.0)
(2.5246403505464703 -0.0049929354913325836 0.0)
(3.6997698998194135 -0.012545841327799814 0.0)
(4.776793154835263 -0.02347148837047996 0.0)
(5.724709675294785 -0.03724807728719551 0.0)
(6.534867876617302 -0.05320540137571495 0.0)
(7.246833423256018 -0.06938008908484074 0.0)
(7.895368425882311 -0.08395263826251187 0.0)
(8.462043671967354 -0.09671889173934227 0.0)
(8.938505322856537 -0.10774456364452371 0.0)
(9.327336417382922 -0.11690363923392881 0.0)
(9.628092391327492 -0.12410209996198657 0.0)
(9.840600032922596 -0.1292781100675754 0.0)
(9.964637109605944 -0.1323959454476327 0.0)
(10.000000000000002 -0.13343692342749544 0.0)
(9.946474001505194 -0.132395945447632 0.0)
(9.803844411521847 -0.12927811006757428 0.0)
(9.571907608672527 -0.12410209996198394 0.0)
(9.250441360394868 -0.11690363923392694 0.0)
(8.83927245492125 -0.10774456364452174 0.0)
(8.337956328032673 -0.0967188917393403 0.0)
(7.749076018562137 -0.08395263826251054 0.0)
(7.064277687855073 -0.06938008908483935 0.0)
(6.265132123382687 -0.05320540137571274 0.0)
(5.386401435816282 -0.03724807728719331 0.0)
(4.467651289609105 -0.02347148837047897 0.0)
(3.500230100180549 -0.012545841327799718 0.0)
(2.45313742723129 -0.004992935491332988 0.0)
(1.2911050041388976 -0.001160043338410951 0.0)
(0.005371887690252203 -7.925433963429773e-05 0.0)
(-0.005375970340930457 -7.93248035622947e-05 0.0)
(1.286649881568463 -0.0011609252990412392 0.0)
(2.524509528459005 -0.004995794733934521 0.0)
(3.699307627640968 -0.012550422914374589 0.0)
(4.775978548741279 -0.02347632976681902 0.0)
(5.724548057887108 -0.03725463685517427 0.0)
(6.536211122715363 -0.053219325163970925 0.0)
(7.2479514177955595 -0.06940245812100847 0.0)
(7.895427949522901 -0.08397732969833654 0.0)
(8.462082842149407 -0.09674286486036955 0.0)
(8.93856494750842 -0.10776767596439284 0.0)
(9.327367595114824 -0.11692571302153736 0.0)
(9.628112007487506 -0.12412317827689695 0.0)
(9.840611096597888 -0.1292983786169254 0.0)
(9.964642070662912 -0.1324156973174618 0.0)
(10.000000000000002 -0.13345649423536435 0.0)
(9.946469040448227 -0.1324156973174611 0.0)
(9.803833347846556 -0.12929837861692428 0.0)
(9.571887992512512 -0.12412317827689433 0.0)
(9.250410182662968 -0.11692571302153548 0.0)
(8.839212830269368 -0.1077676759643909 0.0)
(8.337917157850622 -0.09674286486036761 0.0)
(7.749016494921547 -0.08397732969833521 0.0)
(7.063159693315528 -0.06940245812100708 0.0)
(6.2637888772846235 -0.0532193251639687 0.0)
(5.386563053223961 -0.037254636855172045 0.0)
(4.468465895703091 -0.023476329766818013 0.0)
(3.500692372358995 -0.012550422914374493 0.0)
(2.4532682493187554 -0.004995794733934927 0.0)
(1.2911278962093056 -0.0011609252990413097 0.0)
(0.005375970340917599 -7.932480356230035e-05 0.0)
(-0.005371822444324625 -7.938083631295833e-05 0.0)
(1.2866569814252704 -0.0011615763435073865 0.0)
(2.5244338013756624 -0.004997557641382104 0.0)
(3.6988889386802652 -0.012552018371170304 0.0)
(4.775071513292648 -0.023475288615797747 0.0)
(5.724062145177633 -0.03725186259130264 0.0)
(6.5372908857963274 -0.053221264135118636 0.0)
(7.249141358050532 -0.06941246453636844 0.0)
(7.89557225521359 -0.08399061917253883 0.0)
(8.462129915859121 -0.0967562934615689 0.0)
(8.938633134304675 -0.10778102994325119 0.0)
(9.327403870585604 -0.11693877319094044 0.0)
(9.628134861196791 -0.12413587026337397 0.0)
(9.840623907218205 -0.12931073327421466 0.0)
(9.964647874773902 -0.13242782790265387 0.0)
(10.000000000000002 -0.13346854254745025 0.0)
(9.946463236337236 -0.13242782790265312 0.0)
(9.803820537226237 -0.12931073327421355 0.0)
(9.571865138803227 -0.12413587026337138 0.0)
(9.250373907192188 -0.11693877319093857 0.0)
(8.83914464347311 -0.10778102994324922 0.0)
(8.337870084140906 -0.09675629346156693 0.0)
(7.748872189230858 -0.08399061917253747 0.0)
(7.061969753060553 -0.06941246453636706 0.0)
(6.262709114203657 -0.05322126413511635 0.0)
(5.387048965933439 -0.03725186259130037 0.0)
(4.469372931151725 -0.023475288615796716 0.0)
(3.501111061319699 -0.012552018371170199 0.0)
(2.453343976402098 -0.00499755764138251 0.0)
(1.291120796352498 -0.0011615763435074578 0.0)
(0.005371822444311719 -7.938083631296406e-05 0.0)
(-0.005359626251436034 -7.94199759097279e-05 0.0)
(1.2866937612545737 -0.0011619678661065347 0.0)
(2.5244164966059452 -0.004998146754747233 0.0)
(3.698532229364268 -0.012550557596734162 0.0)
(4.774111901967607 -0.02346841066368729 0.0)
(5.723273287281862 -0.037239876391659765 0.0)
(6.538059723045788 -0.053211133094313086 0.0)
(7.2503509602230665 -0.06940966866733604 0.0)
(7.895795002426328 -0.08399192276993467 0.0)
(8.462182824763815 -0.0967585875147705 0.0)
(8.938706887242223 -0.10778403883169814 0.0)
(9.32744364991744 -0.11694224590218745 0.0)
(9.62815994830517 -0.12413961825875122 0.0)
(9.840637901908332 -0.12931463119840403 0.0)
(9.964654266916897 -0.13243180420748776 0.0)
(10.000000000000002 -0.133472538982962 0.0)
(9.946456844194241 -0.13243180420748707 0.0)
(9.80380654253611 -0.12931463119840292 0.0)
(9.571840051694847 -0.1241396182587486 0.0)
(9.250334127860352 -0.11694224590218555 0.0)
(8.839070890535563 -0.10778403883169614 0.0)
(8.337817175236212 -0.0967585875147685 0.0)
(7.7486494420181184 -0.08399192276993328 0.0)
(7.060760150888016 -0.06940966866733457 0.0)
(6.261940276954196 -0.053211133094310734 0.0)
(5.387837823829213 -0.03723987639165743 0.0)
(4.470332542476769 -0.023468410663686223 0.0)
(3.501467770635697 -0.012550557596734043 0.0)
(2.453361281171815 -0.004998146754747635 0.0)
(1.2910840165231945 -0.0011619678661066056 0.0)
(0.005359626251423062 -7.941997590973366e-05 0.0)
(-0.005339917640667905 -7.944050263032526e-05 0.0)
(1.2867586050179602 -0.0011620826640519465 0.0)
(2.524458374489777 -0.004997536189466395 0.0)
(3.69825317284774 -0.01254610477482248 0.0)
(4.773141878332219 -0.023455998115120533 0.0)
(5.7222161451725615 -0.03721920490792982 0.0)
(6.538483853161552 -0.05318937718095306 0.0)
(7.251527076606605 -0.06939419335928158 0.0)
(7.896086404056093 -0.08398118321283937 0.0)
(8.462239244143008 -0.09674964622347353 0.0)
(8.938782965751912 -0.10777657042467996 0.0)
(9.327485185279263 -0.11693597857069928 0.0)
(9.628186166530998 -0.12413425758296853 0.0)
(9.840652465767183 -0.1293099011218357 0.0)
(9.964660966232827 -0.1324274515204036 0.0)
(10.000000000000002 -0.1334683079458344 0.0)
(9.94645014487831 -0.13242745152040292 0.0)
(9.803791978677259 -0.1293099011218346 0.0)
(9.57181383346902 -0.12413425758296588 0.0)
(9.250292592498527 -0.11693597857069735 0.0)
(8.838994812025874 -0.1077765704246779 0.0)
(8.337760755857019 -0.09674964622347147 0.0)
(7.748358040388354 -0.0839811832128379 0.0)
(7.059584034504475 -0.06939419335928003 0.0)
(6.261516146838432 -0.05318937718095061 0.0)
(5.388894965938517 -0.0372192049079274 0.0)
(4.471302566112159 -0.023455998115119402 0.0)
(3.501746827152225 -0.012546104774822332 0.0)
(2.4533194032879826 -0.004997536189466791 0.0)
(1.2910191727598077 -0.0011620826640520165 0.0)
(0.005339917640654852 -7.944050263033102e-05 0.0)
(-0.005313562572321506 -7.944151456819995e-05 0.0)
(1.286848663599095 -0.0011619156933319176 0.0)
(2.5245575949895556 -0.004995752772661034 0.0)
(3.6980640303634984 -0.012538855554283843 0.0)
(4.772204063450417 -0.023438596354773366 0.0)
(5.7209371677400265 -0.037190756407290484 0.0)
(6.538544640642257 -0.05315695231007029 0.0)
(7.252618030798901 -0.06936671856892974 0.0)
(7.896433656448376 -0.08395887237774421 0.0)
(8.462296695032398 -0.09672986245165995 0.0)
(8.93885802708321 -0.10775895287033795 0.0)
(9.327526651683268 -0.1169202465715558 0.0)
(9.628212363893393 -0.12412002377431275 0.0)
(9.840666958885446 -0.12929675087542075 0.0)
(9.964667678366006 -0.13241496109050885 0.0)
(10.000000000000002 -0.1334560353400984 0.0)
(9.946443432745133 -0.1324149610905081 0.0)
(9.803777485558996 -0.12929675087541959 0.0)
(9.571787636106624 -0.12412002377431007 0.0)
(9.250251126094524 -0.11692024657155381 0.0)
(8.838919750694576 -0.10775895287033584 0.0)
(8.337703304967631 -0.09672986245165781 0.0)
(7.748010787996069 -0.08395887237774266 0.0)
(7.058493080312177 -0.06936671856892808 0.0)
(6.261455359357729 -0.05315695231006773 0.0)
(5.390173943371056 -0.03719075640728795 0.0)
(4.472240380993964 -0.02343859635477218 0.0)
(3.501935969636467 -0.012538855554283667 0.0)
(2.4532201827882036 -0.004995752772661421 0.0)
(1.2909291141786725 -0.0011619156933319864 0.0)
(0.0053135625723083595 -7.944151456820563e-05 0.0)
(-0.005281719039884745 -7.942296726065303e-05 0.0)
(1.2869599799886806 -0.0011614742903344225 0.0)
(2.52470979853804 -0.004992874864402909 0.0)
(3.697973112486274 -0.012529128452606647 0.0)
(4.77133966319242 -0.023416969984159836 0.0)
(5.719492550912821 -0.03715578086481479 0.0)
(6.538239414597208 -0.053115283171171736 0.0)
(7.253575888268588 -0.06932845148830484 0.0)
(7.896821501968341 -0.08392597056192677 0.0)
(8.462352653145004 -0.09670010546206988 0.0)
(8.938928773178539 -0.10773196025177946 0.0)
(9.327566227171516 -0.11689574114001848 0.0)
(9.628237389328183 -0.1240975422402962 0.0)
(9.840680744462018 -0.12927575825692883 0.0)
(9.964674108397581 -0.13239488172444244 0.0)
(10.000000000000002 -0.13343626040159792 0.0)
(9.946437002713557 -0.1323948817244417 0.0)
(9.803763699982424 -0.12927575825692766 0.0)
(9.571762610671835 -0.12409754224029347 0.0)
(9.250211550606274 -0.11689574114001644 0.0)
(8.838849004599247 -0.10773196025177727 0.0)
(8.337647346855023 -0.09670010546206766 0.0)
(7.747622942476103 -0.0839259705619251 0.0)
(7.057535222842488 -0.06932845148830306 0.0)
(6.26176058540278 -0.053115283171169037 0.0)
(5.391618560198266 -0.037155780864812145 0.0)
(4.473104781251962 -0.023416969984158573 0.0)
(3.5020268875136913 -0.012529128452606437 0.0)
(2.453067979239719 -0.004992874864403284 0.0)
(1.2908177977890865 -0.001161474290334489 0.0)
(0.005281719039871494 -7.942296726065857e-05 0.0)
(-0.005245786189916792 -7.938567564244673e-05 0.0)
(1.2870876631482062 -0.0011607778494996462 0.0)
(2.5249082975897568 -0.004989028914715895 0.0)
(3.6979844139812625 -0.012517350860843358 0.0)
(4.770586657724191 -0.02339206922644037 0.0)
(5.717945768511479 -0.03711581504185317 0.0)
(6.537581586100429 -0.05306620062998906 0.0)
(7.254358562510799 -0.06928107350292194 0.0)
(7.897232899393384 -0.08388392341098189 0.0)
(8.462404659783735 -0.09666168272238702 0.0)
(8.938992095583897 -0.10769677857528238 0.0)
(9.32760217286946 -0.11686353899991765 0.0)
(9.628260143263542 -0.12406780077839472 0.0)
(9.840693216783885 -0.12924784564361158 0.0)
(9.964679973803728 -0.13236809567281518 0.0)
(10.000000000000002 -0.1334098520049535 0.0)
(9.94643113730741 -0.13236809567281443 0.0)
(9.803751227660559 -0.12924784564361036 0.0)
(9.571739856736475 -0.12406780077839193 0.0)
(9.25017560490833 -0.11686353899991553 0.0)
(8.838785682193889 -0.10769677857528014 0.0)
(8.337595340216295 -0.09666168272238469 0.0)
(7.7472115450510595 -0.08388392341098011 0.0)
(7.056752548600276 -0.06928107350292 0.0)
(6.262418413899563 -0.05306620062998621 0.0)
(5.393165342599612 -0.037115815041850415 0.0)
(4.473857786720192 -0.023392069226439032 0.0)
(3.502015586018702 -0.01251735086084311 0.0)
(2.452869480188001 -0.00498902891471626 0.0)
(1.2906901146295606 -0.0011607778494997101 0.0)
(0.0052457861899034355 -7.938567564245214e-05 0.0)
(-0.005207342846107952 -7.933127823906203e-05 0.0)
(1.287226102913232 -0.0011598569711637672 0.0)
(2.5251443704595187 -0.004984383907593278 0.0)
(3.6980974382814495 -0.012504040264829562 0.0)
(4.76997813272842 -0.023364988175354515 0.0)
(5.716364783324957 -0.037072614963551145 0.0)
(6.536600058932605 -0.05301186128358786 0.0)
(7.254931664251194 -0.06922666631478315 0.0)
(7.897649772673279 -0.08383457839979899 0.0)
(8.462450429872025 -0.0966162824575006 0.0)
(8.939045212028638 -0.10765495365934898 0.0)
(9.32763290938889 -0.11682505505437722 0.0)
(9.628279625933182 -0.12403210617403385 0.0)
(9.84070382784004 -0.12921423946463356 0.0)
(9.964685016869232 -0.1323357798657319 0.0)
(10.000000000000002 -0.13337797048680086 0.0)
(9.946426094241906 -0.13233577986573108 0.0)
(9.803740616604403 -0.12921423946463229 0.0)
(9.571720374066837 -0.124032106174031 0.0)
(9.2501448683889 -0.11682505505437502 0.0)
(8.838732565749147 -0.10765495365934659 0.0)
(8.337549570128003 -0.09661628245749816 0.0)
(7.7467946717711635 -0.0838345783997971 0.0)
(7.056179446859881 -0.06922666631478104 0.0)
(6.26339994106739 -0.05301186128358486 0.0)
(5.394746327786138 -0.03707261496354828 0.0)
(4.474466311715964 -0.0233649881753531 0.0)
(3.501902561718514 -0.012504040264829276 0.0)
(2.4526334073182383 -0.004984383907593626 0.0)
(1.2905516748645345 -0.001159856971163828 0.0)
(0.00520734284609449 -7.933127823906722e-05 0.0)
(-0.005168078138655074 -7.926216517288633e-05 0.0)
(1.2873692164937511 -0.0011587521170361638 0.0)
(2.525407644537311 -0.0049791439361502226 0.0)
(3.6983072193058577 -0.012489781507803055 0.0)
(4.7695408256801555 -0.023336916722743597 0.0)
(5.714819060950021 -0.03702807876231702 0.0)
(6.535337959601838 -0.05295465270343797 0.0)
(7.255270012447758 -0.06916762047620013 0.0)
(7.898053805158756 -0.08378010365789534 0.0)
(8.46248795235593 -0.09656589947199236 0.0)
(8.939085788673355 -0.10760832321426876 0.0)
(9.327657086223377 -0.1167819802175598 0.0)
(9.628294981304236 -0.12399202678282772 0.0)
(9.84071211140009 -0.12917641631401822 0.0)
(9.964689016011022 -0.13229935420063574 0.0)
(10.000000000000002 -0.13334201666272197 0.0)
(9.946422095100116 -0.13229935420063488 0.0)
(9.803732333044353 -0.12917641631401694 0.0)
(9.571705018695782 -0.12399202678282482 0.0)
(9.250120691554415 -0.11678198021755753 0.0)
(8.838691989104431 -0.10760832321426629 0.0)
(8.337512047644099 -0.09656589947198978 0.0)
(7.746390639285686 -0.08378010365789329 0.0)
(7.055841098663317 -0.06916762047619791 0.0)
(6.264662040398162 -0.05295465270343483 0.0)
(5.396292050161077 -0.03702807876231403 0.0)
(4.4749036187642295 -0.023336916722742112 0.0)
(3.5016927806941056 -0.012489781507802734 0.0)
(2.4523701332404455 -0.004979143936150556 0.0)
(1.290408561284015 -0.0011587521170362213 0.0)
(0.005168078138641511 -7.92621651728913e-05 0.0)
(-0.005129717286970886 -7.918137314560868e-05 0.0)
(1.2875107157408543 -0.0011575118323859303 0.0)
(2.5256865520418024 -0.004973539235145679 0.0)
(3.698604539660057 -0.012475201093461924 0.0)
(4.769293951051067 -0.02330908827688007 0.0)
(5.713376517600007 -0.03698416327735633 0.0)
(6.533850742443775 -0.05289708852989106 0.0)
(7.255358740699727 -0.06910653035329899 0.0)
(7.898427244401558 -0.0837228927057714 0.0)
(8.462515578566153 -0.09651274750207238 0.0)
(8.939112042654509 -0.10755893609649063 0.0)
(9.32767364108704 -0.11673620711899198 0.0)
(9.628305534689796 -0.1239493236199028 0.0)
(9.84071770349956 -0.12913603807180812 0.0)
(9.964691795514122 -0.1322604191546121 0.0)
(10.000000000000002 -0.13330357027797132 0.0)
(9.946419315597016 -0.1322604191546113 0.0)
(9.803726740944883 -0.1291360380718068 0.0)
(9.571694465310223 -0.12394932361989984 0.0)
(9.250104136690751 -0.11673620711898963 0.0)
(8.838665735123277 -0.10755893609648808 0.0)
(8.337484421433874 -0.09651274750206972 0.0)
(7.746017200042882 -0.08372289270576924 0.0)
(7.055752370411349 -0.0691065303532966 0.0)
(6.266149257556229 -0.05289708852988777 0.0)
(5.397734593511095 -0.03698416327735323 0.0)
(4.475150493393318 -0.023309088276878515 0.0)
(3.501395460339905 -0.012475201093461565 0.0)
(2.4520912257359537 -0.004973539235145998 0.0)
(1.2902670620369114 -0.0011575118323859843 0.0)
(0.005129717286957233 -7.918137314561341e-05 0.0)
(-0.005093945796699196 -7.909245201110279e-05 0.0)
(1.2876443834364895 -0.0011561906130515603 0.0)
(2.525968838287491 -0.004967816064888278 0.0)
(3.6989763356316168 -0.012460939658538207 0.0)
(4.769248356060712 -0.02328272556876448 0.0)
(5.712100535990654 -0.03694279807473713 0.0)
(6.532203753059556 -0.05284169802742209 0.0)
(7.255193950450032 -0.06904608013431872 0.0)
(7.898753682164546 -0.0836654592879991 0.0)
(8.462532094657558 -0.09645916194806022 0.0)
(8.9391228204202 -0.10750896228561853 0.0)
(9.327681846589456 -0.1166897469448853 0.0)
(9.628310822393406 -0.12390587298411473 0.0)
(9.84072035843183 -0.1290948788840961 0.0)
(9.964693233252252 -0.13222068546235363 0.0)
(10.000000000000002 -0.1332643205963591 0.0)
(9.946417877858886 -0.13222068546235283 0.0)
(9.803724086012613 -0.1290948788840947 0.0)
(9.571689177606613 -0.12390587298411175 0.0)
(9.250095931188334 -0.1166897469448829 0.0)
(8.838654957357585 -0.10750896228561589 0.0)
(8.337467905342471 -0.09645916194805744 0.0)
(7.745690762279894 -0.08366545928799679 0.0)
(7.055917160661045 -0.06904608013431619 0.0)
(6.267796246940453 -0.05284169802741867 0.0)
(5.39901057512045 -0.03694279807473395 0.0)
(4.475196088383672 -0.023282725568762864 0.0)
(3.501023664368344 -0.012460939658537814 0.0)
(2.4518089394902636 -0.004967816064888583 0.0)
(1.290133394341276 -0.0011561906130516113 0.0)
(0.005093945796685465 -7.909245201110728e-05 0.0)
(-0.00506233540168045 -7.899930880134222e-05 0.0)
(1.2877643464666488 -0.0011548465109935044 0.0)
(2.526242100133171 -0.004962225891008883 0.0)
(3.6994062711857283 -0.01244762382439189 0.0)
(4.769406044069554 -0.0232589869275622 0.0)
(5.711047180419537 -0.036905800665787025 0.0)
(6.530469357149641 -0.05279091495337548 0.0)
(7.254782882280769 -0.06898892589129076 0.0)
(7.899018775369615 -0.08361032692388379 0.0)
(8.462536774943302 -0.09640749726116714 0.0)
(8.939117648415122 -0.10746059753947772 0.0)
(9.327681342195863 -0.11664464107029358 0.0)
(9.628310612083041 -0.12386358401690942 0.0)
(9.840719959544032 -0.12905474721029153 0.0)
(9.964693266053827 -0.1321818989496075 0.0)
(10.000000000000002 -0.1332259921770901 0.0)
(9.94641784505731 -0.13218189894960664 0.0)
(9.80372448490041 -0.12905474721029014 0.0)
(9.571689387916976 -0.12386358401690638 0.0)
(9.250096435581927 -0.1166446410702911 0.0)
(8.838660129362664 -0.107460597539475 0.0)
(8.337463225056727 -0.09640749726116425 0.0)
(7.745425669074825 -0.0836103269238814 0.0)
(7.05632822883031 -0.06898892589128812 0.0)
(6.269530642850373 -0.05279091495337196 0.0)
(5.4000639306915685 -0.03690580066578376 0.0)
(4.475038400374829 -0.02325898692756054 0.0)
(3.500593728814231 -0.012447623824391471 0.0)
(2.4515356776445834 -0.004962225891009176 0.0)
(1.2900134313111165 -0.001154846510993552 0.0)
(0.005062335401666659 -7.899930880134647e-05 0.0)
(-0.005036275004842188 -7.890603605856318e-05 0.0)
(1.2878653338752528 -0.0011535385835972284 0.0)
(2.526494330953261 -0.004957014335520825 0.0)
(3.6998754557406883 -0.012435838664414736 0.0)
(4.7697600865549665 -0.02323891538573906 0.0)
(5.71026273340339 -0.03687479664897042 0.0)
(6.528723760897322 -0.05274697062311983 0.0)
(7.254143597775268 -0.06893757887709305 0.0)
(7.899210876306308 -0.08355991802864296 0.0)
(8.462529413780194 -0.09636002349321736 0.0)
(8.939096753887714 -0.10741596691653281 0.0)
(9.327672150068391 -0.11660287136482743 0.0)
(9.628304912999356 -0.12382431481814032 0.0)
(9.840716524362568 -0.1290174063627227 0.0)
(9.964691892477608 -0.1321457638247858 0.0)
(10.000000000000002 -0.1331902691007872 0.0)
(9.94641921863353 -0.13214576382478488 0.0)
(9.803727920081874 -0.12901740636272124 0.0)
(9.571695087000661 -0.12382431481813723 0.0)
(9.250105627709399 -0.11660287136482492 0.0)
(8.838681023890071 -0.10741596691653003 0.0)
(8.337470586219835 -0.09636002349321442 0.0)
(7.745233568138132 -0.08355991802864046 0.0)
(7.056967513335813 -0.06893757887709033 0.0)
(6.271276239102695 -0.05274697062311624 0.0)
(5.400848377707716 -0.03687479664896711 0.0)
(4.474684357889414 -0.02323891538573736 0.0)
(3.5001245442592697 -0.012435838664414294 0.0)
(2.451283446824493 -0.0049570143355211075 0.0)
(1.2899124439025123 -0.001153538583597273 0.0)
(0.00503627500482836 -7.89060360585672e-05 0.0)
(-0.005016909652345335 -7.881673201644572e-05 0.0)
(1.2879429084603191 -0.0011523242987997384 0.0)
(2.5267144481869686 -0.0049524103846379725 0.0)
(3.700363274185501 -0.012426101996975795 0.0)
(4.770294927537842 -0.02322339285012291 0.0)
(5.709781662108997 -0.03685114828406601 0.0)
(6.527043662608452 -0.0527117958701327 0.0)
(7.253304185925163 -0.06889429518559274 0.0)
(7.899321544410904 -0.083516447476913 0.0)
(8.462510334604271 -0.0963188265547238 0.0)
(8.939061054905286 -0.10737703140470657 0.0)
(9.327654674092306 -0.1165662731129296 0.0)
(9.628293975549663 -0.12378979080456043 0.0)
(9.840710203823026 -0.1289844970299185 0.0)
(9.96468917287602 -0.1321138677991658 0.0)
(10.000000000000002 -0.13315872097406953 0.0)
(9.946421938235117 -0.1321138677991649 0.0)
(9.803734240621418 -0.12898449702991704 0.0)
(9.571706024450355 -0.1237897908045573 0.0)
(9.250123103685485 -0.11656627311292703 0.0)
(8.8387167228725 -0.10737703140470374 0.0)
(8.337489665395756 -0.09631882655472078 0.0)
(7.745122900033534 -0.08351644747691045 0.0)
(7.057806925185921 -0.06889429518558994 0.0)
(6.2729563373915695 -0.05271179587012906 0.0)
(5.401329449002109 -0.03685114828406267 0.0)
(4.474149516906536 -0.023223392850121195 0.0)
(3.499636725814456 -0.01242610199697534 0.0)
(2.451063329590785 -0.004952410384638248 0.0)
(1.289834869317446 -0.0011523242987997806 0.0)
(0.005016909652331489 -7.881673201644956e-05 0.0)
(-0.005005090222350693 -7.873532053122336e-05 0.0)
(1.2879936617364984 -0.0011512570100535651 0.0)
(2.5268927802857393 -0.004948616327539433 0.0)
(3.70084829267014 -0.01241884163342961 0.0)
(4.770987067083858 -0.023213101352531042 0.0)
(5.70962510392894 -0.03683589463696421 0.0)
(6.525502882728188 -0.05268693620870995 0.0)
(7.252301528951487 -0.06886097662300907 0.0)
(7.899345917129352 -0.08348182528520978 0.0)
(8.462480375719624 -0.09628571656379618 0.0)
(8.939012120015818 -0.10734550175915815 0.0)
(9.327629682130024 -0.11653645437483377 0.0)
(9.62827828030549 -0.12376152889816652 0.0)
(9.840701275638349 -0.12895746518775647 0.0)
(9.96468522674338 -0.1320876123257612 0.0)
(10.000000000000002 -0.13313273396390948 0.0)
(9.946425884367756 -0.13208761232576033 0.0)
(9.803743168806093 -0.12895746518775503 0.0)
(9.571721719694528 -0.12376152889816337 0.0)
(9.250148095647768 -0.1165364543748312 0.0)
(8.838765657761968 -0.10734550175915529 0.0)
(8.337519624280404 -0.09628571656379316 0.0)
(7.745098527315087 -0.0834818252852072 0.0)
(7.058809582159601 -0.06886097662300623 0.0)
(6.274497117271837 -0.052686936208706306 0.0)
(5.401486007182164 -0.036835894636960874 0.0)
(4.473457377360518 -0.02321310135252933 0.0)
(3.4991517073298155 -0.012418841633429148 0.0)
(2.450884997492014 -0.004948616327539702 0.0)
(1.2897841160412666 -0.0011512570100536057 0.0)
(0.0050050902223368506 -7.873532053122703e-05 0.0)
(-0.005001336038989186 -7.866537867461866e-05 0.0)
(1.2880153636976859 -0.0011503836120736663 0.0)
(2.527021491663401 -0.004945798868153083 0.0)
(3.7013092003697063 -0.012414376580867938 0.0)
(4.771806093847596 -0.023208493082539892 0.0)
(5.709799937743234 -0.03682970592501293 0.0)
(6.524169120305691 -0.05267348392689503 0.0)
(7.251179681767353 -0.06883908714602734 0.0)
(7.89928292356899 -0.08345757268929727 0.0)
(8.46244085346483 -0.09626214831286285 0.0)
(8.938952099328827 -0.10732276333483108 0.0)
(9.327598272282646 -0.11651472533134012 0.0)
(9.628258516887152 -0.12374077087542185 0.0)
(9.84069013209664 -0.1289374985659279 0.0)
(9.964680227465541 -0.1320681510220403 0.0)
(10.000000000000002 -0.1331134498919915 0.0)
(9.946430883645597 -0.13206815102203945 0.0)
(9.803754312347802 -0.12893749856592646 0.0)
(9.571741483112865 -0.1237407708754187 0.0)
(9.250179505495145 -0.11651472533133753 0.0)
(8.83882567844896 -0.10732276333482822 0.0)
(8.337559146535197 -0.09626214831285983 0.0)
(7.74516152087545 -0.08345757268929466 0.0)
(7.059931429343737 -0.0688390871460245 0.0)
(6.275830879694335 -0.05267348392689139 0.0)
(5.401311173367869 -0.03682970592500962 0.0)
(4.472638350596778 -0.023208493082538192 0.0)
(3.498690799630248 -0.012414376580867475 0.0)
(2.450756286114352 -0.004945798868153348 0.0)
(1.2897624140800794 -0.0011503836120737056 0.0)
(0.005001336038975372 -7.86653786746222e-05 0.0)
(-0.005005812054209641 -7.860997956385583e-05 0.0)
(1.2880070607994094 -0.001149742480369442 0.0)
(2.527094926977491 -0.004944081800489961 0.0)
(3.701725745843088 -0.012412903025531753 0.0)
(4.772716021291424 -0.02320977051910227 0.0)
(5.710298481673929 -0.036832854068893375 0.0)
(6.523100978421759 -0.05267203009334064 0.0)
(7.249987936285672 -0.0688295885382205 0.0)
(7.899135331551617 -0.08344475530387097 0.0)
(8.462393504375466 -0.09624915734775295 0.0)
(8.938883630043495 -0.10730981521649156 0.0)
(9.327561824641405 -0.11650204071686758 0.0)
(9.628235553663096 -0.12372842880587007 0.0)
(9.840677262824736 -0.12892547446126795 0.0)
(9.964674394701623 -0.13205633898208527 0.0)
(10.000000000000002 -0.13310171606515656 0.0)
(9.946436716409515 -0.13205633898208435 0.0)
(9.803767181619708 -0.1289254744612665 0.0)
(9.571764446336921 -0.12372842880586694 0.0)
(9.250215953136387 -0.11650204071686499 0.0)
(8.83889414773429 -0.10730981521648868 0.0)
(8.337606495624563 -0.09624915734774993 0.0)
(7.745309112892824 -0.08344475530386836 0.0)
(7.061123174825421 -0.0688295885382177 0.0)
(6.276899021578269 -0.052672030093337055 0.0)
(5.400812629437171 -0.03683285406889011 0.0)
(4.471728423152948 -0.023209770519100597 0.0)
(3.4982742541568657 -0.0124129030255313 0.0)
(2.450682850800262 -0.004944081800490228 0.0)
(1.2897707169783559 -0.0011497424803694803 0.0)
(0.005005812054195874 -7.860997956385929e-05 0.0)
(-0.005018321600091905 -7.857155733451195e-05 0.0)
(1.2879691178558297 -0.001149361785095058 0.0)
(2.5271098596146544 -0.0049435405693619 0.0)
(3.702079626844233 -0.012414485712746743 0.0)
(4.773676868868124 -0.023216877533992642 0.0)
(5.711098830612771 -0.03684520074492281 0.0)
(6.522345389276659 -0.05268263858683344 0.0)
(7.248778655622672 -0.0688328981510384 0.0)
(7.898909626000464 -0.08344393630139774 0.0)
(8.462340408883893 -0.09624731446770708 0.0)
(8.93880972057496 -0.10730722632077146 0.0)
(9.327521940648976 -0.11649895787017021 0.0)
(9.628210399595377 -0.12372504497746814 0.0)
(9.840663233274897 -0.12892192119093798 0.0)
(9.9646679847326 -0.13205269520532206 0.0)
(10.000000000000002 -0.1330980480462893 0.0)
(9.946443126378538 -0.13205269520532115 0.0)
(9.803781211169545 -0.12892192119093654 0.0)
(9.57178960040464 -0.12372504497746505 0.0)
(9.250255837128815 -0.11649895787016765 0.0)
(8.838968057202827 -0.10730722632076863 0.0)
(8.337659591116136 -0.09624731446770408 0.0)
(7.745534818443978 -0.08344393630139518 0.0)
(7.062332455488424 -0.06883289815103565 0.0)
(6.277654610723369 -0.05268263858682992 0.0)
(5.400012280498325 -0.036845200744919614 0.0)
(4.470767575576244 -0.02321687753399101 0.0)
(3.4979203731557202 -0.012414485712746304 0.0)
(2.450667918163099 -0.004943540569362171 0.0)
(1.2898086599219358 -0.0011493617850950968 0.0)
(0.005018321600078203 -7.857155733451538e-05 0.0)
(-0.005038315030075479 -7.855180018905293e-05 0.0)
(1.287903202010473 -0.0011492582533044091 0.0)
(2.5270656334621324 -0.0049441989554745115 0.0)
(3.702355294489358 -0.012419055102132114 0.0)
(4.774646418693 -0.02322950185797863 0.0)
(5.712165818691584 -0.03686620346274411 0.0)
(6.521935552075118 -0.05270484328957704 0.0)
(7.247604973358368 -0.06884887056614851 0.0)
(7.898615724004533 -0.08345515166734799 0.0)
(8.462283899908876 -0.096256700645503 0.0)
(8.938733618370055 -0.1073151103990125 0.0)
(9.327480372735023 -0.11650561224589197 0.0)
(9.628184159907711 -0.12373076806944552 0.0)
(9.84064865987988 -0.12892699487913573 0.0)
(9.964661279200786 -0.13205737979263563 0.0)
(10.000000000000002 -0.1331026070014283 0.0)
(9.946449831910352 -0.13205737979263477 0.0)
(9.803795784564562 -0.12892699487913434 0.0)
(9.571815840092308 -0.12373076806944243 0.0)
(9.250297405042769 -0.11650561224588946 0.0)
(8.839044159407733 -0.10731511039900972 0.0)
(8.337716100091153 -0.09625670064550006 0.0)
(7.745828720439909 -0.08345515166734552 0.0)
(7.06350613775273 -0.06884887056614584 0.0)
(6.27806444792491 -0.05270484328957363 0.0)
(5.398945292419509 -0.036866203462741005 0.0)
(4.469798025751366 -0.023229501857977054 0.0)
(3.497644705510595 -0.012419055102131702 0.0)
(2.450712144315622 -0.004944198955474789 0.0)
(1.2898745757672927 -0.0011492582533044488 0.0)
(0.005038315030061861 -7.855180018905636e-05 0.0)
(-0.005064913869423831 -7.855157622030555e-05 0.0)
(1.2878122094849946 -0.0011494364339949702 0.0)
(2.526964191736157 -0.0049460280305464914 0.0)
(3.7025406364464555 -0.012426410423077745 0.0)
(4.7755820705204854 -0.023247088801359835 0.0)
(5.713452564406184 -0.036894939401359586 0.0)
(6.521889474313993 -0.05273766856755526 0.0)
(7.246518458944263 -0.06887680398485165 0.0)
(7.898266539079846 -0.08347790861905977 0.0)
(8.462226460351395 -0.0962769034696599 0.0)
(8.938658667220437 -0.10733312103924027 0.0)
(9.327438947317637 -0.11652171146293754 0.0)
(9.628157987523972 -0.12374534661961076 0.0)
(9.840634182968 -0.12894047259728386 0.0)
(9.964654572734982 -0.13207018691182962 0.0)
(10.000000000000002 -0.1331151926184251 0.0)
(9.946456538376156 -0.13207018691182876 0.0)
(9.803810261476443 -0.12894047259728242 0.0)
(9.571842012476047 -0.12374534661960772 0.0)
(9.250338830460155 -0.11652171146293505 0.0)
(8.83911911055735 -0.10733312103923755 0.0)
(8.337773539648634 -0.09627690346965705 0.0)
(7.746177905364597 -0.08347790861905738 0.0)
(7.064592652166838 -0.06887680398484909 0.0)
(6.278110525686033 -0.052737668567551965 0.0)
(5.397658546704905 -0.03689493940135658 0.0)
(4.468862373923878 -0.023247088801358323 0.0)
(3.497459363553497 -0.012426410423077362 0.0)
(2.4508135860415976 -0.004946028030546778 0.0)
(1.2899655682927713 -0.0011494364339950111 0.0)
(0.00506491386941031 -7.855157622030908e-05 0.0)
)
