(
(-0.02041659312822869 5.394498863585388e-05 0.0)
(1.20899841506791 0.0006867531065761783 0.0)
(2.328813739713427 0.002345147823651311 0.0)
(3.3715376155582435 0.004211225987085338 0.0)
(4.352190325495291 0.005007725984257004 0.0)
(5.270260872957519 0.004873175900325556 0.0)
(6.137511158980136 0.005406763306702967 0.0)
(6.945511573998268 0.007272287254949637 0.0)
(7.655215875314749 0.009396823285767592 0.0)
(8.262853086245851 0.011164102899361835 0.0)
(8.77911831038343 0.012655068484997792 0.0)
(9.203957063775102 0.013890497865662783 0.0)
(9.537994380979661 0.014860001226018524 0.0)
(9.78166680403933 0.015556413272530628 0.0)
(9.935522485942554 0.015976044805102972 0.0)
(10.000000000000004 0.016115967815796644 0.0)
(9.975588625168543 0.01597604480510133 0.0)
(9.862777640405127 0.01555641327252743 0.0)
(9.662005619020334 0.014860001226014401 0.0)
(9.373820714002662 0.013890497865657209 0.0)
(8.99865946739435 0.012655068484991792 0.0)
(8.53714691375413 0.011164102899354243 0.0)
(7.989228569129695 0.009396823285759274 0.0)
(7.365599537112867 0.00727228725494237 0.0)
(6.662488841019882 0.005406763306695857 0.0)
(5.840850238153596 0.004873175900318372 0.0)
(4.892254118949167 0.005007725984252905 0.0)
(3.828462384441753 0.004211225987083909 0.0)
(2.6489640380643573 0.0023451478236510416 0.0)
(1.3687793627098825 0.0006867531065760134 0.0)
(0.02041659312823233 5.394498863583777e-05 0.0)
(-0.020430226313434968 5.3958052730466336e-05 0.0)
(1.208953416503911 0.0006868187575519729 0.0)
(2.3287829156806734 0.0023446839594705882 0.0)
(3.371722748923239 0.004208090216722764 0.0)
(4.35284590009734 0.004999105273478229 0.0)
(5.270986356048482 0.0048588420630345155 0.0)
(6.137239512116956 0.005391570871758681 0.0)
(6.944718694607777 0.007261291294992806 0.0)
(7.655016123086528 0.009389053040366191 0.0)
(8.262814831418984 0.011157581834929594 0.0)
(8.7790668291852 0.012649574711353367 0.0)
(9.203928936531089 0.013885846917737112 0.0)
(9.537976625341605 0.014855989714946182 0.0)
(9.78165694356948 0.015552848287314323 0.0)
(9.935517948219156 0.01597274753562459 0.0)
(10.000000000000004 0.016112757063848942 0.0)
(9.975593162891942 0.01597274753562294 0.0)
(9.862787500874976 0.01555284828731111 0.0)
(9.662023374658391 0.014855989714942038 0.0)
(9.373848841246675 0.013885846917731514 0.0)
(8.99871094859258 0.012649574711347332 0.0)
(8.537185168580997 0.011157581834921961 0.0)
(7.989428321357916 0.009389053040357828 0.0)
(7.36639241650336 0.007261291294985482 0.0)
(6.6627604878830615 0.005391570871751502 0.0)
(5.8401247550626305 0.004858842063027271 0.0)
(4.891598544347117 0.004999105273474092 0.0)
(3.8282772510767575 0.00420809021672132 0.0)
(2.648994862097111 0.0023446839594703146 0.0)
(1.3688243612738815 0.0006868187575518072 0.0)
(0.020430226313438674 5.39580527304502e-05 0.0)
(-0.02044831115760396 5.395789835070907e-05 0.0)
(1.208891510857084 0.0006866938930844682 0.0)
(2.32871344300201 0.0023434291350242394 0.0)
(3.3718466303933377 0.004203074234454306 0.0)
(4.353477891961804 0.004987138399410964 0.0)
(5.271859666523482 0.004839294834094083 0.0)
(6.137214057051532 0.005369213952772988 0.0)
(6.94398555003302 0.0072422204032211255 0.0)
(7.6547792004632305 0.00937348812731571 0.0)
(8.262775986365902 0.011143754920653075 0.0)
(8.779016178473656 0.012637240567841648 0.0)
(9.20390093421029 0.013874815613223006 0.0)
(9.537958933251364 0.01484599564350042 0.0)
(9.781647158348697 0.015543605471089211 0.0)
(9.935513414476713 0.01596396246677971 0.0)
(10.000000000000004 0.01610412323649826 0.0)
(9.975597696634384 0.01596396246677805 0.0)
(9.86279728609576 0.015543605471085981 0.0)
(9.662041066748634 0.014845995643496252 0.0)
(9.373876843567473 0.013874815613217373 0.0)
(8.998761599304126 0.012637240567835571 0.0)
(8.537224013634079 0.011143754920645392 0.0)
(7.989665243981214 0.00937348812730728 0.0)
(7.367125561078119 0.007242220403213725 0.0)
(6.662785942948484 0.005369213952765728 0.0)
(5.839251444587628 0.004839294834086771 0.0)
(4.890966552482651 0.004987138399406783 0.0)
(3.828153369606659 0.004203074234452843 0.0)
(2.649064334775775 0.0023434291350239596 0.0)
(1.368886266920709 0.0006866938930843013 0.0)
(0.02044831115760773 5.395789835069288e-05 0.0)
(-0.020470053045768176 5.394453227974616e-05 0.0)
(1.2088154181482964 0.0006863839994899335 0.0)
(2.3286083741798405 0.0023414384850027987 0.0)
(3.3719038168433775 0.0041963984333643605 0.0)
(4.354058532522355 0.004972351164608949 0.0)
(5.2728424327179235 0.004815393082983257 0.0)
(6.1374359122328705 0.005340674871865294 0.0)
(6.943344353305362 0.00721591251972983 0.0)
(7.654515517391485 0.009350812440420374 0.0)
(8.262738257867172 0.011123229685849964 0.0)
(8.778968583748394 0.012618607994163861 0.0)
(9.203874287183455 0.013857888647459606 0.0)
(9.537942082067016 0.014830458132896927 0.0)
(9.781637878321682 0.015529090936290974 0.0)
(9.935509083919571 0.01595007559842155 0.0)
(10.000000000000004 0.016090445688323244 0.0)
(9.975602027191526 0.01595007559841988 0.0)
(9.862806566122776 0.015529090936287723 0.0)
(9.66205791793298 0.014830458132892728 0.0)
(9.37390349059431 0.013857888647453935 0.0)
(8.998809194029386 0.012618607994157732 0.0)
(8.53726174213281 0.011123229685842215 0.0)
(7.9899289270529605 0.009350812440411868 0.0)
(7.367766757805779 0.007215912519722343 0.0)
(6.6625640877671435 0.005340674871857941 0.0)
(5.838268678393184 0.004815393082975867 0.0)
(4.890385911922099 0.0049723511646047195 0.0)
(3.8280961831566196 0.004196398433362871 0.0)
(2.649169403597945 0.002341438485002511 0.0)
(1.3689623596294966 0.0006863839994897651 0.0)
(0.020470053045772013 5.394453227972989e-05 0.0)
(-0.020494496679137324 5.39185417982832e-05 0.0)
(1.2087284817519655 0.0006859026929259782 0.0)
(2.328472325745993 0.0023387994749264184 0.0)
(3.371891795605364 0.004188356135939783 0.0)
(4.354562309495015 0.0049553932931169 0.0)
(5.273891473683143 0.00478818700891883 0.0)
(6.137895329750178 0.00530720758403991 0.0)
(6.94282327743598 0.007183523564790616 0.0)
(7.654236659623071 0.009322022307878368 0.0)
(8.262703303644004 0.011096907971787655 0.0)
(8.778926136234576 0.012594495671520085 0.0)
(9.203850166272188 0.013835809760355554 0.0)
(9.537926812198773 0.014810059872926547 0.0)
(9.78162951123584 0.015509942425025052 0.0)
(9.935505146824491 0.01593169709414046 0.0)
(10.000000000000004 0.016072325385768343 0.0)
(9.975605964286606 0.015931697094138785 0.0)
(9.862814933208616 0.01550994242502178 0.0)
(9.662073187801223 0.014810059872922316 0.0)
(9.373927611505577 0.013835809760349834 0.0)
(8.998851641543206 0.012594495671513897 0.0)
(8.537296696355977 0.011096907971779833 0.0)
(7.990207784821376 0.009322022307869783 0.0)
(7.368287833675161 0.00718352356478303 0.0)
(6.662104670249835 0.0053072075840324565 0.0)
(5.837219637427961 0.004788187008911359 0.0)
(4.889882134949438 0.004955393293112619 0.0)
(3.8281082043946335 0.004188356135938269 0.0)
(2.6493054520317934 0.002338799474926122 0.0)
(1.3690492960258278 0.000685902692925808 0.0)
(0.020494496679141237 5.391854179826682e-05 0.0)
(-0.020520568049179545 5.3881068880527436e-05 0.0)
(1.2086345214943002 0.000685271121122497 0.0)
(2.328311275419757 0.0023356280580699223 0.0)
(3.3718110948705027 0.004179300706016445 0.0)
(4.354967087841238 0.00493700988278463 0.0)
(5.274960696478295 0.004758871997023085 0.0)
(6.138572123638221 0.0052702825806972085 0.0)
(6.942445217545293 0.007146476649829592 0.0)
(7.6539548796581744 0.009288382715443536 0.0)
(8.262672659521021 0.011065946306427826 0.0)
(8.7788907009983 0.012565963051255036 0.0)
(9.203829631305208 0.013809549057818019 0.0)
(9.537913794576713 0.014785697125814824 0.0)
(9.78162242472562 0.015487001287845265 0.0)
(9.935501776180226 0.015909634471792035 0.0)
(10.000000000000004 0.016050558501777664 0.0)
(9.97560933493087 0.015909634471790345 0.0)
(9.862822019718836 0.015487001287841966 0.0)
(9.662086205423284 0.014785697125810552 0.0)
(9.373948146472557 0.013809549057812247 0.0)
(8.998887076779482 0.012565963051248782 0.0)
(8.53732734047896 0.011065946306419931 0.0)
(7.990489564786272 0.00928838271543486 0.0)
(7.368665893565848 0.0071464766498219034 0.0)
(6.661427876361789 0.005270282580689655 0.0)
(5.836150414632807 0.004758871997015534 0.0)
(4.889477356603215 0.0049370098827802985 0.0)
(3.8281889051294953 0.004179300706014906 0.0)
(2.6494665023580293 0.0023356280580696166 0.0)
(1.3691432562834935 0.0006852711211223249 0.0)
(0.020520568049183528 5.388106888051092e-05 0.0)
(-0.02054712162759139 5.383376001793027e-05 0.0)
(1.2085376658171265 0.0006845170341891073 0.0)
(2.3281322994578346 0.0023320635806880407 0.0)
(3.371665260481446 0.004169630022618736 0.0)
(4.355255082341013 0.004918008667030641 0.0)
(5.276003121409848 0.004728736095288424 0.0)
(6.139436556811721 0.005231522278931686 0.0)
(6.942226784893257 0.007106399548514733 0.0)
(7.653682558392953 0.009251371725265564 0.0)
(8.26264767194492 0.011031705088703629 0.0)
(8.77886383499902 0.012534263804504205 0.0)
(9.203813584551392 0.013780260387073896 0.0)
(9.537903601171331 0.014758440346099452 0.0)
(9.781616930159316 0.015461275516349661 0.0)
(9.935499120086721 0.01588485712263983 0.0)
(10.000000000000004 0.01602610143341236 0.0)
(9.975611991024376 0.015884857122638128 0.0)
(9.86282751428514 0.015461275516346337 0.0)
(9.662096398828666 0.014758440346095142 0.0)
(9.373964193226373 0.013780260387068076 0.0)
(8.99891394277876 0.012534263804497889 0.0)
(8.53735232805506 0.011031705088695654 0.0)
(7.9907618860514935 0.009251371725256795 0.0)
(7.368884326217883 0.007106399548506941 0.0)
(6.660563443188286 0.005231522278924031 0.0)
(5.835107989701251 0.004728736095280794 0.0)
(4.88918936210344 0.0049180086670262595 0.0)
(3.8283347395185525 0.004169630022617172 0.0)
(2.6496454783199526 0.0023320635806877246 0.0)
(1.3692401119606674 0.0006845170341889329 0.0)
(0.020547121627595442 5.383376001791362e-05 0.0)
(-0.020572990698715855 5.377869387536513e-05 0.0)
(1.2084421703817074 0.0006836735653260989 0.0)
(2.327943261736565 0.002328262659395906 0.0)
(3.371460700134452 0.004159768997883137 0.0)
(4.355413639042891 0.00489922452451342 0.0)
(5.276972946233371 0.004699103420104992 0.0)
(6.1404506476584695 0.0051926297354929485 0.0)
(6.942177577010992 0.007065053175358825 0.0)
(7.653431661125603 0.00921261553254318 0.0)
(8.262629438824085 0.010995688815079322 0.0)
(8.778846718679599 0.012500790738177692 0.0)
(9.203802731075749 0.013749230638733581 0.0)
(9.537896679862213 0.01472948714681626 0.0)
(9.781613268958118 0.015433895453873789 0.0)
(9.935497295247863 0.015858453718076718 0.0)
(10.000000000000004 0.016000028779513464 0.0)
(9.975613815863234 0.015858453718075 0.0)
(9.862831175486338 0.015433895453870444 0.0)
(9.662103320137785 0.014729487146811911 0.0)
(9.373975046702016 0.013749230638727709 0.0)
(8.998931059098183 0.012500790738171313 0.0)
(8.537370561175896 0.010995688815071271 0.0)
(7.991012783318845 0.009212615532534324 0.0)
(7.368933534100148 0.007065053175350935 0.0)
(6.659549352341534 0.005192629735485202 0.0)
(5.834138164877726 0.004699103420097293 0.0)
(4.889030805401562 0.004899224524508995 0.0)
(3.828539299865547 0.004159768997881547 0.0)
(2.6498345160412224 0.0023282626593955805 0.0)
(1.3693356073960867 0.0006836735653259222 0.0)
(0.020572990698719963 5.3778693875348305e-05 0.0)
(-0.020597038622893853 5.371828995839564e-05 0.0)
(1.2083522310827712 0.0006827777750122297 0.0)
(2.3277524682275863 0.002324392299721507 0.0)
(3.3712064018369357 0.0041501509071962955 0.0)
(4.355435791255462 0.004881482796090558 0.0)
(5.277827558620366 0.004671275977008903 0.0)
(6.141569838881887 0.005155313817587801 0.0)
(6.942299756002821 0.0070242542143572895 0.0)
(7.653213211823047 0.009173817013482154 0.0)
(8.262618761288488 0.010959479974728048 0.0)
(8.778840104099794 0.012467014597572641 0.0)
(9.203797547760141 0.013717823203171824 0.0)
(9.537893334759017 0.014700109678573367 0.0)
(9.781611601988509 0.015406064130272436 0.0)
(9.935496381843734 0.01583158437539553 0.0)
(10.000000000000004 0.01597348612479473 0.0)
(9.975614729267363 0.015831584375393806 0.0)
(9.862832842455948 0.015406064130269067 0.0)
(9.662106665240978 0.014700109678568987 0.0)
(9.373980230017622 0.013717823203165906 0.0)
(8.998937673677986 0.012467014597566203 0.0)
(8.537381238711493 0.010959479974719927 0.0)
(7.991231232621401 0.009173817013473215 0.0)
(7.368811355108318 0.00702425421434931 0.0)
(6.658430161118114 0.0051553138175799715 0.0)
(5.83328355249073 0.004671275977001146 0.0)
(4.889008653188991 0.004881482796086093 0.0)
(3.828793598163064 0.004150150907194683 0.0)
(2.650025309550202 0.0023243922997211717 0.0)
(1.3694255466950231 0.0006827777750120507 0.0)
(0.020597038622898016 5.3718289958378654e-05 0.0)
(-0.02061820877833144 5.365520230462762e-05 0.0)
(1.2082717996885737 0.0006818690226350889 0.0)
(2.3275683020486357 0.002320622558188313 0.0)
(3.370913538990864 0.004141198351867189 0.0)
(4.3553205656510325 0.00486556302085138 0.0)
(5.278529408466015 0.004646476452940933 0.0)
(6.142744955267119 0.005121214118381449 0.0)
(6.9425879535473625 0.006985795297216943 0.0)
(7.653036808747998 0.009136680904030144 0.0)
(8.262616108489508 0.010924669517852642 0.0)
(8.778844281892145 0.012434419444515532 0.0)
(9.203798262349975 0.01368741806564893 0.0)
(9.53789371283946 0.014671598733580808 0.0)
(9.781612002494086 0.015379004402988672 0.0)
(9.935496420007642 0.015805429684357615 0.0)
(10.000000000000004 0.01594763970494607 0.0)
(9.975614691103456 0.015805429684355877 0.0)
(9.86283244195037 0.015379004402985282 0.0)
(9.662106287160535 0.0146715987335764 0.0)
(9.37397951542779 0.013687418065642968 0.0)
(8.998933495885638 0.012434419444509043 0.0)
(8.537383891510473 0.01092466951784446 0.0)
(7.991407635696451 0.009136680904021135 0.0)
(7.368523157563775 0.0069857952972088855 0.0)
(6.657255044732878 0.005121214118373552 0.0)
(5.83258170264508 0.004646476452933127 0.0)
(4.889123878793422 0.004865563020846884 0.0)
(3.8290864610091364 0.004141198351865559 0.0)
(2.6502094757291528 0.00232062255818797 0.0)
(1.3695059780892207 0.0006818690226349079 0.0)
(0.020618208778335638 5.365520230461047e-05 0.0)
(-0.020635570987128385 5.359220287015201e-05 0.0)
(1.208204410207431 0.0006809872371116129 0.0)
(2.3273988551246942 0.002317119070342746 0.0)
(3.3705949794539167 0.0041333046907987454 0.0)
(4.355073025031862 0.00485216468459549 0.0)
(5.2790476577720975 0.0046257944936191776 0.0)
(6.143924364350013 0.005091828916273385 0.0)
(6.943029506771752 0.0069513662383983345 0.0)
(7.652910202728853 0.009102838896897877 0.0)
(8.262621596986282 0.010892786952244276 0.0)
(8.778859068492096 0.012404437450400553 0.0)
(9.203804843447479 0.013659351172283025 0.0)
(9.537897797491379 0.01464520703060226 0.0)
(9.781614452877363 0.015353905226934975 0.0)
(9.93549740806273 0.01578113883423852 0.0)
(10.000000000000004 0.015923625164370955 0.0)
(9.975613703048367 0.015781138834236774 0.0)
(9.862829991567093 0.015353905226931568 0.0)
(9.662102202508617 0.014645207030597825 0.0)
(9.373972934330284 0.013659351172277031 0.0)
(8.998918709285686 0.012404437450394021 0.0)
(8.5373784030137 0.010892786952236045 0.0)
(7.991534241715596 0.00910283889688881 0.0)
(7.368081604339384 0.006951366238390214 0.0)
(6.656075635649981 0.005091828916265439 0.0)
(5.832063453338996 0.004625794493611338 0.0)
(4.889371419412594 0.004852164684590971 0.0)
(3.8294050205460852 0.0041333046907971 0.0)
(2.6503789226530947 0.002317119070342396 0.0)
(1.3695733675703636 0.00068098723711143 0.0)
(0.02063557098713261 5.359220287013471e-05 0.0)
(-0.020648362385593422 5.3532059734865487e-05 0.0)
(1.2081530236098588 0.0006801711624845221 0.0)
(2.3272515726436054 0.002314035773031289 0.0)
(3.3702647201493576 0.004126816757017263 0.0)
(4.354704045879893 0.004841876485706407 0.0)
(5.279359535612217 0.004610138826499664 0.0)
(6.145056245053135 0.005068449343285529 0.0)
(6.94360501463511 0.006922479787759768 0.0)
(7.652838956602475 0.009073777947966547 0.0)
(8.262634985624299 0.01086523313950828 0.0)
(8.778883814203496 0.012378385969198604 0.0)
(9.20381700189127 0.013634855731021678 0.0)
(9.537905409242642 0.014622094172784341 0.0)
(9.781618845472984 0.0153318694139895 0.0)
(9.93549930259567 0.015759779120553617 0.0)
(10.000000000000004 0.015902497658048898 0.0)
(9.975611808515428 0.015759779120551865 0.0)
(9.862825598971472 0.015331869413986083 0.0)
(9.662094590757356 0.014622094172779885 0.0)
(9.373960775886493 0.013634855731015657 0.0)
(8.998893963574284 0.012378385969192038 0.0)
(8.537365014375682 0.01086523313950001 0.0)
(7.991605487841974 0.009073777947957438 0.0)
(7.367506096476024 0.006922479787751604 0.0)
(6.654943754946856 0.005068449343277552 0.0)
(5.831751575498878 0.004610138826491807 0.0)
(4.889740398564564 0.004841876485701877 0.0)
(3.8297352798506448 0.004126816757015609 0.0)
(2.650526205134184 0.002314035773030934 0.0)
(1.3696247541679358 0.0006801711624843374 0.0)
(0.02064836238559766 5.3532059734848065e-05 0.0)
(-0.020656020943079195 5.347741547810378e-05 0.0)
(1.2081198977289453 0.0006794566555799645 0.0)
(2.3271329259281424 0.002311508140697076 0.0)
(3.3699372720668377 0.004122019618463766 0.0)
(4.354229840464036 0.00483515046882159 0.0)
(5.279451338644642 0.004600197332954385 0.0)
(6.146090864609108 0.005052102655083249 0.0)
(6.94428919037478 0.006900405163096033 0.0)
(7.652826200793315 0.009050774942166693 0.0)
(8.262655686131302 0.010843218743767995 0.0)
(8.778917431745061 0.012357409655333858 0.0)
(9.203834203461572 0.01361500802674077 0.0)
(9.53791621364682 0.014603275696815791 0.0)
(9.781624987278335 0.015313865177459692 0.0)
(9.935502020364147 0.015742289050045738 0.0)
(10.000000000000004 0.015885185489956 0.0)
(9.97560909074695 0.015742289050043986 0.0)
(9.862819457166122 0.015313865177456264 0.0)
(9.662083786353175 0.014603275696811325 0.0)
(9.373943574316193 0.013615008026734736 0.0)
(8.99886034603272 0.012357409655327275 0.0)
(8.537344313868681 0.010843218743759701 0.0)
(7.991618243651133 0.009050774942157556 0.0)
(7.366821920736351 0.006900405163087847 0.0)
(6.653909135390883 0.0050521026550752616 0.0)
(5.831659772466454 0.004600197332946528 0.0)
(4.890214603980422 0.004835150468817059 0.0)
(3.8300627279331656 0.004122019618462106 0.0)
(2.650644851849647 0.002311508140696717 0.0)
(1.3696578800488493 0.0006794566555797786 0.0)
(0.020656020943083428 5.347741547808624e-05 0.0)
(-0.020658210156580717 5.3430671068540135e-05 0.0)
(1.208106488055296 0.0006788751105241728 0.0)
(2.3270481280979247 0.002309647232880699 0.0)
(3.3696270226760534 0.004119124052630173 0.0)
(4.3536712445027295 0.004832282162818059 0.0)
(5.279319033212076 0.004596406824022275 0.0)
(6.146982763727423 0.005043507095240729 0.0)
(6.945051972560428 0.006886112283030474 0.0)
(7.6528724957682925 0.009034840589490344 0.0)
(8.262682788964879 0.010827711037298052 0.0)
(8.778958444023512 0.012342430169662454 0.0)
(9.203855692352851 0.013600680131256059 0.0)
(9.537929735978164 0.01458957845210324 0.0)
(9.781632608433721 0.01530068359056085 0.0)
(9.93550544195439 0.015729437104415822 0.0)
(10.000000000000004 0.015872449325086548 0.0)
(9.975605669156707 0.015729437104414063 0.0)
(9.862811836010735 0.015300683590557421 0.0)
(9.662070264021832 0.014589578452098769 0.0)
(9.373922085424914 0.013600680131250016 0.0)
(8.998819333754268 0.012342430169655864 0.0)
(8.537317211035102 0.010827711037289751 0.0)
(7.991571948676156 0.0090348405894812 0.0)
(7.3660591385507015 0.006886112283022286 0.0)
(6.653017236272566 0.005043507095232754 0.0)
(5.831792077899021 0.004596406824014434 0.0)
(4.890773199941731 0.004832282162813538 0.0)
(3.8303729773239508 0.004119124052628515 0.0)
(2.6507296496798647 0.0023096472328803385 0.0)
(1.3696712897224985 0.0006788751105239862 0.0)
(0.020658210156584936 5.343067106852251e-05 0.0)
(-0.020654833836061787 5.339388037001432e-05 0.0)
(1.2081133837854385 0.0006784520793429921 0.0)
(2.327000905014479 0.0023085348144671744 0.0)
(3.3693476037676504 0.004118257285381927 0.0)
(4.35305280168059 0.00483339759581419 0.0)
(5.278968432573181 0.00459893384773127 0.0)
(6.147692753992506 0.005043040336932319 0.0)
(6.945859845938284 0.006880229150565083 0.0)
(7.6529758074108996 0.009026675016243029 0.0)
(8.262715103276111 0.01081939140035019 0.0)
(8.779005049034366 0.012334105683380598 0.0)
(9.20388052438254 0.013592501586082991 0.0)
(9.537945382090172 0.014581604270520958 0.0)
(9.78164137407952 0.015292903828106275 0.0)
(9.93550941702798 0.015721787974642867 0.0)
(10.000000000000004 0.01586484876722476 0.0)
(9.975601694083117 0.01572178797464111 0.0)
(9.862803070364937 0.01529290382810285 0.0)
(9.662054617909826 0.014581604270516491 0.0)
(9.373897253395223 0.013592501586076956 0.0)
(8.998772728743415 0.012334105683374019 0.0)
(8.537284896723872 0.0108193914003419 0.0)
(7.991468637033548 0.0090266750162339 0.0)
(7.365251265172843 0.006880229150556916 0.0)
(6.652307246007482 0.005043040336924377 0.0)
(5.8321426785379185 0.004598933847723462 0.0)
(4.891391642763872 0.004833397595809689 0.0)
(3.830652396232354 0.004118257285380274 0.0)
(2.6507768727633105 0.002308534814466814 0.0)
(1.3696643939923558 0.0006784520793428053 0.0)
(0.020654833836065964 5.339388036999664e-05 0.0)
(-0.020646040330869198 5.336865989851287e-05 0.0)
(1.2081402819336058 0.0006782061492526097 0.0)
(2.3269933315736995 0.0023082197630864814 0.0)
(3.3691112924972817 0.004119457400886208 0.0)
(4.352401685243813 0.0048384477577247615 0.0)
(5.278414941478623 0.004607667371282657 0.0)
(6.148189639730999 0.005050722888664181 0.0)
(6.946677314030091 0.006883014259777503 0.0)
(7.653131596396565 0.009026637002774743 0.0)
(8.262751209233276 0.010818625382551557 0.0)
(8.779055199038707 0.012332801959186299 0.0)
(9.203907608476685 0.013590831741534252 0.0)
(9.537962464521303 0.014579703523019315 0.0)
(9.781650899069291 0.015290867718625551 0.0)
(9.935513770927457 0.01571967774949541 0.0)
(10.000000000000004 0.01586271777097824 0.0)
(9.97559734018364 0.01571967774949366 0.0)
(9.862793545375165 0.015290867718622134 0.0)
(9.662037535478692 0.014579703523014862 0.0)
(9.37387016930108 0.01359083174152823 0.0)
(8.998722578739073 0.01233280195917974 0.0)
(8.537248790766705 0.01081862538254329 0.0)
(7.991312848047882 0.009026637002765644 0.0)
(7.364433797081035 0.006883014259769378 0.0)
(6.651810360268988 0.005050722888656291 0.0)
(5.832696169632478 0.0046076673712748956 0.0)
(4.892042759200651 0.004838447757720289 0.0)
(3.8308887075027234 0.004119457400884568 0.0)
(2.6507844462040895 0.0023082197630861236 0.0)
(1.3696374958441886 0.0006782061492524229 0.0)
(0.020646040330873326 5.336865989849518e-05 0.0)
(-0.020632216011533845 5.335611779541401e-05 0.0)
(1.208186000644376 0.0006781481259712808 0.0)
(2.327025740538719 0.002308715921519917 0.0)
(3.3689284719498476 0.004122671668263309 0.0)
(4.351746504057448 0.004847210753674432 0.0)
(5.277682879314515 0.004622223659629115 0.0)
(6.1484515886925815 0.005066217193168049 0.0)
(6.9474684587834075 0.006894345238064155 0.0)
(7.653333017642266 0.009034728219327735 0.0)
(8.262789520406672 0.010825446641322829 0.0)
(8.779106690537091 0.012338576280335559 0.0)
(9.203935754609736 0.013595743967524415 0.0)
(9.537980232700788 0.01458395972496622 0.0)
(9.781660764892408 0.015294664725044305 0.0)
(9.935518312350442 0.015723199148405892 0.0)
(10.000000000000004 0.015866149968423535 0.0)
(9.975592798760655 0.015723199148404147 0.0)
(9.862783679552049 0.015294664725040898 0.0)
(9.662019767299208 0.014583959724961784 0.0)
(9.373842023168029 0.013595743967518422 0.0)
(8.99867108724069 0.012338576280329031 0.0)
(8.537210479593309 0.010825446641314605 0.0)
(7.99111142680218 0.009034728219318685 0.0)
(7.363642652327716 0.006894345238056088 0.0)
(6.651548411307407 0.005066217193160225 0.0)
(5.833428231796589 0.004622223659621415 0.0)
(4.892697940387017 0.0048472107536699964 0.0)
(3.8310715280501575 0.004122671668261686 0.0)
(2.65075203723907 0.0023087159215195636 0.0)
(1.3695917771334178 0.0006781481259710944 0.0)
(0.020632216011537925 5.335611779539633e-05 0.0)
(-0.020613968293356454 5.335680513778278e-05 0.0)
(1.2082485311212385 0.000678280558935836 0.0)
(2.3270967079189053 0.0023100014894736126 0.0)
(3.368807174925742 0.004127758858485016 0.0)
(4.351116045584202 0.004859301553652621 0.0)
(5.276804411553077 0.004641963136090681 0.0)
(6.148467091319101 0.005088842459050048 0.0)
(6.948198518745134 0.006913724222968562 0.0)
(7.653571221066956 0.009050593152649132 0.0)
(8.262828353473429 0.010839555463032743 0.0)
(8.779157261087281 0.012351174933720897 0.0)
(9.203963726092098 0.013607022429830137 0.0)
(9.537997905927327 0.014594185866634617 0.0)
(9.781670538062654 0.01530412801384692 0.0)
(9.93552284175512 0.015732197447548397 0.0)
(10.000000000000004 0.015874994555083902 0.0)
(9.975588269355978 0.015732197447546666 0.0)
(9.862773906381802 0.01530412801384353 0.0)
(9.66200209407267 0.014594185866630206 0.0)
(9.373814051685665 0.013607022429824181 0.0)
(8.9986205166905 0.012351174933714414 0.0)
(8.537171646526552 0.010839555463024574 0.0)
(7.99087322337749 0.009050593152640144 0.0)
(7.36291259236599 0.0069137242229605714 0.0)
(6.651532908680888 0.005088842459042308 0.0)
(5.834306699558029 0.00464196313608305 0.0)
(4.893328398860264 0.0048593015536482305 0.0)
(3.831192825074263 0.004127758858483412 0.0)
(2.6506810698588836 0.002310001489473265 0.0)
(1.3695292466565554 0.0006782805589356509 0.0)
(0.020613968293360464 5.335680513776514e-05 0.0)
(-0.020592098947690478 5.3370691725052934e-05 0.0)
(1.2083251258894354 0.0006785976292840921 0.0)
(2.3272031155374036 0.002312019981443562 0.0)
(3.3687527309942977 0.004134495449719737 0.0)
(4.350538011016001 0.0048741889100277795 0.0)
(5.275818136460636 0.004666018484183984 0.0)
(6.148235466453511 0.005117604573519081 0.0)
(6.948835416416156 0.006940299737346873 0.0)
(7.653835740447935 0.009073534726592863 0.0)
(8.262866002179635 0.010860331931866722 0.0)
(8.779204688711816 0.01237004435756115 0.0)
(9.20399029390801 0.013624171573451072 0.0)
(9.538014707671675 0.014609932630067803 0.0)
(9.781679789164807 0.015318841785436011 0.0)
(9.935527160127732 0.01574627727812053 0.0)
(10.000000000000004 0.01588886291600221 0.0)
(9.975583950983365 0.015746277278118805 0.0)
(9.862764655279651 0.015318841785432642 0.0)
(9.661985292328323 0.014609932630063422 0.0)
(9.373787483869753 0.013624171573445155 0.0)
(8.998573089065964 0.012370044357554719 0.0)
(8.537133997820346 0.010860331931858615 0.0)
(7.99060870399651 0.009073534726583952 0.0)
(7.362275694694966 0.006940299737338972 0.0)
(6.65176453354648 0.005117604573511433 0.0)
(5.835292974650473 0.004666018484176429 0.0)
(4.893906433428468 0.0048741889100234375 0.0)
(3.8312472690057073 0.004134495449718158 0.0)
(2.6505746622403845 0.0023120199814432225 0.0)
(1.369452651888358 0.0006785976292839086 0.0)
(0.02059209894769442 5.337069172503539e-05 0.0)
(-0.020567568873575644 5.339716740598465e-05 0.0)
(1.208412419514979 0.0006790854055250109 0.0)
(2.3273402880381244 0.002314682708585333 0.0)
(3.3687675323222597 0.004142585448472867 0.0)
(4.3500377981342835 0.004891218699596435 0.0)
(5.274767389160414 0.004693332755921818 0.0)
(6.14776689126866 0.005151239781884177 0.0)
(6.949351167677983 0.006972904101715839 0.0)
(7.654114953287527 0.009102544930370271 0.0)
(8.262900812310017 0.010886863167793677 0.0)
(8.779246889527641 0.01239435546389341 0.0)
(9.204014290716245 0.01364643789638998 0.0)
(9.538029899695923 0.014630508131288411 0.0)
(9.781688111722362 0.015338159543606032 0.0)
(9.935531077726889 0.01576481999812527 0.0)
(10.000000000000004 0.015907145700771164 0.0)
(9.975580033384208 0.015764819998123552 0.0)
(9.862756332722096 0.015338159543602688 0.0)
(9.661970100304073 0.014630508131284066 0.0)
(9.373763487061519 0.013646437896384112 0.0)
(8.998530888250139 0.01239435546388704 0.0)
(8.537099187689964 0.010886863167785643 0.0)
(7.990329491156917 0.00910254493036144 0.0)
(7.361759943433138 0.006972904101708035 0.0)
(6.652233108731334 0.0051512397818766304 0.0)
(5.836343721950698 0.004693332755914345 0.0)
(4.894406646310185 0.004891218699592143 0.0)
(3.831232467677745 0.004142585448471312 0.0)
(2.650437489739663 0.002314682708585003 0.0)
(1.3693653582628145 0.0006790854055248291 0.0)
(0.020567568873579516 5.339716740596721e-05 0.0)
(-0.020541455877592055 5.343506888759364e-05 0.0)
(1.2085065764756615 0.0006797224556629276 0.0)
(2.3275021983123363 0.0023178726755396385 0.0)
(3.3688509285663555 0.004151673394999424 0.0)
(4.349637385377962 0.004909642664560056 0.0)
(5.273698337566495 0.0047227058121740734 0.0)
(6.147081954100935 0.0051882702146236505 0.0)
(6.949723111363708 0.007010104739953081 0.0)
(7.654396591484367 0.009136349108700037 0.0)
(8.262931254371127 0.010917983436844502 0.0)
(8.779282009308114 0.012423040067181352 0.0)
(9.20403466214095 0.01367284305715202 0.0)
(9.538042814490323 0.014655008320414619 0.0)
(9.781695140057366 0.015361232501403838 0.0)
(9.93553442242045 0.015787010874368554 0.0)
(10.000000000000004 0.01592903959727542 0.0)
(9.975576688690648 0.01578701087436685 0.0)
(9.86274930438709 0.015361232501400517 0.0)
(9.661957185509673 0.014655008320410312 0.0)
(9.373743115636815 0.013672843057146203 0.0)
(8.998495768469667 0.012423040067175043 0.0)
(8.537068745628853 0.010917983436836542 0.0)
(7.9900478529600765 0.009136349108691296 0.0)
(7.361387999747412 0.007010104739945381 0.0)
(6.652918045899061 0.005188270214616206 0.0)
(5.837412773544619 0.00472270581216668 0.0)
(4.894807059066507 0.004909642664555816 0.0)
(3.8311490714336487 0.004151673394997896 0.0)
(2.6502755794654504 0.002317872675539317 0.0)
(1.3692712013021315 0.000679722455662748 0.0)
(0.020541455877595857 5.343506888757634e-05 0.0)
(-0.02051490731701086 5.348273084811684e-05 0.0)
(1.2086034596868864 0.0006804807888802323 0.0)
(2.3276817323187973 0.0023214497209943846 0.0)
(3.3689992554481885 0.004161359981554962 0.0)
(4.349354366151013 0.004928651289603836 0.0)
(5.272657953850142 0.0047528470545855125 0.0)
(6.146210749836429 0.005227068822268191 0.0)
(6.949934904948235 0.007050267124071105 0.0)
(7.654668280371327 0.009173461967829349 0.0)
(8.262955990794495 0.010952325371330026 0.0)
(8.77930850495433 0.012454837818433503 0.0)
(9.204050513098991 0.01370222686128018 0.0)
(9.538052884602433 0.014682356703958059 0.0)
(9.781700565357639 0.015387046875274573 0.0)
(9.935537047248697 0.01581187488034532 0.0)
(10.000000000000004 0.015953582627756323 0.0)
(9.9755740638624 0.01581187488034363 0.0)
(9.86274387908682 0.015387046875271277 0.0)
(9.661947115397563 0.014682356703953786 0.0)
(9.373727264678774 0.013702226861274413 0.0)
(8.998469272823451 0.01245483781842726 0.0)
(8.537044009205486 0.010952325371322146 0.0)
(7.989776164073116 0.009173461967820698 0.0)
(7.361176206162885 0.007050267124063507 0.0)
(6.65378925016357 0.005227068822260845 0.0)
(5.838453157260975 0.004752847054578197 0.0)
(4.895090078293457 0.004928651289599646 0.0)
(3.831000744551815 0.004161359981553459 0.0)
(2.6500960454589895 0.0023214497209940736 0.0)
(1.3691743180909066 0.0006804807888800548 0.0)
(0.020514907317014594 5.348273084809969e-05 0.0)
(-0.020489089687014767 5.353805910820392e-05 0.0)
(1.2086988122775948 0.0006813270854026883 0.0)
(2.327871001661711 0.00232525667611631 0.0)
(3.369205995755928 0.0041712195972473404 0.0)
(4.3492011758005 0.004947409370518646 0.0)
(5.271691950568521 0.004782432132106421 0.0)
(6.145191557596703 0.005265930864977942 0.0)
(6.949977242608923 0.007091626592386765 0.0)
(7.6549180824357554 0.009212252836624125 0.0)
(8.262973934706931 0.01098838004947575 0.0)
(8.779325212296065 0.012488351582632182 0.0)
(9.204061147128272 0.013733298238177219 0.0)
(9.538059667569948 0.014711351643978278 0.0)
(9.781704149245408 0.01541446842885642 0.0)
(9.935538836881483 0.01583831953712036 0.0)
(10.000000000000004 0.01597969641635476 0.0)
(9.975572274229615 0.015838319537118683 0.0)
(9.862740295199048 0.015414468428853148 0.0)
(9.661940332430047 0.014711351643974043 0.0)
(9.373716630649493 0.013733298238171503 0.0)
(8.998452565481715 0.012488351582626001 0.0)
(8.53702606529305 0.010988380049467943 0.0)
(7.989526362008687 0.009212252836615564 0.0)
(7.361133868502198 0.007091626592379266 0.0)
(6.654808442403299 0.00526593086497069 0.0)
(5.839419160542597 0.004782432132099175 0.0)
(4.895243268643969 0.0049474093705145 0.0)
(3.830794004244075 0.004171219597245862 0.0)
(2.6499067761160755 0.0023252566761160086 0.0)
(1.3690789655001978 0.0006813270854025132 0.0)
(0.020489089687018444 5.3538059108186934e-05 0.0)
(-0.020465137367033794 5.3598622645326876e-05 0.0)
(1.2087884446293937 0.0006822241605093546 0.0)
(2.328061690192408 0.0023291262702619846 0.0)
(3.3694620656986722 0.00418081902860069 0.0)
(4.3491845452301705 0.004965092711546029 0.0)
(5.270842772138576 0.0048101611305549005 0.0)
(6.144069158824209 0.005303148815692339 0.0)
(6.949848264106417 0.007132365885527282 0.0)
(7.655135021831941 0.00925101731527541 0.0)
(8.262984297685751 0.01102456329468412 0.0)
(8.779331397243292 0.012522108826290202 0.0)
(9.204066096989 0.01376469196838576 0.0)
(9.538062865361688 0.014740719155855533 0.0)
(9.781705734251206 0.015442292309251308 0.0)
(9.935539712685614 0.015865182914854108 0.0)
(10.000000000000004 0.016006233570973544 0.0)
(9.975571398425483 0.01586518291485244 0.0)
(9.86273871019325 0.015442292309248058 0.0)
(9.661937134638308 0.014740719155851336 0.0)
(9.373711680788766 0.013764691968380089 0.0)
(8.998446380534489 0.01252210882628408 0.0)
(8.53701570231423 0.011024563294676382 0.0)
(7.989309422612501 0.00925101731526693 0.0)
(7.3612628470047055 0.007132365885519871 0.0)
(6.655930841175796 0.005303148815685167 0.0)
(5.840268338972544 0.0048101611305477136 0.0)
(4.895259899214298 0.0049650927115419225 0.0)
(3.8305379343013297 0.004180819028599234 0.0)
(2.649716087585378 0.0023291262702616927 0.0)
(1.3689893331483987 0.0006822241605091816 0.0)
(0.020465137367037416 5.359862264531005e-05 0.0)
(-0.020444102778188374 5.366176040846236e-05 0.0)
(1.2088684184607232 0.0006831325983611966 0.0)
(2.328245419405705 0.002332888480543871 0.0)
(3.3697562140316033 0.00418973649416301 0.0)
(4.349305205156861 0.004980924339031999 0.0)
(5.27014772990699 0.004834815688467893 0.0)
(6.14289286966764 0.005337087385745303 0.0)
(6.949553636520157 0.0071706949934824925 0.0)
(7.655309566639695 0.009288052163508875 0.0)
(8.262986624400622 0.011059285281356053 0.0)
(8.779326788040741 0.012554626317878357 0.0)
(9.204065145193347 0.013795028668833646 0.0)
(9.538062337472534 0.014769168884844287 0.0)
(9.781705250732776 0.015469295986057036 0.0)
(9.93553963617986 0.0158912846858741 0.0)
(10.000000000000004 0.016032028097587064 0.0)
(9.975571474931238 0.015891284685872444 0.0)
(9.86273919371168 0.015469295986053806 0.0)
(9.661937662527464 0.014769168884840119 0.0)
(9.373712632584418 0.013795028668828016 0.0)
(8.998450989737039 0.012554626317872287 0.0)
(8.53701337559936 0.01105928528134838 0.0)
(7.989134877804746 0.009288052163500466 0.0)
(7.361557474590967 0.007170694993475158 0.0)
(6.657107130332368 0.005337087385738198 0.0)
(5.840963381204131 0.004834815688460755 0.0)
(4.895139239287607 0.004980924339027924 0.0)
(3.8302437859683978 0.004189736494161573 0.0)
(2.6495323583720802 0.002332888480543587 0.0)
(1.3689093593170691 0.0006831325983610258 0.0)
(0.020444102778191954 5.366176040844571e-05 0.0)
(-0.02042691014183067 5.372469823980549e-05 0.0)
(1.208935219867742 0.0006840124838609444 0.0)
(2.3284141165760928 0.002336378002324951 0.0)
(3.370075516415102 0.004197580176811535 0.0)
(4.349557854004132 0.004994208640227967 0.0)
(5.269637362757875 0.004855312529674942 0.0)
(6.141714374120577 0.005366255376457569 0.0)
(6.949106305247278 0.007204929805369964 0.0)
(7.655434047679486 0.009321730137846481 0.0)
(8.26298081261995 0.01109102038891927 0.0)
(8.779311587208344 0.012584475298305338 0.0)
(9.204058333561477 0.013822975400402619 0.0)
(9.538058107096965 0.014795450801900076 0.0)
(9.781702719935032 0.015494292967116588 0.0)
(9.935538610725741 0.01591547798611357 0.0)
(10.000000000000004 0.016055946631885688 0.0)
(9.975572500385356 0.015915477986111922 0.0)
(9.862741724509425 0.015494292967113375 0.0)
(9.66194189290303 0.014795450801895932 0.0)
(9.373719444216286 0.013822975400397024 0.0)
(8.998466190569436 0.01258447529829931 0.0)
(8.53701918738003 0.011091020388911646 0.0)
(7.989010396764956 0.009321730137838132 0.0)
(7.362004805863847 0.007204929805362692 0.0)
(6.658285625879434 0.005366255376450514 0.0)
(5.8414737483532475 0.004855312529667834 0.0)
(4.894886590440334 0.004994208640223915 0.0)
(3.829924483584898 0.004197580176810112 0.0)
(2.649363661201692 0.002336378002324675 0.0)
(1.36884255791005 0.0006840124838607756 0.0)
(0.02042691014183423 5.372469823978899e-05 0.0)
(-0.02041431487094922 5.3784670766188557e-05 0.0)
(1.2089859137188361 0.0006848251564494442 0.0)
(2.328560369458527 0.0023394415124020646 0.0)
(3.3704059432865847 0.0042040054394803 0.0)
(4.349931390843845 0.005004361927242326 0.0)
(5.269334095290072 0.0048707510604713185 0.0)
(6.14058545312136 0.005389371199678571 0.0)
(6.94852592520554 0.007233566106186182 0.0)
(7.655502995482156 0.00935057148970795 0.0)
(8.262967117702747 0.011118374234805177 0.0)
(8.779286462642863 0.012610344257978344 0.0)
(9.204045961384033 0.013847304234834643 0.0)
(9.538050360109949 0.01481841012766888 0.0)
(9.781698253056597 0.015516184930812898 0.0)
(9.93553668137984 0.015936699806220374 0.0)
(10.000000000000004 0.016076938237230044 0.0)
(9.975574429731257 0.015936699806218733 0.0)
(9.86274619138786 0.015516184930809696 0.0)
(9.661949639890047 0.014818410127664756 0.0)
(9.373731816393732 0.013847304234829072 0.0)
(8.998491315134917 0.012610344257972347 0.0)
(8.537032882297234 0.011118374234797591 0.0)
(7.9889414489622865 0.009350571489699642 0.0)
(7.362585185905587 0.007233566106178951 0.0)
(6.659414546878653 0.0053893711996715445 0.0)
(5.84177701582105 0.004870751060464229 0.0)
(4.894513053600621 0.005004361927238284 0.0)
(3.829594056713415 0.004204005439478887 0.0)
(2.649217408319258 0.0023394415124017927 0.0)
(1.368791864058956 0.0006848251564492772 0.0)
(0.020414314870952764 5.378467076617218e-05 0.0)
(-0.020406870378704138 5.3839042904518904e-05 0.0)
(1.20901827261893 0.0006855349087799002 0.0)
(2.328677751968915 0.0023419444057469554 0.0)
(3.3707329762938167 0.004208729967882326 0.0)
(4.350409403150627 0.0050109380832185765 0.0)
(5.269251252521304 0.004880452940057825 0.0)
(6.139555709393393 0.00540541918842518 0.0)
(6.947837997232202 0.00725534566926191 0.0)
(7.655513380607392 0.009373308982856248 0.0)
(8.262946141378618 0.011140144941067997 0.0)
(8.779252518271745 0.012631096562135272 0.0)
(9.204028572271854 0.013866946207653118 0.0)
(9.538039436899922 0.014837038071379316 0.0)
(9.78169204636394 0.01553400998431136 0.0)
(9.935533932914083 0.015954017698243256 0.0)
(10.000000000000004 0.01609408058088437 0.0)
(9.975577178197014 0.015954017698241615 0.0)
(9.862752398080518 0.015534009984308164 0.0)
(9.661960563100074 0.014837038071375203 0.0)
(9.37374920550591 0.013866946207647562 0.0)
(8.998525259506035 0.012631096562129292 0.0)
(8.537053858621363 0.011140144941060432 0.0)
(7.98893106383705 0.009373308982847965 0.0)
(7.363273113878927 0.007255345669254704 0.0)
(6.660444290606623 0.005405419188418164 0.0)
(5.8418598585898165 0.004880452940050736 0.0)
(4.8940350412938365 0.005010938083214535 0.0)
(3.829267023706182 0.004208729967880915 0.0)
(2.6491000258088695 0.002341944405746688 0.0)
(1.3687595051588621 0.0006855349087797342 0.0)
(0.02040687037870769 5.3839042904502634e-05 0.0)
(-0.02040490376246537 5.3885425642509326e-05 0.0)
(1.209030874777152 0.0006861105556333669 0.0)
(2.328761106534497 0.0023437767098049645 0.0)
(3.3710422462047505 0.004211546174882905 0.0)
(4.350970887938217 0.00501364816389386 0.0)
(5.2693924744112755 0.004883991885594519 0.0)
(6.138670387992217 0.0054136942234308365 0.0)
(6.947072747623885 0.007269311540440188 0.0)
(7.655464746751791 0.009388943573439508 0.0)
(8.262918805308873 0.011155375942702923 0.0)
(8.779211245548556 0.012645820392496733 0.0)
(9.20400693027072 0.013881038286506373 0.0)
(9.538025817412748 0.014850516155263612 0.0)
(9.781684372567778 0.015546984927371266 0.0)
(9.935530486091029 0.01596667074568891 0.0)
(10.000000000000004 0.01610662045962952 0.0)
(9.975580625020068 0.015966670745687268 0.0)
(9.862760071876679 0.015546984927368074 0.0)
(9.66197418258725 0.014850516155259503 0.0)
(9.373770847507044 0.01388103828650082 0.0)
(8.998566532229226 0.01264582039249076 0.0)
(8.537081194691108 0.011155375942695365 0.0)
(7.988979697692651 0.009388943573431232 0.0)
(7.364038363487247 0.007269311540432982 0.0)
(6.661329612007799 0.005413694223423807 0.0)
(5.841718636699843 0.004883991885587411 0.0)
(4.893473556506244 0.00501364816388981 0.0)
(3.8289577537952475 0.004211546174881494 0.0)
(2.6490166712432877 0.0023437767098046978 0.0)
(1.36874690300064 0.0006861105556332015 0.0)
(0.020404903762468944 5.388542564249315e-05 0.0)
(-0.020408501431752622 5.392178100750736e-05 0.0)
(1.2090231664777256 0.0006865268041402191 0.0)
(2.328806770708153 0.002344857916487887 0.0)
(3.3713201642652932 0.004212330321498542 0.0)
(4.351591174592258 0.005012373093281257 0.0)
(5.269751555928499 0.0048812124022888335 0.0)
(6.137968388320554 0.005413832714796141 0.0)
(6.946263800048392 0.007274850084891283 0.0)
(7.655359230797996 0.009396788306150174 0.0)
(8.262886310590405 0.011163398017362445 0.0)
(8.779164457921244 0.01265386881089313 0.0)
(9.203981986290566 0.013888961291230326 0.0)
(9.538010100063778 0.014858252176973341 0.0)
(9.781675568840678 0.015554539664731554 0.0)
(9.935526492357775 0.015974102996800667 0.0)
(10.000000000000004 0.016114006894134492 0.0)
(9.975584618753322 0.01597410299679903 0.0)
(9.862768875603779 0.015554539664728362 0.0)
(9.661989899936218 0.014858252176969228 0.0)
(9.373795791487199 0.013888961291224767 0.0)
(8.998613319856537 0.012653868810887148 0.0)
(8.537113689409576 0.011163398017354872 0.0)
(7.989085213646447 0.009396788306141884 0.0)
(7.364847311062742 0.007274850084884054 0.0)
(6.662031611679463 0.005413832714789078 0.0)
(5.841359555182619 0.004881212402281693 0.0)
(4.8928532698522025 0.005012373093277186 0.0)
(3.8286798357347043 0.0042123303214971234 0.0)
(2.6489710070696315 0.0023448579164876203 0.0)
(1.3687546113000666 0.000686526804140054 0.0)
(0.02040850143175623 5.3921781007491224e-05 0.0)
(-0.020417505311559163 5.394651161128522e-05 0.0)
(1.2089954864092252 0.0006867653651025711 0.0)
(2.328812738089633 0.002345140519552088 0.0)
(3.371554519264301 0.004211047953761498 0.0)
(4.352243008851951 0.005007168895650811 0.0)
(5.270312719688028 0.004872236615552302 0.0)
(6.137480554959703 0.005405828577463863 0.0)
(6.945446698182264 0.00727171794910449 0.0)
(7.655201468923978 0.009396498497784476 0.0)
(8.262850084981697 0.011163858689761991 0.0)
(8.779114211152562 0.01265488818454429 0.0)
(9.203954836324247 0.013890367099492134 0.0)
(9.53799297544457 0.014859906229867235 0.0)
(9.781666022002302 0.015556342255053614 0.0)
(9.935522127191655 0.015975987892061602 0.0)
(10.000000000000004 0.01611591533798024 0.0)
(9.975588983919442 0.01597598789205996 0.0)
(9.862778422442155 0.015556342255050412 0.0)
(9.662007024555425 0.014859906229863112 0.0)
(9.373822941453517 0.013890367099486557 0.0)
(8.998663566625218 0.012654888184538287 0.0)
(8.537149915018285 0.011163858689754395 0.0)
(7.989242975520465 0.009396498497776155 0.0)
(7.365664412928872 0.00727171794909722 0.0)
(6.6625194450403145 0.00540582857745675 0.0)
(5.840798391423087 0.004872236615545113 0.0)
(4.892201435592507 0.00500716889564671 0.0)
(3.828445480735696 0.004211047953760067 0.0)
(2.6489650396881514 0.0023451405195518186 0.0)
(1.3687822913685672 0.000686765365102406 0.0)
(0.02041750531156282 5.394651161126911e-05 0.0)
)
