(
(-0.0284283046273428 9.716859814173183e-06 0.0)
(1.1907342282105136 1.813134738791131e-05 0.0)
(2.3201924434136796 -0.0006586805716062903 0.0)
(3.393586979955016 -0.00368277651171154 0.0)
(4.40580080293314 -0.010350508231549925 0.0)
(5.334265042444876 -0.020126237232065993 0.0)
(6.181452661832779 -0.03059962417828383 0.0)
(6.96498291778392 -0.03958714899227341 0.0)
(7.670702729796047 -0.04713121160285627 0.0)
(8.277845288321757 -0.05385304444648596 0.0)
(8.791055239922716 -0.05970030995941856 0.0)
(9.213255904909673 -0.06456008321011995 0.0)
(9.544806397100084 -0.06838071555129327 0.0)
(9.786130283092499 -0.07112845387130881 0.0)
(9.937730033993974 -0.07278330467801554 0.0)
(10.000000000000007 -0.07333602799137649 0.0)
(9.973381077117137 -0.0727833046780171 0.0)
(9.85831416135196 -0.07112845387131198 0.0)
(9.655193602899924 -0.0683807155512966 0.0)
(9.364521872868098 -0.06456008321012563 0.0)
(8.986722537855071 -0.0597003099594247 0.0)
(8.52215471167824 -0.05385304444649408 0.0)
(7.9737417146484 -0.04713121160286577 0.0)
(7.346128193327205 -0.03958714899228167 0.0)
(6.618547338167222 -0.030599624178291304 0.0)
(5.776846068666199 -0.020126237232073466 0.0)
(4.838643641511268 -0.010350508231554395 0.0)
(3.806413020044958 -0.0036827765117133106 0.0)
(2.6575853343640974 -0.0006586805716069402 0.0)
(1.387043549567277 1.813134738765447e-05 0.0)
(0.0284283046273386 9.716859814149266e-06 0.0)
(-0.028445006269696736 9.64744747553861e-06 0.0)
(1.1906682872545242 1.7176314235452173e-05 0.0)
(2.3200150409042983 -0.0006623729860541689 0.0)
(3.393219217726575 -0.003690801304157952 0.0)
(4.40544293680244 -0.010363664483452927 0.0)
(5.3347186970554645 -0.020146400856770098 0.0)
(6.182755940916419 -0.030629001750547155 0.0)
(6.965568221562776 -0.03962252770859761 0.0)
(7.670595076652351 -0.047166415109168 0.0)
(8.277856564625756 -0.053886322286878605 0.0)
(8.791078352543746 -0.05973169401601793 0.0)
(9.213266926307531 -0.06458953191113735 0.0)
(9.544813279679785 -0.06840845756531269 0.0)
(9.786134300494746 -0.07115487245695051 0.0)
(9.937731733049308 -0.07280889398742722 0.0)
(10.000000000000007 -0.07336133312602607 0.0)
(9.973379378061804 -0.0728088939874288 0.0)
(9.858310143949712 -0.0711548724569537 0.0)
(9.655186720320224 -0.06840845756531605 0.0)
(9.364510851470241 -0.06458953191114303 0.0)
(8.986699425234042 -0.059731694016024114 0.0)
(8.522143435374241 -0.053886322286886765 0.0)
(7.973849367792096 -0.04716641510917755 0.0)
(7.345542889548347 -0.03962252770860592 0.0)
(6.61724405908358 -0.03062900175055467 0.0)
(5.7763924140556115 -0.02014640085677759 0.0)
(4.83900150764197 -0.010363664483457418 0.0)
(3.8067807822733997 -0.0036908013041597357 0.0)
(2.6577627368734786 -0.0006623729860548257 0.0)
(1.3871094905232664 1.7176314235193353e-05 0.0)
(0.028445006269692555 9.647447475514534e-06 0.0)
(-0.028456178196151646 9.582961002086149e-06 0.0)
(1.1906218925679575 1.631860158576806e-05 0.0)
(2.3198668564396105 -0.0006655032802540244 0.0)
(3.3928475359422996 -0.0036970534537761578 0.0)
(4.404958140745211 -0.010373013451348093 0.0)
(5.334930175715164 -0.02016043891027911 0.0)
(6.183973557808969 -0.030650928459984794 0.0)
(6.966288786552837 -0.03965082392154764 0.0)
(7.670552038012558 -0.04719539241860689 0.0)
(8.277876397602913 -0.053913927929490416 0.0)
(8.791112030090197 -0.059757898596678384 0.0)
(9.213283912246515 -0.06461425106518416 0.0)
(9.544823936396952 -0.0684318399190183 0.0)
(9.786140390470518 -0.0711772054348955 0.0)
(9.93773440381228 -0.07283056628486657 0.0)
(10.000000000000007 -0.0733827776702639 0.0)
(9.973376707298831 -0.07283056628486813 0.0)
(9.85830405397394 -0.07117720543489872 0.0)
(9.655176063603054 -0.06843183991902166 0.0)
(9.364493865531257 -0.06461425106518989 0.0)
(8.986665747687589 -0.059757898596684594 0.0)
(8.522123602397084 -0.0539139279294986 0.0)
(7.973892406431888 -0.047195392418616484 0.0)
(7.344822324558284 -0.03965082392155598 0.0)
(6.616026442191027 -0.03065092845999233 0.0)
(5.776180935395912 -0.020160438910286616 0.0)
(4.839486303699201 -0.010373013451352591 0.0)
(3.807152464057676 -0.0036970534537779493 0.0)
(2.657910921338167 -0.0006655032802546862 0.0)
(1.3871558852098331 1.631860158550766e-05 0.0)
(0.028456178196147472 9.582961002061937e-06 0.0)
(-0.028461329532697578 9.52623381148463e-06 0.0)
(1.1905970826484642 1.5595895763545156e-05 0.0)
(2.319754400973898 -0.0006679339148054268 0.0)
(3.392488265619818 -0.00370125825254992 0.0)
(4.404367715813298 -0.010378144358689565 0.0)
(5.3348901864385585 -0.020167734586203735 0.0)
(6.18505201265174 -0.03066444088709784 0.0)
(6.967112952446674 -0.03967079434729295 0.0)
(7.670575504915765 -0.04721687032120868 0.0)
(8.277903915828498 -0.0539346484328881 0.0)
(8.791154792832293 -0.05977777232006563 0.0)
(9.213306116395543 -0.06463315455785405 0.0)
(9.544837899014931 -0.06844983523456505 0.0)
(9.78614828543742 -0.07119447153494993 0.0)
(9.937737928934453 -0.07284736932923237 0.0)
(10.000000000000007 -0.07339941939004781 0.0)
(9.973373182176658 -0.07284736932923395 0.0)
(9.858296159007038 -0.07119447153495312 0.0)
(9.655162100985075 -0.06844983523456843 0.0)
(9.364471661382229 -0.06463315455785978 0.0)
(8.986622984945493 -0.05977777232007185 0.0)
(8.5220960841715 -0.05393464843289632 0.0)
(7.973868939528682 -0.04721687032121829 0.0)
(7.343998158664444 -0.03967079434730129 0.0)
(6.614947987348254 -0.030664440887105376 0.0)
(5.776220924672519 -0.02016773458621123 0.0)
(4.840076728631115 -0.010378144358694056 0.0)
(3.8075117343801588 -0.0037012582525517133 0.0)
(2.6580233768038792 -0.0006679339148060912 0.0)
(1.3871806951293264 1.5595895763283632e-05 0.0)
(0.02846132953269339 9.52623381146031e-06 0.0)
(-0.028460233939030802 9.479758392709625e-06 0.0)
(1.1905949475985185 1.5039951140458985e-05 0.0)
(2.3196826155945933 -0.0006695580920729075 0.0)
(3.392157192439833 -0.00370323094931358 0.0)
(4.403697604198058 -0.010378831762795483 0.0)
(5.334600486281302 -0.020167967325890903 0.0)
(6.185943920111916 -0.030668945320559242 0.0)
(6.968004506902681 -0.03968156152186112 0.0)
(7.670664446269175 -0.047229905117225746 0.0)
(8.27793791020202 -0.05394757337605949 0.0)
(8.791204761853376 -0.05979044197113197 0.0)
(9.213332563144926 -0.06464541180426205 0.0)
(9.54485455404183 -0.06846165283070937 0.0)
(9.78615763850505 -0.07120591211626479 0.0)
(9.937742153528408 -0.07285856482549556 0.0)
(10.000000000000007 -0.07341052707865574 0.0)
(9.973368957582704 -0.07285856482549712 0.0)
(9.858286805939409 -0.071205912116268 0.0)
(9.655145445958176 -0.06846165283071273 0.0)
(9.364445214632845 -0.06464541180426778 0.0)
(8.98657301592441 -0.0597904419711382 0.0)
(8.522062089797975 -0.0539475733760677 0.0)
(7.973779998175272 -0.047229905117235356 0.0)
(7.343106604208434 -0.03968156152186946 0.0)
(6.614056079888076 -0.03066894532056675 0.0)
(5.776510624829777 -0.02016796732589837 0.0)
(4.840746840246358 -0.010378831762799957 0.0)
(3.807842807560144 -0.003703230949315368 0.0)
(2.658095162183184 -0.0006695580920735723 0.0)
(1.3871828301792721 1.5039951140196859e-05 0.0)
(0.02846023393902658 9.479758392685232e-06 0.0)
(-0.0284529395535327 9.44557679063773e-06 0.0)
(1.190615581228309 1.4675194906176015e-05 0.0)
(2.3196546544199346 -0.0006703044486786815 0.0)
(3.3918688631521925 -0.00370288486738029 0.0)
(4.402977249377929 -0.010375045460387011 0.0)
(5.334073804138314 -0.020161126903184553 0.0)
(6.186610091407397 -0.03066424384380332 0.0)
(6.9689242766491155 -0.03968265235529963 0.0)
(7.670814954152433 -0.04723392408156761 0.0)
(8.2779768870729 -0.05395213486064712 0.0)
(8.791259741606076 -0.05979535086858805 0.0)
(9.21336209047288 -0.06465048424342497 0.0)
(9.54487316968624 -0.06846677346389629 0.0)
(9.786168038716728 -0.07121102450062708 0.0)
(9.937746891973214 -0.07286366086403186 0.0)
(10.000000000000007 -0.07341561268457113 0.0)
(9.973364219137899 -0.07286366086403344 0.0)
(9.858276405727732 -0.07121102450063027 0.0)
(9.655126830313769 -0.06846677346389965 0.0)
(9.36441568730489 -0.06465048424343067 0.0)
(8.98651803617171 -0.05979535086859425 0.0)
(8.522023112927096 -0.05395213486065531 0.0)
(7.973629490292013 -0.04723392408157719 0.0)
(7.342186834461998 -0.03968265235530794 0.0)
(6.613389908592595 -0.03066424384381078 0.0)
(5.777037306972767 -0.02016112690319197 0.0)
(4.841467195066488 -0.010375045460391457 0.0)
(3.808131136847785 -0.0037028848673820677 0.0)
(2.6581231233578424 -0.0006703044486793444 0.0)
(1.3871621965494816 1.467519490591383e-05 0.0)
(0.028452939553528435 9.445576790613302e-06 0.0)
(-0.02843976687815736 9.425190882330511e-06 0.0)
(1.1906580769338908 1.4517653782327975e-05 0.0)
(2.3196717460127836 -0.0006701401910789123 0.0)
(3.3916359464183117 -0.0037002352129570596 0.0)
(4.402238302425857 -0.010366951814665128 0.0)
(5.33333328145942 -0.020147513873744197 0.0)
(6.187021256190185 -0.03065054303111763 0.0)
(6.969831848685989 -0.039674018918382827 0.0)
(7.671020415524495 -0.04722875062829357 0.0)
(8.278019133868735 -0.05394813246336322 0.0)
(8.791317316380642 -0.0597922833244602 0.0)
(9.213393401002635 -0.06464814900164577 0.0)
(9.544892928010796 -0.06846497214287159 0.0)
(9.786179029106176 -0.07120958405922076 0.0)
(9.937751936070276 -0.07286243353423098 0.0)
(10.000000000000007 -0.07341445275557394 0.0)
(9.973359175040837 -0.07286243353423254 0.0)
(9.858265415338282 -0.07120958405922395 0.0)
(9.655107071989212 -0.06846497214287492 0.0)
(9.364384376775135 -0.06464814900165144 0.0)
(8.986460461397144 -0.05979228332446637 0.0)
(8.521980866131262 -0.053948132463371365 0.0)
(7.9734240289199505 -0.0472287506283031 0.0)
(7.341279262425123 -0.03967401891839108 0.0)
(6.6129787438098075 -0.03065054303112502 0.0)
(5.777777829651664 -0.020147513873751553 0.0)
(4.842206142018562 -0.010366951814669532 0.0)
(3.8083640535816663 -0.003700235212958821 0.0)
(2.6581060317649934 -0.0006701401910795711 0.0)
(1.3871197008438994 1.4517653782066269e-05 0.0)
(0.028439766878153035 9.425190882306083e-06 0.0)
(-0.028421294696162048 9.41949638730402e-06 0.0)
(1.1907205675317045 1.4574249837683398e-05 0.0)
(2.3197331393998186 -0.0006690725364520329 0.0)
(3.391468676173368 -0.003695398407011839 0.0)
(4.40151323131905 -0.010354906445615946 0.0)
(5.3324114554563815 -0.020127726369179113 0.0)
(6.187159348631928 -0.030628444871146653 0.0)
(6.970687345958358 -0.03965604054853441 0.0)
(7.671271802788554 -0.047214612069475914 0.0)
(8.278062794342606 -0.05393574204222226 0.0)
(8.79137495644681 -0.0597813741210255 0.0)
(9.213425119006795 -0.06463850868517602 0.0)
(9.544912960870867 -0.06845632801438559 0.0)
(9.786190126775793 -0.07120165408240603 0.0)
(9.937757064191196 -0.07285493676271897 0.0)
(10.000000000000007 -0.07340709825682228 0.0)
(9.973354046919917 -0.07285493676272052 0.0)
(9.858254317668667 -0.07120165408240922 0.0)
(9.655087039129139 -0.06845632801438892 0.0)
(9.364352658770978 -0.06463850868518167 0.0)
(8.986402821330975 -0.05978137412103163 0.0)
(8.521937205657391 -0.05393574204223037 0.0)
(7.97317264165589 -0.047214612069485386 0.0)
(7.340423765152752 -0.03965604054854257 0.0)
(6.612840651368065 -0.030628444871153952 0.0)
(5.778699655654705 -0.0201277263691864 0.0)
(4.842931213125371 -0.010354906445620305 0.0)
(3.80853132382661 -0.0036953984070135794 0.0)
(2.658044638377958 -0.0006690725364526854 0.0)
(1.3870572102460854 1.4574249837422697e-05 0.0)
(0.02842129469615766 9.419496387279636e-06 0.0)
(-0.028398334641429736 9.428743511251942e-06 0.0)
(1.1908003072992055 1.4842496345109529e-05 0.0)
(2.319836137067929 -0.0006671483955891294 0.0)
(3.3913744019659124 -0.0036885869699491763 0.0)
(4.400833894355461 -0.01033943860471911 0.0)
(5.33134882947734 -0.020102633816239678 0.0)
(6.187018301203371 -0.030598920316612065 0.0)
(6.971453179481162 -0.039629507182434985 0.0)
(7.6715580704481265 -0.047192129627523324 0.0)
(8.278105950133163 -0.05391550800966155 0.0)
(8.791430129205523 -0.05976310258872502 0.0)
(9.21345585085428 -0.06462198687188496 0.0)
(9.544932388059232 -0.06844122088563004 0.0)
(9.786200844114274 -0.07118758299885664 0.0)
(9.937762051015723 -0.07284149994392115 0.0)
(10.000000000000007 -0.07339387233153662 0.0)
(9.97334906009539 -0.07284149994392271 0.0)
(9.858243600330184 -0.0711875829988598 0.0)
(9.655067611940774 -0.06844122088563334 0.0)
(9.364321926923493 -0.06462198687189055 0.0)
(8.986347648572263 -0.059763102588731104 0.0)
(8.521894049866832 -0.053915508009669585 0.0)
(7.9728863739963165 -0.04719212962753271 0.0)
(7.339657931629946 -0.03962950718244306 0.0)
(6.612981698796624 -0.030598920316619267 0.0)
(5.77976228163375 -0.020102633816246874 0.0)
(4.843610550088961 -0.010339438604723417 0.0)
(3.8086255980340655 -0.0036885869699508915 0.0)
(2.657941640709847 -0.0006671483955897738 0.0)
(1.3869774704785844 1.4842496344850316e-05 0.0)
(0.028398334641425264 9.428743511227636e-06 0.0)
(-0.028371895536761126 9.452525952465135e-06 0.0)
(1.1908937926168892 1.5310607043813173e-05 0.0)
(2.3199762134880073 -0.0006644523117196014 0.0)
(3.3913572660321507 -0.003680100183852431 0.0)
(4.400230140358458 -0.010321227920606009 0.0)
(5.330192093363795 -0.020073338735796514 0.0)
(6.186604311270483 -0.030563266622426477 0.0)
(6.9720956999304615 -0.03959558464764958 0.0)
(7.671866640425964 -0.047162291139804746 0.0)
(8.278146705053924 -0.053888319412054686 0.0)
(8.791480410466695 -0.059738271545261255 0.0)
(9.213484246243935 -0.06459930950002275 0.0)
(9.544950355980774 -0.06842031453620473 0.0)
(9.786210710221377 -0.07116798906624142 0.0)
(9.93776667743191 -0.07282271346707354 0.0)
(10.000000000000007 -0.07337535610267788 0.0)
(9.973344433679204 -0.07282271346707507 0.0)
(9.858233734223083 -0.07116798906624455 0.0)
(9.655049644019233 -0.06842031453620798 0.0)
(9.364293531533836 -0.06459930950002832 0.0)
(8.98629736731109 -0.05973827154526726 0.0)
(8.521853294946071 -0.05388831941206264 0.0)
(7.972577804018479 -0.04716229113981404 0.0)
(7.339015411180646 -0.03959558464765755 0.0)
(6.613395688729514 -0.03056326662243357 0.0)
(5.780919017747299 -0.020073338735803626 0.0)
(4.844214304085965 -0.010321227920610257 0.0)
(3.8086427339678273 -0.0036801001838541194 0.0)
(2.6578015642897683 -0.0006644523117202365 0.0)
(1.3868839851609003 1.531060704355586e-05 0.0)
(0.02837189553675657 9.45252595244094e-06 0.0)
(-0.02834313906804638 9.489798753985441e-06 0.0)
(1.1909969159109235 1.5958014006077628e-05 0.0)
(2.3201472139584176 -0.0006611027458363302 0.0)
(3.3914180212936627 -0.0036703109425765598 0.0)
(4.3997284971741335 -0.010301074537421068 0.0)
(5.328992071984386 -0.02004112830009046 0.0)
(6.1859355687935444 -0.030523050346685815 0.0)
(6.972586676133174 -0.039555763438297135 0.0)
(7.672183954721752 -0.047126407654882546 0.0)
(8.27818326840823 -0.053855370866640384 0.0)
(8.791523590963703 -0.059707972021256876 0.0)
(9.213509057534287 -0.06457147297182199 0.0)
(9.544966075157891 -0.06839452755285633 0.0)
(9.786219291598403 -0.07114373320611339 0.0)
(9.937770740163494 -0.07279940277559992 0.0)
(10.000000000000007 -0.0733523631394676 0.0)
(9.97334037094762 -0.07279940277560142 0.0)
(9.858225152846057 -0.0711437332061165 0.0)
(9.655033924842115 -0.06839452755285952 0.0)
(9.364268720243484 -0.0645714729718275 0.0)
(8.986254186814085 -0.05970797202126281 0.0)
(8.521816731591768 -0.05385537086664825 0.0)
(7.972260489722689 -0.047126407654891754 0.0)
(7.338524434977933 -0.03955576343830499 0.0)
(6.614064431206455 -0.03052305034669279 0.0)
(5.7821190391267105 -0.020041128300097483 0.0)
(4.8447159472702905 -0.010301074537425261 0.0)
(3.808581978706315 -0.0036703109425782186 0.0)
(2.6576305638193576 -0.0006611027458369547 0.0)
(1.3867808618668656 1.5958014005822542e-05 0.0)
(0.02834313906804175 9.489798753961385e-06 0.0)
(-0.02831332874191236 9.538924217102718e-06 0.0)
(1.1911051461324274 1.6756271354378542e-05 0.0)
(2.3203416250313267 -0.0006572468717363689 0.0)
(3.391553998275406 -0.0036596493674743123 0.0)
(4.399351006086275 -0.010279863957951862 0.0)
(5.3278014920831485 -0.020007417776739127 0.0)
(6.185041457093561 -0.03048003851897252 0.0)
(6.972904535493166 -0.039511793225465726 0.0)
(7.6724960711258445 -0.047086055827437245 0.0)
(8.278214033669178 -0.05381811007222648 0.0)
(8.791557773424499 -0.05967353532236521 0.0)
(9.21352919456263 -0.06453970037340633 0.0)
(9.5449788549187 -0.06836499296845719 0.0)
(9.786226211195345 -0.07111588117659173 0.0)
(9.937774060701482 -0.07277259209863794 0.0)
(10.000000000000007 -0.0733259037106448 0.0)
(9.973337050409631 -0.07277259209863941 0.0)
(9.858218233249113 -0.07111588117659481 0.0)
(9.655021145081307 -0.06836499296846035 0.0)
(9.36424858321514 -0.06453970037341175 0.0)
(8.986220004353287 -0.059673535322371074 0.0)
(8.521785966330818 -0.05381811007223426 0.0)
(7.971948373318597 -0.04708605582744634 0.0)
(7.33820657561794 -0.03951179322547347 0.0)
(6.614958542906442 -0.03048003851897938 0.0)
(5.783309619027951 -0.020007417776746052 0.0)
(4.845093438358149 -0.010279863957955996 0.0)
(3.8084460017245707 -0.0036596493674759425 0.0)
(2.6574361527464476 -0.0006572468717369825 0.0)
(1.3866726316453617 1.6756271354125917e-05 0.0)
(0.028313328741907645 9.538924217078825e-06 0.0)
(-0.02828377436955293 9.597743858840089e-06 0.0)
(1.1912137278434691 1.7670305121202127e-05 0.0)
(2.320550904639856 -0.0006530541094735475 0.0)
(3.391759222397566 -0.0036485839086508815 0.0)
(4.399114253362685 -0.010258528136256608 0.0)
(5.326672665562837 -0.019973688344466892 0.0)
(6.1839612618028985 -0.030436121000308396 0.0)
(6.9730353118516675 -0.03946560597986596 0.0)
(7.672789275814446 -0.047043008642945194 0.0)
(8.27823764906749 -0.053778174199952816 0.0)
(8.791581455934294 -0.05963647453413542 0.0)
(9.213543772544778 -0.06450538773462376 0.0)
(9.544988133743889 -0.06833300847861382 0.0)
(9.786231164977773 -0.0710856567448998 0.0)
(9.937776493147508 -0.07274345944828454 0.0)
(10.000000000000007 -0.07329714039510583 0.0)
(9.973334617963603 -0.07274345944828602 0.0)
(9.858213279466685 -0.07108565674490286 0.0)
(9.655011866256118 -0.06833300847861692 0.0)
(9.364234005232992 -0.06450538773462916 0.0)
(8.986196321843492 -0.05963647453414121 0.0)
(8.521762350932505 -0.05377817419996052 0.0)
(7.9716551686299955 -0.047043008642954194 0.0)
(7.33807579925944 -0.03946560597987359 0.0)
(6.6160387381971075 -0.030436121000315154 0.0)
(5.784438445548265 -0.01997368834447374 0.0)
(4.84533019108174 -0.01025852813626069 0.0)
(3.8082407776024096 -0.003648583908652483 0.0)
(2.657226873137918 -0.0006530541094741499 0.0)
(1.3865640499343195 1.7670305120952083e-05 0.0)
(0.028283774369548154 9.597743858816376e-06 0.0)
(-0.028255774516021386 9.663673251747108e-06 0.0)
(1.1913178901623105 1.865995433501167e-05 0.0)
(2.3207658574208727 -0.0006487086813512528 0.0)
(3.392024676487662 -0.003637600762123284 0.0)
(4.399028641484907 -0.010238004529307813 0.0)
(5.325655190995626 -0.01994142201282156 0.0)
(6.182742444726468 -0.030393227446118727 0.0)
(6.972973259134735 -0.03941923108457231 0.0)
(7.673050685909941 -0.046999157515940373 0.0)
(8.278253076985768 -0.05373731795898651 0.0)
(8.791593597926934 -0.059598418039801516 0.0)
(9.213552150950864 -0.06447004269004926 0.0)
(9.544993503938855 -0.06829997942329599 0.0)
(9.78623393528555 -0.07105438791727212 0.0)
(9.937777930624346 -0.0727132848598996 0.0)
(10.000000000000007 -0.07326733700031444 0.0)
(9.973333180486767 -0.07271328485990107 0.0)
(9.85821050915891 -0.07105438791727514 0.0)
(9.655006496061151 -0.06829997942329907 0.0)
(9.364225626826908 -0.0644700426900546 0.0)
(8.986184179850852 -0.05959841803980724 0.0)
(8.521746923014229 -0.05373731795899413 0.0)
(7.971393758534498 -0.04699915751594929 0.0)
(7.338137851976374 -0.039419231084579835 0.0)
(6.617257555273541 -0.03039322744612539 0.0)
(5.785455920115478 -0.01994142201282834 0.0)
(4.845415802959517 -0.01023800452931185 0.0)
(3.807975323512313 -0.003637600762124859 0.0)
(2.6570119203569007 -0.0006487086813518445 0.0)
(1.386459887615478 1.865995433476422e-05 0.0)
(0.02825577451601654 9.66367325172358e-06 0.0)
(-0.028230559443657603 9.733815578913857e-06 0.0)
(1.1914130563872212 1.9681735619864444e-05 0.0)
(2.320977038742424 -0.0006444015175314424 0.0)
(3.3923386969786096 -0.003627182507256844 0.0)
(4.399097932082233 -0.010219194906847933 0.0)
(5.32479377435258 -0.019912036505386036 0.0)
(6.181438558456845 -0.03035324252070306 0.0)
(6.9727211038252275 -0.0393747061676435 0.0)
(7.673268815530973 -0.046956429184720025 0.0)
(8.278259639549503 -0.05369733649781122 0.0)
(8.791593665905474 -0.05956103797210214 0.0)
(9.213553961649053 -0.06443521823627947 0.0)
(9.544994729547055 -0.0682673570387694 0.0)
(9.786234400396419 -0.0710234485887899 0.0)
(9.937778309971893 -0.0726833941496939 0.0)
(10.000000000000007 -0.07323780303291401 0.0)
(9.97333280113922 -0.07268339414969537 0.0)
(9.85821004404804 -0.07102344858879289 0.0)
(9.655005270452952 -0.06826735703877243 0.0)
(9.36422381612872 -0.06443521823628476 0.0)
(8.986184111872314 -0.059561037972107794 0.0)
(8.521740360450492 -0.05369733649781877 0.0)
(7.971175628913467 -0.046956429184728844 0.0)
(7.3383900072858825 -0.03937470616765092 0.0)
(6.618561441543168 -0.030353242520709638 0.0)
(5.786317336758525 -0.019912036505392753 0.0)
(4.84534651236219 -0.010219194906851928 0.0)
(3.8076613030213644 -0.003627182507258396 0.0)
(2.656800739035349 -0.0006444015175320241 0.0)
(1.3863647213905672 1.968173561961949e-05 0.0)
(0.028230559443652707 9.733815578890513e-06 0.0)
(-0.028209237056611585 9.805088914806389e-06 0.0)
(1.1914950450883801 2.0690753775400055e-05 0.0)
(2.3211751696835865 -0.0006403218669126249 0.0)
(3.3926874863845207 -0.0036177869031107333 0.0)
(4.399319080652577 -0.010202925729276618 0.0)
(5.324126264705079 -0.019886822967597775 0.0)
(6.180106893371324 -0.03031792308853381 0.0)
(6.972289925166139 -0.039333987572473354 0.0)
(7.673434080461047 -0.04691670105398868 0.0)
(8.278257048411655 -0.053659986528686976 0.0)
(8.79158165688306 -0.05952597674282709 0.0)
(9.21354912508058 -0.06440244449610351 0.0)
(9.544991756717508 -0.06823657469292918 0.0)
(9.78623253987426 -0.07099419817694477 0.0)
(9.93777761452231 -0.07265510066079035 0.0)
(10.000000000000007 -0.07320983616140127 0.0)
(9.973333496588802 -0.07265510066079182 0.0)
(9.858211904570199 -0.07099419817694774 0.0)
(9.655008243282499 -0.06823657469293218 0.0)
(9.364228652697193 -0.06440244449610877 0.0)
(8.986196120894727 -0.059525976742832706 0.0)
(8.52174295158834 -0.053659986528694456 0.0)
(7.9710103639833925 -0.04691670105399743 0.0)
(7.338821185944972 -0.039333987572480696 0.0)
(6.619893106628693 -0.030317923088540324 0.0)
(5.786984846406027 -0.019886822967604443 0.0)
(4.845125363791845 -0.010202925729280585 0.0)
(3.807312513615452 -0.0036177869031122673 0.0)
(2.656602608094186 -0.0006403218669131982 0.0)
(1.386282732689408 2.0690753775157377e-05 0.0)
(0.028209237056606655 9.80508891478322e-06 0.0)
(-0.028192744221561924 9.874361639436468e-06 0.0)
(1.1915602538322525 2.1642674389810808e-05 0.0)
(2.3213515447332758 -0.0006366489818794814 0.0)
(3.393055719536992 -0.0036098267753423606 0.0)
(4.399682370332338 -0.010189911834492733 0.0)
(5.3236819912058575 -0.01986688923618032 0.0)
(6.17880596039755 -0.030288821020845416 0.0)
(6.9716986683589335 -0.039298864399641066 0.0)
(7.673539219261482 -0.04688171870513011 0.0)
(8.27824541742208 -0.05362690914092727 0.0)
(8.791558098514171 -0.05949477487824804 0.0)
(9.213537853755412 -0.06437316148770685 0.0)
(9.544984716070905 -0.06820898490573685 0.0)
(9.786228435467013 -0.07096792189132109 0.0)
(9.937775874832381 -0.07262964755732994 0.0)
(10.000000000000007 -0.07318466519894652 0.0)
(9.973335236278732 -0.07262964755733138 0.0)
(9.858216008977445 -0.07096792189132406 0.0)
(9.655015283929101 -0.06820898490573984 0.0)
(9.364239924022359 -0.06437316148771205 0.0)
(8.986219679263616 -0.05949477487825361 0.0)
(8.521754582577916 -0.05362690914093471 0.0)
(7.970905225182958 -0.046881718705138804 0.0)
(7.33941244275218 -0.03929886439964835 0.0)
(6.62119403960247 -0.030288821020851883 0.0)
(5.787429119905249 -0.01986688923618696 0.0)
(4.844762074112082 -0.010189911834496683 0.0)
(3.8069442804629796 -0.0036098267753438816 0.0)
(2.6564262330444963 -0.0006366489818800478 0.0)
(1.3862175239455354 2.16426743895701e-05 0.0)
(0.028192744221556973 9.874361639413462e-06 0.0)
(-0.02818180560350791 9.938590036014717e-06 0.0)
(1.1916058174659288 2.2495671812789055e-05 0.0)
(2.321498414294477 -0.0006335442422810151 0.0)
(3.3934272169449673 -0.0036036518774032267 0.0)
(4.4001718388376085 -0.010180725029224838 0.0)
(5.323480474419697 -0.019853111162824424 0.0)
(6.177592920150402 -0.03026721500925137 0.0)
(6.970973312146043 -0.03927087989710488 0.0)
(7.673579612325731 -0.04685301919855478 0.0)
(8.278225257625179 -0.053599557694436875 0.0)
(8.791524025910434 -0.05946880333121236 0.0)
(9.21352064291496 -0.06434865585290665 0.0)
(9.544973916960377 -0.06818579992196755 0.0)
(9.786222267514825 -0.07094577426383805 0.0)
(9.937773167340898 -0.07260815320211354 0.0)
(10.000000000000007 -0.07316339611159102 0.0)
(9.973337943770215 -0.07260815320211499 0.0)
(9.858222176929633 -0.07094577426384102 0.0)
(9.65502608303963 -0.06818579992197052 0.0)
(9.364257134862811 -0.06434865585291186 0.0)
(8.986253751867352 -0.0594688033312179 0.0)
(8.521774742374818 -0.053599557694444286 0.0)
(7.970864832118709 -0.04685301919856343 0.0)
(7.340137798965073 -0.039270879897112136 0.0)
(6.62240707984962 -0.030267215009257824 0.0)
(5.787630636691408 -0.019853111162831064 0.0)
(4.84427260560681 -0.01018072502922878 0.0)
(3.8065727830550036 -0.0036036518774047407 0.0)
(2.6562793634832946 -0.0006335442422815767 0.0)
(1.3861719603118592 2.2495671812549914e-05 0.0)
(0.02818180560350296 9.938590035991847e-06 0.0)
(-0.028176901825315213 9.99495202629802e-06 0.0)
(1.1916297340067015 2.3212266898083794e-05 0.0)
(2.321609325187362 -0.000631144064695222 0.0)
(3.3937856556919757 -0.003599533523012119 0.0)
(4.400765979817724 -0.010175768964889616 0.0)
(5.323530568625518 -0.019846094130867086 0.0)
(6.176521071399144 -0.03025405438237405 0.0)
(6.970145727352461 -0.039251263652710026 0.0)
(7.673553484856449 -0.04683186353807732 0.0)
(8.278197454805547 -0.05357913396173654 0.0)
(8.791480936159724 -0.05944920324398321 0.0)
(9.213498248772067 -0.0643300043244643 0.0)
(9.544959833879085 -0.06816803844739236 0.0)
(9.78621430702623 -0.07092872842072934 0.0)
(9.937769611010085 -0.07259156201778656 0.0)
(10.000000000000007 -0.07314696342412254 0.0)
(9.973341500101029 -0.072591562017788 0.0)
(9.858230137418229 -0.07092872842073228 0.0)
(9.655040166120921 -0.06816803844739533 0.0)
(9.364279529005705 -0.06433000432446948 0.0)
(8.986296841618064 -0.05944920324398874 0.0)
(8.521802545194449 -0.05357913396174392 0.0)
(7.970890959587991 -0.04683186353808596 0.0)
(7.340965383758657 -0.03925126365271727 0.0)
(6.62347892860088 -0.030254054382380505 0.0)
(5.787580542485586 -0.019846094130873734 0.0)
(4.843678464626693 -0.010175768964893566 0.0)
(3.8062143443079948 -0.003599533523013632 0.0)
(2.6561684525904097 -0.000631144064695781 0.0)
(1.3861480437710867 2.321226689784575e-05 0.0)
(0.028176901825310276 9.994952026275255e-06 0.0)
(-0.028178248350026396 1.0040971167544675e-05 0.0)
(1.1916309526055229 2.376097376862085e-05 0.0)
(2.321679404190203 -0.0006295539085342211 0.0)
(3.394115286635218 -0.003597652665126668 0.0)
(4.4014386878049665 -0.010175261401887093 0.0)
(5.32383007277556 -0.0198461464558552 0.0)
(6.175637509217014 -0.030249917394081748 0.0)
(6.969252276539995 -0.03924087756834831 0.0)
(7.673461984846837 -0.04681918126471596 0.0)
(8.278163230568216 -0.05356653532427695 0.0)
(8.791430722546856 -0.0594368358085361 0.0)
(9.213471655284401 -0.06431802641641753 0.0)
(9.544943085611857 -0.06815648088871043 0.0)
(9.786204903770532 -0.07091753332515663 0.0)
(9.93776536209861 -0.07258060299063564 0.0)
(10.000000000000007 -0.07313608915876564 0.0)
(9.973345749012504 -0.07258060299063705 0.0)
(9.858239540673926 -0.0709175333251596 0.0)
(9.65505691438815 -0.0681564808887134 0.0)
(9.36430612249337 -0.0643180264164227 0.0)
(8.98634705523093 -0.05943683580854163 0.0)
(8.52183676943178 -0.053566535324284334 0.0)
(7.970982459597604 -0.0468191812647246 0.0)
(7.341858834571125 -0.03924087756835557 0.0)
(6.62436249078301 -0.03024991739408823 0.0)
(5.787281038335543 -0.019846146455861875 0.0)
(4.843005756639449 -0.01017526140189106 0.0)
(3.8058847133647515 -0.0035976526651281863 0.0)
(2.656098373587569 -0.0006295539085347797 0.0)
(1.3861468251722653 2.376097376838338e-05 0.0)
(0.028178248350021494 1.0040971167521982e-05 0.0)
(-0.02818578601380906 1.0074625462877942e-05 0.0)
(1.1916094197193905 2.411768324833966e-05 0.0)
(2.3217055721598205 -0.000628843642350618 0.0)
(3.394401626394092 -0.003598091945201428 0.0)
(4.402160405241063 -0.01017922464160704 0.0)
(5.324365827205398 -0.01985326583872452 0.0)
(6.174981055709867 -0.030254985816071625 0.0)
(6.968332216302821 -0.039240177989565785 0.0)
(7.673309132639923 -0.0468155296143606 0.0)
(8.278124088663564 -0.0535623153431395 0.0)
(8.79137559136612 -0.05943224442735897 0.0)
(9.213442030921161 -0.06431324841613291 0.0)
(9.544924408046914 -0.06815163506390629 0.0)
(9.786194470909587 -0.07091268086913857 0.0)
(9.93776060729587 -0.07257575764026476 0.0)
(10.000000000000007 -0.07313125111084622 0.0)
(9.973350503815242 -0.0725757576402662 0.0)
(9.858249973534871 -0.07091268086914154 0.0)
(9.655075591953093 -0.06815163506390925 0.0)
(9.36433574685661 -0.06431324841613811 0.0)
(8.986402186411668 -0.05943224442736453 0.0)
(8.521875911336432 -0.05356231534314691 0.0)
(7.971135311804518 -0.046815529614369265 0.0)
(7.342778894808301 -0.039240177989573084 0.0)
(6.625018944290159 -0.030254985816078155 0.0)
(5.786745283905702 -0.019853265838731243 0.0)
(4.84228403920335 -0.01017922464161104 0.0)
(3.805598373605877 -0.0035980919452029566 0.0)
(2.6560722056179515 -0.0006288436423511786 0.0)
(1.3861683580583979 2.411768324810224e-05 0.0)
(0.028185786013804198 1.0074625462855283e-05 0.0)
(-0.028199183625506347 1.0094436204129671e-05 0.0)
(1.1915660814639273 2.426672217528294e-05 0.0)
(2.321686679323503 -0.0006290444739411253 0.0)
(3.3946320937234358 -0.003600832062073553 0.0)
(4.402899421182215 -0.010187484546546709 0.0)
(5.325114291845519 -0.01986713946681631 0.0)
(6.174580554243855 -0.030269036951153856 0.0)
(6.96742597240456 -0.039249195654574305 0.0)
(7.673101644282044 -0.04682106903384736 0.0)
(8.278081748915271 -0.05356665943657517 0.0)
(8.791317964980731 -0.05943563083734107 0.0)
(9.213410677322669 -0.0643158802602019 0.0)
(9.544904621842289 -0.06815371388965663 0.0)
(9.786183466844216 -0.07091438426071525 0.0)
(9.9377555555192 -0.07257723886250496 0.0)
(10.000000000000007 -0.07313266185533888 0.0)
(9.973355555591912 -0.0725772388625064 0.0)
(9.858260977600244 -0.07091438426071822 0.0)
(9.655095378157718 -0.06815371388965963 0.0)
(9.364367100455102 -0.0643158802602071 0.0)
(8.986459812797056 -0.059435630837346654 0.0)
(8.521918251084726 -0.05356665943658262 0.0)
(7.9713428001623985 -0.04682106903385607 0.0)
(7.343685138706565 -0.03924919565458166 0.0)
(6.625419445756171 -0.030269036951160455 0.0)
(5.785996819265578 -0.019867139466823096 0.0)
(4.841545023262196 -0.010187484546550746 0.0)
(3.8053679062765333 -0.003600832062075098 0.0)
(2.656091098454269 -0.00062904447394169 0.0)
(1.386211696313861 2.4266722175045013e-05 0.0)
(0.02819918362550155 1.0094436204107008e-05 0.0)
(-0.028217852518570532 1.0099532943571989e-05 0.0)
(1.1915028420427936 2.420154205165981e-05 0.0)
(2.321623555797915 -0.000630147579133067 0.0)
(3.394796562310426 -0.0036057526200205846 0.0)
(4.403623264619961 -0.010199678191594114 0.0)
(5.326042580528916 -0.019887157758293302 0.0)
(6.1744536021207 -0.03029145341815876 0.0)
(6.966573363544173 -0.039267534343670744 0.0)
(7.672848636432054 -0.04683555613121808 0.0)
(8.27803807165442 -0.053579376733065676 0.0)
(8.791260375388644 -0.05944684624582305 0.0)
(9.213378972108684 -0.06432580631021088 0.0)
(9.544884596367618 -0.0681626260261611 0.0)
(9.786172375072919 -0.0709225686559771 0.0)
(9.937750428734425 -0.07258498157516079 0.0)
(10.000000000000007 -0.07314025940671152 0.0)
(9.973360682376688 -0.07258498157516223 0.0)
(9.858272069371539 -0.07092256865598007 0.0)
(9.65511540363239 -0.0681626260261641 0.0)
(9.364398805669087 -0.06432580631021612 0.0)
(8.986517402389142 -0.059446846245828674 0.0)
(8.521961928345576 -0.05357937673307317 0.0)
(7.971595808012388 -0.046835556131226856 0.0)
(7.344537747566954 -0.03926753434367818 0.0)
(6.625546397879324 -0.03029145341816545 0.0)
(5.785068530582179 -0.019887157758300165 0.0)
(4.840821179824448 -0.010199678191598196 0.0)
(3.8052034376895425 -0.0036057526200221506 0.0)
(2.656154221979858 -0.0006301475791336379 0.0)
(1.386274935734995 2.4201542051420853e-05 0.0)
(0.028217852518565803 1.0099532943549285e-05 0.0)
(-0.02824097241599414 1.0089691739798024e-05 0.0)
(1.1914224800804607 2.39250067728586e-05 0.0)
(2.3215189751152887 -0.0006321044895023829 0.0)
(3.394887805706238 -0.003612637418728237 0.0)
(4.404300131197879 -0.010215269810293517 0.0)
(5.327109905949094 -0.01991244114605042 0.0)
(6.174605777384441 -0.030321250278535904 0.0)
(6.965811851795182 -0.0392943882884059 0.0)
(7.672561225792019 -0.04685835436991767 0.0)
(8.277994975979947 -0.05359990845786884 0.0)
(8.791205352971177 -0.0594653978682742 0.0)
(9.213348308348307 -0.06434259043368169 0.0)
(9.54486521150562 -0.06817797989044597 0.0)
(9.786161682947839 -0.07093687444756919 0.0)
(9.937745452203087 -0.07259864557760302 0.0)
(10.000000000000007 -0.07315370994245617 0.0)
(9.973365658908024 -0.0725986455776045 0.0)
(9.85828276149662 -0.07093687444757218 0.0)
(9.655134788494387 -0.06817797989044902 0.0)
(9.364429469429465 -0.06434259043368698 0.0)
(8.98657242480661 -0.05946539786827988 0.0)
(8.52200502402005 -0.05359990845787642 0.0)
(7.971883218652424 -0.04685835436992653 0.0)
(7.345299259315945 -0.03929438828841344 0.0)
(6.625394222615582 -0.030321250278542697 0.0)
(5.784001205161998 -0.019912441146057367 0.0)
(4.840144313246528 -0.010215269810297654 0.0)
(3.805112194293731 -0.0036126374187298283 0.0)
(2.6562588026624843 -0.0006321044895029621 0.0)
(1.3863552976973283 2.3925006772618144e-05 0.0)
(0.02824097241598949 1.0089691739775238e-05 0.0)
(-0.028267527471781035 1.0065344997297624e-05 0.0)
(1.1913285265345352 2.3449266793122844e-05 0.0)
(2.3213775323594947 -0.0006348292219875121 0.0)
(3.3949018148429837 -0.0036211839527366787 0.0)
(4.40490028063683 -0.01023357433544333 0.0)
(5.328269371779708 -0.019941878724284285 0.0)
(6.175030393732385 -0.03035711831275214 0.0)
(6.9651748965906926 -0.039328577575576014 0.0)
(7.672252040659659 -0.0468884620370459 0.0)
(8.277954355436947 -0.05362735248455858 0.0)
(8.791155315312691 -0.05949047058034327 0.0)
(9.213320033351069 -0.06436549516693467 0.0)
(9.54484731899167 -0.0681991008618037 0.0)
(9.786151860261388 -0.07095667306518069 0.0)
(9.937740844584871 -0.072617630498562 0.0)
(10.000000000000007 -0.07317242247063922 0.0)
(9.973370266526242 -0.07261763049856347 0.0)
(9.85829258418307 -0.07095667306518372 0.0)
(9.655152681008339 -0.06819910086180678 0.0)
(9.364457744426703 -0.06436549516694004 0.0)
(8.986622462465094 -0.05949047058034902 0.0)
(8.52204564456305 -0.053627352484566224 0.0)
(7.972192403784785 -0.046888462037054844 0.0)
(7.345936214520436 -0.03932857757558365 0.0)
(6.624969606267635 -0.030357118312759036 0.0)
(5.78284173933138 -0.019941878724291314 0.0)
(4.839544163807577 -0.010233574335447523 0.0)
(3.8050981851569854 -0.0036211839527382976 0.0)
(2.6564002454182787 -0.0006348292219881006 0.0)
(1.386449251243254 2.3449266792880477e-05 0.0)
(0.028267527471776466 1.0065344997274727e-05 0.0)
(-0.028296350905361044 1.0027562467395155e-05 0.0)
(1.1912251095519422 2.279522525682044e-05 0.0)
(2.32120544226646 -0.0006382020568278146 0.0)
(3.3948379741848242 -0.003631016702977021 0.0)
(4.405397343468406 -0.010253787499695645 0.0)
(5.329470033213344 -0.01997417705966181 0.0)
(6.175708794299019 -0.030397481545002707 0.0)
(6.964690484577112 -0.03936859999045036 0.0)
(7.67193466606405 -0.04692455625678954 0.0)
(8.277917994817766 -0.05366050297280954 0.0)
(8.791112460976361 -0.059520962732931164 0.0)
(9.213295389468621 -0.06439351411789378 0.0)
(9.544831704990093 -0.0682250609233925 0.0)
(9.78614333860444 -0.0709810945937743 0.0)
(9.93773680833009 -0.07264110217534266 0.0)
(10.000000000000007 -0.07319557479700593 0.0)
(9.973374302781021 -0.07264110217534415 0.0)
(9.858301105840019 -0.07098109459377736 0.0)
(9.655168295009913 -0.06822506092339564 0.0)
(9.36448238830915 -0.06439351411789918 0.0)
(8.986665316801425 -0.059520962732936986 0.0)
(8.52208200518223 -0.05366050297281727 0.0)
(7.972509778380394 -0.046924556256798595 0.0)
(7.346420626534017 -0.0393685999904581 0.0)
(6.624291205701 -0.030397481545009722 0.0)
(5.78164107789774 -0.019974177059668936 0.0)
(4.839047100976 -0.010253787499699896 0.0)
(3.8051620258151453 -0.0036310167029786687 0.0)
(2.656572335511314 -0.0006382020568284138 0.0)
(1.3865526682258476 2.2795225256575838e-05 0.0)
(0.02829635090535655 1.0027562467372116e-05 0.0)
(-0.02832617626779364 9.978004245333346e-06 0.0)
(1.1911167730857004 2.1991619552521333e-05 0.0)
(2.3210102661600427 -0.0006420747978308349 0.0)
(3.3946990887734856 -0.003641703636392212 0.0)
(4.40576947966114 -0.010275021173592162 0.0)
(5.330659135383156 -0.020007917022414643 0.0)
(6.1766111714045415 -0.030440566488704975 0.0)
(6.964379899932111 -0.039412697021338296 0.0)
(7.671623046864305 -0.04696505111516559 0.0)
(8.277887491741492 -0.053697903350815104 0.0)
(8.791078672903325 -0.059555534556637 0.0)
(9.213275459508074 -0.06442541618511301 0.0)
(9.54481905555156 -0.06825471943759881 0.0)
(9.78613649240301 -0.07100906599606155 0.0)
(9.937733520784397 -0.07266802930540751 0.0)
(10.000000000000007 -0.07322214965069175 0.0)
(9.973377590326715 -0.07266802930540901 0.0)
(9.858307952041448 -0.07100906599606463 0.0)
(9.655180944448448 -0.06825471943760197 0.0)
(9.364502318269697 -0.06442541618511849 0.0)
(8.986699104874463 -0.05955553455664289 0.0)
(8.522112508258505 -0.05369790335082292 0.0)
(7.97282139758014 -0.046965051115174745 0.0)
(7.3467312111790175 -0.03941269702134615 0.0)
(6.623388828595473 -0.0304405664887121 0.0)
(5.780451975727926 -0.02000791702242186 0.0)
(4.838674964783265 -0.01027502117359647 0.0)
(3.8053009112264844 -0.003641703636393889 0.0)
(2.656767511617732 -0.0006420747978314453 0.0)
(1.3866610046920893 2.1991619552274257e-05 0.0)
(0.02832617626778923 9.978004245310141e-06 0.0)
(-0.028355693087217495 9.918847828725388e-06 0.0)
(1.191008277241941 2.1073758644717345e-05 0.0)
(2.320800579721294 -0.0006462772838418797 0.0)
(3.3944912609798585 -0.0036527751886791795 0.0)
(4.406000338231528 -0.010296342388347772 0.0)
(5.331784431315203 -0.02004161614030495 0.0)
(6.177697876249789 -0.03048448007025433 0.0)
(6.964256789176793 -0.03945893112537583 0.0)
(7.671330875037968 -0.047008167342180246 0.0)
(8.277864186457492 -0.05373791031438774 0.0)
(8.791055435679697 -0.05959266702877449 0.0)
(9.213261119155433 -0.06445979965012198 0.0)
(9.544809926469252 -0.06828677326356708 0.0)
(9.786131622466666 -0.07103935825979815 0.0)
(9.937731126396534 -0.07269722875992328 0.0)
(10.000000000000007 -0.07325097938124302 0.0)
(9.973379984714578 -0.0726972287599248 0.0)
(9.858312821977792 -0.07103935825980126 0.0)
(9.655190073530754 -0.06828677326357027 0.0)
(9.364516658622337 -0.06445979965012752 0.0)
(8.986722342098089 -0.05959266702878045 0.0)
(8.522135813542505 -0.05373791031439565 0.0)
(7.973113569406478 -0.047008167342189495 0.0)
(7.346854321934336 -0.03945893112538381 0.0)
(6.622302123750222 -0.03048448007026157 0.0)
(5.779326679795877 -0.02004161614031225 0.0)
(4.8384441062128785 -0.010296342388352132 0.0)
(3.8055087390201123 -0.0036527751886808843 0.0)
(2.6569771980564814 -0.0006462772838425012 0.0)
(1.3867695005358491 2.1073758644467688e-05 0.0)
(0.028355693087213155 9.918847828702003e-06 0.0)
(-0.028383604448586622 9.852692442293427e-06 0.0)
(1.1909043891295512 2.0081971662518308e-05 0.0)
(2.3205855961887223 -0.0006506248653138542 0.0)
(3.394223622376985 -0.0036637448960852668 0.0)
(4.406079775676329 -0.010316814328792173 0.0)
(5.3327964775649015 -0.020073793735743427 0.0)
(6.178921161011933 -0.03052729280721514 0.0)
(6.96432656157252 -0.039505270860614485 0.0)
(7.671070988080575 -0.047052010489697385 0.0)
(8.277849102957308 -0.053778766030738764 0.0)
(8.791043770306574 -0.059630728616449864 0.0)
(9.213252998499561 -0.06449515376637098 0.0)
(9.54480471885835 -0.06831981401482509 0.0)
(9.7861289427715 -0.07107064039833366 0.0)
(9.937729730371522 -0.07272741756827743 0.0)
(10.000000000000007 -0.07328079726304183 0.0)
(9.973381380739589 -0.07272741756827895 0.0)
(9.858315501672958 -0.0710706403983368 0.0)
(9.655195281141657 -0.06831981401482834 0.0)
(9.364524779278211 -0.06449515376637655 0.0)
(8.986734007471213 -0.059630728616455894 0.0)
(8.522150897042689 -0.053778766030746744 0.0)
(7.973373456363872 -0.04705201048970673 0.0)
(7.346784549538608 -0.039505270860622575 0.0)
(6.621078838988075 -0.030527292807222467 0.0)
(5.778314633546176 -0.020073793735750797 0.0)
(4.838364668768078 -0.01031681432879658 0.0)
(3.805776377622987 -0.0036637448960869976 0.0)
(2.657192181589054 -0.0006506248653144866 0.0)
(1.3868733886482392 2.0081971662266055e-05 0.0)
(0.028383604448582345 9.852692442269859e-06 0.0)
(-0.028408683977744858 9.782444832689425e-06 0.0)
(1.190809673402131 1.905983591149904e-05 0.0)
(2.3203747615454473 -0.0006549265174705559 0.0)
(3.393907932515444 -0.003674130769735563 0.0)
(4.406004301659546 -0.010335537495314599 0.0)
(5.3336508066715265 -0.020103035984053743 0.0)
(6.180227276796459 -0.030567123586249016 0.0)
(6.964586151447871 -0.039549680143864015 0.0)
(7.670854804949585 -0.047094654170023884 0.0)
(8.277842903982345 -0.05381867537443512 0.0)
(8.791044189339107 -0.05966804696313236 0.0)
(9.213251454347215 -0.06452992513867052 0.0)
(9.544803661531747 -0.0683523899412089 0.0)
(9.786128571058416 -0.07110153793172991 0.0)
(9.93772939404815 -0.07275726928945976 0.0)
(10.000000000000007 -0.07331029315291222 0.0)
(9.973381717062964 -0.07275726928946132 0.0)
(9.858315873386042 -0.07110153793173304 0.0)
(9.65519633846826 -0.0683523899412122 0.0)
(9.364526323430555 -0.06452992513867614 0.0)
(8.986733588438678 -0.05966804696313846 0.0)
(8.52215709601765 -0.05381867537444317 0.0)
(7.973589639494862 -0.047094654170033314 0.0)
(7.346524959663256 -0.03954968014387219 0.0)
(6.619772723203545 -0.030567123586256427 0.0)
(5.77746030443955 -0.020103035984061168 0.0)
(4.838440142784862 -0.010335537495319045 0.0)
(3.806092067484529 -0.003674130769737317 0.0)
(2.657403016232329 -0.0006549265174711977 0.0)
(1.3869681043756594 1.9059835911244298e-05 0.0)
(0.02840868397774063 9.782444832665674e-06 0.0)
(-0.028429829726062682 9.711191551365014e-06 0.0)
(1.1907282916954662 1.8052262166614822e-05 0.0)
(2.3201773394799834 -0.0006589932335858693 0.0)
(3.393558062230213 -0.003683476473342293 0.0)
(4.405777232371401 -0.010351689226231116 0.0)
(5.3343098809770835 -0.02012805803434233 0.0)
(6.1815588352652675 -0.030602222315793563 0.0)
(6.965024152898627 -0.0395902077124629 0.0)
(7.670691824336277 -0.047134224697860605 0.0)
(8.277845861904222 -0.053855884801926865 0.0)
(8.791056674365777 -0.05970298236894076 0.0)
(9.21325655454563 -0.0645625859765342 0.0)
(9.54480680094644 -0.06838306971610922 0.0)
(9.786130523659807 -0.07113069327889485 0.0)
(9.937730132203848 -0.07278547229345371 0.0)
(10.000000000000007 -0.07333817105541447 0.0)
(9.973380978907265 -0.07278547229345526 0.0)
(9.858313920784651 -0.07113069327889804 0.0)
(9.655193199053567 -0.06838306971611255 0.0)
(9.364521223232142 -0.06456258597653988 0.0)
(8.986721103412009 -0.0597029823689469 0.0)
(8.522154138095773 -0.05385588480193498 0.0)
(7.97375262010817 -0.047134224697870104 0.0)
(7.3460869582124975 -0.03959020771247116 0.0)
(6.618441164734734 -0.030602222315801043 0.0)
(5.776801230133992 -0.0201280580343498 0.0)
(4.838667212073008 -0.01035168922623559 0.0)
(3.806441937769761 -0.0036834764733440655 0.0)
(2.6576004382977936 -0.0006589932335865196 0.0)
(1.3870494860823244 1.8052262166357812e-05 0.0)
(0.028429829726058488 9.711191551341087e-06 0.0)
)
