(
(-0.003953252176768284 -7.917089408201759e-05 0.0)
(1.2916962888239756 -0.0011536150407267084 0.0)
(2.5337815891959203 -0.004934990051417159 0.0)
(3.7112284452774804 -0.012318680104038096 0.0)
(4.785312878198387 -0.022908468149880096 0.0)
(5.7237085476539376 -0.03620897375751577 0.0)
(6.531140946454209 -0.05167798637855479 0.0)
(7.253793853734946 -0.06749782579645108 0.0)
(7.904342203539019 -0.08183263049940354 0.0)
(8.467285514324827 -0.09439493385431934 0.0)
(8.942692599533324 -0.10524503446258042 0.0)
(9.330567904820963 -0.11426221929879442 0.0)
(9.630443996679434 -0.12135106800640931 0.0)
(9.842130729705538 -0.12644924299149932 0.0)
(9.965393984306363 -0.12952056183302318 0.0)
(10.000000000000002 -0.1305460633195266 0.0)
(9.945717126804775 -0.12952056183302227 0.0)
(9.802313714738904 -0.12644924299149785 0.0)
(9.569556003320585 -0.12135106800640615 0.0)
(9.247209872956828 -0.11426221929879177 0.0)
(8.835085178244462 -0.10524503446257753 0.0)
(8.332714485675202 -0.0943949338543162 0.0)
(7.740102240905425 -0.08183263049940084 0.0)
(7.057317257376156 -0.06749782579644827 0.0)
(6.268859053545816 -0.05167798637855126 0.0)
(5.38740256345715 -0.036208973757512516 0.0)
(4.459131566245977 -0.022908468149878448 0.0)
(3.488771554722473 -0.012318680104037662 0.0)
(2.4439961885818344 -0.004934990051417428 0.0)
(1.2860814889537902 -0.00115361504072674 0.0)
(0.003953252176754955 -7.91708940820202e-05 0.0)
(-0.0039877245952520185 -7.919987724412875e-05 0.0)
(1.2915746551585023 -0.0011542008305411688 0.0)
(2.533602262794541 -0.004938431239976667 0.0)
(3.711264886016985 -0.012329646340965027 0.0)
(4.786127607326309 -0.022932150468820404 0.0)
(5.725227066288845 -0.036247108180698866 0.0)
(6.531641929884865 -0.051724217892007936 0.0)
(7.252919197792606 -0.06754153595130949 0.0)
(7.903936627113545 -0.08187092615342628 0.0)
(8.467230997708304 -0.09442978384393279 0.0)
(8.942624997203714 -0.10527682563737102 0.0)
(9.330529803319019 -0.11429122383361863 0.0)
(9.63041989037006 -0.12137778530140218 0.0)
(9.842117484165922 -0.12647426751205385 0.0)
(9.965387780087472 -0.12954454544557842 0.0)
(10.000000000000002 -0.13056969879644528 0.0)
(9.945723331023665 -0.12954454544557756 0.0)
(9.802326960278519 -0.12647426751205237 0.0)
(9.569580109629957 -0.12137778530139907 0.0)
(9.247247974458773 -0.11429122383361606 0.0)
(8.835152780574074 -0.10527682563736819 0.0)
(8.332769002291725 -0.09442978384392973 0.0)
(7.7405078173309 -0.0818709261534237 0.0)
(7.058191913318497 -0.06754153595130681 0.0)
(6.268358070115157 -0.05172421789200456 0.0)
(5.385884044822238 -0.036247108180695736 0.0)
(4.458316837118054 -0.022932150468818826 0.0)
(3.4887351139829694 -0.012329646340964628 0.0)
(2.4441755149832147 -0.004938431239976948 0.0)
(1.2862031226192638 -0.0011542008305412035 0.0)
(0.0039877245952387955 -7.919987724413153e-05 0.0)
(-0.004025478924989193 -7.924695048677454e-05 0.0)
(1.2914395004875825 -0.0011550282362452352 0.0)
(2.533380800808664 -0.004942760771156594 0.0)
(3.711198082587494 -0.012342407424068419 0.0)
(4.786811524765209 -0.02295855323987174 0.0)
(5.726812058696993 -0.03628934045741319 0.0)
(6.5324842531676595 -0.051776783083750645 0.0)
(7.252240659553443 -0.06759333955165533 0.0)
(7.903517037600315 -0.08191747758867562 0.0)
(8.467181726193246 -0.09447249061952874 0.0)
(8.942566426760651 -0.10531606836593728 0.0)
(9.33049623711555 -0.11432725258088396 0.0)
(9.63039862842277 -0.12141114333344015 0.0)
(9.84210586675293 -0.1265056322607526 0.0)
(9.965382287899013 -0.12957468021253626 0.0)
(10.000000000000002 -0.13059942030298147 0.0)
(9.945728823212123 -0.1295746802125354 0.0)
(9.802338577691511 -0.12650563226075112 0.0)
(9.569601371577248 -0.1214111433334371 0.0)
(9.247281540662241 -0.11432725258088144 0.0)
(8.835211351017136 -0.10531606836593453 0.0)
(8.332818273806783 -0.0944724906195258 0.0)
(7.740927406844131 -0.08191747758867315 0.0)
(7.05887045155766 -0.06759333955165282 0.0)
(6.267515746832359 -0.051776783083747425 0.0)
(5.384299052414087 -0.03628934045741018 0.0)
(4.457632919679153 -0.022958553239870238 0.0)
(3.4888019174124607 -0.012342407424068058 0.0)
(2.444396976969092 -0.004942760771156889 0.0)
(1.286338277290184 -0.0011550282362452725 0.0)
(0.004025478924976076 -7.924695048677748e-05 0.0)
(-0.004064856309800745 -7.93100454977911e-05 0.0)
(1.2912967632601984 -0.0011560609031459662 0.0)
(2.533126933872797 -0.004947788413277546 0.0)
(3.711030970209487 -0.012356402654702454 0.0)
(4.787334580434013 -0.0229865163735766 0.0)
(5.728393883211629 -0.036333814978681676 0.0)
(6.533630906158535 -0.05183337233542303 0.0)
(7.251788052746338 -0.06765096044206145 0.0)
(7.903101870994925 -0.08197023942025017 0.0)
(8.467139864679881 -0.0945211777235173 0.0)
(8.942519461682252 -0.10536103839457851 0.0)
(9.330468681048131 -0.1143687225033483 0.0)
(9.630381145048627 -0.12144967641162226 0.0)
(9.842096387914433 -0.1265419591279179 0.0)
(9.9653777490577 -0.12960964206736664 0.0)
(10.000000000000002 -0.13063392193051185 0.0)
(9.945733362053438 -0.12960964206736578 0.0)
(9.80234805653001 -0.1265419591279165 0.0)
(9.569618854951392 -0.12144967641161926 0.0)
(9.24730909672966 -0.11436872250334587 0.0)
(8.835258316095533 -0.10536103839457588 0.0)
(8.332860135320148 -0.0945211777235145 0.0)
(7.741342573449523 -0.08197023942024786 0.0)
(7.0593230583647655 -0.06765096044205908 0.0)
(6.2663690938414796 -0.051833372335419965 0.0)
(5.382717227899446 -0.0363338149786788 0.0)
(4.457109864010348 -0.022986516373575173 0.0)
(3.4889690297904683 -0.012356402654702132 0.0)
(2.44465084390496 -0.004947788413277856 0.0)
(1.2864810145175685 -0.0011560609031460065 0.0)
(0.004064856309787734 -7.931004549779426e-05 0.0)
(-0.004104126579436947 -7.938638999782345e-05 0.0)
(1.2911527150889905 -0.0011572534577489544 0.0)
(2.532851816435665 -0.004953293260942539 0.0)
(3.71077089149513 -0.01237101710803662 0.0)
(4.787673792223538 -0.023014811220997113 0.0)
(5.729903037357447 -0.03637857761540363 0.0)
(6.535031507022815 -0.05189149921883373 0.0)
(7.251581264086372 -0.0677118668660178 0.0)
(7.9027093689584875 -0.0820268933897956 0.0)
(8.467107252486523 -0.09457370593361981 0.0)
(8.942486165528143 -0.10540975982250662 0.0)
(9.330448345879951 -0.11441381148848563 0.0)
(9.630368208435106 -0.12149169146298745 0.0)
(9.842089464133254 -0.12658165197746465 0.0)
(9.965374362991913 -0.12964789485012918 0.0)
(10.000000000000002 -0.13067168774064167 0.0)
(9.945736748119225 -0.12964789485012831 0.0)
(9.802354980311188 -0.12658165197746324 0.0)
(9.569631791564913 -0.12149169146298448 0.0)
(9.24732943189784 -0.11441381148848329 0.0)
(8.835291612249643 -0.10540975982250407 0.0)
(8.332892747513506 -0.0945737059336171 0.0)
(7.74173507548596 -0.08202689338979341 0.0)
(7.059529847024731 -0.06771186686601559 0.0)
(6.264968492977195 -0.0518914992188308 0.0)
(5.381208073753625 -0.03637857761540085 0.0)
(4.456770652220823 -0.023014811220995756 0.0)
(3.489229108504827 -0.012371017108036335 0.0)
(2.444925961342093 -0.004953293260942864 0.0)
(1.2866250626887767 -0.0011572534577489987 0.0)
(0.004104126579424033 -7.938638999782685e-05 0.0)
(-0.004141564270092913 -7.94726295492085e-05 0.0)
(1.2910136851870733 -0.001158553501386662 0.0)
(2.532567536654142 -0.0049590334412160115 0.0)
(3.7104292738273306 -0.012385608651727803 0.0)
(4.787814255788322 -0.023042194558301574 0.0)
(5.731273211662199 -0.036421661579212415 0.0)
(6.536624515920849 -0.05194860974506579 0.0)
(7.251629379488956 -0.06777338270668093 0.0)
(7.9023567773124235 -0.08208495022553558 0.0)
(8.467085322533288 -0.09462776725638199 0.0)
(8.942468001270422 -0.10546009191931173 0.0)
(9.330436125101096 -0.114460538408777 0.0)
(9.630360386993338 -0.1215353424230431 0.0)
(9.842085399627672 -0.12662296677819976 0.0)
(9.96537227847919 -0.12968775780353076 0.0)
(10.000000000000002 -0.1307110583727645 0.0)
(9.945738832631948 -0.12968775780352995 0.0)
(9.80235904481677 -0.12662296677819845 0.0)
(9.569639613006679 -0.12153534242304022 0.0)
(9.247341652676695 -0.11446053840877471 0.0)
(8.835309776507364 -0.10546009191930929 0.0)
(8.332914677466741 -0.09462776725637938 0.0)
(7.742087667132025 -0.08208495022553353 0.0)
(7.059481731622146 -0.06777338270667883 0.0)
(6.263375484079156 -0.05194860974506298 0.0)
(5.379837899448871 -0.03642166157920973 0.0)
(4.45663018865604 -0.02304219455830028 0.0)
(3.4895707261726274 -0.012385608651727553 0.0)
(2.4452102411236165 -0.00495903344121635 0.0)
(1.2867640925906942 -0.0011585535013867094 0.0)
(0.004141564270080082 -7.947262954921212e-05 0.0)
(-0.004175524438131539 -7.956497494382916e-05 0.0)
(1.290885782273989 -0.0011599039125200102 0.0)
(2.532286585261753 -0.004964756741078104 0.0)
(3.7100211272614403 -0.012399536160040685 0.0)
(4.787749799416299 -0.023067463211745222 0.0)
(5.732444203173596 -0.03646117383955815 0.0)
(6.538339938955985 -0.052002194582077325 0.0)
(7.251930284851325 -0.06783280507055212 0.0)
(7.902059588288611 -0.08214185901631968 0.0)
(8.467075038382198 -0.09468098633618403 0.0)
(8.94246576701334 -0.10550982318474021 0.0)
(9.330432555670235 -0.11450685016882929 0.0)
(9.630358024383169 -0.12157871134846156 0.0)
(9.842084372984626 -0.1266640882333623 0.0)
(9.965371587109207 -0.12972747942232615 0.0)
(10.000000000000002 -0.13075030395333134 0.0)
(9.945739524001931 -0.12972747942232535 0.0)
(9.802360071459816 -0.126664088233361 0.0)
(9.56964197561685 -0.1215787113484587 0.0)
(9.247345222107556 -0.11450685016882708 0.0)
(8.835312010764445 -0.10550982318473785 0.0)
(8.332924961617831 -0.09468098633618154 0.0)
(7.742384856155837 -0.08214185901631774 0.0)
(7.059180826259775 -0.06783280507055016 0.0)
(6.261660061044016 -0.05200219458207465 0.0)
(5.378666907937471 -0.03646117383955555 0.0)
(4.456694645028064 -0.023067463211743983 0.0)
(3.489978872738519 -0.012399536160040466 0.0)
(2.445491192516006 -0.004964756741078456 0.0)
(1.286891995503779 -0.001159903912520061 0.0)
(0.004175524438118774 -7.956497494383305e-05 0.0)
(-0.004204514935897577 -7.965936869398693e-05 0.0)
(1.2907746261697464 -0.0011612453565543071 0.0)
(2.532021306748694 -0.0049702116892033615 0.0)
(3.7095643850108813 -0.012412187683739657 0.0)
(4.787483255202536 -0.02308950692292345 0.0)
(5.733364560666898 -0.036495378300006896 0.0)
(6.540102403578337 -0.05204989931016075 0.0)
(7.252470758942348 -0.06788752304767304 0.0)
(7.901830859829067 -0.08219511929399251 0.0)
(8.46707685190004 -0.09473102482402106 0.0)
(8.942479560926069 -0.10555676851796993 0.0)
(9.330437794421629 -0.11455071191463077 0.0)
(9.630361224413361 -0.12161989268800112 0.0)
(9.842086429312932 -0.1267032095414419 0.0)
(9.965372319259496 -0.1297653144112541 0.0)
(10.000000000000002 -0.13078770010332988 0.0)
(9.94573879185164 -0.12976531441125336 0.0)
(9.802358015131508 -0.12670320954144065 0.0)
(9.569638775586656 -0.12161989268799832 0.0)
(9.247339983356163 -0.1145507119146286 0.0)
(8.835298216851717 -0.10555676851796765 0.0)
(8.332923148099987 -0.09473102482401864 0.0)
(7.742613584615382 -0.08219511929399068 0.0)
(7.058640352168751 -0.06788752304767119 0.0)
(6.259897596421659 -0.05204989931015815 0.0)
(5.377746550444169 -0.036495378300004364 0.0)
(4.456961189241827 -0.023089506922922252 0.0)
(3.4904356149890794 -0.012412187683739462 0.0)
(2.4457564710290653 -0.004970211689203726 0.0)
(1.2870031516080216 -0.001161245356554361 0.0)
(0.004204514935884862 -7.965936869399106e-05 0.0)
(-0.004227261973955805 -7.975166331098839e-05 0.0)
(1.290685100870212 -0.0011625188928927885 0.0)
(2.5317833569675154 -0.004975158605150706 0.0)
(3.709079115494557 -0.012423007338018693 0.0)
(4.7870263346121575 -0.023107357131494907 0.0)
(5.733993845317594 -0.03652277207914182 0.0)
(6.541834470316736 -0.05208962787083741 0.0)
(7.2532270543192325 -0.06793513243023269 0.0)
(7.901680641843854 -0.08224239089939009 0.0)
(8.467090683404159 -0.09477568412028027 0.0)
(8.942508776929317 -0.1055988652269428 0.0)
(9.330451611174123 -0.1145901964413137 0.0)
(9.630369846480448 -0.12165707700894156 0.0)
(9.842091478261288 -0.12673861178373205 0.0)
(9.965374442760712 -0.12979960037011834 0.0)
(10.000000000000002 -0.1308216037043435 0.0)
(9.945736668350424 -0.1297996003701176 0.0)
(9.802352966183154 -0.1267386117837308 0.0)
(9.56963015351957 -0.12165707700893881 0.0)
(9.247326166603669 -0.1145901964413116 0.0)
(8.83526900084847 -0.10559886522694058 0.0)
(8.332909316595869 -0.09477568412027791 0.0)
(7.742763802600595 -0.08224239089938834 0.0)
(7.057884056791863 -0.0679351324302309 0.0)
(6.2581655296832555 -0.05208962787083488 0.0)
(5.377117265793473 -0.036522772079139315 0.0)
(4.457418109832208 -0.02310735713149373 0.0)
(3.4909208845054045 -0.012423007338018516 0.0)
(2.4459944208102447 -0.004975158605151079 0.0)
(1.2870926769075561 -0.001162518892892845 0.0)
(0.00422726197394312 -7.975166331099271e-05 0.0)
(-0.004242766089068478 -7.983780353821069e-05 0.0)
(1.2906211399532652 -0.0011636685646786102 0.0)
(2.5315831909962854 -0.004979380130483536 0.0)
(3.7085866405672396 -0.01243151972706277 0.0)
(4.786399113899993 -0.023120229531951003 0.0)
(5.734304407509375 -0.03654215154442322 0.0)
(6.543460035327425 -0.05211963466383252 0.0)
(7.254165940746724 -0.0679735413490603 0.0)
(7.901615534636429 -0.08228159680465219 0.0)
(8.467115925163567 -0.09481300197718594 0.0)
(8.942552131325352 -0.10563426365928034 0.0)
(9.330473398844891 -0.11462356887101056 0.0)
(9.630383511746572 -0.12168863050024757 0.0)
(9.84209929798814 -0.12676873945047304 0.0)
(9.965377864310097 -0.12982883083661073 0.0)
(10.000000000000002 -0.13085052509416853 0.0)
(9.945733246801039 -0.12982883083660998 0.0)
(9.802345146456302 -0.1267687394504718 0.0)
(9.569616488253446 -0.12168863050024482 0.0)
(9.2473043789329 -0.1146235688710085 0.0)
(8.835225646452436 -0.10563426365927812 0.0)
(8.332884074836462 -0.0948130019771836 0.0)
(7.74282890980802 -0.0822815968046505 0.0)
(7.0569451703643695 -0.06797354134905857 0.0)
(6.256539964672563 -0.052119634663830024 0.0)
(5.376806703601691 -0.03654215154442074 0.0)
(4.458045330544376 -0.023120229531949834 0.0)
(3.4914133594327237 -0.012431519727062603 0.0)
(2.446194586781475 -0.004979380130483916 0.0)
(1.287156637824503 -0.0011636685646786687 0.0)
(0.004242766089055798 -7.98378035382152e-05 0.0)
(-0.004250346058781517 -7.991400453165879e-05 0.0)
(1.2905855537445834 -0.001164643857436768 0.0)
(2.531429603761586 -0.00498269077910179 0.0)
(3.708108598676277 -0.012437350832070267 0.0)
(4.785629151996664 -0.02312755853456508 0.0)
(5.734282601707695 -0.036552665197600386 0.0)
(6.54490767425772 -0.052138601245557754 0.0)
(7.25524616527284 -0.06800106218652974 0.0)
(7.901638398898374 -0.08231101437402677 0.0)
(8.467151468101532 -0.09484133871637669 0.0)
(8.942607719201323 -0.10566140847262522 0.0)
(9.33050220012354 -0.11464936288021361 0.0)
(9.63040161978494 -0.12171316675923662 0.0)
(9.842109544908995 -0.12679226878710528 0.0)
(9.965382433571031 -0.12985172147750923 0.0)
(10.000000000000002 -0.1308731935198462 0.0)
(9.945728677540105 -0.12985172147750842 0.0)
(9.802334899535447 -0.12679226878710403 0.0)
(9.569598380215076 -0.12171316675923387 0.0)
(9.247275577654252 -0.11464936288021155 0.0)
(8.835170058576463 -0.10566140847262302 0.0)
(8.332848531898497 -0.09484133871637442 0.0)
(7.742806045546075 -0.08231101437402508 0.0)
(7.055864945838249 -0.06800106218652803 0.0)
(6.2550923257422655 -0.052138601245555256 0.0)
(5.376828509403373 -0.036552665197597894 0.0)
(4.4588152924477065 -0.02312755853456391 0.0)
(3.491891401323687 -0.012437350832070104 0.0)
(2.4463481740161743 -0.004982690779102173 0.0)
(1.2871922240331846 -0.0011646438574368283 0.0)
(0.00425034605876882 -7.991400453166344e-05 0.0)
(-0.0042496688330928975 -7.997691815908635e-05 0.0)
(1.2905799058370733 -0.001165401918587717 0.0)
(2.5313293436055306 -0.004984945087161841 0.0)
(3.707665994107806 -0.01244024444495486 0.0)
(4.784750279619601 -0.023129022116370315 0.0)
(5.733929386019585 -0.03655385108798689 0.0)
(6.546113780501406 -0.05214569425911048 0.0)
(7.256420264808121 -0.06801648572739052 0.0)
(7.901748230015849 -0.08232935105333344 0.0)
(8.467195750526384 -0.09485944927337313 0.0)
(8.94267309812766 -0.10567910697353909 0.0)
(9.330536749534577 -0.11466644512734724 0.0)
(9.630423374961476 -0.12172960770757653 0.0)
(9.842121768792897 -0.12680816595762281 0.0)
(9.965387949778549 -0.12986726651992997 0.0)
(10.000000000000002 -0.13088861297222307 0.0)
(9.94572316133259 -0.12986726651992916 0.0)
(9.802322675651546 -0.12680816595762162 0.0)
(9.569576625038541 -0.12172960770757381 0.0)
(9.247241028243215 -0.11466644512734517 0.0)
(8.835104679650126 -0.1056791069735369 0.0)
(8.332804249473645 -0.09485944927337085 0.0)
(7.7426962144286 -0.08232935105333175 0.0)
(7.054690846302965 -0.06801648572738882 0.0)
(6.253886219498579 -0.05214569425910794 0.0)
(5.377181725091486 -0.036553851087984354 0.0)
(4.459694164824772 -0.023129022116369125 0.0)
(3.4923340058921593 -0.01244024444495469 0.0)
(2.44644843417223 -0.004984945087162226 0.0)
(1.2871978719406947 -0.0011654019185877776 0.0)
(0.004249668833080162 -7.997691815909111e-05 0.0)
(-0.004240764168060427 -8.002378011080145e-05 0.0)
(1.290604444389458 -0.0011659094403113168 0.0)
(2.5312868157759554 -0.004986044004491675 0.0)
(3.7072782740968426 -0.012440073425660114 0.0)
(4.783801112813197 -0.023124555970259725 0.0)
(5.733260280096191 -0.03654565710972866 0.0)
(6.547025359956642 -0.05214060205045149 0.0)
(7.257636651566939 -0.06801913428947381 0.0)
(7.901940202210481 -0.08233580116242945 0.0)
(8.46724682674939 -0.09486653790343315 0.0)
(8.942745395473944 -0.1056865815222703 0.0)
(9.330575529040084 -0.11467406504972351 0.0)
(9.63044782139352 -0.12173723096007515 0.0)
(9.842135432544751 -0.12681573246943625 0.0)
(9.96539417056058 -0.1298747829431478 0.0)
(10.000000000000002 -0.13089610594877069 0.0)
(9.945716940550557 -0.12987478294314705 0.0)
(9.802309011899691 -0.126815732469435 0.0)
(9.569552178606497 -0.1217372309600724 0.0)
(9.247202248737707 -0.11467406504972141 0.0)
(8.835032382303842 -0.1056865815222681 0.0)
(8.332753173250637 -0.09486653790343084 0.0)
(7.7425042422339665 -0.08233580116242772 0.0)
(7.053474459544144 -0.06801913428947205 0.0)
(6.252974640043341 -0.052140602050448896 0.0)
(5.377850831014883 -0.03654565710972607 0.0)
(4.460643331631178 -0.0231245559702585 0.0)
(3.4927217259031234 -0.012440073425659934 0.0)
(2.4464909620018047 -0.004986044004492056 0.0)
(1.2871733333883097 -0.001165909440311378 0.0)
(0.004240764168047632 -8.002378011080626e-05 0.0)
(-0.004224023318375006 -8.005253135837725e-05 0.0)
(1.2906580912226377 -0.0011661441230315188 0.0)
(2.5313038888678894 -0.004985939246674226 0.0)
(3.706962474351355 -0.012436845288460972 0.0)
(4.782823356230478 -0.023114356330522834 0.0)
(5.732304683227692 -0.03652844329123992 0.0)
(6.547602359489854 -0.052123548361913345 0.0)
(7.258841879740429 -0.06800889149980707 0.0)
(7.902205880575243 -0.0823300812953213 0.0)
(8.467302452574751 -0.09486229314512017 0.0)
(8.942821434627044 -0.1056835037008219 0.0)
(9.330616834739539 -0.11467188784189346 0.0)
(9.630473884949573 -0.12173570156496401 0.0)
(9.842149935804295 -0.12681463586385902 0.0)
(9.965400822587346 -0.12987394048927758 0.0)
(10.000000000000002 -0.1308953432218076 0.0)
(9.945710288523792 -0.12987394048927678 0.0)
(9.802294508640147 -0.12681463586385772 0.0)
(9.569526115050444 -0.12173570156496123 0.0)
(9.247160943038253 -0.11467188784189133 0.0)
(8.834956343150742 -0.10568350370081965 0.0)
(8.332697547425276 -0.09486229314511781 0.0)
(7.742238563869203 -0.08233008129531952 0.0)
(7.052269231370651 -0.06800889149980523 0.0)
(6.25239764051013 -0.05212354836191065 0.0)
(5.378806427883386 -0.03652844329123725 0.0)
(4.461621088213901 -0.02311435633052156 0.0)
(3.493037525648611 -0.012436845288460771 0.0)
(2.4464738889098707 -0.004985939246674603 0.0)
(1.2871196865551298 -0.001166144123031579 0.0)
(0.004224023318362136 -8.005253135838206e-05 0.0)
(-0.004200181846345296 -8.006190862459414e-05 0.0)
(1.290738489192907 -0.001166095655218936 0.0)
(2.5313798127209073 -0.0049846354165763475 0.0)
(3.7067324705344205 -0.012430701871800252 0.0)
(4.78185997070693 -0.023098871350669965 0.0)
(5.731104582592275 -0.03650296597621328 0.0)
(6.547819426797144 -0.05209528250137154 0.0)
(7.259982993807551 -0.0679862074078296 0.0)
(7.902533591688832 -0.08231244277250549 0.0)
(8.467360183905466 -0.09484690150534893 0.0)
(8.942897874565684 -0.10567000874303763 0.0)
(9.33065885173607 -0.11466000916638604 0.0)
(9.630500420444665 -0.12172508672106634 0.0)
(9.84216464132484 -0.12680492432373394 0.0)
(9.96540761358096 -0.129864776174201 0.0)
(10.000000000000002 -0.13088635830416115 0.0)
(9.945703497530179 -0.1298647761742002 0.0)
(9.802279803119601 -0.12680492432373264 0.0)
(9.569499579555353 -0.12172508672106354 0.0)
(9.247118926041722 -0.11466000916638389 0.0)
(8.834879903212101 -0.10567000874303532 0.0)
(8.332639816094563 -0.09484690150534648 0.0)
(7.7419108527556135 -0.0823124427725036 0.0)
(7.051128117303527 -0.06798620740782767 0.0)
(6.252180573202841 -0.05209528250136875 0.0)
(5.380006528518806 -0.0365029659762105 0.0)
(4.462584473737451 -0.02309887135066863 0.0)
(3.493267529465546 -0.012430701871800023 0.0)
(2.4463979650568524 -0.004984635416576715 0.0)
(1.2870392885848603 -0.0011660956552189954 0.0)
(0.004200181846332333 -8.006190862459892e-05 0.0)
(-0.004170287302635539 -8.005149988952985e-05 0.0)
(1.2908421057605357 -0.0011657661664605846 0.0)
(2.5315112513798064 -0.004982189802107248 0.0)
(3.7065983685929753 -0.012421913106166964 0.0)
(4.7809532856399946 -0.02307878141238688 0.0)
(5.729712708416339 -0.03647034459126156 0.0)
(6.547667024338142 -0.052057046419027385 0.0)
(7.261009855303803 -0.06795207871104353 0.0)
(7.9029089365244465 -0.08228366059840578 0.0)
(8.46741748413248 -0.09482103926461273 0.0)
(8.9429713566588 -0.10564668959267416 0.0)
(9.330699733879719 -0.11463895095047165 0.0)
(9.630526261957685 -0.12170585282520373 0.0)
(9.842178902972718 -0.1267870245563674 0.0)
(9.965414245157584 -0.12984769266115698 0.0)
(10.000000000000002 -0.13086954597667536 0.0)
(9.945696865953554 -0.12984769266115612 0.0)
(9.802265541471725 -0.1267870245563661 0.0)
(9.569473738042333 -0.1217058528252009 0.0)
(9.247078043898071 -0.11463895095046941 0.0)
(8.834806421118985 -0.1056466895926718 0.0)
(8.33258251586755 -0.0948210392646102 0.0)
(7.7415355079199974 -0.08228366059840381 0.0)
(7.050101255807273 -0.06795207871104146 0.0)
(6.2523329756618455 -0.05205704641902446 0.0)
(5.381398402694747 -0.03647034459125868 0.0)
(4.463491158804388 -0.023078781412385476 0.0)
(3.4934016314069907 -0.012421913106166704 0.0)
(2.446266526397953 -0.004982189802107606 0.0)
(1.2869356720172311 -0.0011657661664606419 0.0)
(0.004170287302622477 -8.00514998895345e-05 0.0)
(-0.004135653198805823 -8.002176249396079e-05 0.0)
(1.2909643882031037 -0.0011651701338897234 0.0)
(2.5316924296703744 -0.004978709859092576 0.0)
(3.706566060720994 -0.012410865153844444 0.0)
(4.78014313911278 -0.023054969230808242 0.0)
(5.728190217104812 -0.03643201246036041 0.0)
(6.547151848398084 -0.05201052013838812 0.0)
(7.261877345813632 -0.06790800496194893 0.0)
(7.903315423116685 -0.08224499940909663 0.0)
(8.467471835588643 -0.09478584276245593 0.0)
(8.943038652237655 -0.10561457085053734 0.0)
(9.330737684883887 -0.1146096384536326 0.0)
(9.630550274059827 -0.12167884497957292 0.0)
(9.842192094117209 -0.12676172304479075 0.0)
(9.965420425937875 -0.12982344056845518 0.0)
(10.000000000000002 -0.13084564494226267 0.0)
(9.945690685173263 -0.12982344056845432 0.0)
(9.802252350327233 -0.1267617230447894 0.0)
(9.56944972594019 -0.12167884497957003 0.0)
(9.247040092893904 -0.11460963845363031 0.0)
(8.834739125540128 -0.1056145708505349 0.0)
(8.332528164411386 -0.09478584276245329 0.0)
(7.741129021327759 -0.08224499940909455 0.0)
(7.049233765297442 -0.06790800496194675 0.0)
(6.252848151601905 -0.05201052013838505 0.0)
(5.382920894006278 -0.036432012460357405 0.0)
(4.464301305331604 -0.02305496923080676 0.0)
(3.493433939278972 -0.012410865153844146 0.0)
(2.446085348107384 -0.004978709859092923 0.0)
(1.286813389574663 -0.001165170133889778 0.0)
(0.004135653198792654 -8.00217624939653e-05 0.0)
(-0.00409780129401712 -7.997400304464528e-05 0.0)
(1.2910999636537936 -0.0011643337460871055 0.0)
(2.5319153869499806 -0.004974348489862021 0.0)
(3.7066369664672654 -0.012398043441646078 0.0)
(4.779465127481571 -0.02302848106962945 0.0)
(5.726604004140603 -0.03638965382721498 0.0)
(6.546296534865289 -0.05195774793910762 0.0)
(7.262547349391064 -0.0678559226804504 0.0)
(7.9037351911883285 -0.08219815790650761 0.0)
(8.467520850170407 -0.09474285846879306 0.0)
(8.943096804457628 -0.10557506375539706 0.0)
(9.33077103725088 -0.11457335961335437 0.0)
(9.630571401703252 -0.12164524985950152 0.0)
(9.842203635163559 -0.1267301314911349 0.0)
(9.965425884349655 -0.12979308548868101 0.0)
(10.000000000000002 -0.13081570536864937 0.0)
(9.945685226761483 -0.12979308548868015 0.0)
(9.802240809280883 -0.12673013149113355 0.0)
(9.569428598296765 -0.12164524985949858 0.0)
(9.247006740526912 -0.114573359613352 0.0)
(8.834680973320157 -0.10557506375539451 0.0)
(8.332479149829622 -0.09474285846879034 0.0)
(7.740709253256114 -0.08219815790650539 0.0)
(7.04856376172001 -0.06785592268044806 0.0)
(6.253703465134704 -0.0519577479391044 0.0)
(5.38450710697049 -0.03638965382721186 0.0)
(4.464979316962815 -0.023028481069627894 0.0)
(3.4933630335326997 -0.012398043441645745 0.0)
(2.445862390827777 -0.004974348489862354 0.0)
(1.2866778141239725 -0.0011643337460871576 0.0)
(0.0040978012940038454 -7.99740030446496e-05 0.0)
(-0.004058394731717746 -7.991032000441279e-05 0.0)
(1.2912428751753309 -0.00116329375240265 0.0)
(2.532170326883648 -0.0049692973250006715 0.0)
(3.706807970363017 -0.012384011332149215 0.0)
(4.7789490413370554 -0.02300048077019399 0.0)
(5.725023764819466 -0.036345129852672735 0.0)
(6.5451386646516365 -0.05190104853507826 0.0)
(7.262990427304643 -0.06779812026671511 0.0)
(7.904149796898254 -0.08214519422056843 0.0)
(8.467562374266718 -0.09469397503485018 0.0)
(8.943143258216558 -0.10552990417673756 0.0)
(9.330798325538709 -0.11453170845550846 0.0)
(9.630588716577961 -0.1216065435731049 0.0)
(9.842213019019301 -0.12669363797047237 0.0)
(9.965430380560296 -0.12975796116850674 0.0)
(10.000000000000002 -0.1307810427459272 0.0)
(9.945680730550842 -0.12975796116850588 0.0)
(9.802231425425141 -0.12669363797047095 0.0)
(9.569411283422058 -0.1216065435731019 0.0)
(9.246979452239083 -0.11453170845550603 0.0)
(8.834634519561227 -0.10552990417673493 0.0)
(8.33243762573331 -0.09469397503484735 0.0)
(7.740294647546187 -0.08214519422056607 0.0)
(7.048120683806431 -0.06779812026671263 0.0)
(6.254861335348361 -0.051901048535074885 0.0)
(5.386087346291632 -0.03634512985266951 0.0)
(4.46549540310733 -0.023000480770192355 0.0)
(3.493192029636947 -0.01238401133214884 0.0)
(2.445607450894109 -0.004969297325000991 0.0)
(1.2865349026024349 -0.0011632937524026987 0.0)
(0.004058394731704367 -7.99103200044169e-05 0.0)
(-0.004019164964162865 -7.98335114895463e-05 0.0)
(1.291386843496908 -0.0011620958482562369 0.0)
(2.53244604787709 -0.004963778303451693 0.0)
(3.7070715588099126 -0.012369385370574117 0.0)
(4.7786175565602695 -0.022972198614433947 0.0)
(5.723518931966204 -0.03630039683872078 0.0)
(6.54372911245605 -0.051842913194384464 0.0)
(7.263187111521435 -0.0677371374530561 0.0)
(7.904541023230069 -0.08208843547874486 0.0)
(8.46759458338475 -0.09464134030928502 0.0)
(8.943175972421264 -0.1054810763438281 0.0)
(9.330818350749926 -0.11448651505577202 0.0)
(9.630601457900035 -0.12156442680379616 0.0)
(9.842219833374987 -0.12665384594133802 0.0)
(9.965433717014525 -0.12971961090630263 0.0)
(10.000000000000002 -0.1307431800863251 0.0)
(9.945677394096611 -0.12971961090630177 0.0)
(9.802224611069455 -0.1266538459413366 0.0)
(9.569398542099984 -0.1215644268037931 0.0)
(9.246959427027866 -0.11448651505576951 0.0)
(8.83460180535652 -0.10548107634382535 0.0)
(8.332405416615277 -0.09464134030928205 0.0)
(7.739903421214373 -0.0820884354787424 0.0)
(7.047923999589639 -0.06773713745305344 0.0)
(6.256270887543952 -0.05184291319438095 0.0)
(5.387592179144897 -0.03630039683871743 0.0)
(4.465826887884116 -0.022972198614432237 0.0)
(3.4929284411900507 -0.012369385370573707 0.0)
(2.445331729900666 -0.0049637783034519965 0.0)
(1.2863909342808573 -0.001162095848256282 0.0)
(0.004019164964149391 -7.983351148955018e-05 0.0)
(-0.003981835675570008 -7.974695232567183e-05 0.0)
(1.2915255429138577 -0.0011607926673645557 0.0)
(2.532730435254273 -0.004958033920925182 0.0)
(3.7074161502138168 -0.012354808194914961 0.0)
(4.778485237985873 -0.022944877268532678 0.0)
(5.722155625183376 -0.0362574202721554 0.0)
(6.5421298114233 -0.05178589627754072 0.0)
(7.263128760096778 -0.06767565371274062 0.0)
(7.904891680414479 -0.08203037555631551 0.0)
(8.467616062314784 -0.09458726696564636 0.0)
(8.943193509669438 -0.10543072566231863 0.0)
(9.330830233013389 -0.11443976512945046 0.0)
(9.63060906583909 -0.12152075008536832 0.0)
(9.842223778820289 -0.12661250379269465 0.0)
(9.965435747114652 -0.12967971974243014 0.0)
(10.000000000000002 -0.13070378100583815 0.0)
(9.945675363996486 -0.12967971974242928 0.0)
(9.802220665624153 -0.12661250379269312 0.0)
(9.569390934160928 -0.12152075008536521 0.0)
(9.246947544764403 -0.1144397651294479 0.0)
(8.834584268108346 -0.1054307256623158 0.0)
(8.332383937685243 -0.0945872669656433 0.0)
(7.739552764029962 -0.0820303755563129 0.0)
(7.047982351014297 -0.06767565371273783 0.0)
(6.257870188576706 -0.05178589627753707 0.0)
(5.3889554859277276 -0.03625742027215195 0.0)
(4.465959206458512 -0.02294487726853091 0.0)
(3.4925838497861452 -0.012354808194914513 0.0)
(2.445047342523482 -0.00495803392092547 0.0)
(1.2862522348639074 -0.0011607926673645973 0.0)
(0.003981835675556451 -7.974695232567548e-05 0.0)
(-0.003948047046587942 -7.965444576409455e-05 0.0)
(1.2916528792275426 -0.0011594414691118852 0.0)
(2.533010993554115 -0.004952316575080303 0.0)
(3.707826603858854 -0.012340920299602015 0.0)
(4.778557899449952 -0.0229197171824461 0.0)
(5.720993745676921 -0.03621808846468808 0.0)
(6.540411031914929 -0.05173250300356363 0.0)
(7.262817936885521 -0.06761637052883682 0.0)
(7.905186361216312 -0.08197356550005425 0.0)
(8.467625867311927 -0.09453413088772934 0.0)
(8.943195099406482 -0.10538106444904079 0.0)
(9.330833450244178 -0.1143935127827798 0.0)
(9.630611206116205 -0.12147743249292477 0.0)
(9.842224681999562 -0.12657142802292018 0.0)
(9.965436381661789 -0.12964004042165106 0.0)
(10.000000000000002 -0.13066457662798445 0.0)
(9.94567472944935 -0.12964004042165014 0.0)
(9.80221976244488 -0.12657142802291865 0.0)
(9.569388793883814 -0.1214774324929216 0.0)
(9.246944327533614 -0.11439351278277715 0.0)
(8.834582678371303 -0.10538106444903787 0.0)
(8.332374132688102 -0.09453413088772618 0.0)
(7.739258083228129 -0.08197356550005153 0.0)
(7.048293174225557 -0.06761637052883389 0.0)
(6.259588968085082 -0.05173250300355987 0.0)
(5.390117365434184 -0.036218088464684564 0.0)
(4.465886544994432 -0.022919717182444278 0.0)
(3.492173396141107 -0.01234092029960154 0.0)
(2.44476678422364 -0.004952316575080579 0.0)
(1.2861248985502223 -0.0011594414691119233 0.0)
(0.003948047046574317 -7.965444576409795e-05 0.0)
(-0.0039192836877595906 -7.956005637389414e-05 0.0)
(1.2917632575132942 -0.0011581016226775 0.0)
(2.5332753955581877 -0.004946877475633889 0.0)
(3.708284885162765 -0.01232833189334815 0.0)
(4.778832348340708 -0.022897823844327772 0.0)
(5.720084344306754 -0.03618412958398343 0.0)
(6.538648293958115 -0.051685079375231514 0.0)
(7.26226829889093 -0.06756189269598989 0.0)
(7.905412117900237 -0.08192050143990218 0.0)
(8.46762356756254 -0.09448426677758791 0.0)
(8.943180671782255 -0.10533427472685335 0.0)
(9.330827861083058 -0.11434979025925644 0.0)
(9.630607784691518 -0.12143637732223019 0.0)
(9.84222250322876 -0.12653242342619261 0.0)
(9.965435592775094 -0.12960231638072905 0.0)
(10.000000000000002 -0.13062728952140448 0.0)
(9.945675518336042 -0.12960231638072814 0.0)
(9.802221941215683 -0.1265324234261911 0.0)
(9.5693922153085 -0.121436377322227 0.0)
(9.246949916694733 -0.11434979025925374 0.0)
(8.83459710599553 -0.10533427472685038 0.0)
(8.332376432437487 -0.09448426677758466 0.0)
(7.739032326544202 -0.08192050143989935 0.0)
(7.048842812220149 -0.06756189269598685 0.0)
(6.2613517060419 -0.05168507937522767 0.0)
(5.3910267668043526 -0.036184129583979846 0.0)
(4.4656120961036745 -0.022897823844325916 0.0)
(3.4917151148371945 -0.012328331893347647 0.0)
(2.4445023822195666 -0.004946877475634154 0.0)
(1.2860145202644704 -0.0011581016226775355 0.0)
(0.003919283687745915 -7.956005637389732e-05 0.0)
(-0.003896809408450789 -7.946793145219554e-05 0.0)
(1.2918518279511686 -0.0011568319984625473 0.0)
(2.5335120239261424 -0.004941955606665067 0.0)
(3.708770858083458 -0.012317596087694317 0.0)
(4.77929652587597 -0.02288015920740189 0.0)
(5.719467378505376 -0.03615703572113361 0.0)
(6.536919049033843 -0.051645709100014224 0.0)
(7.261503996200955 -0.06751461387051075 0.0)
(7.905559031130574 -0.08187351491358438 0.0)
(8.467609264113408 -0.09443986557299787 0.0)
(8.943150860720174 -0.10529241235054985 0.0)
(9.330813711107544 -0.11431051864657592 0.0)
(9.63059895189617 -0.12139938846237659 0.0)
(9.842217338239085 -0.12649720379313525 0.0)
(9.96543341511681 -0.1295682051450081 0.0)
(10.000000000000002 -0.13059355801334646 0.0)
(9.945677695994329 -0.1295682051450072 0.0)
(9.802227106205358 -0.12649720379313367 0.0)
(9.569401048103847 -0.12139938846237337 0.0)
(9.246964066670248 -0.11431051864657316 0.0)
(8.834626917057612 -0.10529241235054683 0.0)
(8.33239073588662 -0.09443986557299457 0.0)
(7.738885413313865 -0.08187351491358147 0.0)
(7.049607114910128 -0.06751461387050765 0.0)
(6.2630809509661765 -0.05164570910001031 0.0)
(5.391643732605731 -0.03615703572112998 0.0)
(4.465147918568411 -0.022880159207400007 0.0)
(3.4912291419165 -0.012317596087693797 0.0)
(2.4442657538516115 -0.004941955606665322 0.0)
(1.285925949826596 -0.0011568319984625803 0.0)
(0.0038968094084370877 -7.946793145219848e-05 0.0)
(-0.003881611687378839 -7.938211879952037e-05 0.0)
(1.2919146989181602 -0.001155688381432321 0.0)
(2.53371048164039 -0.004937767226092023 0.0)
(3.7092631698598604 -0.01230918459430035 0.0)
(4.779930036944028 -0.022867499423498444 0.0)
(5.719169956621394 -0.036137997330905385 0.0)
(6.535299277000521 -0.0516161220357789 0.0)
(7.26055861087754 -0.0674766113974968 0.0)
(7.905620645808753 -0.08183467042310788 0.0)
(8.467583585431917 -0.09440287818165922 0.0)
(8.943106976063767 -0.10525731667636003 0.0)
(9.330791622041673 -0.11427742346755403 0.0)
(9.63058509582703 -0.12136809113619675 0.0)
(9.842209413970735 -0.12646731660999214 0.0)
(9.965429944369252 -0.12953920549978104 0.0)
(10.000000000000002 -0.1305648642045645 0.0)
(9.945681166741887 -0.12953920549978012 0.0)
(9.802235030473707 -0.12646731660999055 0.0)
(9.569414904172987 -0.12136809113619347 0.0)
(9.246986155736119 -0.11427742346755124 0.0)
(8.834670801714019 -0.10525731667635695 0.0)
(8.332416414568112 -0.09440287818165587 0.0)
(7.7388237986356865 -0.08183467042310491 0.0)
(7.050552500233546 -0.06747661139749365 0.0)
(6.2647007229995015 -0.051616122035774974 0.0)
(5.391941154489712 -0.036137997330901755 0.0)
(4.464514407500351 -0.022867499423496546 0.0)
(3.4907368301400967 -0.012309184594299818 0.0)
(2.4440672961373635 -0.004937767226092271 0.0)
(1.2858630788596044 -0.0011556883814323518 0.0)
(0.0038816116873651323 -7.938211879952315e-05 0.0)
(-0.0038743582846041944 -7.93063888668374e-05 0.0)
(1.2919491079789986 -0.00115472102002694 0.0)
(2.5338620488320354 -0.004934496363694706 0.0)
(3.709740189213176 -0.012303466998797578 0.0)
(4.780705046227526 -0.022860400740361712 0.0)
(5.719205146828271 -0.036127850925335665 0.0)
(6.533860147678005 -0.05159761818400007 0.0)
(7.2594736814222625 -0.06744955503608874 0.0)
(7.905594254698533 -0.08180567472432018 0.0)
(8.467547659792352 -0.09437492976188082 0.0)
(8.943050946024552 -0.10523052974400203 0.0)
(9.330762564438587 -0.11425195886381108 0.0)
(9.630566825294427 -0.12134386049094613 0.0)
(9.842199078601567 -0.12644407506491348 0.0)
(9.965425333030721 -0.12951659163640578 0.0)
(10.000000000000002 -0.13054246884852258 0.0)
(9.945685778080415 -0.12951659163640486 0.0)
(9.802245365842875 -0.1264440750649119 0.0)
(9.56943317470559 -0.12134386049094285 0.0)
(9.247015213339203 -0.11425195886380829 0.0)
(8.834726831753233 -0.10523052974399895 0.0)
(8.332452340207675 -0.09437492976187746 0.0)
(7.738850189745906 -0.08180567472431721 0.0)
(7.051637429688826 -0.06744955503608556 0.0)
(6.266139852322021 -0.05159761818399613 0.0)
(5.391905964282833 -0.036127850925332036 0.0)
(4.46373939821685 -0.02286040074035982 0.0)
(3.4902598107867804 -0.012303466998797048 0.0)
(2.443915728945718 -0.004934496363694951 0.0)
(1.285828669798766 -0.001154721020026969 0.0)
(0.0038743582845905053 -7.930638886684002e-05 0.0)
(-0.0038753679013750477 -7.924406908884469e-05 0.0)
(1.2919535432625002 -0.0011539724183368195 0.0)
(2.533960065915961 -0.004932286735182985 0.0)
(3.710180956785701 -0.012300694521872355 0.0)
(4.7815875012363875 -0.022859175061142066 0.0)
(5.719571402932697 -0.03612704231892284 0.0)
(6.532664893775912 -0.05159101057007303 0.0)
(7.258296877650565 -0.06743463359330856 0.0)
(7.905481017377019 -0.08178780183517995 0.0)
(8.467503065701594 -0.09435724831609758 0.0)
(8.94298523245995 -0.1052132285222784 0.0)
(9.330727815036209 -0.11423524370344935 0.0)
(9.630544943072138 -0.12132776117684836 0.0)
(9.84218678624879 -0.12642850034887085 0.0)
(9.965419783714998 -0.12950135716666816 0.0)
(10.000000000000002 -0.1305273559561941 0.0)
(9.94569132739614 -0.12950135716666725 0.0)
(9.802257658195652 -0.12642850034886927 0.0)
(9.569455056927879 -0.12132776117684509 0.0)
(9.247049962741583 -0.11423524370344657 0.0)
(8.834792545317836 -0.10521322852227531 0.0)
(8.332496934298433 -0.09435724831609422 0.0)
(7.7389634270674215 -0.08178780183517698 0.0)
(7.052814233460527 -0.06743463359330541 0.0)
(6.267335106224115 -0.05159101057006913 0.0)
(5.391539708178405 -0.03612704231891925 0.0)
(4.462856943207986 -0.022859175061140196 0.0)
(3.4898190432142537 -0.012300694521871831 0.0)
(2.4438177118617923 -0.0049322867351832295 0.0)
(1.2858242345152644 -0.001153972418336848 0.0)
(0.0038753679013613994 -7.924406908884722e-05 0.0)
(-0.0038845961769775313 -7.919789768257645e-05 0.0)
(1.2919278098904223 -0.0011534754685506956 0.0)
(2.534000226200817 -0.004931235427591264 0.0)
(3.710566106056662 -0.012300988981088674 0.0)
(4.7825386285119285 -0.022863876239942092 0.0)
(5.720252632311489 -0.03613560704035338 0.0)
(6.531766032564047 -0.051596589520465454 0.0)
(7.257079906167275 -0.06743250269005407 0.0)
(7.905285909284953 -0.08178183705773842 0.0)
(8.467451762542407 -0.09435061073468991 0.0)
(8.942912722703767 -0.10520617319521995 0.0)
(9.330688900659705 -0.11422801242003562 0.0)
(9.630520410624978 -0.12132050056831202 0.0)
(9.842173077015898 -0.12642127678639406 0.0)
(9.96541354024886 -0.1294941714652978 0.0)
(10.000000000000002 -0.13052018956041964 0.0)
(9.945697570862277 -0.12949417146529688 0.0)
(9.802271367428544 -0.12642127678639248 0.0)
(9.569479589375039 -0.12132050056830877 0.0)
(9.247088877118086 -0.11422801242003283 0.0)
(8.834865055074019 -0.1052061731952169 0.0)
(8.33254823745762 -0.09435061073468658 0.0)
(7.739158535159487 -0.08178183705773548 0.0)
(7.054031204943821 -0.06743250269005098 0.0)
(6.2682339674359815 -0.05159658952046161 0.0)
(5.39085847879961 -0.03613560704034986 0.0)
(4.461905815932442 -0.022863876239940257 0.0)
(3.4894338939432923 -0.012300988981088161 0.0)
(2.4437775515769364 -0.00493123542759151 0.0)
(1.2858499678873425 -0.0011534754685507238 0.0)
(0.003884596176963942 -7.919789768257893e-05 0.0)
(-0.003901637637864323 -7.916990333515592e-05 0.0)
(1.2918730385400559 -0.0011532520057330258 0.0)
(2.533980765117158 -0.004931388633451807 0.0)
(3.7108787142717032 -0.01230433743844726 0.0)
(4.783516637261701 -0.02287429771556588 0.0)
(5.721218902992017 -0.036153168771436366 0.0)
(6.531203058359636 -0.0516141099063035 0.0)
(7.25587623847298 -0.06744325595431586 0.0)
(7.905017503114964 -0.08178804247340415 0.0)
(8.46739600448175 -0.09435530866084176 0.0)
(8.94283660270204 -0.10520967376099032 0.0)
(9.33064753113559 -0.11423058274293384 0.0)
(9.630494305863797 -0.12132239768319329 0.0)
(9.842158553261507 -0.12642272176760314 0.0)
(9.96540687695879 -0.129495350258867 0.0)
(10.000000000000002 -0.13052128453951903 0.0)
(9.945704234152348 -0.12949535025886602 0.0)
(9.802285891182935 -0.1264227217676016 0.0)
(9.569505694136222 -0.12132239768319007 0.0)
(9.247130246642202 -0.11423058274293107 0.0)
(8.834941175075747 -0.10520967376098726 0.0)
(8.33260399551828 -0.09435530866083845 0.0)
(7.739426941329478 -0.08178804247340127 0.0)
(7.055234872638118 -0.06744325595431284 0.0)
(6.2687969416403915 -0.051614109906299756 0.0)
(5.389892208119078 -0.03615316877143293 0.0)
(4.460927807182667 -0.0228742977155641 0.0)
(3.4891212857282508 -0.01230433743844677 0.0)
(2.4437970126605957 -0.004931388633452058 0.0)
(1.2859047392377094 -0.0011532520057330549 0.0)
(0.0039016376378508103 -7.91699033351584e-05 0.0)
(-0.00392574351342053 -7.91613160669945e-05 0.0)
(1.2917916357643346 -0.001153311848431206 0.0)
(2.533902537749397 -0.004932739621179386 0.0)
(3.7111050459977553 -0.012310592768857612 0.0)
(4.7844785555704545 -0.022889981587440072 0.0)
(5.722427758808321 -0.036178955881836276 0.0)
(6.531000707219292 -0.05164280191388609 0.0)
(7.254738761524121 -0.06746642090733485 0.0)
(7.904687592143123 -0.08180614542756529 0.0)
(8.4673382414268 -0.09437113567627263 0.0)
(8.942760217028384 -0.1052235764111336 0.0)
(9.330605524165065 -0.1142428417368581 0.0)
(9.630467775784041 -0.12133336916573499 0.0)
(9.842143853132809 -0.12643277180266735 0.0)
(9.96540008661756 -0.12950484175334281 0.0)
(10.000000000000002 -0.13053059278211385 0.0)
(9.945711024493578 -0.1295048417533419 0.0)
(9.802300591311631 -0.12643277180266582 0.0)
(9.569532224215978 -0.1213333691657318 0.0)
(9.247172253612726 -0.1142428417368554 0.0)
(8.835017560749401 -0.10522357641113063 0.0)
(8.332661758573229 -0.09437113567626938 0.0)
(7.73975685230132 -0.08180614542756248 0.0)
(7.056372349586979 -0.06746642090733192 0.0)
(6.268999292780735 -0.05164280191388245 0.0)
(5.38868335230277 -0.03617895588183294 0.0)
(4.459965888873911 -0.022889981587438355 0.0)
(3.4888949540021983 -0.01231059276885715 0.0)
(2.4438752400283574 -0.004932739621179646 0.0)
(1.2859861420134309 -0.0011533118484312358 0.0)
(0.003925743513407109 -7.916131606699703e-05 0.0)
(-0.003955854635574665 -7.917251318694527e-05 0.0)
(1.2916871782523016 -0.0011536523672665562 0.0)
(2.5337689812649598 -0.004935229030844814 0.0)
(3.711235156632839 -0.012319480124545302 0.0)
(4.785382118507484 -0.022910238734927355 0.0)
(5.723826084847372 -0.03621183533309833 0.0)
(6.531167870081928 -0.05168140486889058 0.0)
(7.253717453976876 -0.0675009797234544 0.0)
(7.904310672053979 -0.08183535050953436 0.0)
(8.467281011380518 -0.09439739637087917 0.0)
(8.942686921929559 -0.10524727028863669 0.0)
(9.33056472545757 -0.1142642507640426 0.0)
(9.63044198606888 -0.12135293294906595 0.0)
(9.84212962252657 -0.12645098531143198 0.0)
(9.965393467580345 -0.1295222289098223 0.0)
(10.000000000000002 -0.13054770530105345 0.0)
(9.945717643530793 -0.12952222890982137 0.0)
(9.802314821917872 -0.12645098531143045 0.0)
(9.56955801393114 -0.12135293294906281 0.0)
(9.247213052320221 -0.11426425076403995 0.0)
(8.835090855848227 -0.1052472702886338 0.0)
(8.332718988619511 -0.09439739637087603 0.0)
(7.740133772390465 -0.08183535050953167 0.0)
(7.057393657134226 -0.0675009797234516 0.0)
(6.2688321299180965 -0.05168140486888708 0.0)
(5.387285026263716 -0.03621183533309509 0.0)
(4.45906232593688 -0.022910238734925707 0.0)
(3.488764843367115 -0.012319480124544872 0.0)
(2.444008796512795 -0.0049352290308450845 0.0)
(1.2860905995254641 -0.0011536523672665883 0.0)
(0.003955854635561345 -7.917251318694791e-05 0.0)
)
