(
(-0.0011808177854548323 -8.021731394527495e-05 0.0)
(1.3012717555431903 -0.0011568547239238084 0.0)
(2.550316107284411 -0.004877172606722852 0.0)
(3.731961225854738 -0.01197551901248075 0.0)
(4.808467818588915 -0.02192728832819717 0.0)
(5.748531093818064 -0.034283948871927906 0.0)
(6.553745715201525 -0.04872875503945847 0.0)
(7.27119360513792 -0.0636538823981793 0.0)
(7.918763855873383 -0.07723273749153182 0.0)
(8.47939329458355 -0.08912407648696172 0.0)
(8.952344948948886 -0.09939039172116303 0.0)
(9.338056247759482 -0.10792198022028841 0.0)
(9.635915468253776 -0.11462891154044896 0.0)
(9.845713203487668 -0.11945234188650554 0.0)
(9.967163982408113 -0.12235815851898853 0.0)
(10.000000000000002 -0.12332838176186871 0.0)
(9.943947128703023 -0.12235815851898751 0.0)
(9.798731240956773 -0.11945234188650375 0.0)
(9.564084531746241 -0.11462891154044555 0.0)
(9.23972153001831 -0.10792198022028528 0.0)
(8.8254328288289 -0.09939039172115961 0.0)
(8.320606705416479 -0.08912407648695793 0.0)
(7.725680588571063 -0.07723273749152838 0.0)
(7.039917505973183 -0.0636538823981759 0.0)
(6.2462542847984945 -0.048728755039454466 0.0)
(5.362580017293019 -0.034283948871924125 0.0)
(4.435976625855449 -0.021927288328195214 0.0)
(3.4680387741452186 -0.011975519012480201 0.0)
(2.4274616704933445 -0.004877172606723077 0.0)
(1.2765060222345745 -0.0011568547239238188 0.0)
(0.0011808177854421072 -8.021731394527544e-05 0.0)
(-0.0012201677632457987 -8.027255933368712e-05 0.0)
(1.3011301059268496 -0.0011577920478267505 0.0)
(2.55007517794505 -0.00488191125327647 0.0)
(3.731848563281523 -0.01198912222160227 0.0)
(4.809096606068888 -0.02195499483517886 0.0)
(5.750151579798425 -0.0343281545088056 0.0)
(6.554742060243093 -0.04878432109118525 0.0)
(7.270599061872097 -0.06370946116090538 0.0)
(7.918336453367506 -0.07728311546438639 0.0)
(8.47934614904103 -0.08917041869487699 0.0)
(8.952290141031206 -0.09943307749493073 0.0)
(9.338024554800926 -0.10796125082823675 0.0)
(9.635895380317807 -0.11466533172558047 0.0)
(9.845702260224547 -0.11948662834666852 0.0)
(9.967158783453822 -0.12239112672800893 0.0)
(10.000000000000002 -0.12336090634707962 0.0)
(9.943952327657314 -0.12239112672800795 0.0)
(9.798742184219893 -0.11948662834666679 0.0)
(9.56410461968221 -0.11466533172557708 0.0)
(9.239753222976868 -0.10796125082823373 0.0)
(8.82548763674658 -0.09943307749492743 0.0)
(8.320653850959 -0.08917041869487334 0.0)
(7.72610799107694 -0.07728311546438306 0.0)
(7.040512049239007 -0.06370946116090215 0.0)
(6.245257939756923 -0.0487843210911814 0.0)
(5.360959531312655 -0.034328154508801945 0.0)
(4.435347838375476 -0.021954994835176978 0.0)
(3.468151436718435 -0.011989122221601763 0.0)
(2.427702599832707 -0.0048819112532767096 0.0)
(1.2766476718509159 -0.0011577920478267644 0.0)
(0.0012201677632331825 -8.02725593336878e-05 0.0)
(-0.0012604143975338 -8.034297496451079e-05 0.0)
(1.3009834672904625 -0.0011589193701954297 0.0)
(2.5498060160575293 -0.004887266691264542 0.0)
(3.731636500005254 -0.012003716706172667 0.0)
(4.809550636831014 -0.021983755357675414 0.0)
(5.751738126467912 -0.03437379148651192 0.0)
(6.556027566138972 -0.04884290666864711 0.0)
(7.270244492401111 -0.06376987439876138 0.0)
(7.917921633649936 -0.07733882446603 0.0)
(8.47930739836317 -0.08922193558472727 0.0)
(8.952248120036034 -0.09948075116818263 0.0)
(9.337999546639027 -0.10800528447568201 0.0)
(9.635879498197323 -0.11470629962052839 0.0)
(9.845693689265122 -0.1195252874476402 0.0)
(9.967154648120104 -0.12242835589434582 0.0)
(10.000000000000002 -0.12339765276091554 0.0)
(9.943956462991034 -0.12242835589434484 0.0)
(9.798750755179318 -0.11952528744763849 0.0)
(9.564120501802694 -0.11470629962052509 0.0)
(9.239778231138766 -0.10800528447567904 0.0)
(8.825529657741752 -0.09948075116817941 0.0)
(8.32069260163686 -0.08922193558472373 0.0)
(7.7265228107945125 -0.07733882446602681 0.0)
(7.040866618709993 -0.06376987439875831 0.0)
(6.243972433861039 -0.04884290666864341 0.0)
(5.359372984643163 -0.034373791486508376 0.0)
(4.434893807613349 -0.02198375535767361 0.0)
(3.468363499994705 -0.012003716706172198 0.0)
(2.427971761720228 -0.004887266691264797 0.0)
(1.2767943104873032 -0.0011589193701954466 0.0)
(0.001260414397521287 -8.034297496451168e-05 0.0)
(-0.0012997893248373586 -8.042546690374934e-05 0.0)
(1.3008382826674443 -0.001160187158547343 0.0)
(2.5495204481027702 -0.004893003612539368 0.0)
(3.731334353698332 -0.012018661211239765 0.0)
(4.809809961594233 -0.022012306210944226 0.0)
(5.753221023868375 -0.03441885459973696 0.0)
(6.557545750111866 -0.04890193762874965 0.0)
(7.270145475858853 -0.06383246766459878 0.0)
(7.917537623140169 -0.0773974167448472 0.0)
(8.479278745183862 -0.08927636359861998 0.0)
(8.952220732289017 -0.09953131804693248 0.0)
(9.337982322086669 -0.10805214640471274 0.0)
(9.635868519723644 -0.11475001517093744 0.0)
(9.84568786720167 -0.1195666205792487 0.0)
(9.967151758105954 -0.12246821023653919 0.0)
(10.000000000000002 -0.12343700643317819 0.0)
(9.943959353005184 -0.1224682102365382 0.0)
(9.79875657724277 -0.11956662057924702 0.0)
(9.564131480276375 -0.1147500151709342 0.0)
(9.239795455691125 -0.10805214640470985 0.0)
(8.825557045488768 -0.0995313180469294 0.0)
(8.320721254816167 -0.08927636359861656 0.0)
(7.726906821304279 -0.07739741674484414 0.0)
(7.04096563525225 -0.06383246766459585 0.0)
(6.242454249888141 -0.04890193762874609 0.0)
(5.357890087242698 -0.034418854599733525 0.0)
(4.4346344828501305 -0.02201230621094249 0.0)
(3.468665646301628 -0.012018661211239335 0.0)
(2.428257329674988 -0.004893003612539639 0.0)
(1.276939495110322 -0.0011601871585473638 0.0)
(0.0012997893248249384 -8.042546690375047e-05 0.0)
(-0.0013365624828851495 -8.051641060650737e-05 0.0)
(1.3007009312045223 -0.0011615397085816615 0.0)
(2.549231021414272 -0.004898869947275534 0.0)
(3.7309554001167213 -0.012033299102591117 0.0)
(4.809863186102869 -0.02203939292272498 0.0)
(5.754535116200919 -0.034461363857726225 0.0)
(6.559229905935442 -0.048958820259100054 0.0)
(7.270306362851043 -0.06389449072482782 0.0)
(7.917201294557479 -0.0774563178632983 0.0)
(8.479261448471389 -0.08933131126919797 0.0)
(8.952209181157658 -0.09958255631503758 0.0)
(9.337973637959168 -0.10809977758789872 0.0)
(9.635862927270818 -0.11479455759549795 0.0)
(9.845685049845008 -0.11960881163930796 0.0)
(9.967150240393309 -0.12250893862770447 0.0)
(10.000000000000002 -0.12347723823550384 0.0)
(9.943960870717827 -0.12250893862770351 0.0)
(9.798759394599433 -0.11960881163930631 0.0)
(9.564137072729201 -0.11479455759549476 0.0)
(9.239804139818624 -0.10809977758789592 0.0)
(8.825568596620128 -0.09958255631503456 0.0)
(8.32073855152864 -0.08933131126919465 0.0)
(7.727243149886969 -0.07745631786329539 0.0)
(7.040804748260058 -0.06389449072482503 0.0)
(6.24077009406456 -0.04895882025909662 0.0)
(5.356575994910151 -0.03446136385772289 0.0)
(4.434581258341495 -0.022039392922723302 0.0)
(3.4690445998832398 -0.012033299102590721 0.0)
(2.428546756363487 -0.004898869947275819 0.0)
(1.277076846573244 -0.0011615397085816858 0.0)
(0.0013365624828728083 -8.051641060650875e-05 0.0)
(-0.0013691181263871444 -8.061181017286248e-05 0.0)
(1.3005774478737004 -0.0011629175917242977 0.0)
(2.548950452871237 -0.004904607939456891 0.0)
(3.7305162897875226 -0.012046987218060013 0.0)
(4.809707971769385 -0.022063825352455758 0.0)
(5.755622664652518 -0.03449945148145218 0.0)
(6.56100603488389 -0.04901105524098457 0.0)
(7.270720084297579 -0.06395321839965003 0.0)
(7.916927425564494 -0.07751293981399508 0.0)
(8.47925626821165 -0.08938436429633992 0.0)
(8.952213974177536 -0.0996322146567351 0.0)
(9.337973875821204 -0.10814608519818965 0.0)
(9.63586296656099 -0.1148379697815628 0.0)
(9.845685360984632 -0.11965000682982536 0.0)
(9.967150161667686 -0.12254875153684437 0.0)
(10.000000000000002 -0.12351658045610032 0.0)
(9.94396094944345 -0.12254875153684344 0.0)
(9.798759083459808 -0.11965000682982374 0.0)
(9.564137033439026 -0.11483796978155963 0.0)
(9.239803901956588 -0.1081460851981869 0.0)
(8.82556380360025 -0.09963221465673215 0.0)
(8.32074373178838 -0.08938436429633669 0.0)
(7.727517018879955 -0.07751293981399228 0.0)
(7.04039102681352 -0.06395321839964735 0.0)
(6.238993965116108 -0.04901105524098123 0.0)
(5.35548844645855 -0.03449945148144891 0.0)
(4.43473647267498 -0.022063825352454127 0.0)
(3.4694837102124394 -0.012046987218059645 0.0)
(2.4288273249065226 -0.0049046079394571875 0.0)
(1.2772003299040662 -0.001162917591724325 0.0)
(0.0013691181263748642 -8.061181017286413e-05 0.0)
(-0.0013960258199267313 -8.070747392039763e-05 0.0)
(1.3004732583066283 -0.0011642602663107292 0.0)
(2.54869107014216 -0.004909965472204346 0.0)
(3.7300363164152714 -0.012059124126894447 0.0)
(4.809351138427638 -0.022084529983872062 0.0)
(5.756435884333822 -0.03453144397040763 0.0)
(6.56279609710055 -0.04905634746486038 0.0)
(7.2713684620349825 -0.06400607030247298 0.0)
(7.916728049463734 -0.07756479473201093 0.0)
(8.479263432015783 -0.08943319162709099 0.0)
(8.952234900752124 -0.09967811117533822 0.0)
(9.33798302522155 -0.10818903456390665 0.0)
(9.635868635867824 -0.11487834427709664 0.0)
(9.845688786949639 -0.11968839610949401 0.0)
(9.967151525388145 -0.12258589965756696 0.0)
(10.000000000000002 -0.12355330446976916 0.0)
(9.943959585722993 -0.12258589965756606 0.0)
(9.798755657494802 -0.11968839610949242 0.0)
(9.564131364132193 -0.11487834427709354 0.0)
(9.239794752556241 -0.10818903456390395 0.0)
(8.825542877025661 -0.09967811117533536 0.0)
(8.320736567984248 -0.08943319162708784 0.0)
(7.727716394980715 -0.07756479473200821 0.0)
(7.039742649076114 -0.06400607030247038 0.0)
(6.237203902899442 -0.049056347464857125 0.0)
(5.354675226777245 -0.03453144397040442 0.0)
(4.4350933060167295 -0.022084529983870466 0.0)
(3.4699636835846923 -0.012059124126894104 0.0)
(2.4290867076356 -0.004909965472204653 0.0)
(1.2773045194711385 -0.0011642602663107595 0.0)
(0.001396025819914492 -8.07074739203995e-05 0.0)
(-0.0014161032886760158 -8.079919855905799e-05 0.0)
(1.3003929404022736 -0.0011655087376759826 0.0)
(2.5484642700296294 -0.004914707145330306 0.0)
(3.7295365691518576 -0.012069176555524079 0.0)
(4.808808364681855 -0.022100597093347506 0.0)
(5.756939043859778 -0.034555935633156475 0.0)
(6.56452144052645 -0.04909270687327016 0.0)
(7.272223007531644 -0.06405072421737641 0.0)
(7.916611926476321 -0.07760960420711406 0.0)
(8.479282625119337 -0.08947564787786505 0.0)
(8.952271041406021 -0.09971822926178485 0.0)
(9.338000684152297 -0.10822673856849381 0.0)
(9.63587968609235 -0.11491390710062879 0.0)
(9.845695177209393 -0.11972229272359648 0.0)
(9.967154271635302 -0.12261875076940824 0.0)
(10.000000000000002 -0.12358579669053445 0.0)
(9.943956839475836 -0.12261875076940734 0.0)
(9.798749267235047 -0.11972229272359491 0.0)
(9.564120313907669 -0.11491390710062571 0.0)
(9.239777093625495 -0.10822673856849115 0.0)
(8.825506736371763 -0.09971822926178202 0.0)
(8.320717374880692 -0.08947564787786198 0.0)
(7.727832517968128 -0.0776096042071114 0.0)
(7.038888103579449 -0.0640507242173739 0.0)
(6.235478559473539 -0.049092706873266945 0.0)
(5.35417206725129 -0.03455593563315329 0.0)
(4.4356360797625145 -0.02210059709334593 0.0)
(3.4704634308481075 -0.012069176555523753 0.0)
(2.429313507748131 -0.004914707145330623 0.0)
(1.2773848373754932 -0.0011655087376760155 0.0)
(0.0014161032886637955 -8.079919855906005e-05 0.0)
(-0.0014284683653888448 -8.088295387602628e-05 0.0)
(1.3003400231824163 -0.0011666081502722826 0.0)
(2.548280017715671 -0.004918624618392264 0.0)
(3.7290390059777736 -0.012076702818625325 0.0)
(4.8081034990174505 -0.022111320721485698 0.0)
(5.757110035321319 -0.03457185035084378 0.0)
(6.566106256727881 -0.04911853590032604 0.0)
(7.273246173621789 -0.06408521813303154 0.0)
(7.91658415883388 -0.07764539939294506 0.0)
(8.47931300421246 -0.08950986759867463 0.0)
(8.952320808185014 -0.09975080620075048 0.0)
(9.33802607671233 -0.10825754056696706 0.0)
(9.635895631707914 -0.11494309568675357 0.0)
(9.84570425098757 -0.11975020731692125 0.0)
(9.967158279744083 -0.12264586145461336 0.0)
(10.000000000000002 -0.1236126294696586 0.0)
(9.943952831367055 -0.12264586145461245 0.0)
(9.79874019345687 -0.11975020731691968 0.0)
(9.564104368292103 -0.11494309568675048 0.0)
(9.239751701065462 -0.10825754056696442 0.0)
(8.825456969592771 -0.09975080620074768 0.0)
(8.32068699578757 -0.08950986759867159 0.0)
(7.72786028561057 -0.07764539939294245 0.0)
(7.037864937489301 -0.06408521813302909 0.0)
(6.233893743272105 -0.04911853590032285 0.0)
(5.35400107578975 -0.034571850350840594 0.0)
(4.436340945426922 -0.022111320721484123 0.0)
(3.4709609940221924 -0.012076702818625006 0.0)
(2.42949776006209 -0.004918624618392587 0.0)
(1.2774377545953506 -0.0011666081502723173 0.0)
(0.0014284683653766202 -8.088295387602853e-05 0.0)
(-0.0014325777512157252 -8.095505981590098e-05 0.0)
(1.3003168317328877 -0.001167510197921466 0.0)
(2.5481464089098793 -0.004921545764790692 0.0)
(3.728565488908623 -0.012081372225966426 0.0)
(4.807267511942202 -0.022116229691684555 0.0)
(5.756941345666446 -0.03457848885988949 0.0)
(6.567480911780292 -0.049132699665832065 0.0)
(7.274393004259245 -0.06410803644988931 0.0)
(7.916645966595819 -0.07767060751452397 0.0)
(8.479353234493372 -0.08953434723759054 0.0)
(8.952382014427876 -0.09977441062113478 0.0)
(9.33805808719902 -0.10828008717586417 0.0)
(9.635915772093345 -0.11496462754239567 0.0)
(9.845715609598956 -0.11977091337330588 0.0)
(9.96716337360552 -0.12266604051927192 0.0)
(10.000000000000002 -0.12363262382391609 0.0)
(9.943947737505617 -0.12266604051927102 0.0)
(9.798728834845484 -0.11977091337330431 0.0)
(9.564084227906672 -0.11496462754239262 0.0)
(9.239719690578774 -0.10828008717586153 0.0)
(8.82539576334991 -0.099774410621132 0.0)
(8.320646765506657 -0.0895343472375875 0.0)
(7.72779847784863 -0.07767060751452139 0.0)
(7.0367181068518425 -0.06410803644988683 0.0)
(6.232519088219692 -0.049132699665828866 0.0)
(5.354169765444625 -0.03457848885988629 0.0)
(4.437176932502173 -0.022116229691682972 0.0)
(3.4714345110913443 -0.012081372225966103 0.0)
(2.4296313688678817 -0.004921545764791016 0.0)
(1.2774609460448791 -0.001167510197921502 0.0)
(0.0014325777512034742 -8.095505981590337e-05 0.0)
(-0.001428250887261333 -8.101234817559806e-05 0.0)
(1.3003243850435522 -0.001168175246300077 0.0)
(2.5480693141387514 -0.0049233422346969275 0.0)
(3.728136823418149 -0.012082979612331249 0.0)
(4.806337135198801 -0.022115108312774256 0.0)
(5.7564403868099845 -0.03457555947635097 0.0)
(6.568585005855541 -0.049134575839843785 0.0)
(7.275613109803869 -0.06411817657285189 0.0)
(7.916794634042154 -0.07768412097310558 0.0)
(8.479401548317131 -0.08954801120406308 0.0)
(8.95245197084427 -0.09978800538788914 0.0)
(9.33809530913014 -0.10829338773843804 0.0)
(9.63593922231695 -0.1149775565972096 0.0)
(9.84572875396695 -0.11978350110651352 0.0)
(9.96716932940466 -0.12267840133219941 0.0)
(10.000000000000002 -0.12364490123795947 0.0)
(9.943941781706478 -0.12267840133219854 0.0)
(9.79871569047749 -0.11978350110651195 0.0)
(9.564060777683068 -0.11497755659720654 0.0)
(9.239682468647652 -0.1082933877384354 0.0)
(8.825325806933515 -0.09978800538788636 0.0)
(8.320598451682898 -0.08954801120406004 0.0)
(7.727649810402294 -0.07768412097310297 0.0)
(7.035498001307215 -0.0641181765728494 0.0)
(6.231414994144442 -0.04913457583984053 0.0)
(5.354670724301089 -0.03457555947634772 0.0)
(4.438107309245576 -0.02211510831277264 0.0)
(3.471863176581819 -0.012082979612330916 0.0)
(2.4297084636390096 -0.004923342234697252 0.0)
(1.2774533927342144 -0.0011681752463001138 0.0)
(0.0014282508872490334 -8.101234817560052e-05 0.0)
(-0.0014156778880120501 -8.105230180939853e-05 0.0)
(1.300362351235758 -0.0011685740743990313 0.0)
(2.548052120805489 -0.004923935094509842 0.0)
(3.7277718442837817 -0.012081454352103557 0.0)
(4.805353247839276 -0.02210800585609261 0.0)
(5.755629169967609 -0.03456319091198174 0.0)
(6.569370027079843 -0.04912408198670746 0.0)
(7.276852881050152 -0.06411519296346717 0.0)
(7.9170236289972715 -0.07768534601204198 0.0)
(8.47945582286271 -0.08955025912840292 0.0)
(8.952527603677243 -0.0997909931718333 0.0)
(9.338136107042132 -0.10829685785230188 0.0)
(9.635964952018803 -0.11498131477217988 0.0)
(9.845743106552069 -0.11978741743457562 0.0)
(9.967175885454585 -0.12268240078188931 0.0)
(10.000000000000002 -0.12364892226467657 0.0)
(9.943935225656551 -0.12268240078188841 0.0)
(9.798701337892371 -0.11978741743457405 0.0)
(9.564035047981214 -0.1149813147721768 0.0)
(9.23964167073566 -0.10829685785229921 0.0)
(8.825250174100542 -0.09979099317183047 0.0)
(8.32054417713732 -0.08955025912839985 0.0)
(7.727420815447176 -0.07768534601203934 0.0)
(7.03425823006093 -0.06411519296346463 0.0)
(6.2306299729201395 -0.049124081986704135 0.0)
(5.355481941143468 -0.03456319091197842 0.0)
(4.439091196605103 -0.02210800585609095 0.0)
(3.4722281557161865 -0.01208145435210321 0.0)
(2.4297256569722716 -0.004923935094510163 0.0)
(1.2774154265420083 -0.0011685740743990678 0.0)
(0.0014156778879996829 -8.105230180940105e-05 0.0)
(-0.0013954111880532382 -8.107316522772632e-05 0.0)
(1.3004290621444767 -0.0011686891584412964 0.0)
(2.548095584353702 -0.004923298295053859 0.0)
(3.7274865880209753 -0.012076863462427367 0.0)
(4.804359080074236 -0.02209523439059263 0.0)
(5.754543338523295 -0.03454192661887253 0.0)
(6.569801483056759 -0.049101679187131965 0.0)
(7.278057844717627 -0.06409921671607315 0.0)
(7.917322889841779 -0.07767422880536344 0.0)
(8.479513673405867 -0.08954099224092707 0.0)
(8.95260558975848 -0.09978324269520673 0.0)
(9.338178688349382 -0.1082903450470009 0.0)
(9.63599183068288 -0.11497573693997368 0.0)
(9.845758036727977 -0.11978249028120184 0.0)
(9.967182753694457 -0.12267786313983899 0.0)
(10.000000000000002 -0.12364451022750968 0.0)
(9.94392835741668 -0.12267786313983808 0.0)
(9.798686407716463 -0.11978249028120025 0.0)
(9.564008169317137 -0.11497573693997057 0.0)
(9.23959908942841 -0.10829034504699821 0.0)
(8.825172188019305 -0.09978324269520387 0.0)
(8.320486326594162 -0.08954099224092395 0.0)
(7.727121554602667 -0.07767422880536072 0.0)
(7.033053266393451 -0.0640992167160705 0.0)
(6.230198516943224 -0.04910167918712853 0.0)
(5.356567772587787 -0.03454192661886911 0.0)
(4.440085364370146 -0.022095234390590916 0.0)
(3.4725134119789938 -0.012076863462426996 0.0)
(2.4296821934240582 -0.004923298295054173 0.0)
(1.2773487156332894 -0.001168689158441332 0.0)
(0.0013954111880407863 -8.107316522772878e-05 0.0)
(-0.0013683412691042074 -8.107402173014861e-05 0.0)
(1.300521586614423 -0.0011685154418445956 0.0)
(2.5481977950745955 -0.004921459816132085 0.0)
(3.7272935882680547 -0.012069408658596261 0.0)
(4.803398313816495 -0.022077355071103654 0.0)
(5.753230601924232 -0.03451270091116063 0.0)
(6.56986041639999 -0.04906835177914586 0.0)
(7.2791750569071665 -0.06407094979775256 0.0)
(7.917679267601651 -0.07765125782279307 0.0)
(8.479572558099571 -0.0895206177117179 0.0)
(8.952682502522242 -0.09976509449977335 0.0)
(9.338221182107151 -0.10827413548328517 0.0)
(9.636018677309853 -0.1149610681803338 0.0)
(9.84577288849006 -0.11976893613649749 0.0)
(9.96718963234638 -0.12266498778173875 0.0)
(10.000000000000002 -0.12363185898330033 0.0)
(9.943921478764759 -0.12266498778173784 0.0)
(9.79867155595438 -0.11976893613649586 0.0)
(9.563981322690164 -0.11496106818033067 0.0)
(9.239556595670642 -0.10827413548328242 0.0)
(8.825095275255542 -0.0997650944997704 0.0)
(8.320427441900458 -0.0895206177117147 0.0)
(7.726765176842795 -0.07765125782279027 0.0)
(7.03193605420391 -0.06407094979774983 0.0)
(6.230139583599994 -0.049068351779142316 0.0)
(5.357880509186853 -0.034512700911157115 0.0)
(4.441046130627889 -0.022077355071101878 0.0)
(3.472706411731914 -0.012069408658595859 0.0)
(2.429579982703164 -0.004921459816132389 0.0)
(1.2772561911633427 -0.0011685154418446294 0.0)
(0.0013683412690916588 -8.107402173015102e-05 0.0)
(-0.0013356575338805616 -8.105483368351593e-05 0.0)
(1.3006358592896567 -0.0011680605573983819 0.0)
(2.5483542620160833 -0.004918500437144939 0.0)
(3.7272013250810816 -0.012059417491052396 0.0)
(4.802513163377748 -0.022055153482214738 0.0)
(5.751748639414999 -0.034476797912976 0.0)
(6.569544237686249 -0.049025564108085305 0.0)
(7.280155429359043 -0.06403163420518361 0.0)
(7.918077103690092 -0.07761744236728078 0.0)
(8.479629889658106 -0.08949003076031475 0.0)
(8.952754962562398 -0.09973734598403926 0.0)
(9.33826172121746 -0.10824894137972983 0.0)
(9.636044312308044 -0.11493795301172308 0.0)
(9.845787009279064 -0.11974735054478423 0.0)
(9.96719621917497 -0.12264434042726875 0.0)
(10.000000000000002 -0.1236115244045743 0.0)
(9.943914891936169 -0.12264434042726782 0.0)
(9.798657435165376 -0.11974735054478258 0.0)
(9.563955687691973 -0.11493795301171988 0.0)
(9.239516056560332 -0.10824894137972703 0.0)
(8.825022815215387 -0.09973734598403623 0.0)
(8.320370110341923 -0.08949003076031144 0.0)
(7.726367340754352 -0.07761744236727787 0.0)
(7.030955681752032 -0.06403163420518071 0.0)
(6.2304557623137375 -0.04902556410808162 0.0)
(5.35936247169609 -0.03447679791297237 0.0)
(4.441931281066639 -0.022055153482212885 0.0)
(3.472798674918887 -0.012059417491051959 0.0)
(2.429423515761676 -0.0049185004371452325 0.0)
(1.2771419184881088 -0.0011680605573984135 0.0)
(0.0013356575338679072 -8.10548336835182e-05 0.0)
(-0.001298796045914823 -8.101644417549376e-05 0.0)
(1.3007668592378836 -0.0011673444918930342 0.0)
(2.548558110307004 -0.004914550187791087 0.0)
(3.7272138523356997 -0.012047328953419326 0.0)
(4.8017425206489355 -0.022029605121124996 0.0)
(5.75016256571708 -0.03443579513637617 0.0)
(6.568866839229786 -0.04897519618593887 0.0)
(7.280955886301261 -0.06398299739357789 0.0)
(7.918498917917199 -0.07757426822807818 0.0)
(8.479683149037676 -0.08945057532140499 0.0)
(8.952819786117345 -0.09970121636702135 0.0)
(9.33829852446597 -0.1082158697191538 0.0)
(9.636067609322536 -0.11490740707236227 0.0)
(9.845799778653353 -0.11971868193747225 0.0)
(9.967202224767032 -0.1226168282834111 0.0)
(10.000000000000002 -0.12358439995551974 0.0)
(9.943908886344106 -0.12261682828341014 0.0)
(9.798644665791088 -0.11971868193747057 0.0)
(9.563932390677481 -0.11490740707235902 0.0)
(9.239479253311822 -0.10821586971915091 0.0)
(8.82495799166044 -0.09970121636701827 0.0)
(8.320316850962351 -0.08945057532140156 0.0)
(7.725945526527244 -0.07757426822807513 0.0)
(7.030155224809812 -0.06398299739357485 0.0)
(6.231133160770204 -0.04897519618593503 0.0)
(5.360948545394014 -0.03443579513637242 0.0)
(4.442701923795452 -0.022029605121123067 0.0)
(3.4727861476642685 -0.01204732895341885 0.0)
(2.4292196674707545 -0.004914550187791368 0.0)
(1.2770109185398815 -0.0011673444918930637 0.0)
(0.0012987960459020593 -8.101644417549587e-05 0.0)
(-0.0012593764315520209 -8.096053997083296e-05 0.0)
(1.3009088305610366 -0.0011663987079368534 0.0)
(2.548800383226385 -0.0049097826348003595 0.0)
(3.7273306196072595 -0.01203367419392529 0.0)
(4.8011202462617115 -0.022001832536081314 0.0)
(5.74854207000712 -0.034391494168352486 0.0)
(6.567857984679512 -0.04891946108706014 0.0)
(7.281541257120176 -0.06392717637545882 0.0)
(7.918926176537518 -0.07752363239787692 0.0)
(8.479729996118579 -0.08940398499479263 0.0)
(8.95287412495867 -0.09965829311799417 0.0)
(9.338329974785266 -0.10817637360981984 0.0)
(9.636087544725129 -0.11487077249494465 0.0)
(9.84581063554998 -0.1196841899607191 0.0)
(9.967207385247837 -0.12258366018343488 0.0)
(10.000000000000002 -0.12355167743480534 0.0)
(9.9439037258633 -0.12258366018343392 0.0)
(9.79863380889446 -0.11968418996071739 0.0)
(9.563912455274888 -0.11487077249494138 0.0)
(9.239447802992526 -0.1081763736098169 0.0)
(8.824903652819115 -0.09965829311799097 0.0)
(8.320270003881449 -0.08940398499478909 0.0)
(7.725518267906924 -0.07752363239787376 0.0)
(7.029569853990898 -0.06392717637545564 0.0)
(6.232142015320481 -0.04891946108705615 0.0)
(5.362569041103978 -0.03439149416834861 0.0)
(4.443324198182677 -0.0220018325360793 0.0)
(3.472669380392708 -0.012033674193924777 0.0)
(2.4289773945513726 -0.004909782634800627 0.0)
(1.2768689472167283 -0.0011663987079368794 0.0)
(0.0012593764315391488 -8.096053997083489e-05 0.0)
(-0.00121913071653111 -8.088957739801253e-05 0.0)
(1.301055535298905 -0.0011652647615466112 0.0)
(2.5490704357453744 -0.004904407255729179 0.0)
(3.7275464963554685 -0.012019053177721783 0.0)
(4.8006736818142315 -0.02197305600366199 0.0)
(5.746958353902001 -0.03434584151239358 0.0)
(6.56656200125872 -0.048860807709729386 0.0)
(7.281885821692908 -0.06386662382424092 0.0)
(7.919340106588921 -0.07746775972242047 0.0)
(8.479768372525783 -0.08935230687419446 0.0)
(8.952915591537096 -0.09961046220599405 0.0)
(9.33835469030586 -0.10813218843851606 0.0)
(9.636103242590705 -0.11482965893578093 0.0)
(9.84581910293677 -0.11964539012888199 0.0)
(9.967211473875299 -0.12254629347297373 0.0)
(10.000000000000002 -0.12351479461012714 0.0)
(9.94389963723584 -0.12254629347297272 0.0)
(9.79862534150767 -0.11964539012888023 0.0)
(9.563896757409312 -0.11482965893577757 0.0)
(9.239423087471934 -0.10813218843851304 0.0)
(8.824862186240688 -0.09961046220599078 0.0)
(8.320231627474246 -0.08935230687419081 0.0)
(7.725104337855521 -0.07746775972241714 0.0)
(7.029225289418165 -0.06386662382423758 0.0)
(6.2334379987412785 -0.04886080770972524 0.0)
(5.3641527572091 -0.03434584151238959 0.0)
(4.443770762630158 -0.021973056003659907 0.0)
(3.472453503644498 -0.012019053177721232 0.0)
(2.4287073420323826 -0.0049044072557294285 0.0)
(1.2767222424788593 -0.0011652647615466338 0.0)
(0.001219130716518135 -8.088957739801421e-05 0.0)
(-0.0011798272239426542 -8.08066744226598e-05 0.0)
(1.301200527513696 -0.0011639924762521976 0.0)
(2.5493564022503343 -0.004898660234899953 0.0)
(3.7278519973509456 -0.012004108325512398 0.0)
(4.80042244853135 -0.021944539912056363 0.0)
(5.745481002990057 -0.03430084306268311 0.0)
(6.5650358321079825 -0.04880181317604317 0.0)
(7.281974440482497 -0.06380400030824694 0.0)
(7.919722520742211 -0.07740910514485218 0.0)
(8.479796592070164 -0.08929781160168707 0.0)
(8.952942363887027 -0.09955982523379016 0.0)
(9.338371585072988 -0.10808525562083503 0.0)
(9.63611401318377 -0.11478587284944558 0.0)
(9.84582480877224 -0.11960398723558961 0.0)
(9.967214311002607 -0.12250636997692481 0.0)
(10.000000000000002 -0.12347537204532623 0.0)
(9.94389680010853 -0.1225063699769238 0.0)
(9.7986196356722 -0.11960398723558782 0.0)
(9.563885986816247 -0.11478587284944217 0.0)
(9.239406192704804 -0.10808525562083192 0.0)
(8.824835413890757 -0.09955982523378674 0.0)
(8.320203407929865 -0.0892978116016833 0.0)
(7.724721923702229 -0.07740910514484871 0.0)
(7.029136670628578 -0.06380400030824343 0.0)
(6.234964167892021 -0.04880181317603889 0.0)
(5.365630108121048 -0.03430084306267901 0.0)
(4.4440219959130385 -0.021944539912054212 0.0)
(3.4721480026490195 -0.012004108325511804 0.0)
(2.4284213755274218 -0.004898660234900189 0.0)
(1.276577250264068 -0.0011639924762522167 0.0)
(0.001179827223929587 -8.080667442266123e-05 0.0)
(-0.0011431928773472828 -8.071547364984506e-05 0.0)
(1.3013374365127475 -0.0011626377539418699 0.0)
(2.549645717896199 -0.004892794085894039 0.0)
(3.728233699438848 -0.011989496286762373 0.0)
(4.800377585143901 -0.021917537206160864 0.0)
(5.74417492936762 -0.03425847596877903 0.0)
(6.563346534307738 -0.04874506959788425 0.0)
(7.281803219741449 -0.06374205739020312 0.0)
(7.920056616419102 -0.0773502458400049 0.0)
(8.479813414836567 -0.08924289359984819 0.0)
(8.952953265680387 -0.09950860709730334 0.0)
(9.338379916761493 -0.10803763729892447 0.0)
(9.636119383264166 -0.1147413381164678 0.0)
(9.845827502352416 -0.11956180044822871 0.0)
(9.96721577197158 -0.12246564386066656 0.0)
(10.000000000000002 -0.12343514189577846 0.0)
(9.943895339139559 -0.12246564386066555 0.0)
(9.798616942092025 -0.1195618004482269 0.0)
(9.563880616735851 -0.11474133811646434 0.0)
(9.239397861016299 -0.10803763729892128 0.0)
(8.824824512097399 -0.09950860709729988 0.0)
(8.320186585163462 -0.08924289359984432 0.0)
(7.724387828025338 -0.07735024584000132 0.0)
(7.029307891369627 -0.0637420573901995 0.0)
(6.23665346569227 -0.048745069597879845 0.0)
(5.366936181743486 -0.034258475968774835 0.0)
(4.444066859300487 -0.02191753720615865 0.0)
(3.471766300561116 -0.011989496286761745 0.0)
(2.428132059881557 -0.004892794085894261 0.0)
(1.2764403412650163 -0.0011626377539418855 0.0)
(0.0011431928773341373 -8.071547364984625e-05 0.0)
(-0.0011108373229137536 -8.061998227467869e-05 0.0)
(1.3014602467651089 -0.0011612601186355494 0.0)
(2.5499256706827755 -0.004887066556566944 0.0)
(3.728674831327737 -0.011975859087722418 0.0)
(4.800541062867051 -0.021893234335472484 0.0)
(5.743097519520267 -0.03422060176327906 0.0)
(6.561568332512844 -0.048693070184267474 0.0)
(7.2813796825958885 -0.06368351672860699 0.0)
(7.920327714066762 -0.07729376797805355 0.0)
(8.479818101663412 -0.08918996586520894 0.0)
(8.952947817912317 -0.09945905822774993 0.0)
(9.338379319292226 -0.1079914257347339 0.0)
(9.636119116880389 -0.11469801151154069 0.0)
(9.845827065326313 -0.11952068337705744 0.0)
(9.96721579258991 -0.12242590455524106 0.0)
(10.000000000000002 -0.12339587180065596 0.0)
(9.943895318521228 -0.12242590455524002 0.0)
(9.798617379118127 -0.1195206833770556 0.0)
(9.563880883119628 -0.11469801151153719 0.0)
(9.239398458485566 -0.10799142573473065 0.0)
(8.824829959865466 -0.09945905822774638 0.0)
(8.320181898336616 -0.08918996586520496 0.0)
(7.724116730377679 -0.07729376797804983 0.0)
(7.0297314285151895 -0.06368351672860326 0.0)
(6.238431667487168 -0.04869307018426297 0.0)
(5.368013591590841 -0.034220601763274794 0.0)
(4.443903381577336 -0.021893234335470222 0.0)
(3.4713251686722257 -0.011975859087721762 0.0)
(2.4278521070949792 -0.004887066556567154 0.0)
(1.2763175310126547 -0.0011612601186355616 0.0)
(0.001110837322900548 -8.061998227467964e-05 0.0)
(-0.0010841822045110619 -8.052439601348897e-05 0.0)
(1.3015635622129664 -0.0011599201011082826 0.0)
(2.550183959996782 -0.004881729304079081 0.0)
(3.7291560104894437 -0.011963795921969795 0.0)
(4.80090569878872 -0.02187269912366843 0.0)
(5.742296112865625 -0.03418888456948397 0.0)
(6.559779357657042 -0.04864809969429692 0.0)
(7.280722438493151 -0.06363095049303195 0.0)
(7.920523902150509 -0.07724215309292894 0.0)
(8.479810446620105 -0.08914135394560083 0.0)
(8.952926259947784 -0.09941335571181102 0.0)
(9.338369818916892 -0.1079486513798522 0.0)
(9.636113225736851 -0.11465779672642093 0.0)
(9.84582351689606 -0.11948244263096149 0.0)
(9.967214371951668 -0.12238889813302768 0.0)
(10.000000000000002 -0.12335928721609583 0.0)
(9.94389673915947 -0.12238889813302664 0.0)
(9.798620927548383 -0.11948244263095961 0.0)
(9.563886774263167 -0.11465779672641738 0.0)
(9.2394079588609 -0.1079486513798489 0.0)
(8.82485151783 -0.09941335571180741 0.0)
(8.320189553379924 -0.08914135394559679 0.0)
(7.72392054229393 -0.07724215309292516 0.0)
(7.03038867261793 -0.06363095049302811 0.0)
(6.240220642342975 -0.04864809969429233 0.0)
(5.368814998245484 -0.03418888456947965 0.0)
(4.4435387456556645 -0.02187269912366614 0.0)
(3.470843989510518 -0.011963795921969122 0.0)
(2.427593817780972 -0.004881729304079279 0.0)
(1.2762142155647969 -0.0011599201011082921 0.0)
(0.001084182204497816 -8.05243960134897e-05 0.0)
(-0.001064398699277661 -8.043291475172248e-05 0.0)
(1.3016428433645517 -0.0011586765792787254 0.0)
(2.550409237078288 -0.004877016837540537 0.0)
(3.7296560947918938 -0.011953836822938744 0.0)
(4.801455471473593 -0.021856833850387263 0.0)
(5.741805921745966 -0.034164717982864155 0.0)
(6.558058214022656 -0.04861213404903072 0.0)
(7.279860365536717 -0.06358666834770198 0.0)
(7.920636560524862 -0.07719766904825671 0.0)
(8.479790786055242 -0.08909919375983846 0.0)
(8.952889539004307 -0.09937350763442658 0.0)
(9.338351833064603 -0.10791119366117936 0.0)
(9.636101968679624 -0.1146224607251958 0.0)
(9.845817012973187 -0.11944875843836485 0.0)
(9.967211572477098 -0.12235625058851717 0.0)
(10.000000000000002 -0.123326995601814 0.0)
(9.943899538634039 -0.1223562505885161 0.0)
(9.798627431471253 -0.11944875843836295 0.0)
(9.563898031320395 -0.11462246072519222 0.0)
(9.23942594471319 -0.10791119366117603 0.0)
(8.824888238773477 -0.09937350763442289 0.0)
(8.320209213944787 -0.08909919375983437 0.0)
(7.723807883919577 -0.07719766904825286 0.0)
(7.031250745574367 -0.06358666834769805 0.0)
(6.241941785977364 -0.048612134049026076 0.0)
(5.369305189365143 -0.034164717982859805 0.0)
(4.442988972970789 -0.021856833850384953 0.0)
(3.4703439052080665 -0.011953836822938053 0.0)
(2.4273685406994656 -0.004877016837540727 0.0)
(1.2761349344132114 -0.0011586765792787324 0.0)
(0.0010643986992643973 -8.0432914751723e-05 0.0)
(-0.0010523560582406065 -8.034955800866098e-05 0.0)
(1.3016946067511048 -0.0011575841912211096 0.0)
(2.5505916036644645 -0.004873136214109803 0.0)
(3.730153111445717 -0.011946419375221028 0.0)
(4.802166224915677 -0.021846335606712262 0.0)
(5.741648484262309 -0.03414916383902417 0.0)
(6.556480525512241 -0.04858675351312456 0.0)
(7.278831341635175 -0.06355261596907096 0.0)
(7.920660739186954 -0.07716227039157848 0.0)
(8.479759983818074 -0.08906533774935435 0.0)
(8.952839268532964 -0.09934126484721685 0.0)
(9.338326152000803 -0.10788069840234694 0.0)
(9.636085840323206 -0.11459355610711375 0.0)
(9.84580783932817 -0.1194211108210667 0.0)
(9.967207517169992 -0.12232939639508829 0.0)
(10.000000000000002 -0.12330041579226621 0.0)
(9.943903593941146 -0.12232939639508719 0.0)
(9.79863660511627 -0.1194211108210648 0.0)
(9.563914159676811 -0.11459355610711014 0.0)
(9.239451625776988 -0.10788069840234359 0.0)
(8.82493850924482 -0.09934126484721313 0.0)
(8.320240016181955 -0.0890653377493502 0.0)
(7.723783705257486 -0.0771622703915746 0.0)
(7.032279769475912 -0.063552615969067 0.0)
(6.243519474487782 -0.048586753513119904 0.0)
(5.369462626848799 -0.03414916383901982 0.0)
(4.442278219528703 -0.021846335606709944 0.0)
(3.4698468885542417 -0.011946419375220327 0.0)
(2.4271861741132894 -0.0048731362141099886 0.0)
(1.2760831710266585 -0.0011575841912211148 0.0)
(0.0010523560582273476 -8.034955800866133e-05 0.0)
(-0.0010485834130156775 -8.027798832709774e-05 0.0)
(1.3017165779841189 -0.0011566909344682193 0.0)
(2.550723046901145 -0.0048702579412810264 0.0)
(3.7306252224484107 -0.011941869487899524 0.0)
(4.803006729909013 -0.02184166566626451 0.0)
(5.741830717929662 -0.034142905558588836 0.0)
(6.555115612872644 -0.048573073260893794 0.0)
(7.277680580216211 -0.06353028955635885 0.0)
(7.920595375770605 -0.07713751247510868 0.0)
(8.479719393302554 -0.08904127348531132 0.0)
(8.9527776573263 -0.09931804403926532 0.0)
(9.338293904104455 -0.10785850550923852 0.0)
(9.636065549318074 -0.11457235288821382 0.0)
(9.845796399034187 -0.11940071456479127 0.0)
(9.967202384213126 -0.12230951547687195 0.0)
(10.000000000000002 -0.12328071565565758 0.0)
(9.943908726898012 -0.12230951547687086 0.0)
(9.798648045410253 -0.11940071456478935 0.0)
(9.563934450681943 -0.11457235288821022 0.0)
(9.239483873673338 -0.10785850550923516 0.0)
(8.825000120451485 -0.0993180440392616 0.0)
(8.320280606697475 -0.08904127348530715 0.0)
(7.723849068673835 -0.07713751247510477 0.0)
(7.033430530894879 -0.0635302895563549 0.0)
(6.244884387127382 -0.04857307326088915 0.0)
(5.369280393181444 -0.03414290555858451 0.0)
(4.441437714535364 -0.021841665666262205 0.0)
(3.4693747775515473 -0.011941869487898826 0.0)
(2.4270547308766086 -0.004870257941281209 0.0)
(1.2760611997936444 -0.0011566909344682228 0.0)
(0.0010485834130024463 -8.027798832709795e-05 0.0)
(-0.0010532465267321979 -8.02213503479076e-05 0.0)
(1.3017077916878106 -0.0011560360570876092 0.0)
(2.5507977914129785 -0.004868508485096653 0.0)
(3.7310516841062182 -0.011940387074699358 0.0)
(4.803940056201855 -0.02184302921768386 0.0)
(5.742344615734068 -0.03414621811895129 0.0)
(6.554023447868211 -0.04857169437759412 0.0)
(7.276458643631317 -0.06352067009129524 0.0)
(7.920443342224752 -0.07712448311640364 0.0)
(8.479670797981674 -0.08902805830744712 0.0)
(8.95270741246802 -0.09930486549039215 0.0)
(9.338256506289127 -0.10784559009697654 0.0)
(9.63604198721387 -0.11455978269914427 0.0)
(9.845783194756827 -0.11938846584372541 0.0)
(9.967196399139231 -0.12229748136504347 0.0)
(10.000000000000002 -0.12326876077995032 0.0)
(9.943914711971905 -0.1222974813650424 0.0)
(9.798661249687614 -0.11938846584372348 0.0)
(9.563958012786147 -0.11455978269914069 0.0)
(9.239521271488664 -0.10784559009697318 0.0)
(8.825070365309765 -0.09930486549038843 0.0)
(8.320329202018355 -0.08902805830744297 0.0)
(7.724001102219688 -0.07712448311639976 0.0)
(7.034652467479776 -0.06352067009129134 0.0)
(6.2459765521318165 -0.04857169437758953 0.0)
(5.368766495377034 -0.03414621811894701 0.0)
(4.44050438824252 -0.02184302921768159 0.0)
(3.468948315893739 -0.011940387074698668 0.0)
(2.426979986364775 -0.004868508485096835 0.0)
(1.276069986089953 -0.0011560360570876127 0.0)
(0.0010532465267190161 -8.022135034790774e-05 0.0)
(-0.0010661405107043893 -8.018213264027997e-05 0.0)
(1.3016686339159655 -0.0011556483331933195 0.0)
(2.5508125530628565 -0.004867964713460881 0.0)
(3.731413758474086 -0.011942037270144545 0.0)
(4.804925195144367 -0.02185036634901551 0.0)
(5.743167597946153 -0.03415895597226936 0.0)
(6.553252018231177 -0.04858267744883515 0.0)
(7.275219221538563 -0.0635241802355767 0.0)
(7.920211318625262 -0.07712375480164839 0.0)
(8.47961633304493 -0.08902627286650058 0.0)
(8.952631620388688 -0.0993023082419253 0.0)
(9.338215601746409 -0.10784251964514772 0.0)
(9.636016189286352 -0.11455639785101632 0.0)
(9.84576880666788 -0.1193849028442643 0.0)
(9.96718982492151 -0.12229382281646083 0.0)
(10.000000000000002 -0.1232650764405122 0.0)
(9.943921286189628 -0.12229382281645976 0.0)
(9.79867563777656 -0.1193849028442624 0.0)
(9.563983810713665 -0.11455639785101274 0.0)
(9.239562176031383 -0.1078425196451444 0.0)
(8.825146157389097 -0.09930230824192164 0.0)
(8.320383666955099 -0.08902627286649649 0.0)
(7.72423312581918 -0.07712375480164453 0.0)
(7.035891889572532 -0.06352418023557285 0.0)
(6.24674798176885 -0.04858267744883063 0.0)
(5.3679435131649464 -0.03415895597226515 0.0)
(4.439519249300004 -0.021850366349013283 0.0)
(3.4685862415258706 -0.011942037270143875 0.0)
(2.426965224714897 -0.004867964713461067 0.0)
(1.2761091438617982 -0.001155648333193323 0.0)
(0.001066140510691276 -8.018213264028005e-05 0.0)
(-0.0010866988268653907 -8.016205835854118e-05 0.0)
(1.3016008251894418 -0.001155544798663944 0.0)
(2.550766683250889 -0.004868650518704587 0.0)
(3.731695536666686 -0.011946747567666175 0.0)
(4.8059188615336765 -0.02186335468013163 0.0)
(5.744263504233119 -0.03418055944057149 0.0)
(6.552835219168505 -0.04860553989855949 0.0)
(7.274016771877247 -0.06354066575988514 0.0)
(7.91990949966462 -0.0771353595316608 0.0)
(8.479558391582003 -0.0890359956114806 0.0)
(8.952553611253611 -0.0993104846546841 0.0)
(9.338172987747075 -0.10784942906378818 0.0)
(9.635989289049252 -0.11456234706786428 0.0)
(9.845753866953652 -0.11939018211808601 0.0)
(9.967182950419057 -0.12229870058105559 0.0)
(10.000000000000002 -0.12326982452047779 0.0)
(9.94392816069208 -0.12229870058105455 0.0)
(9.798690577490788 -0.11939018211808411 0.0)
(9.564010710950765 -0.11456234706786073 0.0)
(9.239604790030718 -0.10784942906378488 0.0)
(8.825224166524174 -0.0993104846546805 0.0)
(8.320441608418026 -0.08903599561147653 0.0)
(7.724534944779822 -0.07713535953165702 0.0)
(7.037094339233851 -0.06354066575988138 0.0)
(6.247164780831523 -0.04860553989855507 0.0)
(5.366847606877976 -0.034180559440567373 0.0)
(4.438525582910693 -0.021863354680129458 0.0)
(3.4683044633332702 -0.01194674756766553 0.0)
(2.4270110945268653 -0.004868650518704779 0.0)
(1.2761769525883222 -0.0011555447986639482 0.0)
(0.0010866988268523625 -8.016205835854132e-05 0.0)
(-0.0011140181804134644 -8.016200952990601e-05 0.0)
(1.30150734489963 -0.0011557300026172927 0.0)
(2.5506621974126973 -0.004870535767800006 0.0)
(3.731884637865734 -0.011954311005408388 0.0)
(4.806877395486498 -0.02188142352752447 0.0)
(5.745584182477622 -0.03421007930698291 0.0)
(6.552791364068494 -0.04863927719255192 0.0)
(7.272904128085666 -0.06356940232044185 0.0)
(7.919551146715797 -0.07715878741583439 0.0)
(8.479499519434775 -0.08905679934275992 0.0)
(8.952476812641471 -0.09932903547205023 0.0)
(9.338130536672294 -0.10786601476568326 0.0)
(9.635962468449783 -0.11457736895198364 0.0)
(9.845739032037855 -0.11940407170355692 0.0)
(9.967176077684936 -0.1223119003387751 0.0)
(10.000000000000002 -0.12328279639789975 0.0)
(9.943935033426202 -0.12231190033877407 0.0)
(9.798705412406585 -0.11940407170355505 0.0)
(9.564037531550234 -0.11457736895198012 0.0)
(9.239647241105498 -0.10786601476568002 0.0)
(8.825300965136314 -0.09932903547204668 0.0)
(8.320500480565254 -0.08905679934275597 0.0)
(7.724893297728647 -0.07715878741583072 0.0)
(7.038206983025434 -0.0635694023204382 0.0)
(6.247208635931532 -0.04863927719254764 0.0)
(5.365526928633469 -0.034210079306978905 0.0)
(4.437567048957869 -0.021881423527522367 0.0)
(3.4681153621342222 -0.011954311005407774 0.0)
(2.4271155803650575 -0.004870535767800209 0.0)
(1.2762704328781345 -0.0011557300026172987 0.0)
(0.0011140181804005333 -8.01620095299062e-05 0.0)
(-0.0011468982089330524 -8.018198829981534e-05 0.0)
(1.301392300399447 -0.0011561958075304764 0.0)
(2.55050368646486 -0.004873537626350854 0.0)
(3.7319727533104943 -0.011964395259753714 0.0)
(4.807758680774533 -0.021903778979095612 0.0)
(5.747071604493711 -0.03424621852257858 0.0)
(6.553122379844008 -0.04868240697583507 0.0)
(7.2719301776964995 -0.06360912728534802 0.0)
(7.919152005151774 -0.0771930090757987 0.0)
(8.479442303337688 -0.08908776998244555 0.0)
(8.952404598942788 -0.09935714560504637 0.0)
(9.33809011374463 -0.10789154800543439 0.0)
(9.635936905936013 -0.11460080346926799 0.0)
(9.845724953739548 -0.11942596131770174 0.0)
(9.96716950869451 -0.12233284211641345 0.0)
(10.000000000000002 -0.12330342211221561 0.0)
(9.943941602416627 -0.1223328421164124 0.0)
(9.798719490704892 -0.11942596131769989 0.0)
(9.564063094064004 -0.11460080346926452 0.0)
(9.23968766403316 -0.10789154800543123 0.0)
(8.825373178834997 -0.0993571456050429 0.0)
(8.320557696662341 -0.08908776998244168 0.0)
(7.725292439292671 -0.07719300907579511 0.0)
(7.039180933414603 -0.06360912728534449 0.0)
(6.246877620156015 -0.04868240697583093 0.0)
(5.364039506617376 -0.03424621852257469 0.0)
(4.436685763669833 -0.02190377897909358 0.0)
(3.468027246689462 -0.011964395259753135 0.0)
(2.4272740913128956 -0.004873537626351067 0.0)
(1.2763854773783176 -0.0011561958075304846 0.0)
(0.0011468982089202267 -8.018198829981567e-05 0.0)
(-0.001183894224123316 -8.022111683766949e-05 0.0)
(1.3012607465337631 -0.0011569217467877755 0.0)
(2.550298115088437 -0.004877524198184149 0.0)
(3.7319560113695274 -0.011976557247014841 0.0)
(4.808523995334491 -0.02192943877720115 0.0)
(5.7486604156791605 -0.034287389196340064 0.0)
(6.553813722267448 -0.04873303420463517 0.0)
(7.271137714308054 -0.06365809521232045 0.0)
(7.9187296125226645 -0.07723652087442161 0.0)
(8.479389257261376 -0.08912754673728887 0.0)
(8.95234014309537 -0.09939357994585472 0.0)
(9.338053495073575 -0.10792490689919866 0.0)
(9.635913724678034 -0.11463162094990004 0.0)
(9.845712250633406 -0.11945488917092083 0.0)
(9.967163532077203 -0.12236060577057307 0.0)
(10.000000000000002 -0.12333079540727195 0.0)
(9.943947579033935 -0.12236060577057206 0.0)
(9.798732193811034 -0.11945488917091904 0.0)
(9.564086275321984 -0.11463162094989662 0.0)
(9.239724282704216 -0.10792490689919555 0.0)
(8.825437634682416 -0.09939357994585134 0.0)
(8.320610742738655 -0.08912754673728511 0.0)
(7.725714831921781 -0.07723652087441817 0.0)
(7.039973396803049 -0.06365809521231705 0.0)
(6.246186277732571 -0.04873303420463118 0.0)
(5.362450695431923 -0.03428738919633628 0.0)
(4.435920449109873 -0.0219294387771992 0.0)
(3.4680439886304297 -0.011976557247014297 0.0)
(2.4274796626893185 -0.004877524198184376 0.0)
(1.276517031244002 -0.0011569217467877863 0.0)
(0.0011838942241106 -8.022111683767001e-05 0.0)
)
