(
(-0.0176165029292582 6.060522687731238e-05 0.0)
(1.2171001382894597 0.0007944272375753662 0.0)
(2.3388728065202913 0.0028691483853835642 0.0)
(3.378242118484333 0.005694683646470843 0.0)
(4.354351646595031 0.008067151193303649 0.0)
(5.272476122462679 0.010029700435616512 0.0)
(6.144208878616809 0.012920099169158488 0.0)
(6.953310800524715 0.0170451840405741 0.0)
(7.660468164734958 0.021168119916506994 0.0)
(8.26688459022397 0.024698095074075086 0.0)
(8.782379493105195 0.027715146309084067 0.0)
(9.206456839145694 0.03021897932251473 0.0)
(9.539812843874227 0.03218571434625675 0.0)
(9.782853984155704 0.03359935442633969 0.0)
(9.936107875456889 0.034451037011154186 0.0)
(10.000000000000004 0.034735239667714225 0.0)
(9.975003235654205 0.03445103701115258 0.0)
(9.861590460288753 0.03359935442633663 0.0)
(9.660187156125767 0.03218571434625262 0.0)
(9.371320938632069 0.0302189793225094 0.0)
(8.995398284672584 0.027715146309078332 0.0)
(8.533115409776007 0.024698095074067918 0.0)
(7.983976279709485 0.02116811991649926 0.0)
(7.357800310586418 0.017045184040567315 0.0)
(6.6557911213832055 0.012920099169151737 0.0)
(5.838634988648444 0.010029700435609705 0.0)
(4.89009279784944 0.008067151193299807 0.0)
(3.821757881515671 0.005694683646469536 0.0)
(2.6389049712574955 0.002869148385383378 0.0)
(1.3606776394883326 0.0007944272375752262 0.0)
(0.01761650292926342 6.060522687729853e-05 0.0)
(-0.017619668958869326 6.0641383685927395e-05 0.0)
(1.2170938819165658 0.0007948440146269878 0.0)
(2.3389197982047336 0.002870252144534038 0.0)
(3.378515672059205 0.005695577607293018 0.0)
(4.354954100317356 0.00806615559705643 0.0)
(5.272813330038816 0.010027381330816787 0.0)
(6.143511360201178 0.012920745773873614 0.0)
(6.952523036910832 0.01705112588800221 0.0)
(7.660368628038735 0.02117627533165086 0.0)
(8.266853160299878 0.02470638728553266 0.0)
(8.782334118432804 0.027723430739745675 0.0)
(9.206432671191603 0.030227109381652628 0.0)
(9.539797616588743 0.03219363485240563 0.0)
(9.78284545209044 0.033607077555852856 0.0)
(9.936104007117613 0.034458627916079794 0.0)
(10.000000000000004 0.03474278156816631 0.0)
(9.97500710399348 0.03445862791607819 0.0)
(9.861598992354015 0.03360707755584978 0.0)
(9.66020238341125 0.0321936348524015 0.0)
(9.37134510658616 0.0302271093816473 0.0)
(8.995443659344977 0.02772343073973994 0.0)
(8.5331468397001 0.024706387285525485 0.0)
(7.984075816405709 0.021176275331643114 0.0)
(7.358588074200304 0.017051125887995403 0.0)
(6.656488639798837 0.01292074577386683 0.0)
(5.838297781072305 0.010027381330809949 0.0)
(4.889490344127113 0.008066155597052567 0.0)
(3.8214843279407984 0.005695577607291704 0.0)
(2.6388579795730536 0.002870252144533852 0.0)
(1.3606838958612266 0.0007948440146268483 0.0)
(0.01761966895887458 6.06413836859136e-05 0.0)
(-0.017628127909402987 6.066628106756879e-05 0.0)
(1.2170680877043396 0.0007950883033477423 0.0)
(2.3389281239709896 0.002870578487557954 0.0)
(3.37874742280159 0.005694454320278802 0.0)
(4.355589095144193 0.008061316909070276 0.0)
(5.2733490052377885 0.010018999479516124 0.0)
(6.143021188497795 0.012913435725204444 0.0)
(6.951725071433466 0.01704860997531735 0.0)
(7.660217744930742 0.021176503272932724 0.0)
(8.266817994807818 0.024707312588156487 0.0)
(8.782285234285968 0.027724868557925907 0.0)
(9.206406278663763 0.030228892663903204 0.0)
(9.539780970714402 0.03219563337303254 0.0)
(9.782836169545156 0.03360920050356444 0.0)
(9.936099764785112 0.034460818424462115 0.0)
(10.000000000000004 0.03474499072974726 0.0)
(9.975011346325982 0.03446081842446051 0.0)
(9.8616082748993 0.033609200503561365 0.0)
(9.66021902928559 0.032195633373028394 0.0)
(9.371371499114 0.030228892663897854 0.0)
(8.995492543491812 0.027724868557920144 0.0)
(8.533182005192161 0.024707312588149285 0.0)
(7.984226699513702 0.02117650327292495 0.0)
(7.359386039677672 0.017048609975310502 0.0)
(6.656978811502221 0.012913435725197613 0.0)
(5.83776210587333 0.01001899947950924 0.0)
(4.888855349300275 0.008061316909066389 0.0)
(3.821252577198413 0.005694454320277479 0.0)
(2.6388496538067976 0.0028705784875577654 0.0)
(1.3607096900734528 0.0007950883033476026 0.0)
(0.01762812790940828 6.0666281067555005e-05 0.0)
(-0.01764150811004794 6.067882507683573e-05 0.0)
(1.2170238890032776 0.0007951493701381532 0.0)
(2.338897418000122 0.0028701130755398687 0.0)
(3.378927188007844 0.0056913631406046074 0.0)
(4.35622873056454 0.00805284773244317 0.0)
(5.274059611471345 0.010004923164926514 0.0)
(6.142759900754562 0.012898490213316143 0.0)
(6.950951965235858 0.01703774684712016 0.0)
(7.660022144938712 0.021168793725029673 0.0)
(8.266780638855176 0.024700830325842072 0.0)
(8.78223498854467 0.02771939658852432 0.0)
(9.206378821201563 0.030224250815106775 0.0)
(9.539763637640469 0.03219162209679731 0.0)
(9.782826544377908 0.03360562999103584 0.0)
(9.936095334859715 0.034457512289370225 0.0)
(10.000000000000004 0.03474177008593874 0.0)
(9.97501577625138 0.03445751228936861 0.0)
(9.861617900066548 0.033605629991032754 0.0)
(9.660236362359525 0.03219162209679314 0.0)
(9.3713989565762 0.030224250815101404 0.0)
(8.99554278923311 0.02771939658851853 0.0)
(8.533219361144802 0.024700830325834828 0.0)
(7.984422299505733 0.02116879372502185 0.0)
(7.360159145875281 0.017037746847113257 0.0)
(6.6572400992454535 0.012898490213309246 0.0)
(5.837051499639772 0.010004923164919572 0.0)
(4.8882157138799265 0.008052847732439245 0.0)
(3.821072811992159 0.005691363140603267 0.0)
(2.6388803597776653 0.0028701130755396757 0.0)
(1.3607538887745152 0.0007951493701380128 0.0)
(0.017641508110053297 6.067882507682193e-05 0.0)
(-0.017659221659266238 6.0678464552909626e-05 0.0)
(1.2169632278234448 0.0007950245318351682 0.0)
(2.338829029456316 0.0028688763578324085 0.0)
(3.379047069123675 0.005686439889050161 0.0)
(4.356844902168207 0.008041120187302186 0.0)
(5.2749139260016 0.009985770874559133 0.0)
(6.142738977476905 0.012876565916659045 0.0)
(6.950237687189972 0.0170190138093901 0.0)
(7.659790422368456 0.02115348543137234 0.0)
(8.266742733794173 0.024687225317336536 0.0)
(8.782185588914862 0.02770725525986574 0.0)
(9.206351505235661 0.03021338778960745 0.0)
(9.539746378950502 0.03218177727183928 0.0)
(9.782816999500936 0.0335965229000555 0.0)
(9.936090911984236 0.034448854776331674 0.0)
(10.000000000000004 0.0347332611459377 0.0)
(9.975020199126858 0.03444885477633006 0.0)
(9.86162744494352 0.0335965229000524 0.0)
(9.660253621049492 0.0321817772718351 0.0)
(9.371426272542104 0.030213387789602045 0.0)
(8.995592188862918 0.027707255259859908 0.0)
(8.533257266205807 0.02468722531732925 0.0)
(7.98465402207599 0.021153485431364454 0.0)
(7.360873423921168 0.017019013809383126 0.0)
(6.65726102252311 0.012876565916652068 0.0)
(5.836197185109514 0.009985770874552121 0.0)
(4.8875995422762575 0.008041120187298216 0.0)
(3.8209529308763273 0.005686439889048802 0.0)
(2.6389487483214715 0.0028688763578322094 0.0)
(1.360814549954348 0.0007950245318350269 0.0)
(0.017659221659271657 6.0678464552895776e-05 0.0)
(-0.017680490256111254 6.0665215336552235e-05 0.0)
(1.2168887695061066 0.0007947192736054356 0.0)
(2.3387259632070725 0.0028669226735491284 0.0)
(3.3791017987921705 0.005679900884281934 0.0)
(4.357410536502184 0.00802664956052588 0.0)
(5.275874411811018 0.009962384125014595 0.0)
(6.142959337995366 0.012848626148718898 0.0)
(6.94961362136641 0.0169932339575339 0.0)
(7.659532758685784 0.0211312510103783 0.0)
(8.266705945103842 0.02466709534182397 0.0)
(8.782139205925901 0.0276889780397195 0.0)
(9.206325530979624 0.03019678088887231 0.0)
(9.539729952959764 0.032166531461756534 0.0)
(9.782807954298672 0.033582279379540135 0.0)
(9.936086690491736 0.034435226280630886 0.0)
(10.000000000000004 0.03471983777700111 0.0)
(9.97502442061936 0.03443522628062927 0.0)
(9.861636490145782 0.033582279379537006 0.0)
(9.66027004704023 0.03216653146175232 0.0)
(9.37145224679814 0.03019678088886686 0.0)
(8.99563857185188 0.027688978039713614 0.0)
(8.533294054896137 0.024667095341816613 0.0)
(7.984911685758662 0.021131251010370344 0.0)
(7.361497489744731 0.016993233957526836 0.0)
(6.657040662004647 0.012848626148711828 0.0)
(5.8352366993000935 0.009962384125007514 0.0)
(4.887033907942279 0.008026649560521864 0.0)
(3.8208982012078323 0.005679900884280552 0.0)
(2.639051814570715 0.0028669226735489224 0.0)
(1.3608890082716865 0.0007947192736052928 0.0)
(0.017680490256116736 6.066521533653832e-05 0.0)
(-0.0177043793973474 6.063965957409155e-05 0.0)
(1.2168037856135094 0.0007942470079371155 0.0)
(2.33859274779483 0.002864337864003273 0.0)
(3.379088972291821 0.0056720334382066705 0.0)
(4.3579007806286345 0.00801007166498154 0.0)
(5.276898866910293 0.009935790487283045 0.0)
(6.143411300071901 0.012815898531784624 0.0)
(6.9491071880757636 0.01696154001107922 0.0)
(7.659260475161532 0.02110306740182931 0.0)
(8.266671889211935 0.02464132487360163 0.0)
(8.782097877561469 0.027665367995701594 0.0)
(9.206302039694744 0.030175159789738205 0.0)
(9.53971508139624 0.032146554539552674 0.0)
(9.782799806200758 0.03356352526372341 0.0)
(9.936082855866871 0.034417225613436346 0.0)
(10.000000000000004 0.034702089777402696 0.0)
(9.975028255244224 0.034417225613434715 0.0)
(9.861644638243698 0.03356352526372025 0.0)
(9.660284918603754 0.03214655453954842 0.0)
(9.371475738083019 0.03017515978973271 0.0)
(8.995679900216311 0.02766536799569565 0.0)
(8.533328110788045 0.024641324873594207 0.0)
(7.9851839692829145 0.02110306740182127 0.0)
(7.362003923035378 0.01696154001107206 0.0)
(6.656588699928109 0.01281589853177746 0.0)
(5.834212244200815 0.009935790487275884 0.0)
(4.886543663815829 0.008010071664977475 0.0)
(3.820911027708182 0.0056720334382052645 0.0)
(2.6391850299829587 0.0028643378640030573 0.0)
(1.360973992164284 0.000794247007936971 0.0)
(0.01770437939735296 6.0639659574077525e-05 0.0)
(-0.01772983943781273 6.060292013897715e-05 0.0)
(1.21671201018242 0.0007936284853196883 0.0)
(2.3384352364610903 0.002861235500997509 0.0)
(3.379009153195587 0.005663183232011832 0.0)
(4.358294094117517 0.00799211490307098 0.0)
(5.277942278616551 0.00990715843715472 0.0)
(6.14407500531971 0.012779821057470839 0.0)
(6.948740639070329 0.016925324544050834 0.0)
(7.658985535435627 0.021070172941924557 0.0)
(8.266642062472037 0.02461104621989747 0.0)
(8.782063419714289 0.027637462509952804 0.0)
(9.206282063545105 0.030149474483746393 0.0)
(9.53970241768922 0.032122724254642604 0.0)
(9.782792913219707 0.03354108457414461 0.0)
(9.936079576596043 0.034395643691133286 0.0)
(10.000000000000004 0.03468079696177578 0.0)
(9.975031534515052 0.03439564369113164 0.0)
(9.861651531224748 0.03354108457414144 0.0)
(9.660297582310774 0.03212272425463831 0.0)
(9.371495714232658 0.03014947448374085 0.0)
(8.995714358063491 0.027637462509946798 0.0)
(8.533357937527942 0.024611046219889975 0.0)
(7.985458909008821 0.021070172941916435 0.0)
(7.362370472040814 0.016925324544043576 0.0)
(6.655924994680298 0.012779821057463574 0.0)
(5.833168832494556 0.009907158437147479 0.0)
(4.886150350326945 0.007992114903066864 0.0)
(3.820990846804417 0.0056631832320104 0.0)
(2.6393425413166987 0.0028612355009972846 0.0)
(1.3610657675953735 0.0007936284853195416 0.0)
(0.01772983943781835 6.060292013896299e-05 0.0)
(-0.017755751709907005 6.055661129477506e-05 0.0)
(1.2166174756573824 0.0007928908825054085 0.0)
(2.3382603499657 0.002857751896686699 0.0)
(3.3788658486085312 0.005653739127566624 0.0)
(4.35857319549368 0.007973568262061588 0.0)
(5.278958801328284 0.009877746014531398 0.0)
(6.144921291744418 0.012741978903997012 0.0)
(6.948530079842824 0.01688617879781566 0.0)
(7.658720019856636 0.021034012953053544 0.0)
(8.266617775416535 0.024577589769362033 0.0)
(8.782037346399127 0.0276064876984653 0.0)
(9.206266480246175 0.03012085353625222 0.0)
(9.539692518258828 0.03209608766614898 0.0)
(9.782787578220498 0.03351594331364977 0.0)
(9.936076996764411 0.03437142878390468 0.0)
(10.000000000000004 0.034656894897484865 0.0)
(9.975034114346682 0.03437142878390302 0.0)
(9.861656866223957 0.03351594331364657 0.0)
(9.660307481741166 0.03209608766614464 0.0)
(9.371511297531589 0.030120853536246626 0.0)
(8.995740431378652 0.02760648769845923 0.0)
(8.533382224583445 0.024577589769354456 0.0)
(7.985724424587811 0.02103401295304533 0.0)
(7.362581031268319 0.016886178797808297 0.0)
(6.655078708255587 0.01274197890398965 0.0)
(5.832152309782819 0.009877746014524081 0.0)
(4.8858712489507825 0.007973568262057423 0.0)
(3.821134151391473 0.005653739127565167 0.0)
(2.6395174278120894 0.002857751896686465 0.0)
(1.3611603021204115 0.0007928908825052596 0.0)
(0.0177557517099127 6.055661129476075e-05 0.0)
(-0.017780977675799583 6.0502767767379876e-05 0.0)
(1.2165243357124806 0.0007920666084125292 0.0)
(2.3380757725013206 0.0028540401142711854 0.0)
(3.378665355072042 0.005644116081542869 0.0)
(4.358725821553253 0.00795524664742919 0.0)
(5.279903770897218 0.009848845547454648 0.0)
(6.14591297506876 0.012704034786356523 0.0)
(6.948484761980496 0.01684582276484813 0.0)
(7.658475594693354 0.020996176238974422 0.0)
(8.266600095174214 0.024542425537224983 0.0)
(8.782020803229754 0.027573804537789022 0.0)
(9.2062559744996 0.030090554499328036 0.0)
(9.539685818067921 0.03206781513703995 0.0)
(9.782784035613236 0.033489206143230386 0.0)
(9.93607522972506 0.03434564485047425 0.0)
(10.000000000000004 0.034631433797507334 0.0)
(9.975035881386034 0.034345644850472576 0.0)
(9.86166040883122 0.03348920614322716 0.0)
(9.660314181932073 0.032067815137035584 0.0)
(9.371521803278165 0.030090554499322394 0.0)
(8.995756974548025 0.02757380453778289 0.0)
(8.533399904825766 0.024542425537217336 0.0)
(7.985968849751094 0.020996176238966126 0.0)
(7.362626349130646 0.016845822764840677 0.0)
(6.6540870249312425 0.01270403478634907 0.0)
(5.831207340213884 0.009848845547447261 0.0)
(4.8857186228912095 0.007955246647424983 0.0)
(3.8213346449279637 0.005644116081541387 0.0)
(2.6397020052764693 0.002854040114270941 0.0)
(1.3612534420653135 0.0007920666084123782 0.0)
(0.017780977675805328 6.05027677673654e-05 0.0)
(-0.01780440895269873 6.044375534288141e-05 0.0)
(1.2164366827464987 0.0007911918801367253 0.0)
(2.337889614064062 0.002850263242679792 0.0)
(3.3784164819053184 0.0056347369129779844 0.0)
(4.358745266186401 0.00793795507740229 0.0)
(5.280735667089265 0.009821726869575909 0.0)
(6.147006482541698 0.01266765589966169 0.0)
(6.9486066766673105 0.016806029615407583 0.0)
(7.658262999540293 0.02095832527568353 0.0)
(8.266589798582576 0.024507098575515283 0.0)
(8.782014517082766 0.02754084906621193 0.0)
(9.206251007908664 0.03005990865722577 0.0)
(9.539682611510631 0.03203914891052145 0.0)
(9.782782441053602 0.03346204784524041 0.0)
(9.936074353118464 0.034319424789706544 0.0)
(10.000000000000004 0.034605532375996416 0.0)
(9.97503675799263 0.03431942478970486 0.0)
(9.861662003390855 0.03346204784523717 0.0)
(9.660317388489363 0.03203914891051705 0.0)
(9.3715267698691 0.03005990865722008 0.0)
(8.995763260695014 0.027540849066205745 0.0)
(8.533410201417404 0.024507098575507567 0.0)
(7.986181444904156 0.020958325275675153 0.0)
(7.36250443444383 0.01680602961540004 0.0)
(6.652993517458301 0.012667655899654158 0.0)
(5.830375444021835 0.009821726869568463 0.0)
(4.885699178258061 0.007937955077398041 0.0)
(3.8215835180946875 0.005634736912976481 0.0)
(2.6398881637137284 0.0028502632426795392 0.0)
(1.3613410950312956 0.0007911918801365719 0.0)
(0.01780440895270453 6.0443755342866776e-05 0.0)
(-0.017825016013163813 6.038216691925193e-05 0.0)
(1.2163583680704055 0.0007903051316381648 0.0)
(2.33771005411509 0.002846587230740653 0.0)
(3.378130164140007 0.005626013725380009 0.0)
(4.358630675031517 0.007922453311933832 0.0)
(5.281417937907657 0.009797581525988952 0.0)
(6.148153767445388 0.012634440665640597 0.0)
(6.948890467194966 0.01676854778768092 0.0)
(7.658091575439545 0.020922123165261486 0.0)
(8.266587338055022 0.02447316108630161 0.0)
(8.782018764159961 0.027509069286864793 0.0)
(9.206251798696288 0.030030262532182404 0.0)
(9.539683039477222 0.032011348528143316 0.0)
(9.782782864603629 0.033435661705608834 0.0)
(9.936074405461115 0.034293920663103446 0.0)
(10.000000000000004 0.034580328694028 0.0)
(9.97503670564998 0.034293920663101746 0.0)
(9.861661579840826 0.033435661705605565 0.0)
(9.660316960522772 0.03201134852813888 0.0)
(9.371525979081476 0.03003026253217668 0.0)
(8.995759013617818 0.02750906928685856 0.0)
(8.533412661944956 0.024473161086293837 0.0)
(7.986352869004904 0.020922123165253038 0.0)
(7.3622206439161735 0.0167685477876733 0.0)
(6.651846232554609 0.012634440665632999 0.0)
(5.8296931732034425 0.009797581525981461 0.0)
(4.885813769412946 0.007922453311929556 0.0)
(3.8218698358599994 0.005626013725378488 0.0)
(2.6400677236627006 0.0028465872307403915 0.0)
(1.3614194097073888 0.0007903051316380095 0.0)
(0.01782501601316965 6.038216691923713e-05 0.0)
(-0.01784189342065755 6.032070857915288e-05 0.0)
(1.216292832687796 0.0007894453250236143 0.0)
(2.337544982190067 0.0028431735956933007 0.0)
(3.377818982054912 0.0056183297996533765 0.0)
(4.358387083014308 0.00790942247023883 0.0)
(5.2819206056208134 0.009777470418918332 0.0)
(6.149304420180058 0.012605848500910571 0.0)
(6.949323664326856 0.016735024164607374 0.0)
(7.657968854452486 0.020889160562210345 0.0)
(8.26659282170263 0.02444210422077313 0.0)
(8.782033357852537 0.027479861545112665 0.0)
(9.20625831211671 0.030002918720696305 0.0)
(9.539687083163619 0.031985635487847885 0.0)
(9.782785287653306 0.03341120708303897 0.0)
(9.93607538445317 0.03427025307532943 0.0)
(10.000000000000004 0.03455693015527895 0.0)
(9.975035726657923 0.03427025307532773 0.0)
(9.86165915679115 0.03341120708303569 0.0)
(9.660312916836375 0.031985635487843424 0.0)
(9.371519465661054 0.030002918720690545 0.0)
(8.995744419925241 0.02747986154510639 0.0)
(8.533407178297347 0.024442104220765305 0.0)
(7.986475589991963 0.020889160562201834 0.0)
(7.361787446784281 0.0167350241645997 0.0)
(6.650695579819936 0.012605848500902924 0.0)
(5.829190505490285 0.00977747041891081 0.0)
(4.886057361430157 0.007909422470234533 0.0)
(3.8221810179450957 0.005618329799651842 0.0)
(2.6402327955877243 0.0028431735956930323 0.0)
(1.3614849450899986 0.000789445325023457 0.0)
(0.017841893420663408 6.032070857913794e-05 0.0)
(-0.017854299612771 6.026208068961337e-05 0.0)
(1.2162429561034882 0.0007886502386227454 0.0)
(2.3374016512473874 0.002840172326416647 0.0)
(3.37749660842156 0.00561202275343717 0.0)
(4.35802519312237 0.007899435103662103 0.0)
(5.282221583929024 0.009762277193616503 0.0)
(6.150407883169607 0.012583135692881968 0.0)
(6.949887234173518 0.01670693171285508 0.0)
(7.657900228714776 0.02086088578300479 0.0)
(8.26660600858396 0.024415292560784233 0.0)
(8.782057656940342 0.02745450917569408 0.0)
(9.206270261982153 0.029979078659820073 0.0)
(9.539694564897644 0.03196313957358504 0.0)
(9.78278960373826 0.03338975846890809 0.0)
(9.936077247079513 0.03424946193689265 0.0)
(10.000000000000004 0.034536364848735464 0.0)
(9.97503386403158 0.034249461936890935 0.0)
(9.861654840706196 0.033389758468904795 0.0)
(9.66030543510235 0.03196313957358058 0.0)
(9.37150751579561 0.029979078659814286 0.0)
(8.995720120837438 0.02745450917568777 0.0)
(8.53339399141602 0.02441529256077637 0.0)
(7.9865442157296735 0.020860885782996236 0.0)
(7.3612238769376175 0.016706931712847355 0.0)
(6.649592116830384 0.01258313569287429 0.0)
(5.828889527182075 0.009762277193608964 0.0)
(4.886419251322096 0.007899435103657796 0.0)
(3.822503391578448 0.005612022753435625 0.0)
(2.6403761265304038 0.0028401723264163733 0.0)
(1.3615348216743064 0.0007886502386225865 0.0)
(0.01785429961277688 6.0262080689598286e-05 0.0)
(-0.017861689484119207 6.020885925284305e-05 0.0)
(1.21621092980335 0.0007879548070774426 0.0)
(2.3372863589864568 0.00283771529319204 0.0)
(3.3771772077476356 0.005607369706803714 0.0)
(4.357560906135498 0.007892930038819666 0.0)
(5.282307648396049 0.009752669412608007 0.0)
(6.151415672269004 0.012567300200787656 0.0)
(6.950556414506911 0.016685504763360334 0.0)
(7.657888713515782 0.02083854116971587 0.0)
(8.266626319291564 0.024393904161624288 0.0)
(8.78209059376591 0.027434126115340435 0.0)
(9.206287123237392 0.02995978983821445 0.0)
(9.53970515594559 0.031944849214672416 0.0)
(9.782795623217616 0.03337225827608197 0.0)
(9.936079911499748 0.0342324607723797 0.0)
(10.000000000000004 0.03451953637634391 0.0)
(9.975031199611347 0.03423246077237797 0.0)
(9.86164882122684 0.033372258276078676 0.0)
(9.660294844054404 0.03194484921466793 0.0)
(9.371490654540374 0.02995978983820865 0.0)
(8.995687184011869 0.027434126115334103 0.0)
(8.533373680708415 0.024393904161616405 0.0)
(7.986555730928667 0.020838541169707295 0.0)
(7.360554696604223 0.01668550476335259 0.0)
(6.648584327730985 0.012567300200779967 0.0)
(5.828803462715051 0.009752669412600468 0.0)
(4.88688353830897 0.007892930038815355 0.0)
(3.8228227922523734 0.0056073697068021655 0.0)
(2.640491418791335 0.0028377152931917636 0.0)
(1.3615668479744445 0.0007879548070772825 0.0)
(0.01786168948412507 6.020885925282787e-05 0.0)
(-0.017863738337274494 6.016338272140776e-05 0.0)
(1.2161981609644195 0.0007873895863775506 0.0)
(2.3372041711382985 0.0028359104535643554 0.0)
(3.3768748139144233 0.0056045751061095765 0.0)
(4.357014621974504 0.007890193096360017 0.0)
(5.282175017506658 0.009749069224213416 0.0)
(6.152283507068918 0.012559037807180038 0.0)
(6.951301802767416 0.016671684777084434 0.0)
(7.6579348148122826 0.020823108503773183 0.0)
(8.266652861410114 0.02437887879042341 0.0)
(8.782130721145382 0.027419607958433914 0.0)
(9.206308155029715 0.029945899771412883 0.0)
(9.539718390956187 0.031931568056019335 0.0)
(9.782803081606463 0.033359475431017686 0.0)
(9.936083260644123 0.03421999658185653 0.0)
(10.000000000000004 0.03450718415039435 0.0)
(9.975027850466972 0.03421999658185482 0.0)
(9.861641362837993 0.033359475431014377 0.0)
(9.660281609043807 0.031931568056014846 0.0)
(9.371469622748048 0.029945899771407082 0.0)
(8.995647056632398 0.027419607958427582 0.0)
(8.533347138589866 0.02437887879041552 0.0)
(7.986509629632166 0.020823108503764603 0.0)
(7.359809308343715 0.01667168477707669 0.0)
(6.64771649293107 0.012559037807172364 0.0)
(5.828936093604443 0.009749069224205894 0.0)
(4.887429822469965 0.007890193096355717 0.0)
(3.8231251860855866 0.00560457510610803 0.0)
(2.640573606639493 0.0028359104535640774 0.0)
(1.3615796168133751 0.0007873895863773896 0.0)
(0.017863738337280343 6.01633827213925e-05 0.0)
(-0.0178603561493775 6.012764925090181e-05 0.0)
(1.2162052106261187 0.0007869794112865805 0.0)
(2.3371586988866024 0.0028348371088849724 0.0)
(3.376602713553741 0.005603761740996678 0.0)
(4.356410343366025 0.007891344532527732 0.0)
(5.28182951881949 0.009751634814124431 0.0)
(6.1529732564959 0.01255871154651862 0.0)
(6.952090647958517 0.01666607897894141 0.0)
(7.658036506997648 0.020815265868284992 0.0)
(8.266684468727474 0.024370876634504022 0.0)
(8.782176275955116 0.027411592606228788 0.0)
(9.206332433260647 0.029938018763539485 0.0)
(9.53973368840728 0.031923879647439826 0.0)
(9.78281165119684 0.0333519715885418 0.0)
(9.936087147357362 0.03421261701905214 0.0)
(10.000000000000004 0.03449985090509725 0.0)
(9.975023963753731 0.03421261701905043 0.0)
(9.861632793247617 0.033351971588538504 0.0)
(9.660266311592714 0.03192387964743535 0.0)
(9.371445344517117 0.02993801876353369 0.0)
(8.995601501822664 0.027411592606222456 0.0)
(8.533315531272505 0.024370876634496146 0.0)
(7.9864079374468 0.020815265868276426 0.0)
(7.359020463152612 0.01666607897893369 0.0)
(6.647026743504087 0.012558711546510977 0.0)
(5.829281592291613 0.009751634814116941 0.0)
(4.888034101078446 0.007891344532523452 0.0)
(3.8233972864462693 0.005603761740995138 0.0)
(2.6406190788911887 0.0028348371088846944 0.0)
(1.3615725671516756 0.0007869794112864192 0.0)
(0.017860356149383316 6.0127649250886494e-05 0.0)
(-0.017851691527576884 6.010322890464668e-05 0.0)
(1.21623176903921 0.0007867423041476355 0.0)
(2.3371519401989196 0.0028345424199554734 0.0)
(3.3763728622576434 0.005604965349240071 0.0)
(4.35577462120662 0.007896333755324104 0.0)
(5.281286332914786 0.009760253455013976 0.0)
(6.153454614221991 0.012566335754099987 0.0)
(6.952888289665668 0.016668933677446134 0.0)
(7.658189321903295 0.02081535785430695 0.0)
(8.266719752475947 0.024370249293957705 0.0)
(8.78222525660011 0.027410432238637254 0.0)
(9.206358891189137 0.02993649309166231 0.0)
(9.539750376156855 0.03192212180354134 0.0)
(9.782820955456623 0.03335007645376483 0.0)
(9.936091400864399 0.03421064632845563 0.0)
(10.000000000000004 0.034497858849835174 0.0)
(9.975019710246697 0.034210646328453914 0.0)
(9.861623488987833 0.03335007645376155 0.0)
(9.66024962384314 0.03192212180353688 0.0)
(9.371418886588627 0.02993649309165653 0.0)
(8.995552521177668 0.02741043223863095 0.0)
(8.533280247524033 0.02437024929394985 0.0)
(7.986255122541152 0.02081535785429842 0.0)
(7.358222821445459 0.016668933677438453 0.0)
(6.646545385777997 0.012566335754092392 0.0)
(5.829824778196318 0.009760253455006534 0.0)
(4.888669823237853 0.007896333755319852 0.0)
(3.8236271377423674 0.005604965349238542 0.0)
(2.640625837578872 0.002834542419955198 0.0)
(1.3615460087385844 0.0007867423041474745 0.0)
(0.017851691527582658 6.010322890463135e-05 0.0)
(-0.01783812517950308 6.009119466798105e-05 0.0)
(1.216276669275609 0.0007866886830146256 0.0)
(2.3371841920396212 0.002835039334868304 0.0)
(3.3761953592715797 0.005608133046495481 0.0)
(4.355135387964952 0.007904941547426977 0.0)
(5.28056932638747 0.009774546459568724 0.0)
(6.153706430269322 0.0125815754361911 0.0)
(6.9536596809715014 0.016680123442368838 0.0)
(7.658386545121836 0.020823380420141542 0.0)
(8.266757162352171 0.02437702433298036 0.0)
(8.782275510960435 0.02741617784008847 0.0)
(9.206386366302208 0.029941389791012504 0.0)
(9.539767720975727 0.03192637176076889 0.0)
(9.782830585573658 0.03335387329544182 0.0)
(9.936095834273912 0.03421417109860652 0.0)
(10.000000000000004 0.03450129551187197 0.0)
(9.975015276837183 0.03421417109860482 0.0)
(9.861613858870797 0.03335387329543854 0.0)
(9.660232279024267 0.03192637176076444 0.0)
(9.371391411475555 0.029941389791006745 0.0)
(8.995502266817345 0.027416177840082195 0.0)
(8.533242837647808 0.024377024332972546 0.0)
(7.986057899322611 0.020823380420133052 0.0)
(7.3574514301396245 0.01668012344236121 0.0)
(6.646293569730665 0.012581575436183575 0.0)
(5.830541784723637 0.00977454645956134 0.0)
(4.889309056479522 0.00790494154742276 0.0)
(3.823804640728431 0.005608133046493967 0.0)
(2.64059358573817 0.0028350393348680327 0.0)
(1.361501108502185 0.0007866886830144652 0.0)
(0.017838125179508797 6.009119466796574e-05 0.0)
(-0.017820253185671524 6.009207530324802e-05 0.0)
(1.2163379385010715 0.000786820903902038 0.0)
(2.3372540373218302 0.002836306020091273 0.0)
(3.3760780037520255 0.005613125649940641 0.0)
(4.354520730380218 0.007916789698198864 0.0)
(5.2797100031926245 0.009793885819316851 0.0)
(6.153717640301461 0.012603760989041092 0.0)
(6.954370928353258 0.01669915661590991 0.0)
(7.658619511025858 0.020838981068922853 0.0)
(8.266795054634626 0.02439090406875193 0.0)
(8.782324830951431 0.027428576959365944 0.0)
(9.206413651393659 0.02995249370957887 0.0)
(9.539784960764283 0.03193644278377697 0.0)
(9.782840118418223 0.03336319528729561 0.0)
(9.936100252789998 0.03422303645755278 0.0)
(10.000000000000004 0.03451000989056494 0.0)
(9.975010858321095 0.03422303645755108 0.0)
(9.861604326026233 0.03336319528729234 0.0)
(9.66021503923571 0.031936442783772535 0.0)
(9.371364126384105 0.029952493709573147 0.0)
(8.995452946826347 0.027428576959359716 0.0)
(8.533204945365354 0.024390904068744165 0.0)
(7.985824933418589 0.02083898106891442 0.0)
(7.356740182757866 0.01669915661590236 0.0)
(6.646282359698527 0.012603760989033647 0.0)
(5.831401107918485 0.009793885819309534 0.0)
(4.889923714064258 0.007916789698194692 0.0)
(3.8239219962479853 0.0056131256499391486 0.0)
(2.6405237404559605 0.002836306020091008 0.0)
(1.3614398392767224 0.0007868209039018787 0.0)
(0.01782025318567718 6.009207530323276e-05 0.0)
(-0.017798860808795284 6.010583211694502e-05 0.0)
(1.2164128846579192 0.0007871331572659713 0.0)
(2.337358407171625 0.0028382868197930193 0.0)
(3.3760259520858136 0.005619723793713883 0.0)
(4.353957655382205 0.00793135762157043 0.0)
(5.278746120419344 0.009817421798171385 0.0)
(6.153487751770103 0.012631917620045055 0.0)
(6.954990780902175 0.016725196915244173 0.0)
(7.658877983519737 0.020861474336684012 0.0)
(8.266831764405742 0.02441127865107486 0.0)
(8.782371049542927 0.02744708480185217 0.0)
(9.206439547606486 0.02996931696149366 0.0)
(9.539801338037755 0.031951892370239016 0.0)
(9.782849135134565 0.03337763283805823 0.0)
(9.936104462271148 0.03423685287764102 0.0)
(10.000000000000004 0.03452361909205682 0.0)
(9.975006648839948 0.034236852877639334 0.0)
(9.861595309309891 0.03337763283805499 0.0)
(9.660198661962239 0.03195189237023461 0.0)
(9.371338230171277 0.029969316961487982 0.0)
(8.995406728234853 0.027447084801845992 0.0)
(8.533168235594237 0.024411278651067157 0.0)
(7.985566460924709 0.02086147433667566 0.0)
(7.356120330208948 0.016725196915236707 0.0)
(6.646512248229887 0.012631917620037703 0.0)
(5.832364990691769 0.00981742179816414 0.0)
(4.8904867890622725 0.007931357621566304 0.0)
(3.8239740479141973 0.005619723793712413 0.0)
(2.6404193706061654 0.002838286819792762 0.0)
(1.3613648931198745 0.0007871331572658135 0.0)
(0.01779886080880087 6.010583211692984e-05 0.0)
(-0.017774887990778056 6.013186065984558e-05 0.0)
(1.2164982147491303 0.0007876117232648657 0.0)
(2.3374927157687444 0.002840894701258419 0.0)
(3.376041491327932 0.005627637567448772 0.0)
(4.353470903456209 0.007948005229639989 0.0)
(5.277720029313312 0.009844120268279308 0.0)
(6.153026865556747 0.012664808178347775 0.0)
(6.9554920034312415 0.016757100177258243 0.0)
(7.659150605794955 0.02088987191038988 0.0)
(8.266865678705337 0.024437252858076127 0.0)
(8.782412135974562 0.02747088816680745 0.0)
(9.206462917108475 0.029991120363845 0.0)
(9.539816133208706 0.031972041693590095 0.0)
(9.782857239544665 0.03339655158816194 0.0)
(9.936108277760455 0.034255013290648985 0.0)
(10.000000000000004 0.034541525152931386 0.0)
(9.975002833350638 0.03425501329064731 0.0)
(9.86158720489979 0.03339655158815873 0.0)
(9.660183866791288 0.031972041693585744 0.0)
(9.371314860669289 0.029991120363839364 0.0)
(8.995365641803216 0.027470888166801325 0.0)
(8.533134321294643 0.024437252858068494 0.0)
(7.98529383864949 0.020889871910381604 0.0)
(7.355619107679882 0.01675710017725088 0.0)
(6.646973134443245 0.012664808178340517 0.0)
(5.833391081797803 0.009844120268272147 0.0)
(4.890973540988268 0.007948005229635914 0.0)
(3.8239585086720784 0.005627637567447326 0.0)
(2.6402850620090454 0.0028408947012581705 0.0)
(1.3612795630286632 0.0007876117232647094 0.0)
(0.017774887990783566 6.013186065983051e-05 0.0)
(-0.017749388053386477 6.0169017285392545e-05 0.0)
(1.216590179526604 0.0007882355745842411 0.0)
(2.337651061839142 0.002844015078946865 0.0)
(3.37612393871251 0.005636519254405238 0.0)
(4.353081861591372 0.007966001056964902 0.0)
(5.276676814440549 0.009872808147707557 0.0)
(6.152355232158439 0.012700987512989004 0.0)
(6.95585257313949 0.01679346463098461 0.0)
(7.659425399327486 0.0209229260526037 0.0)
(8.266895307401128 0.024467685430618575 0.0)
(8.7824462849837 0.02749894117792266 0.0)
(9.206482733086458 0.03001694591502177 0.0)
(9.539828696204395 0.03199600542942434 0.0)
(9.782864075555569 0.03341912028233806 0.0)
(9.936111531612305 0.03427671976125265 0.0)
(10.000000000000004 0.03456294131363203 0.0)
(9.974999579498789 0.03427671976125099 0.0)
(9.861580368888886 0.03341912028233486 0.0)
(9.660171303795599 0.031996005429420014 0.0)
(9.371295044691305 0.030016945915016184 0.0)
(8.99533149279408 0.0274989411779166 0.0)
(8.533104692598851 0.02446768543061102 0.0)
(7.985019045116958 0.020922926052595516 0.0)
(7.355258537971633 0.016793464630977337 0.0)
(6.647644767841555 0.01270098751298185 0.0)
(5.834434296670569 0.009872808147700472 0.0)
(4.891362582853106 0.007966001056960879 0.0)
(3.8238760612875 0.005636519254403816 0.0)
(2.6401267159386475 0.0028440150789466262 0.0)
(1.361187598251189 0.0007882355745840872 0.0)
(0.017749388053391924 6.0169017285377596e-05 0.0)
(-0.017723481417218735 6.021566939943548e-05 0.0)
(1.2166847382262633 0.0007889773003384283 0.0)
(2.33782648794617 0.002847510849171299 0.0)
(3.376269671652303 0.005645978609507 0.0)
(4.352807623575502 0.00798455439981495 0.0)
(5.275662312754054 0.009902224943517038 0.0)
(6.151502361917983 0.012738865970192833 0.0)
(6.956056647253583 0.01683269248885341 0.0)
(7.659690290192232 0.02095918442478744 0.0)
(8.266919348662428 0.02450123921713949 0.0)
(8.78247199612535 0.027530011237210952 0.0)
(9.20649812486262 0.030045658887551778 0.0)
(9.539838475029772 0.032022730655029585 0.0)
(9.782869342805466 0.03344434729345273 0.0)
(9.936114080858397 0.03430101854684455 0.0)
(10.000000000000004 0.03458692658723731 0.0)
(9.974997030252698 0.03430101854684291 0.0)
(9.86157510163899 0.033444347293449556 0.0)
(9.660161524970222 0.03202273065502529 0.0)
(9.371279652915144 0.03004565888754624 0.0)
(8.995305781652428 0.027530011237204954 0.0)
(8.53308065133755 0.02450123921713201 0.0)
(7.984754154252212 0.020959184424779346 0.0)
(7.355054463857539 0.01683269248884624 0.0)
(6.648497638082014 0.012738865970185776 0.0)
(5.835448798357066 0.00990222494351003 0.0)
(4.891636820868976 0.007984554399810972 0.0)
(3.8237303283477067 0.005645978609505604 0.0)
(2.639951289831619 0.0028475108491710704 0.0)
(1.3610930395515297 0.0007889773003382767 0.0)
(0.017723481417224112 6.021566939942069e-05 0.0)
(-0.01769830637247317 6.026976719343098e-05 0.0)
(1.216777736111835 0.0007898043104547373 0.0)
(2.3380112861876188 0.0028512284141833893 0.0)
(3.3764722869085464 0.005655600005996287 0.0)
(4.352660238925313 0.00800285005824768 0.0)
(5.274721099601956 0.009931078135516398 0.0)
(6.150505728393464 0.012776779239846403 0.0)
(6.956095259130293 0.016873060150555234 0.0)
(7.659933639569201 0.02099705390040018 0.0)
(8.2669367461602 0.02453643992564408 0.0)
(8.782488139698987 0.02756273318310825 0.0)
(9.206508416150472 0.03007599768595095 0.0)
(9.539845040021142 0.03205104311288515 0.0)
(9.782872809861027 0.0334711241927891 0.0)
(9.936115813489522 0.03432684200323916 0.0)
(10.000000000000004 0.034612427104704836 0.0)
(9.974995297621572 0.03432684200323752 0.0)
(9.861571634583427 0.03347112419278596 0.0)
(9.660154959978852 0.03205104311288089 0.0)
(9.371269361627292 0.03007599768594546 0.0)
(8.995289638078791 0.027562733183102314 0.0)
(8.53306325383978 0.024536439925636668 0.0)
(7.984510804875242 0.02099705390039217 0.0)
(7.355015851980831 0.016873060150548163 0.0)
(6.649494271606537 0.012776779239839433 0.0)
(5.836390011509167 0.009931078135509456 0.0)
(4.891784205519166 0.00800285005824375 0.0)
(3.823527713091462 0.005655600005994916 0.0)
(2.6397664915901697 0.0028512284141831695 0.0)
(1.3610000416659578 0.0007898043104545876 0.0)
(0.017698306372478493 6.026976719341634e-05 0.0)
(-0.017674969064559464 6.032893370928e-05 0.0)
(1.216865087026362 0.0007906802676216293 0.0)
(2.338197336866838 0.0028550044309775973 0.0)
(3.3767228819375554 0.005664960697313209 0.0)
(4.3526461834527 0.008020084154502526 0.0)
(5.2738945301682545 0.009958099967234601 0.0)
(6.149409121838658 0.012813061482241503 0.0)
(6.955966712234393 0.016912793934885446 0.0)
(7.660144755131962 0.021034870563963727 0.0)
(8.266946735480216 0.02457174090139851 0.0)
(8.78249400638552 0.027595669273174937 0.0)
(9.206513154769654 0.030106629278920882 0.0)
(9.53984810272479 0.032079698805389065 0.0)
(9.782874324386178 0.03349827445237729 0.0)
(9.93611665337704 0.03435305549500516 0.0)
(10.000000000000004 0.03463832241994896 0.0)
(9.974994457734056 0.03435305549500353 0.0)
(9.861570120058277 0.03349827445237416 0.0)
(9.660151897275204 0.03207969880538484 0.0)
(9.37126462300811 0.030106629278915442 0.0)
(8.995283771392259 0.027595669273169057 0.0)
(8.533053264519763 0.024571740901391168 0.0)
(7.984299689312481 0.021034870563955792 0.0)
(7.355144398876731 0.016912793934878465 0.0)
(6.6505908781613465 0.012813061482234612 0.0)
(5.8372165809428695 0.009958099967227718 0.0)
(4.891798260991777 0.008020084154498631 0.0)
(3.8232771180624523 0.0056649606973118586 0.0)
(2.6395804409109496 0.002855004430977386 0.0)
(1.3609126907514306 0.0007906802676214819 0.0)
(0.017674969064564738 6.0328933709265527e-05 0.0)
(-0.01765449489209296 6.0390569278518215e-05 0.0)
(1.2169429529304638 0.0007915666838837097 0.0)
(2.3383764652573533 0.002858672988284013 0.0)
(3.3770104460522066 0.005673649391806201 0.0)
(4.352766074729418 0.008035499453918928 0.0)
(5.273218922401702 0.009982103148820998 0.0)
(6.148260725139398 0.012846118522023777 0.0)
(6.955676654681321 0.016950148012051493 0.0)
(7.660314360848913 0.02107097282046473 0.0)
(8.26694887771003 0.024605591084109448 0.0)
(8.782489338413473 0.02762737235586836 0.0)
(9.206512132513907 0.030136207770305408 0.0)
(9.539847528571126 0.03210743865383678 0.0)
(9.782873819835453 0.033524605139480974 0.0)
(9.936116563617826 0.034378507249270586 0.0)
(10.000000000000004 0.034663474740192 0.0)
(9.974994547493267 0.03437850724926897 0.0)
(9.861570624609001 0.03352460513947787 0.0)
(9.660152471428868 0.032107438653832594 0.0)
(9.371265645263856 0.030136207770300003 0.0)
(8.995288439364305 0.027627372355862535 0.0)
(8.53305112228995 0.02460559108410217 0.0)
(7.984130083595529 0.021070972820456873 0.0)
(7.355434456429805 0.016950148012044582 0.0)
(6.651739274860609 0.012846118522016952 0.0)
(5.837892188709423 0.00998210314881416 0.0)
(4.891678369715058 0.008035499453915065 0.0)
(3.8229895539478003 0.005673649391804868 0.0)
(2.6394013125204343 0.0028586729882838103 0.0)
(1.3608348248473285 0.0007915666838835645 0.0)
(0.01765449489209819 6.0390569278503904e-05 0.0)
(-0.017637783452755375 6.045196574699238e-05 0.0)
(1.2170079125387663 0.0007924246117320755 0.0)
(2.338540800785391 0.002862072896406028 0.0)
(3.377322344211385 0.005681284324134757 0.0)
(4.353014644952101 0.008048418636442033 0.0)
(5.272723961271571 0.01000203302438926 0.0)
(6.147110996745718 0.012874497893341339 0.0)
(6.955237831069312 0.016983481112240035 0.0)
(7.660435004555137 0.021103774402799758 0.0)
(8.266943078723985 0.02463650315867574 0.0)
(8.782474340884999 0.027656449455734124 0.0)
(9.20650539429928 0.0301634335353054 0.0)
(9.539843342787409 0.03213304382003615 0.0)
(9.78287131837789 0.03354895933187945 0.0)
(9.93611554815574 0.0344020789625157 0.0)
(10.000000000000004 0.03468677891849734 0.0)
(9.974995562955355 0.034402078962514085 0.0)
(9.861573126066567 0.03354895933187636 0.0)
(9.660156657212585 0.03213304382003198 0.0)
(9.371272383478484 0.03016343353530003 0.0)
(8.99530343689278 0.027656449455728333 0.0)
(8.533056921275994 0.02463650315866851 0.0)
(7.984009439889305 0.021103774402791955 0.0)
(7.355873280041815 0.016983481112233186 0.0)
(6.652889003254291 0.012874497893334563 0.0)
(5.838387149839554 0.010002033024382453 0.0)
(4.891429799492373 0.008048418636438187 0.0)
(3.822677655788621 0.00568128432413344 0.0)
(2.6392369769923967 0.0028620728964058326 0.0)
(1.3607698652390259 0.000792424611731932 0.0)
(0.017637783452760587 6.045196574697822e-05 0.0)
(-0.01762556901661851 6.0510425466199424e-05 0.0)
(1.2170571116449205 0.0007932163553866038 0.0)
(2.3386831228484923 0.0028650547696007183 0.0)
(3.3776448721805785 0.005687530029340075 0.0)
(4.353380972399913 0.008058274056826745 0.0)
(5.272431394464413 0.010017013911667596 0.0)
(6.146010453619867 0.012896952658537087 0.0)
(6.954669522505074 0.017011328640009992 0.0)
(7.660501385386894 0.021131834069449802 0.0)
(8.266929593318917 0.02466311890509298 0.0)
(8.782449672764063 0.02768162297819917 0.0)
(9.206493236190594 0.030187110323614888 0.0)
(9.539835729289319 0.032155389259827694 0.0)
(9.782866929922953 0.03357026695091348 0.0)
(9.936113651608325 0.034422734936783723 0.0)
(10.000000000000004 0.03470721101190404 0.0)
(9.974997459502768 0.03442273493678212 0.0)
(9.861577514521503 0.033570266950910393 0.0)
(9.660164270710675 0.03215538925982355 0.0)
(9.371284541587169 0.030187110323609545 0.0)
(8.995328105013716 0.027681622978193415 0.0)
(8.533070406681063 0.024663118905085785 0.0)
(7.983943059057549 0.021131834069442038 0.0)
(7.356441588606056 0.017011328640003178 0.0)
(6.653989546380144 0.01289695265853034 0.0)
(5.838679716646712 0.010017013911660806 0.0)
(4.891063472044561 0.00805827405682291 0.0)
(3.8223551278194265 0.005687530029338766 0.0)
(2.639094654929295 0.002865054769600528 0.0)
(1.3607206661328717 0.0007932163553864619 0.0)
(0.01762556901662371 6.051042546618538e-05 0.0)
(-0.017618388263660526 6.056337982302639e-05 0.0)
(1.2170883885302093 0.000793907127079569 0.0)
(2.3387971780755756 0.0028674875898150915 0.0)
(3.377963858670869 0.005692112082561629 0.0)
(4.353848961314972 0.008064632685931342 0.0)
(5.2723540768305 0.010026387577875754 0.0)
(6.145007451613409 0.012912496196308151 0.0)
(6.953996699427227 0.017032467025936745 0.0)
(7.660510586691875 0.02115391892999597 0.0)
(8.266909014018854 0.02468426887615573 0.0)
(8.782416417922768 0.027701786844740048 0.0)
(9.206476192392905 0.03020619782047102 0.0)
(9.53982502260003 0.03217349315546679 0.0)
(9.782860847291328 0.03358759177878388 0.0)
(9.936110957306408 0.034439567586354365 0.0)
(10.000000000000004 0.034723873271607274 0.0)
(9.975000153804688 0.03443956758635276 0.0)
(9.861583597153128 0.033587591778780804 0.0)
(9.660174977399963 0.03217349315546266 0.0)
(9.371301585384858 0.030206197820465693 0.0)
(8.99536135985501 0.027701786844734306 0.0)
(8.533090985981124 0.024684268876148555 0.0)
(7.983933857752567 0.02115391892998823 0.0)
(7.357114411683904 0.01703246702592996 0.0)
(6.654992548386604 0.01291249619630141 0.0)
(5.838757034280624 0.010026387577868964 0.0)
(4.8905954831295 0.00806463268592751 0.0)
(3.8220361413291357 0.005692112082560323 0.0)
(2.638980599702211 0.0028674875898149045 0.0)
(1.3606893892475829 0.0007939071270794284 0.0)
(0.01761838826366573 6.0563379823012475e-05 0.0)
(-0.01761655670302958 6.06085020999116e-05 0.0)
(1.2171003689455127 0.0007944665755665133 0.0)
(2.338877955088621 0.0028692644633796466 0.0)
(3.378265287999442 0.005694829156763491 0.0)
(4.354398049120512 0.008067215137225754 0.0)
(5.272495405565217 0.010029742161269182 0.0)
(6.144146060799568 0.01292044555204097 0.0)
(6.953248924450918 0.017045967488014267 0.0)
(7.660462204181575 0.02116905861606897 0.0)
(8.266882245040593 0.024699023780828267 0.0)
(8.782376037518004 0.0277160550919497 0.0)
(9.206455011779502 0.030219857356181525 0.0)
(9.539811693151888 0.03218656005489921 0.0)
(9.782853337742718 0.033600172594248905 0.0)
(9.936107583632683 0.034451837315399934 0.0)
(10.000000000000004 0.034736033588398406 0.0)
(9.975003527478412 0.034451837315398345 0.0)
(9.861591106701738 0.03360017259424583 0.0)
(9.660188306848106 0.032186560054895084 0.0)
(9.371322765998263 0.030219857356176195 0.0)
(8.995401740259775 0.027716055091943966 0.0)
(8.533117754959385 0.0246990237808211 0.0)
(7.983982240262868 0.02116905861606123 0.0)
(7.357862186660215 0.01704596748800748 0.0)
(6.655853939200447 0.012920445552034218 0.0)
(5.838615705545906 0.010029742161262374 0.0)
(4.890046395323958 0.008067215137221912 0.0)
(3.821734712000562 0.005694829156762184 0.0)
(2.6388998226891656 0.0028692644633794614 0.0)
(1.3606774088322795 0.0007944665755663733 0.0)
(0.017616556703034806 6.060850209989775e-05 0.0)
)
