(
(0.01533991319266221 -7.089622695537136e-05 0.0)
(1.355011196020189 -0.0009517194937777581 0.0)
(2.6344864734089457 -0.003585605062509903 0.0)
(3.82410508939963 -0.00760316763795666 0.0)
(4.900320035236428 -0.011821606737550708 0.0)
(5.852222252413324 -0.01618207531621198 0.0)
(6.664368843242979 -0.021795303434945356 0.0)
(7.359539070997608 -0.02857803303252146 0.0)
(7.985281834284569 -0.035057186295028964 0.0)
(8.53502206303767 -0.04065728134809222 0.0)
(8.996897527289025 -0.04546408837279849 0.0)
(9.372504011564468 -0.049454159592049525 0.0)
(9.661058922996741 -0.05258875070465556 0.0)
(9.862164354388389 -0.05484200879282204 0.0)
(9.975287510011478 -0.056199374349410976 0.0)
(9.999999999999998 -0.05665241690110903 0.0)
(9.935823601099653 -0.05619937434940939 0.0)
(9.782280090056044 -0.05484200879281906 0.0)
(9.53894107700327 -0.05258875070465135 0.0)
(9.205273766213326 -0.04945415959204435 0.0)
(8.780880250488755 -0.04546408837279297 0.0)
(8.264977936962355 -0.04065728134808538 0.0)
(7.659162610159883 -0.03505718629502174 0.0)
(6.951572040113482 -0.028578033032515153 0.0)
(6.135631156756996 -0.02179530343493892 0.0)
(5.258888858697759 -0.016182075316205444 0.0)
(4.344124409207976 -0.011821606737547083 0.0)
(3.3758949106003597 -0.007603167637955493 0.0)
(2.343291304368821 -0.0035856050625098276 0.0)
(1.2227665817575735 -0.0009517194937776459 0.0)
(-0.015339913192669237 -7.089622695535983e-05 0.0)
(0.015342519289021452 -7.096420518236141e-05 0.0)
(1.355011507464447 -0.0009525258322159799 0.0)
(2.6343853163718753 -0.003587911376672589 0.0)
(3.8236139040691883 -0.007605775105151958 0.0)
(4.899304694380689 -0.011821948351636002 0.0)
(5.85175000922336 -0.01618133124123292 0.0)
(6.665674986733988 -0.021800652337885782 0.0)
(7.360883962848428 -0.028592725735481675 0.0)
(7.985425087759556 -0.03507539072135686 0.0)
(8.535073947113347 -0.04067542150507721 0.0)
(8.996973434969222 -0.04548193789792113 0.0)
(9.372544252973883 -0.04947147811445816 0.0)
(9.661084268494522 -0.05260548363136387 0.0)
(9.862178579482505 -0.054858231883464094 0.0)
(9.975293941525035 -0.05621526431340155 0.0)
(9.999999999999998 -0.05666818680657931 0.0)
(9.935817169586096 -0.056215264313399974 0.0)
(9.782265864961929 -0.05485823188346112 0.0)
(9.538915731505488 -0.05260548363135966 0.0)
(9.20523352480391 -0.04947147811445298 0.0)
(8.780804342808558 -0.045481937897915596 0.0)
(8.26492605288668 -0.040675421505070364 0.0)
(7.659019356684895 -0.03507539072134964 0.0)
(6.950227148262658 -0.028592725735475347 0.0)
(6.134325013265985 -0.02180065233787931 0.0)
(5.259361101887727 -0.016181331241226334 0.0)
(4.345139750063718 -0.011821948351632349 0.0)
(3.3763860959308025 -0.0076057751051507826 0.0)
(2.3433924614058914 -0.0035879113766725144 0.0)
(1.222766270313315 -0.0009525258322158686 0.0)
(-0.015342519289028527 -7.096420518235001e-05 0.0)
(0.015354396222024568 -7.101346631520751e-05 0.0)
(1.3550459133237132 -0.0009530422238141564 0.0)
(2.634350242767432 -0.0035888927407822556 0.0)
(3.8231889472909653 -0.007604898443883494 0.0)
(4.8982187041338605 -0.01181558910024238 0.0)
(5.850925022848458 -0.0161699985541815 0.0)
(6.666637189458092 -0.021792191325245274 0.0)
(7.3622650280295465 -0.028592861825565856 0.0)
(7.985659888882828 -0.03508001176722668 0.0)
(8.535133057909706 -0.04068095549291174 0.0)
(8.997056503067181 -0.045488085110922026 0.0)
(9.372588925626841 -0.04947795919752449 0.0)
(9.661112435435161 -0.052612112306465994 0.0)
(9.862194308366707 -0.054864905249523595 0.0)
(9.975301113454474 -0.05622194859272183 0.0)
(9.999999999999998 -0.05667486743820599 0.0)
(9.935809997656659 -0.05622194859272024 0.0)
(9.782250136077725 -0.054864905249520604 0.0)
(9.538887564564849 -0.052612112306461754 0.0)
(9.205188852150952 -0.0494779591975193 0.0)
(8.780721274710597 -0.04548808511091646 0.0)
(8.26486694209032 -0.04068095549290486 0.0)
(7.658784555561622 -0.035080011767219414 0.0)
(6.948846083081536 -0.028592861825559465 0.0)
(6.133362810541882 -0.02179219132523872 0.0)
(5.260186088262632 -0.016169998554174846 0.0)
(4.346225740310549 -0.011815589100238682 0.0)
(3.376811052709026 -0.007604898443882301 0.0)
(2.343427535010335 -0.0035888927407821784 0.0)
(1.222731864454049 -0.0009530422238140451 0.0)
(-0.015354396222031714 -7.101346631519614e-05 0.0)
(0.015375022140963639 -7.104184590985306e-05 0.0)
(1.3551129018674746 -0.0009532459792701754 0.0)
(2.6343827936656297 -0.0035885060354952794 0.0)
(3.82284889088836 -0.0076005761730435955 0.0)
(4.897109780920625 -0.011802808397242156 0.0)
(5.849783541680663 -0.0161485751925942 0.0)
(6.667213173987893 -0.021770292158440254 0.0)
(7.363621585063494 -0.028578435323224675 0.0)
(7.985975920922583 -0.035070846392336846 0.0)
(8.535196798206497 -0.04067364015829449 0.0)
(8.99714308172265 -0.04548225991450793 0.0)
(9.372636066688697 -0.04947331807431541 0.0)
(9.661142186214818 -0.05260834547810474 0.0)
(9.862210849942599 -0.05486173567550446 0.0)
(9.975308710678338 -0.056219133492367034 0.0)
(9.999999999999998 -0.056672165261257235 0.0)
(9.935802400432795 -0.05621913349236543 0.0)
(9.782233594501834 -0.05486173567550144 0.0)
(9.538857813785194 -0.05260834547810047 0.0)
(9.205141711089096 -0.04947331807431018 0.0)
(8.780634696055131 -0.04548225991450231 0.0)
(8.264803201793528 -0.04067364015828756 0.0)
(7.658468523521866 -0.03507084639232951 0.0)
(6.947489526047586 -0.028578435323218195 0.0)
(6.13278682601208 -0.021770292158433596 0.0)
(5.2613275694304305 -0.016148575192587448 0.0)
(4.347334663523787 -0.011802808397238398 0.0)
(3.3771511091116317 -0.0076005761730423785 0.0)
(2.3433949841121366 -0.0035885060354951953 0.0)
(1.2226648759102872 -0.0009532459792700632 0.0)
(-0.015375022140970874 -7.104184590984166e-05 0.0)
(0.015403490780694536 -7.104809701882832e-05 0.0)
(1.3552095297416709 -0.0009531281459420595 0.0)
(2.6344815388395517 -0.003586768251934512 0.0)
(3.822608676317587 -0.007592998205305598 0.0)
(4.896026648798255 -0.011784167803343524 0.0)
(5.848375720314207 -0.016118002459786226 0.0)
(6.667377632616886 -0.02173591704679675 0.0)
(7.3648940293159475 -0.028550080102578458 0.0)
(7.986359298009159 -0.03504829730649246 0.0)
(8.535262367371692 -0.040653796923645534 0.0)
(8.997229366827893 -0.04546471825715238 0.0)
(9.372683604867435 -0.04945775866729401 0.0)
(9.66117221363866 -0.052594348653827075 0.0)
(9.862227477403597 -0.05484886242669051 0.0)
(9.975316399388507 -0.056206942702696654 0.0)
(9.999999999999998 -0.05666019900444469 0.0)
(9.935794711722625 -0.05620694270269504 0.0)
(9.782216967040835 -0.05484886242668746 0.0)
(9.538827786361352 -0.05259434865382278 0.0)
(9.205094172910359 -0.049457758667288736 0.0)
(8.780548410949885 -0.04546471825714669 0.0)
(8.264737632628334 -0.04065379692363852 0.0)
(7.6580851464352895 -0.03504829730648503 0.0)
(6.94621708179513 -0.02855008010257186 0.0)
(6.132622367383089 -0.02173591704678996 0.0)
(5.262735390796892 -0.016118002459779367 0.0)
(4.348417795646159 -0.011784167803339693 0.0)
(3.3773913236824047 -0.00759299820530435 0.0)
(2.343296238938214 -0.0035867682519344175 0.0)
(1.2225682480360904 -0.0009531281459419455 0.0)
(-0.015403490780701879 -7.104809701881689e-05 0.0)
(0.015438551281269385 -7.103194497984106e-05 0.0)
(1.3553315512942852 -0.000952693901210676 0.0)
(2.634642139606905 -0.003583755745130429 0.0)
(3.8224788581674263 -0.007582497502708409 0.0)
(4.895016898610674 -0.011760486352140385 0.0)
(5.846763415844395 -0.01607962366570594 0.0)
(6.667123339333782 -0.021690576369832886 0.0)
(7.366026451914327 -0.028509042040148 0.0)
(7.98679317525474 -0.035013355275273134 0.0)
(8.535326884416124 -0.04062229766439319 0.0)
(8.997311567173245 -0.045436230887188005 0.0)
(9.37272945142245 -0.0494319646283397 0.0)
(9.661201198356617 -0.052570736828485315 0.0)
(9.862243460169484 -0.05482685113008368 0.0)
(9.975323841757124 -0.05618591186470639 0.0)
(9.999999999999998 -0.056639494443201044 0.0)
(9.935787269354009 -0.05618591186470476 0.0)
(9.782200984274949 -0.05482685113008061 0.0)
(9.538798801643393 -0.052570736828480964 0.0)
(9.205048326355344 -0.04943196462833436 0.0)
(8.780466210604533 -0.045436230887182245 0.0)
(8.264673115583902 -0.04062229766438606 0.0)
(7.6576512691897065 -0.03501335527526558 0.0)
(6.945084659196748 -0.028509042040141257 0.0)
(6.132876660666195 -0.021690576369825944 0.0)
(5.264347695266709 -0.016079623665698952 0.0)
(4.349427545833743 -0.011760486352136475 0.0)
(3.3775211418325655 -0.007582497502707123 0.0)
(2.34313563817086 -0.003583755745130322 0.0)
(1.2224462264834757 -0.0009526939012105596 0.0)
(-0.015438551281276842 -7.103194497982947e-05 0.0)
(0.015478663148434303 -7.099409948393498e-05 0.0)
(1.3554736051215281 -0.0009519623249950937 0.0)
(2.634857539463783 -0.003579600879120775 0.0)
(3.8224651404099004 -0.007569535446913657 0.0)
(4.894124896933837 -0.011732804563274619 0.0)
(5.845017469980002 -0.0160351251043532 0.0)
(6.666461467320224 -0.021636262313946036 0.0)
(7.366969096281368 -0.02845712427331948 0.0)
(7.987258488886912 -0.034967555587606 0.0)
(8.535387514578893 -0.0405805264003627 0.0)
(8.997386071025911 -0.045398049487534904 0.0)
(9.372771591939987 -0.049397069300335265 0.0)
(9.66122786683321 -0.052538547462488344 0.0)
(9.862258095986768 -0.05479666892178838 0.0)
(9.975330710780128 -0.05615696503494271 0.0)
(9.999999999999998 -0.05661096129806943 0.0)
(9.935780400331005 -0.05615696503494107 0.0)
(9.782186348457666 -0.054796668921785266 0.0)
(9.5387721331668 -0.05253854746248394 0.0)
(9.205006185837805 -0.04939706930032984 0.0)
(8.780391706751868 -0.045398049487529034 0.0)
(8.264612485421132 -0.04058052640035546 0.0)
(7.657185955557534 -0.03496755558759831 0.0)
(6.944142014829707 -0.028457124273312574 0.0)
(6.133538532679756 -0.021636262313938927 0.0)
(5.266093641131106 -0.016035125104346074 0.0)
(4.350319547510582 -0.011732804563270622 0.0)
(3.377534859590091 -0.007569535446912329 0.0)
(2.3429202383139813 -0.0035796008791206544 0.0)
(1.2223041726562325 -0.0009519623249949745 0.0)
(-0.015478663148441879 -7.099409948392326e-05 0.0)
(0.015522063940128648 -7.093622339296389e-05 0.0)
(1.3556294496381105 -0.0009509655614158445 0.0)
(2.6351182741345376 -0.0035744862111169035 0.0)
(3.8225681257781785 -0.007554681566939551 0.0)
(4.893389836689554 -0.011702338723906582 0.0)
(5.843214596388194 -0.015986461961106025 0.0)
(6.6654210980216275 -0.0215753613393871 0.0)
(7.367680544348101 -0.028396607973786465 0.0)
(7.987734793875944 -0.03491291059797899 0.0)
(8.535441593881565 -0.040530318484477225 0.0)
(8.997449604822904 -0.04535185167904291 0.0)
(9.372808174842802 -0.049354605920154025 0.0)
(9.661251047304365 -0.05249919489768931 0.0)
(9.862270741784409 -0.054759641952820286 0.0)
(9.975336704645212 -0.05612137408414871 0.0)
(9.999999999999998 -0.05657585326324702 0.0)
(9.93577440646592 -0.05612137408414704 0.0)
(9.782173702660023 -0.05475964195281713 0.0)
(9.538748952695645 -0.05249919489768485 0.0)
(9.204969602934991 -0.0493546059201485 0.0)
(8.780328172954874 -0.04535185167903694 0.0)
(8.26455840611846 -0.04053031848446986 0.0)
(7.656709650568501 -0.03491291059797114 0.0)
(6.943430566762973 -0.028396607973779388 0.0)
(6.134578901978357 -0.021575361339379824 0.0)
(5.267896514722919 -0.015986461961098767 0.0)
(4.3510546077548655 -0.011702338723902498 0.0)
(3.3774318742218123 -0.007554681566938179 0.0)
(2.3426595036432256 -0.0035744862111167664 0.0)
(1.2221483281396495 -0.0009509655614157219 0.0)
(-0.015522063940136345 -7.093622339295195e-05 0.0)
(0.015566846704964873 -7.086085967648371e-05 0.0)
(1.3557922373210833 -0.0009497474064410731 0.0)
(2.635412887414736 -0.0035686364702738824 0.0)
(3.822783289283585 -0.007538588515097749 0.0)
(4.892844015080204 -0.011670427447282432 0.0)
(5.841434010036329 -0.015935772405452003 0.0)
(6.664047943361671 -0.021510549323563024 0.0)
(7.3681295363880315 -0.028330152117039 0.0)
(7.988201162251993 -0.034851821307266134 0.0)
(8.535486746178519 -0.04047387996070797 0.0)
(8.997499377005418 -0.04529966730890068 0.0)
(9.372837592745071 -0.049306440251036567 0.0)
(9.661269721262588 -0.05245440821379199 0.0)
(9.862280841929199 -0.05471739712045693 0.0)
(9.975341559992911 -0.05608070281359045 0.0)
(9.999999999999998 -0.056535712921555556 0.0)
(9.93576955111822 -0.05608070281358876 0.0)
(9.782163602515235 -0.054717397120453745 0.0)
(9.538730278737424 -0.05245440821378746 0.0)
(9.204940185032722 -0.04930644025103096 0.0)
(8.78027840077236 -0.0452996673088946 0.0)
(8.264513253821507 -0.04047387996070048 0.0)
(7.656243282192451 -0.034851821307258134 0.0)
(6.942981574723042 -0.02833015211703175 0.0)
(6.135952056638319 -0.021510549323555575 0.0)
(5.269677101074788 -0.015935772405444613 0.0)
(4.3516004293642165 -0.011670427447278262 0.0)
(3.3772167107164046 -0.0075385885150963325 0.0)
(2.3423648903630263 -0.0035686364702737297 0.0)
(1.2219855404566764 -0.0009497474064409468 0.0)
(-0.015566846704972688 -7.086085967647153e-05 0.0)
(0.015611043770183831 -7.077131967832257e-05 0.0)
(1.3559548155774683 -0.0009483613835718194 0.0)
(2.6357284345358267 -0.0035623086835025568 0.0)
(3.823101177035323 -0.007521963390644772 0.0)
(4.892511414508749 -0.011638472856516998 0.0)
(5.839753946631219 -0.01588528364373264 0.0)
(6.6624023372439956 -0.021444673987878877 0.0)
(7.368296344512333 -0.02826067665184502 0.0)
(7.988637102641813 -0.03478697186714165 0.0)
(8.535520987560428 -0.040413690634538015 0.0)
(8.997533200674809 -0.04524378926286365 0.0)
(9.372858553077986 -0.04925468860436732 0.0)
(9.661283068208316 -0.0524061552557519 0.0)
(9.86228795263925 -0.05467179058534765 0.0)
(9.975345063488131 -0.0560367382444903 0.0)
(9.999999999999998 -0.0564923039661743 0.0)
(9.935766047623 -0.056036738244488585 0.0)
(9.782156491805184 -0.05467179058534441 0.0)
(9.538716931791695 -0.0524061552557473 0.0)
(9.204919224699808 -0.04925468860436164 0.0)
(8.78024457710297 -0.04524378926285746 0.0)
(8.264479012439597 -0.04041369063453039 0.0)
(7.65580734180263 -0.03478697186713351 0.0)
(6.94281476659874 -0.028260676651837603 0.0)
(6.137597662755999 -0.02144467398787127 0.0)
(5.271357164479903 -0.015885283643725125 0.0)
(4.351933029935671 -0.011638472856512752 0.0)
(3.376898822964665 -0.007521963390643314 0.0)
(2.342049343241935 -0.0035623086835023868 0.0)
(1.221822962200291 -0.0009483613835716894 0.0)
(-0.015611043770191754 -7.077131967831009e-05 0.0)
(0.015652713197596046 -7.067153762219084e-05 0.0)
(1.3561100410161084 -0.0009468683921173012 0.0)
(2.636051050934585 -0.0035557808821772997 0.0)
(3.8235078216271408 -0.007505536671134279 0.0)
(4.8924066488358235 -0.011607878977869248 0.0)
(5.838248225085294 -0.01583721405977131 0.0)
(6.660556584590863 -0.02138062977406911 0.0)
(7.368173639477191 -0.02819123420304337 0.0)
(7.989023460622205 -0.03472121164336593 0.0)
(8.535542813523614 -0.040352395114845986 0.0)
(8.997549589680922 -0.045186672720048664 0.0)
(9.372870134882865 -0.049201624852823984 0.0)
(9.661290501701172 -0.05235655617026905 0.0)
(9.86229176148297 -0.054624826215210316 0.0)
(9.975347061193702 -0.05599141209958359 0.0)
(9.999999999999998 -0.05644753370718826 0.0)
(9.935764049917431 -0.05599141209958186 0.0)
(9.782152682961463 -0.054624826215207034 0.0)
(9.53870949829884 -0.05235655617026439 0.0)
(9.204907642894929 -0.049201624852818225 0.0)
(8.780228188096856 -0.04518667272004238 0.0)
(8.264457186476411 -0.040352395114838235 0.0)
(7.6554209838222365 -0.03472121164335764 0.0)
(6.9429374716338845 -0.028191234203035792 0.0)
(6.139443415409136 -0.021380629774061355 0.0)
(5.27286288602583 -0.015837214059763693 0.0)
(4.352037795608595 -0.011607878977864932 0.0)
(3.3764921783728465 -0.007505536671132783 0.0)
(2.341726726843176 -0.003555780882177113 0.0)
(1.2216677367616504 -0.0009468683921171673 0.0)
(-0.01565271319760406 -7.067153762217809e-05 0.0)
(0.01569002410879309 -7.056589774908885e-05 0.0)
(1.356251093315207 -0.0009453340313906796 0.0)
(2.636366561436661 -0.003549339885946067 0.0)
(3.8239853558396084 -0.007490030116569729 0.0)
(4.892534321273433 -0.011579990050397037 0.0)
(5.8369830040486415 -0.015793675743146458 0.0)
(6.658591784397142 -0.021321230667722933 0.0)
(7.367766812717366 -0.028124875944793022 0.0)
(7.989343260330333 -0.03465743001986672 0.0)
(8.535551265075185 -0.04029268661463018 0.0)
(8.997547823920812 -0.045130827276855294 0.0)
(9.37287182927639 -0.049149580520571966 0.0)
(9.661291695127078 -0.052307790250420566 0.0)
(9.862292101106737 -0.05457856753854989 0.0)
(9.975347465334092 -0.05594671592675569 0.0)
(9.999999999999998 -0.0564033692678724 0.0)
(9.935763645777039 -0.055946715926753945 0.0)
(9.782152343337696 -0.05457856753854658 0.0)
(9.538708304872932 -0.052307790250415855 0.0)
(9.204905948501404 -0.04914958052056612 0.0)
(8.780229953856967 -0.04513082727684891 0.0)
(8.26444873492484 -0.04029268661462232 0.0)
(7.655101184114108 -0.034657430019858305 0.0)
(6.943344298393711 -0.028124875944785306 0.0)
(6.141408215602863 -0.021321230667715053 0.0)
(5.2741281070624835 -0.01579367574313875 0.0)
(4.351910123170985 -0.011579990050392666 0.0)
(3.376014644160377 -0.0074900301165681995 0.0)
(2.341411216341099 -0.0035493398859458665 0.0)
(1.2215266844625516 -0.0009453340313905418 0.0)
(-0.015690024108801173 -7.056589774907583e-05 0.0)
(0.015721337130595342 -7.045904168177805e-05 0.0)
(1.356371774894789 -0.0009438257183952485 0.0)
(2.6366611030878024 -0.0035432687003997907 0.0)
(3.824512797693054 -0.007476125056590246 0.0)
(4.892888822128239 -0.011556031462552149 0.0)
(5.836013875018958 -0.015756581687839475 0.0)
(6.656594266388844 -0.021269086556905615 0.0)
(7.367093739456417 -0.0280645175375625 0.0)
(7.989582450352079 -0.03459842944449543 0.0)
(8.535545970869425 -0.04023718861615646 0.0)
(8.997527980978745 -0.04507870667989108 0.0)
(9.372863561810007 -0.049100842340358004 0.0)
(9.661286596049086 -0.05226200018150988 0.0)
(9.862288956588104 -0.05453504707699098 0.0)
(9.975346258152115 -0.05590461359407133 0.0)
(9.999999999999998 -0.05636175115289371 0.0)
(9.935764852959016 -0.05590461359406958 0.0)
(9.782155487856329 -0.05453504707698763 0.0)
(9.538713403950926 -0.052262000181505126 0.0)
(9.204914215967785 -0.049100842340352106 0.0)
(8.780249796799033 -0.045078706679884624 0.0)
(8.2644540291306 -0.040237188616148514 0.0)
(7.654861994092363 -0.0345984294444869 0.0)
(6.944017371654663 -0.02806451753755467 0.0)
(6.143405733611165 -0.021269086556897646 0.0)
(5.275097236092169 -0.015756581687831703 0.0)
(4.351555622316177 -0.011556031462547736 0.0)
(3.3754872023069296 -0.007476125056588689 0.0)
(2.341116674689957 -0.0035432687003995773 0.0)
(1.2214060028829694 -0.0009438257183951074 0.0)
(-0.015721337130603478 -7.045904168176475e-05 0.0)
(0.01574527642611037 -7.035566448036838e-05 0.0)
(1.3564667832270287 -0.0009424097256446464 0.0)
(2.636921734266707 -0.003537834082324453 0.0)
(3.825066972357366 -0.007464432454092742 0.0)
(4.893454575281222 -0.011537055910853493 0.0)
(5.835383419752835 -0.015727561738778897 0.0)
(6.654651797852899 -0.021226488558451505 0.0)
(7.366183993302077 -0.02801281101934293 0.0)
(7.989730521115473 -0.03454680229459532 0.0)
(8.535527163524053 -0.04018833959994705 0.0)
(8.997490932717296 -0.045032601012834704 0.0)
(9.372845695741068 -0.049057551778656734 0.0)
(9.661275428511352 -0.05222119789539437 0.0)
(9.862282466091465 -0.054496177039996034 0.0)
(9.975343492689138 -0.055866955001004616 0.0)
(9.999999999999998 -0.05632450798608617 0.0)
(9.935767618421993 -0.055866955001002847 0.0)
(9.782161978352969 -0.05449617703999267 0.0)
(9.53872457148866 -0.05222119789538957 0.0)
(9.204932082036724 -0.049057551778650794 0.0)
(8.780286845060482 -0.04503260101282818 0.0)
(8.264472836475973 -0.04018833959993903 0.0)
(7.654713923328968 -0.034546802294586725 0.0)
(6.944927117809007 -0.02801281101933502 0.0)
(6.145348202147115 -0.021226488558443474 0.0)
(5.275727691358291 -0.01572756173877109 0.0)
(4.350989869163192 -0.011537055910849052 0.0)
(3.3749330276426166 -0.007464432454091166 0.0)
(2.340856043511052 -0.00353783408232423 0.0)
(1.2213109945507294 -0.0009424097256445026 0.0)
(-0.015745276426118532 -7.035566448035484e-05 0.0)
(0.01576079014648895 -7.026030834996657e-05 0.0)
(1.3565319438196204 -0.0009411482692698495 0.0)
(2.637137003316185 -0.003533274818895933 0.0)
(3.8256235304116273 -0.007455466060639943 0.0)
(4.8942067225738555 -0.011523897146327908 0.0)
(5.835119339301281 -0.015707890979435948 0.0)
(6.652849727303129 -0.02119530835048185 0.0)
(7.3650775468360345 -0.02797202827995047 0.0)
(7.9897809666620585 -0.03450481697268386 0.0)
(8.535495669399413 -0.040148285902407425 0.0)
(8.997438306969297 -0.044994536074348675 0.0)
(9.372819016071956 -0.04902161094355146 0.0)
(9.661258683195054 -0.052187176169880264 0.0)
(9.86227291479737 -0.054463665305879906 0.0)
(9.975339290454544 -0.05583539479724046 0.0)
(9.999999999999998 -0.056293276164064834 0.0)
(9.935771820656587 -0.055835394797238674 0.0)
(9.782171529647064 -0.05446366530587653 0.0)
(9.538741316804957 -0.052187176169875456 0.0)
(9.204958761705836 -0.04902161094354548 0.0)
(8.780339470808483 -0.04499453607434211 0.0)
(8.264504330600612 -0.04014828590239937 0.0)
(7.654663477782383 -0.034504816972675205 0.0)
(6.946033564275052 -0.02797202827994251 0.0)
(6.147150272696889 -0.021195308350473792 0.0)
(5.275991771809845 -0.015707890979428134 0.0)
(4.350237721870556 -0.01152389714632346 0.0)
(3.374376469588354 -0.007455466060638358 0.0)
(2.3406407744615736 -0.0035332748188957024 0.0)
(1.2212458339581378 -0.0009411482692697033 0.0)
(-0.01576079014649711 -7.026030834995284e-05 0.0)
(0.015767196647239183 -7.017716306449332e-05 0.0)
(1.3565643936353333 -0.000940096775356197 0.0)
(2.6372974517080268 -0.0035297912358083416 0.0)
(3.8261580177131282 -0.007449619843156614 0.0)
(4.895112216030116 -0.011517133341015376 0.0)
(5.835233236876215 -0.015698433706989524 0.0)
(6.651267234422696 -0.021176915934292256 0.0)
(7.36382301529182 -0.02794396123834412 0.0)
(7.989731570506808 -0.034474318236995816 0.0)
(8.53545287228973 -0.04011878740973133 0.0)
(8.997372416013835 -0.04496618436819224 0.0)
(9.372784695058522 -0.0489945990095848 0.0)
(9.661237095858755 -0.05216142985734566 0.0)
(9.862260722372206 -0.0544389403807611 0.0)
(9.975333836086834 -0.05581131968039447 0.0)
(9.999999999999998 -0.05626942795595234 0.0)
(9.935777275024297 -0.055811319680392685 0.0)
(9.782183722072228 -0.05443894038075772 0.0)
(9.538762904141254 -0.05216142985734084 0.0)
(9.204993082719271 -0.0489945990095788 0.0)
(8.780405361763943 -0.04496618436818566 0.0)
(8.264547127710296 -0.040118787409723244 0.0)
(7.654712873937634 -0.034474318236987135 0.0)
(6.94728809581927 -0.027943961238336146 0.0)
(6.148732765577324 -0.021176915934284203 0.0)
(5.275877874234909 -0.015698433706981724 0.0)
(4.349332228414292 -0.011517133341010942 0.0)
(3.3738419822868515 -0.007449619843155028 0.0)
(2.340480326069732 -0.0035297912358081074 0.0)
(1.221213384142425 -0.0009400967753560494 0.0)
(-0.015767196647247322 -7.017716306447946e-05 0.0)
(0.015764214438438486 -7.010988187568237e-05 0.0)
(1.3565627068886303 -0.0009393014446226012 0.0)
(2.637396029633426 -0.0035275363953295134 0.0)
(3.826646949867658 -0.007447150673743619 0.0)
(4.89613126992409 -0.011517061684147298 0.0)
(5.835720108026565 -0.015699605456689327 0.0)
(6.649973851053679 -0.021172119439002112 0.0)
(7.362475520490387 -0.02792984310898485 0.0)
(7.989584503026413 -0.03445664614618149 0.0)
(8.535400652621703 -0.040101140231720976 0.0)
(8.997296154978951 -0.04494879161646593 0.0)
(9.372744240703307 -0.04897770283171831 0.0)
(9.66121161501052 -0.052145090203661815 0.0)
(9.86224642452883 -0.05442308863261639 0.0)
(9.975327369240947 -0.05579578746705669 0.0)
(9.999999999999998 -0.05625401120838407 0.0)
(9.935783741870184 -0.05579578746705491 0.0)
(9.782198019915603 -0.05442308863261301 0.0)
(9.53878838498949 -0.05214509020365699 0.0)
(9.205033537074486 -0.048977702831712315 0.0)
(8.780481622798828 -0.044948791616459365 0.0)
(8.264599347378322 -0.04010114023171289 0.0)
(7.654859941418029 -0.034456646146172824 0.0)
(6.948635590620707 -0.0279298431089769 0.0)
(6.150026148946344 -0.021172119438994108 0.0)
(5.275391003084556 -0.015699605456681573 0.0)
(4.348313174520316 -0.011517061684142892 0.0)
(3.3733530501323212 -0.007447150673742041 0.0)
(2.340381748144333 -0.0035275363953292792 0.0)
(1.2212150708891283 -0.0009393014446224526 0.0)
(-0.015764214438446573 -7.01098818756684e-05 0.0)
(0.015751974552885746 -7.006142099588261e-05 0.0)
(1.3565269576920758 -0.0009387972224464796 0.0)
(2.637428405758684 -0.003526609371024973 0.0)
(3.8270688440908223 -0.007448167043187748 0.0)
(4.8972191088919805 -0.011523685324195359 0.0)
(5.836558560524689 -0.015711354743997197 0.0)
(6.649026406095134 -0.02118112961383953 0.0)
(7.361094268888137 -0.027930294216648333 0.0)
(7.989346226096912 -0.03445257717958107 0.0)
(8.535341304832016 -0.040096119753093525 0.0)
(8.997212874635004 -0.04494312202486147 0.0)
(9.37269943049667 -0.04897166479709677 0.0)
(9.661183360232206 -0.052138875143319 0.0)
(9.862230649488325 -0.05441680655825928 0.0)
(9.975320174058261 -0.05578948061426583 0.0)
(9.999999999999998 -0.05624770330504404 0.0)
(9.935790937052872 -0.055789480614264045 0.0)
(9.782213794956109 -0.05441680655825591 0.0)
(9.538816639767806 -0.0521388751433142 0.0)
(9.205078347281122 -0.0489716647970908 0.0)
(8.780564903142775 -0.04494312202485493 0.0)
(8.264658695168011 -0.04009611975308548 0.0)
(7.655098218347531 -0.034452577179572445 0.0)
(6.9500168422229605 -0.027930294216640443 0.0)
(6.15097359390489 -0.02118112961383161 0.0)
(5.274552550586428 -0.015711354743989523 0.0)
(4.347225335552421 -0.011523685324191001 0.0)
(3.372931155909156 -0.007448167043186188 0.0)
(2.3403493720190753 -0.003526609371024742 0.0)
(1.221250820085683 -0.0009387972224463312 0.0)
(-0.015751974552893764 -7.006142099586858e-05 0.0)
(0.015731014788759927 -7.003390970749575e-05 0.0)
(1.3564587167999649 -0.0009386062634278029 0.0)
(2.6373931575360867 -0.00352705089464672 0.0)
(3.8274051631222887 -0.00745262429407502 0.0)
(4.898327935279686 -0.01153671323053346 0.0)
(5.8377117543017265 -0.015733165326723548 0.0)
(6.648466528545236 -0.021203550568205814 0.0)
(7.359739950153545 -0.027945294740489103 0.0)
(7.989027209170671 -0.03446229012014301 0.0)
(8.535277436553972 -0.04010394656449518 0.0)
(8.997126234167947 -0.04494942470486172 0.0)
(9.372652233317115 -0.048976750205915166 0.0)
(9.661153572987077 -0.052143057754698574 0.0)
(9.862214090377108 -0.054420370180544304 0.0)
(9.975312566681938 -0.05579267623359541 0.0)
(9.999999999999998 -0.05625078140366503 0.0)
(9.935798544429195 -0.055792676233593644 0.0)
(9.782230354067325 -0.05442037018054095 0.0)
(9.538846427012933 -0.05214305775469381 0.0)
(9.205125544460678 -0.048976750205909254 0.0)
(8.780651543609833 -0.04494942470485524 0.0)
(8.264722563446055 -0.040103946564487195 0.0)
(7.655417235273774 -0.03446229012013447 0.0)
(6.951371160957556 -0.027945294740481304 0.0)
(6.151533471454787 -0.021203550568197997 0.0)
(5.273399356809386 -0.01573316532671597 0.0)
(4.346116509164713 -0.01153671323052916 0.0)
(3.3725948368776892 -0.007452624294073486 0.0)
(2.3403846202416725 -0.003527050894646496 0.0)
(1.2213190609777942 -0.0009386062634276552 0.0)
(-0.01573101478876785 -7.003390970748175e-05 0.0)
(0.015702256079751904 -7.002855680620306e-05 0.0)
(1.356360982592254 -0.0009387369579565017 0.0)
(2.6372918337080518 -0.003528841566454559 0.0)
(3.8276411297190935 -0.007460326582955761 0.0)
(4.89940902928427 -0.011555572980790985 0.0)
(5.839129020132822 -0.01576407888776472 0.0)
(6.648318818399263 -0.02123839716638407 0.0)
(7.3584720705741535 -0.027974185584932282 0.0)
(7.988641469267804 -0.03448535819902837 0.0)
(8.535211854042865 -0.040124276770151686 0.0)
(8.997040040401398 -0.0449674227282379 0.0)
(9.372604722922365 -0.04899273561461353 0.0)
(9.661123562072195 -0.05215745426150839 0.0)
(9.862197474772234 -0.054433622920427714 0.0)
(9.975304881366176 -0.055805233915378345 0.0)
(9.999999999999996 -0.056263110258224835 0.0)
(9.935806229744955 -0.05580523391537659 0.0)
(9.7822469696722 -0.05443362292042439 0.0)
(9.538876437927817 -0.05215745426150365 0.0)
(9.205173054855429 -0.04899273561460766 0.0)
(8.78073773737638 -0.04496742272823149 0.0)
(8.26478814595716 -0.040124276770143796 0.0)
(7.655802975176642 -0.034485358199019926 0.0)
(6.952639040536949 -0.027974185584924607 0.0)
(6.151681181600758 -0.021238397166376384 0.0)
(5.271982090978286 -0.015764078887757247 0.0)
(4.345035415160128 -0.011555572980786756 0.0)
(3.3723588702808844 -0.0074603265829542575 0.0)
(2.340485944069708 -0.003528841566454345 0.0)
(1.2214167951855055 -0.0009387369579563556 0.0)
(-0.01570225607975972 -7.002855680618909e-05 0.0)
(0.015666962030922917 -7.004559748869442e-05 0.0)
(1.35623804933123 -0.0009391835635540843 0.0)
(2.637128886258215 -0.003531902707605195 0.0)
(3.8277663759406613 -0.007470935485347487 0.0)
(4.900414889612977 -0.011579435912044552 0.0)
(5.840748085950172 -0.015802737141803313 0.0)
(6.648589765770799 -0.02128413831260041 0.0)
(7.35734633845916 -0.02801569733912735 0.0)
(7.988205955093951 -0.034520767847052755 0.0)
(8.535147438874255 -0.040156217098019566 0.0)
(8.996958080531776 -0.04499632529476933 0.0)
(9.372558986832248 -0.049018918653578124 0.0)
(9.661094646112252 -0.05218143210757688 0.0)
(9.862181532732983 -0.05445598247676423 0.0)
(9.975297455789693 -0.0558266018980507 0.0)
(9.999999999999996 -0.05628414816140913 0.0)
(9.93581365532144 -0.05582660189804896 0.0)
(9.78226291171145 -0.054455982476760936 0.0)
(9.538905353887758 -0.052181432107572194 0.0)
(9.205218790945546 -0.04901891865357232 0.0)
(8.780819697246004 -0.04499632529476299 0.0)
(8.264852561125773 -0.04015621709801177 0.0)
(7.656238489350495 -0.034520767847044435 0.0)
(6.953764772651945 -0.028015697339119815 0.0)
(6.151410234229219 -0.021284138312592876 0.0)
(5.270363025160932 -0.01580273714179597 0.0)
(4.344029554831419 -0.011579435912040402 0.0)
(3.3722336240593167 -0.007470935485346022 0.0)
(2.340648891519545 -0.0035319027076049937 0.0)
(1.2215397284465297 -0.0009391835635539404 0.0)
(-0.015666962030930622 -7.004559748868061e-05 0.0)
(0.01562668339820988 -7.008428301855628e-05 0.0)
(1.3560953184794826 -0.0009399264571876342 0.0)
(2.6369114747994193 -0.0035360998171566687 0.0)
(3.827775398697148 -0.007483984865487544 0.0)
(4.901301320603132 -0.011607253530750884 0.0)
(5.842497812963758 -0.015847441515880165 0.0)
(6.649267465728025 -0.021338764224571132 0.0)
(7.356412216418229 -0.02806800605253857 0.0)
(7.987739802345162 -0.03456696322906211 0.0)
(8.535087021332803 -0.04019836414852548 0.0)
(8.996883955725806 -0.04503486247855835 0.0)
(9.37251703460689 -0.04905414888797736 0.0)
(9.66106809562163 -0.05221393775021402 0.0)
(9.862166964723393 -0.0544864664115541 0.0)
(9.975290616218732 -0.055855841311545494 0.0)
(9.999999999999996 -0.05631297074623974 0.0)
(9.935820494892399 -0.055855841311543766 0.0)
(9.78227747972104 -0.054486466411550846 0.0)
(9.53893190437838 -0.05221393775020939 0.0)
(9.205260743170903 -0.04905414888797164 0.0)
(8.780893822051974 -0.045034862478552116 0.0)
(8.264912978667224 -0.04019836414851781 0.0)
(7.656704642099286 -0.03456696322905393 0.0)
(6.954698894692878 -0.0280680060525312 0.0)
(6.150732534271991 -0.021338764224563767 0.0)
(5.26861329814734 -0.015847441515872956 0.0)
(4.343143123841261 -0.011607253530746821 0.0)
(3.3722246013028303 -0.007483984865486121 0.0)
(2.340866302978342 -0.0035360998171564814 0.0)
(1.2216824592982776 -0.0009399264571874934 0.0)
(-0.015626683398217465 -7.008428301854263e-05 0.0)
(0.015583189951046527 -7.014291362437964e-05 0.0)
(1.3559390613695186 -0.0009409329974699793 0.0)
(2.6366491519934203 -0.0035412484817936834 0.0)
(3.827667801545141 -0.007498901357485749 0.0)
(4.902029374098708 -0.011637803581634914 0.0)
(5.844301321369641 -0.015896227781582662 0.0)
(6.650322141374636 -0.021399874739659538 0.0)
(7.3557107480649115 -0.02812881337599475 0.0)
(7.987263492920415 -0.03462191460448301 0.0)
(8.535033256054751 -0.04024886605737605 0.0)
(8.996820922891859 -0.04508134102625106 0.0)
(9.372480709550327 -0.04909687836576363 0.0)
(9.661045077180315 -0.052253542950949736 0.0)
(9.862154410835156 -0.054523735316471415 0.0)
(9.97528466317153 -0.05589166742952575 0.0)
(9.999999999999996 -0.056348311601068624 0.0)
(9.9358264479396 -0.05589166742952405 0.0)
(9.782290033609277 -0.0545237353164682 0.0)
(9.538954922819697 -0.05225354295094518 0.0)
(9.205297068227466 -0.04909687836575798 0.0)
(8.780956854885922 -0.04508134102624493 0.0)
(8.264966743945275 -0.04024886605736849 0.0)
(7.657180951524033 -0.03462191460447497 0.0)
(6.955400363046196 -0.028128813375987556 0.0)
(6.149677858625375 -0.021399874739652346 0.0)
(5.266809789741453 -0.01589622778157559 0.0)
(4.342415070345684 -0.011637803581630938 0.0)
(3.3723321984548384 -0.007498901357484369 0.0)
(2.341128625784342 -0.0035412484817935116 0.0)
(1.221838716408242 -0.000940932997469842 0.0)
(-0.015583189951053988 -7.01429136243662e-05 0.0)
(0.015538392711932202 -7.021891318460631e-05 0.0)
(1.3557761436528855 -0.0009421589588625266 0.0)
(2.636353443824408 -0.003547122478611304 0.0)
(3.8274483121066547 -0.007515029557972646 0.0)
(4.902567060761047 -0.011669743751350542 0.0)
(5.8460793683078895 -0.0159469523596478 0.0)
(6.651707452192195 -0.02146478477363117 0.0)
(7.355272754635351 -0.028195447546947083 0.0)
(7.986797954984452 -0.03468320751041014 0.0)
(8.534988505388059 -0.040305503863087004 0.0)
(8.99677175157734 -0.04513371875549194 0.0)
(9.372451607719087 -0.049145229631854366 0.0)
(9.661026602176504 -0.052298507529719374 0.0)
(9.862144422663155 -0.05456615166401565 0.0)
(9.97527985821409 -0.05593250611790943 0.0)
(9.999999999999996 -0.05638861791338888 0.0)
(9.935831252897042 -0.055932506117907746 0.0)
(9.782300021781278 -0.05456615166401248 0.0)
(9.538973397823506 -0.05229850752971487 0.0)
(9.205326170058706 -0.049145229631848815 0.0)
(8.78100602620044 -0.04513371875548592 0.0)
(8.265011494611969 -0.040305503863079586 0.0)
(7.6576464894599985 -0.03468320751040225 0.0)
(6.955838356475756 -0.02819544754694006 0.0)
(6.148292547807811 -0.021464784773624145 0.0)
(5.265031742803201 -0.015946952359640863 0.0)
(4.341877383683345 -0.01166974375134665 0.0)
(3.372551687893326 -0.007515029557971311 0.0)
(2.341424333953355 -0.0035471224786111488 0.0)
(1.2220016341248756 -0.0009421589588623927 0.0)
(-0.015538392711939545 -7.021891318459313e-05 0.0)
(0.015494259989599354 -7.030894241759719e-05 0.0)
(1.3556137236360026 -0.0009435504748645202 0.0)
(2.6360373431683457 -0.0035534637149355376 0.0)
(3.8271265743460723 -0.0075316608233245525 0.0)
(4.902890755621874 -0.011701670647273349 0.0)
(5.847753829648882 -0.015997386504913388 0.0)
(6.653362530157732 -0.021530642298342863 0.0)
(7.3551174807595565 -0.02826498078182768 0.0)
(7.986363643422499 -0.03474814884868928 0.0)
(8.534954735595148 -0.040365789004091344 0.0)
(8.996738602279855 -0.04518969428468051 0.0)
(9.372431007794397 -0.049197078220073694 0.0)
(9.66101348236807 -0.05234685582519215 0.0)
(9.862137439069393 -0.05461185175747423 0.0)
(9.975276412467451 -0.05597656299944125 0.0)
(9.999999999999996 -0.05643211869757549 0.0)
(9.935834698643681 -0.05597656299943958 0.0)
(9.782307005375039 -0.0546118517574711 0.0)
(9.538986517631942 -0.052346855825187714 0.0)
(9.205346769983397 -0.049197078220068226 0.0)
(8.781039175497925 -0.0451896942846746 0.0)
(8.265045264404879 -0.04036578900408405 0.0)
(7.658080801021952 -0.03474814884868154 0.0)
(6.955993630351549 -0.028264980781820825 0.0)
(6.146637469842268 -0.021530642298335997 0.0)
(5.263357281462204 -0.015997386504906574 0.0)
(4.341553688822518 -0.011701670647269536 0.0)
(3.3728734256539092 -0.007531660823323259 0.0)
(2.341740434609418 -0.0035534637149353997 0.0)
(1.2221640541417589 -0.0009435504748643905 0.0)
(-0.015494259989606593 -7.030894241758427e-05 0.0)
(0.015452730895128757 -7.040904560355846e-05 0.0)
(1.355458937757273 -0.0009450464048085396 0.0)
(2.6357147389097717 -0.003559993568443262 0.0)
(3.826716724831991 -0.007548064406167946 0.0)
(4.902986236121188 -0.011732181460005093 0.0)
(5.849251132624636 -0.016045314233303114 0.0)
(6.655214654173323 -0.021594553654641715 0.0)
(7.355251748887565 -0.028334357917503362 0.0)
(7.985979641090039 -0.03481388521572326 0.0)
(8.53493343045894 -0.0404270726615819 0.0)
(8.996722931518889 -0.04524680815146854 0.0)
(9.37241981489926 -0.04925014599830956 0.0)
(9.661006294215388 -0.052396463501715715 0.0)
(9.862133766900206 -0.05465882761834654 0.0)
(9.975274477331416 -0.056021902295346475 0.0)
(9.999999999999996 -0.05647690260875368 0.0)
(9.935836633779715 -0.05602190229534483 0.0)
(9.782310677544228 -0.05465882761834345 0.0)
(9.538993705784621 -0.052396463501711336 0.0)
(9.205357962878534 -0.049250145998304164 0.0)
(8.781054846258892 -0.045246808151462724 0.0)
(8.265066569541085 -0.040427072661574734 0.0)
(7.658464803354413 -0.03481388521571566 0.0)
(6.9558593622235385 -0.02833435791749666 0.0)
(6.144785345826673 -0.021594553654634994 0.0)
(5.261859978486447 -0.016045314233296405 0.0)
(4.341458208323205 -0.011732181460001349 0.0)
(3.3732832751679918 -0.007548064406166691 0.0)
(2.3420630388679933 -0.00355999356844314 0.0)
(1.2223188400204887 -0.0009450464048084135 0.0)
(-0.015452730895135906 -7.040904560354584e-05 0.0)
(0.015415630140956114 -7.051482439163263e-05 0.0)
(1.355318587025035 -0.0009465810202695706 0.0)
(2.635399805689619 -0.003566425129317376 0.0)
(3.826236771602262 -0.007563519563082194 0.0)
(4.902849307020525 -0.011759935600252297 0.0)
(5.8505054884816365 -0.016088629688112834 0.0)
(6.657182445298086 -0.02165371069445449 0.0)
(7.355669659523469 -0.02840053064955441 0.0)
(7.985662820347048 -0.0348775282758059 0.0)
(8.534925526088145 -0.040486662143763806 0.0)
(8.99672542783901 -0.04530255087703624 0.0)
(9.37241852082901 -0.04930210126547104 0.0)
(9.661005353552742 -0.05244515088873829 0.0)
(9.862133567503987 -0.05470501521324577 0.0)
(9.975274137832324 -0.05606653187990892 0.0)
(9.999999999999996 -0.05652100192379618 0.0)
(9.935836973278807 -0.0560665318799073 0.0)
(9.782310876940446 -0.05470501521324271 0.0)
(9.538994646447268 -0.052445150888733964 0.0)
(9.205359256948784 -0.04930210126546573 0.0)
(8.78105234993877 -0.04530255087703052 0.0)
(8.265074473911882 -0.04048666214375675 0.0)
(7.658781624097404 -0.034877528275798424 0.0)
(6.955441451587633 -0.028400530649547846 0.0)
(6.142817554701905 -0.021653710694447888 0.0)
(5.260605622629445 -0.016088629688106214 0.0)
(4.3415951374238695 -0.011759935600248609 0.0)
(3.373763228397723 -0.007563519563080972 0.0)
(2.3423779720881464 -0.0035664251293172685 0.0)
(1.2224591907527271 -0.0009465810202694484 0.0)
(-0.015415630140963194 -7.051482439162026e-05 0.0)
(0.015384587866345865 -7.062163105538851e-05 0.0)
(1.355198838193699 -0.0009480868930517556 0.0)
(2.6351063810974273 -0.003572475806539281 0.0)
(3.8257078029237483 -0.007577347222746895 0.0)
(4.9024859847340645 -0.01178371360186726 0.0)
(5.851461783118305 -0.016125429667501596 0.0)
(6.659179442389972 -0.021705514165676554 0.0)
(7.356352850438473 -0.028460591469194094 0.0)
(7.985427101717366 -0.034936281669308844 0.0)
(8.534931369786353 -0.04054193919780586 0.0)
(8.99674598155648 -0.045354473228000604 0.0)
(9.372427182442728 -0.04935066120216853 0.0)
(9.661010701711124 -0.05249077875154516 0.0)
(9.862136849641843 -0.05474838514374985 0.0)
(9.975275408887143 -0.05610849081083045 0.0)
(9.999999999999996 -0.0565624789994774 0.0)
(9.93583570222399 -0.056108490810828845 0.0)
(9.782307594802589 -0.05474838514374682 0.0)
(9.538989298288886 -0.052490778751540894 0.0)
(9.205350595335066 -0.04935066120216327 0.0)
(8.7810317962213 -0.045354473227994956 0.0)
(8.265068630213674 -0.0405419391977989 0.0)
(7.659017342727087 -0.03493628166930148 0.0)
(6.954758260672627 -0.028460591469187647 0.0)
(6.140820557610014 -0.021705514165670042 0.0)
(5.259649327992776 -0.01612542966749504 0.0)
(4.341958459710332 -0.011783713601863614 0.0)
(3.3742921970762376 -0.0075773472227456985 0.0)
(2.3426713966803385 -0.0035724758065391856 0.0)
(1.2225789395840634 -0.0009480868930516367 0.0)
(-0.015384587866352896 -7.062163105537641e-05 0.0)
(0.015360968012054145 -7.072477270541794e-05 0.0)
(1.3551049528078394 -0.0009494978578599612 0.0)
(2.634847357672973 -0.003577879744421246 0.0)
(3.825153060712464 -0.00758893982309337 0.0)
(4.901912232978393 -0.01180247070295965 0.0)
(5.852077998697798 -0.01615409724769872 0.0)
(6.661117901050166 -0.021747687918554175 0.0)
(7.357271303473632 -0.028511901413885612 0.0)
(7.985282842246345 -0.03498756387960787 0.0)
(8.534950704792156 -0.04059047505107998 0.0)
(8.996783689578555 -0.0454002938312495 0.0)
(9.372445419164952 -0.04939369217362145 0.0)
(9.661022103702242 -0.05253134228531843 0.0)
(9.86214346910264 -0.05478703181445548 0.0)
(9.975278234648048 -0.05614593548944805 0.0)
(9.999999999999998 -0.05659951140897211 0.0)
(9.935832876463083 -0.05614593548944645 0.0)
(9.782300975341792 -0.05478703181445248 0.0)
(9.53897789629777 -0.05253134228531418 0.0)
(9.20533235861284 -0.04939369217361624 0.0)
(8.780994088199225 -0.04540029383124392 0.0)
(8.265049295207872 -0.04059047505107309 0.0)
(7.6591616021981075 -0.03498756387960059 0.0)
(6.953839807637464 -0.02851190141387925 0.0)
(6.138882098949815 -0.021747687918547726 0.0)
(5.259033112413283 -0.016154097247692196 0.0)
(4.342532211466005 -0.011802470702956024 0.0)
(3.374846939287523 -0.007588939823092193 0.0)
(2.3429304201047936 -0.003577879744421161 0.0)
(1.222672824969923 -0.0009494978578598453 0.0)
(-0.015360968012061148 -7.072477270540608e-05 0.0)
(0.01534580839126723 -7.081971748631097e-05 0.0)
(1.3550410560195523 -0.0009507519194818028 0.0)
(2.634634116431656 -0.003582399503818963 0.0)
(3.824596919326301 -0.007597788006470458 0.0)
(4.901153261356007 -0.011815382750822606 0.0)
(5.852327059834886 -0.016173372827676193 0.0)
(6.662912648951449 -0.02177837891554062 0.0)
(7.358384663482846 -0.02855220601852812 0.0)
(7.985236380431227 -0.03502912166020061 0.0)
(8.53498268156077 -0.04063013712698715 0.0)
(8.996836895083728 -0.045437999413302614 0.0)
(9.372472429707473 -0.04942930347766707 0.0)
(9.661039058543462 -0.052565059202592954 0.0)
(9.862153135039383 -0.05481925716135395 0.0)
(9.975282490956277 -0.05617722066508637 0.0)
(9.999999999999998 -0.05663047201595596 0.0)
(9.935828620154854 -0.05617722066508478 0.0)
(9.78229130940505 -0.05481925716135094 0.0)
(9.538960941456548 -0.05256505920258873 0.0)
(9.20530534807032 -0.0494293034776619 0.0)
(8.78094088269405 -0.04543799941329706 0.0)
(8.265017318439256 -0.040630137126980284 0.0)
(7.6592080640132245 -0.035029121660193376 0.0)
(6.9527264476282475 -0.0285522060185218 0.0)
(6.137087351048528 -0.021778378915534198 0.0)
(5.258784051276195 -0.016173372827669678 0.0)
(4.343291183088394 -0.011815382750818991 0.0)
(3.3754030806736877 -0.00759778800646929 0.0)
(2.3431436613461107 -0.003582399503818885 0.0)
(1.2227367217582101 -0.000950751919481689 0.0)
(-0.015345808391274232 -7.08197174862993e-05 0.0)
(0.015339775089988752 -7.090229369809169e-05 0.0)
(1.3550099553368196 -0.0009517939767438567 0.0)
(2.6344760268035063 -0.0035858364947731628 0.0)
(3.824063814600335 -0.007603502999887864 0.0)
(4.900242417691494 -0.011821882413694964 0.0)
(5.852198023238851 -0.016182409473713483 0.0)
(6.664484828154438 -0.021796238650375898 0.0)
(7.359644011464143 -0.028579734372528802 0.0)
(7.985289757719171 -0.03505912903823562 0.0)
(8.535025895091485 -0.040659182746471685 0.0)
(8.996903260319442 -0.04546593325986493 0.0)
(9.372507027276466 -0.0494559304187547 0.0)
(9.661060821270082 -0.05259044804370708 0.0)
(9.862165422748493 -0.05484364526165713 0.0)
(9.975287990797431 -0.05620097172436248 0.0)
(9.999999999999998 -0.05665400046799893 0.0)
(9.9358231203137 -0.05620097172436089 0.0)
(9.78227902169594 -0.05484364526165414 0.0)
(9.53893917872993 -0.052590448043702866 0.0)
(9.205270750501327 -0.04945593041874952 0.0)
(8.780874517458336 -0.045465933259859405 0.0)
(8.264974104908541 -0.04065918274646485 0.0)
(7.659154686725281 -0.035059129038228394 0.0)
(6.951467099646947 -0.028579734372522488 0.0)
(6.135515171845537 -0.021796238650369462 0.0)
(5.258913087872232 -0.016182409473706947 0.0)
(4.34420202675291 -0.011821882413691335 0.0)
(3.375936185399655 -0.007603502999886696 0.0)
(2.343301750974261 -0.003585836494773088 0.0)
(1.2227678224409428 -0.0009517939767437445 0.0)
(-0.015339775089995783 -7.090229369808019e-05 0.0)
)
