(
(-0.004870145823108079 -7.866678600962125e-05 0.0)
(1.2884945072194045 -0.0011502617553932812 0.0)
(2.5281630468806657 -0.004944468217765799 0.0)
(3.70405484299088 -0.01240841410116095 0.0)
(4.777231602312504 -0.023189356851411273 0.0)
(5.715157849075862 -0.036777444785987816 0.0)
(6.523494922915446 -0.052556516799896764 0.0)
(7.247858877092945 -0.06864215035086618 0.0)
(7.899356522027253 -0.08319890918681726 0.0)
(8.46311647370228 -0.0959583553383003 0.0)
(8.939370140251839 -0.10698012416237519 0.0)
(9.327989759863762 -0.11614007798612788 0.0)
(9.628560146194534 -0.12334119820390199 0.0)
(9.840897280946649 -0.12852013114824398 0.0)
(9.964784537680844 -0.13164009313923092 0.0)
(10.000000000000002 -0.13268184144874742 0.0)
(9.946326573430293 -0.13164009313923006 0.0)
(9.803547163497793 -0.12852013114824257 0.0)
(9.571439853805483 -0.12334119820389894 0.0)
(9.24978801791403 -0.11614007798612538 0.0)
(8.838407637525949 -0.1069801241623724 0.0)
(8.336883526297747 -0.09595835533829737 0.0)
(7.7450879224171905 -0.08319890918681477 0.0)
(7.063252234018156 -0.06864215035086357 0.0)
(6.276505077084581 -0.05255651679989342 0.0)
(5.395953262035228 -0.03677744478598477 0.0)
(4.467212842131859 -0.02318935685140974 0.0)
(3.495945157009073 -0.012408414101160557 0.0)
(2.449614730897089 -0.004944468217766082 0.0)
(1.2892832705583614 -0.0011502617553933202 0.0)
(0.004870145823094579 -7.866678600962458e-05 0.0)
(-0.00490231792345284 -7.868652170424702e-05 0.0)
(1.2883819160154744 -0.0011507197990995586 0.0)
(2.5280076429332112 -0.00494741228689936 0.0)
(3.7041397590349963 -0.012418290397195206 0.0)
(4.778091370146767 -0.023211236659868354 0.0)
(5.716612292946964 -0.0368128116035081 0.0)
(6.523822395032156 -0.052598741550379365 0.0)
(7.246909305843472 -0.06868106799447679 0.0)
(7.898966274423054 -0.08323245028655436 0.0)
(8.463060616845958 -0.09598871454846639 0.0)
(8.939299670114428 -0.10700768306301149 0.0)
(9.327950306876867 -0.11616511349829825 0.0)
(9.628535196773681 -0.12336417815816617 0.0)
(9.840883541019355 -0.12854159776164684 0.0)
(9.964778126021743 -0.13166063122569555 0.0)
(10.000000000000002 -0.1327020698866753 0.0)
(9.946332985089393 -0.13166063122569469 0.0)
(9.803560903425087 -0.12854159776164548 0.0)
(9.571464803226338 -0.12336417815816317 0.0)
(9.249827470900925 -0.11616511349829584 0.0)
(8.83847810766336 -0.10700768306300878 0.0)
(8.336939383154071 -0.09598871454846354 0.0)
(7.74547817002139 -0.08323245028655199 0.0)
(7.064201805267631 -0.06868106799447432 0.0)
(6.276177604967867 -0.05259874155037617 0.0)
(5.39449881816412 -0.03681281160350516 0.0)
(4.4663530742975945 -0.023211236659866883 0.0)
(3.4958602409649573 -0.01241829039719485 0.0)
(2.449770134844544 -0.004947412286899653 0.0)
(1.289395861762292 -0.0011507197990996002 0.0)
(0.004902317923439444 -7.868652170425049e-05 0.0)
(-0.00493849333487739 -7.87249486040054e-05 0.0)
(1.288253259078142 -0.0011514316519540947 0.0)
(2.527806359492665 -0.004951316514369714 0.0)
(3.7041222311045514 -0.01243019076384879 0.0)
(4.778837449450863 -0.023236332353110904 0.0)
(5.718165015952929 -0.0368530741440135 0.0)
(6.524501587541546 -0.052648266779141785 0.0)
(7.246137450034624 -0.06872899241472571 0.0)
(7.898553517617533 -0.08327504695126271 0.0)
(8.463008860551739 -0.09602765824639076 0.0)
(8.939236811707794 -0.10704335724795737 0.0)
(9.327914588966877 -0.11619777869489142 0.0)
(9.628512585434281 -0.12339435651508307 0.0)
(9.840871151012912 -0.12856992689343497 0.0)
(9.964772296099145 -0.13168782100556276 0.0)
(10.000000000000002 -0.13272887761910088 0.0)
(9.946338815011991 -0.13168782100556195 0.0)
(9.80357329343153 -0.1285699268934336 0.0)
(9.571487414565736 -0.12339435651508013 0.0)
(9.249863188810915 -0.11619777869488906 0.0)
(8.838540966069992 -0.10704335724795475 0.0)
(8.33699113944829 -0.09602765824638802 0.0)
(7.745890926826911 -0.08327504695126048 0.0)
(7.06497366107648 -0.06872899241472338 0.0)
(6.275498412458474 -0.05264826677913873 0.0)
(5.392946095158152 -0.03685307414401068 0.0)
(4.4656069949934984 -0.023236332353109516 0.0)
(3.495877768895402 -0.01243019076384847 0.0)
(2.4499714182850907 -0.004951316514370021 0.0)
(1.289524518699625 -0.0011514316519541385 0.0)
(0.0049384933348640995 -7.872494860400904e-05 0.0)
(-0.00497708257598478 -7.878037830122107e-05 0.0)
(1.2881141893578623 -0.0011523660364447582 0.0)
(2.5275680405851677 -0.0049560093555643964 0.0)
(3.704003029344744 -0.01244359232078205 0.0)
(4.779437058865082 -0.023263541272289124 0.0)
(5.7197477942854995 -0.036896463345132434 0.0)
(6.525502657967299 -0.052702916438236054 0.0)
(7.245577223598571 -0.06878381790026242 0.0)
(7.898136387389608 -0.08332482756142344 0.0)
(8.462963478896503 -0.09607347531723212 0.0)
(8.93918432691533 -0.1070855792587904 0.0)
(9.327884175513413 -0.1162366383269284 0.0)
(9.628493305677225 -0.12343040729285953 0.0)
(9.840860655321537 -0.12860387381338426 0.0)
(9.964767304069184 -0.13172046780964763 0.0)
(10.000000000000002 -0.1327610867633047 0.0)
(9.946343807041954 -0.13172046780964683 0.0)
(9.803583789122907 -0.12860387381338295 0.0)
(9.571506694322794 -0.12343040729285665 0.0)
(9.249893602264377 -0.11623663832692613 0.0)
(8.838593450862456 -0.10708557925878787 0.0)
(8.337036521103524 -0.09607347531722953 0.0)
(7.746308057054838 -0.08332482756142134 0.0)
(7.065533887512533 -0.06878381790026025 0.0)
(6.274497342032718 -0.052702916438233154 0.0)
(5.3913633168255775 -0.036896463345129735 0.0)
(4.465007385579278 -0.023263541272287813 0.0)
(3.4959969706552108 -0.012443592320781767 0.0)
(2.450209737192589 -0.004956009355564717 0.0)
(1.2896635884199048 -0.0011523660364448054 0.0)
(0.004977082575971595 -7.878037830122491e-05 0.0)
(-0.005016390106117772 -7.885037531640413e-05 0.0)
(1.2879708173237236 -0.0011534818974264377 0.0)
(2.527303157507522 -0.004961284615626622 0.0)
(3.7037873912628254 -0.01245790622810079 0.0)
(4.779863852648719 -0.02329166790727163 0.0)
(5.721291083560354 -0.03694107276474604 0.0)
(6.526781621106314 -0.052760289321620295 0.0)
(7.2452532418600075 -0.06884313551955287 0.0)
(7.897733211678376 -0.08337960484809713 0.0)
(8.462926465867163 -0.09612415264271768 0.0)
(8.939144521822797 -0.10713249393759754 0.0)
(9.327860402827982 -0.11627998497326916 0.0)
(9.628478204619762 -0.12347074648627307 0.0)
(9.840852515106704 -0.12864194695593625 0.0)
(9.96476336927252 -0.1317571371971042 0.0)
(10.000000000000002 -0.13279728210841538 0.0)
(9.946347741838617 -0.13175713719710339 0.0)
(9.803591929337738 -0.128641946955935 0.0)
(9.571521795380255 -0.12347074648627024 0.0)
(9.24991737494981 -0.11627998497326694 0.0)
(8.838633255954988 -0.10713249393759511 0.0)
(8.337073534132866 -0.09612415264271519 0.0)
(7.746711232766072 -0.08337960484809517 0.0)
(7.065857869251096 -0.06884313551955085 0.0)
(6.273218378893699 -0.05276028932161753 0.0)
(5.389820027550718 -0.036941072764743454 0.0)
(4.464580591795641 -0.023291667907270396 0.0)
(3.49621260873713 -0.012457906228100545 0.0)
(2.4504746202702354 -0.004961284615626959 0.0)
(1.2898069604540439 -0.0011534818974264884 0.0)
(0.0050163901061046874 -7.885037531640817e-05 0.0)
(-0.005054688824313416 -7.893186410876331e-05 0.0)
(1.2878294424806145 -0.0011547302060090088 0.0)
(2.5270233487375697 -0.004966910509280073 0.0)
(3.703484791601617 -0.012472503558903978 0.0)
(4.780099078263717 -0.02331947642517353 0.0)
(5.722727074470124 -0.036984942346567136 0.0)
(6.5282822816580595 -0.05281786456975931 0.0)
(7.2451797399838185 -0.06890433896492393 0.0)
(7.897361705286997 -0.08343697199751955 0.0)
(8.46289944774851 -0.09617746355387713 0.0)
(8.939119145393143 -0.10718203993921997 0.0)
(9.32784431543889 -0.11632591406157392 0.0)
(9.628467945774734 -0.12351360166496358 0.0)
(9.840847088034566 -0.12868247345686015 0.0)
(9.964760664596923 -0.13179621798213242 0.0)
(10.000000000000002 -0.1328358732971864 0.0)
(9.946350446514213 -0.13179621798213167 0.0)
(9.803597356409878 -0.1286824734568589 0.0)
(9.571532054225283 -0.12351360166496081 0.0)
(9.249933462338902 -0.11632591406157178 0.0)
(8.838658632384645 -0.10718203993921763 0.0)
(8.337100552251519 -0.09617746355387476 0.0)
(7.747082739157451 -0.08343697199751773 0.0)
(7.065931371127284 -0.06890433896492207 0.0)
(6.271717718341948 -0.052817864569756685 0.0)
(5.388384036640947 -0.03698494234656466 0.0)
(4.464345366180643 -0.02331947642517235 0.0)
(3.4965152083983395 -0.012472503558903772 0.0)
(2.450754429040188 -0.004966910509280425 0.0)
(1.2899483352971532 -0.0011547302060090625 0.0)
(0.005054688824300422 -7.893186410876759e-05 0.0)
(-0.005090295954959722 -7.902126420984193e-05 0.0)
(1.2876962765805031 -0.0011560561137970683 0.0)
(2.5267409085607673 -0.004972639845049899 0.0)
(3.7031085260366416 -0.012486742933181187 0.0)
(4.780132400326887 -0.023345744970592438 0.0)
(5.723992672201304 -0.03702614454142763 0.0)
(6.529938703343273 -0.05287311243158083 0.0)
(7.245359947507976 -0.06896473906895456 0.0)
(7.89703819152666 -0.08349440840209534 0.0)
(8.462883611667253 -0.0962310656668037 0.0)
(8.939109312620257 -0.10723204030298826 0.0)
(9.327836620196582 -0.11637240755172745 0.0)
(9.628462979897023 -0.12355708985078073 0.0)
(9.84084461256074 -0.12872367265584642 0.0)
(9.964759308880891 -0.13183599302653448 0.0)
(10.000000000000002 -0.1328751647033836 0.0)
(9.946351802230247 -0.13183599302653368 0.0)
(9.803599831883702 -0.12872367265584517 0.0)
(9.571537020102996 -0.12355708985077801 0.0)
(9.24994115758121 -0.11637240755172537 0.0)
(8.838668465157529 -0.10723204030298603 0.0)
(8.337116388332776 -0.09623106566680141 0.0)
(7.74740625291779 -0.08349440840209363 0.0)
(7.065751163603125 -0.06896473906895281 0.0)
(6.2700612966567295 -0.05287311243157832 0.0)
(5.387118438909764 -0.037026144541425235 0.0)
(4.464312044117474 -0.02334574497059132 0.0)
(3.496891473963316 -0.012486742933181012 0.0)
(2.4510368692169915 -0.004972639845050263 0.0)
(1.2900815011972648 -0.0011560561137971255 0.0)
(0.005090295954946803 -7.902126420984645e-05 0.0)
(-0.005121646985877495 -7.911464754275142e-05 0.0)
(1.2875771706894201 -0.0011574013628280896 0.0)
(2.5264682468817736 -0.004978220886403897 0.0)
(3.702675126988466 -0.012499998698876875 0.0)
(4.779962354727735 -0.02336931935169961 0.0)
(5.725032268704933 -0.037062869000262615 0.0)
(6.531678106023445 -0.05292360541710952 0.0)
(7.245785946443549 -0.06902168196157249 0.0)
(7.896776885000139 -0.08354939041128433 0.0)
(8.462879653431829 -0.09628260380271764 0.0)
(8.939115455538195 -0.10728029810439153 0.0)
(9.327837655215927 -0.11641742260482987 0.0)
(9.628463525178208 -0.1235993002523991 0.0)
(9.840845197453019 -0.12876373433546343 0.0)
(9.964759361692105 -0.13187471468762563 0.0)
(10.000000000000002 -0.13291342993450037 0.0)
(9.946351749419033 -0.13187471468762488 0.0)
(9.803599246991423 -0.12876373433546223 0.0)
(9.57153647482181 -0.1235993002523964 0.0)
(9.249940122561865 -0.11641742260482785 0.0)
(8.838662322239593 -0.10728029810438938 0.0)
(8.3371203465682 -0.09628260380271546 0.0)
(7.74766755944431 -0.0835493904112827 0.0)
(7.06532516466755 -0.06902168196157085 0.0)
(6.2683218939765535 -0.05292360541710712 0.0)
(5.386078842406134 -0.037062869000260304 0.0)
(4.464482089716627 -0.02336931935169854 0.0)
(3.497324873011493 -0.012499998698876727 0.0)
(2.4513095308959856 -0.004978220886404273 0.0)
(1.290200607088348 -0.0011574013628281499 0.0)
(0.005121646985864634 -7.911464754275622e-05 0.0)
(-0.005147364410123298 -7.920791101468376e-05 0.0)
(1.2874773581023218 -0.0011587068453207123 0.0)
(2.5262173439559428 -0.004983408412595196 0.0)
(3.702203637218386 -0.012511688421897111 0.0)
(4.779596412958796 -0.0233891637533173 0.0)
(5.7258001860125285 -0.03709350211753642 0.0)
(6.5334240635269545 -0.05296712495693554 0.0)
(7.246439019176651 -0.06907266567625017 0.0)
(7.8965892670381646 -0.08359950221618949 0.0)
(8.462887746959861 -0.0963298134702133 0.0)
(8.939137304238379 -0.10732469298392126 0.0)
(9.32784737502007 -0.11645898134180055 0.0)
(9.628469557659635 -0.1236383782219933 0.0)
(9.840848817012306 -0.12880089825879956 0.0)
(9.964760820710136 -0.13191068160645686 0.0)
(10.000000000000002 -0.13294898768628563 0.0)
(9.946350290401002 -0.1319106816064561 0.0)
(9.803595627432136 -0.12880089825879837 0.0)
(9.571530442340384 -0.12363837822199067 0.0)
(9.249930402757721 -0.1164589813417986 0.0)
(8.838640473539408 -0.10732469298391917 0.0)
(8.337112253040168 -0.09632981347021118 0.0)
(7.747855177406285 -0.08359950221618798 0.0)
(7.064672091934446 -0.06907266567624865 0.0)
(6.26657593647304 -0.052967124956933224 0.0)
(5.385310925098537 -0.03709350211753415 0.0)
(4.464848031485568 -0.023389163753316265 0.0)
(3.4977963627815747 -0.012511688421896984 0.0)
(2.451560433821817 -0.004983408412595584 0.0)
(1.2903004196754466 -0.0011587068453207756 0.0)
(0.005147364410110476 -7.920791101468878e-05 0.0)
(-0.005166318251124468 -7.929695679930293e-05 0.0)
(1.287401224401683 -0.001159915200762524 0.0)
(2.5259992239988227 -0.004987974493213266 0.0)
(3.701714773124332 -0.012521298477198125 0.0)
(4.779050653831927 -0.023404406248742734 0.0)
(5.726262683242461 -0.0371166979301177 0.0)
(6.535099861675237 -0.05300175888209572 0.0)
(7.247290470886152 -0.06911545008183675 0.0)
(7.896483581230749 -0.08364254199578029 0.0)
(8.462907536636536 -0.09637062036286856 0.0)
(8.939173898728894 -0.10736327431178906 0.0)
(9.327865352538597 -0.11649525774776656 0.0)
(9.628480812285103 -0.12367260674507055 0.0)
(9.84085531220179 -0.1288335315110529 0.0)
(9.964763621828402 -0.13194231346241436 0.0)
(10.000000000000002 -0.13298027561617706 0.0)
(9.946347489282735 -0.1319423134624136 0.0)
(9.803589132242653 -0.12883353151105176 0.0)
(9.571519187714914 -0.12367260674506794 0.0)
(9.249912425239195 -0.11649525774776465 0.0)
(8.838603879048891 -0.107363274311787 0.0)
(8.337092463363494 -0.09637062036286649 0.0)
(7.7479608632137005 -0.08364254199577884 0.0)
(7.063820640224942 -0.06911545008183528 0.0)
(6.264900138324753 -0.05300175888209343 0.0)
(5.384848427868605 -0.03711669793011546 0.0)
(4.465393790612439 -0.023404406248741714 0.0)
(3.4982852268756295 -0.012521298477198016 0.0)
(2.4517785537789374 -0.004987974493213662 0.0)
(1.2903765533760856 -0.00115991520076259 0.0)
(0.0051663182511116615 -7.929695679930811e-05 0.0)
(-0.005177675711782485 -7.937787238773739e-05 0.0)
(1.2873521147630274 -0.0011609733362260351 0.0)
(2.525823470802289 -0.004991718503029154 0.0)
(3.701230014500246 -0.0125284066165311 0.0)
(4.778349057004725 -0.023414377110612273 0.0)
(5.72639943911256 -0.0371314372564372 0.0)
(6.536631868963443 -0.05302598544127945 0.0)
(7.248302890341624 -0.06914815530982263 0.0)
(7.896464471218922 -0.08367661866088054 0.0)
(8.462938152939662 -0.0964032315004742 0.0)
(8.939223631114777 -0.10739434689503095 0.0)
(9.327890797872234 -0.11652465790381561 0.0)
(9.628496794546962 -0.12370048188294608 0.0)
(9.840864397634721 -0.12886020024682035 0.0)
(9.964767641970893 -0.13196822040961614 0.0)
(10.000000000000002 -0.13300591898977485 0.0)
(9.946343469140245 -0.13196822040961545 0.0)
(9.80358004680972 -0.1288602002468192 0.0)
(9.571503205453055 -0.1237004818829435 0.0)
(9.249886979905558 -0.11652465790381372 0.0)
(8.838554146663009 -0.10739434689502891 0.0)
(8.337061847060365 -0.09640323150047218 0.0)
(7.747979973225528 -0.08367661866087914 0.0)
(7.062808220769467 -0.06914815530982119 0.0)
(6.263368131036545 -0.053025985441277186 0.0)
(5.384711671998507 -0.03713143725643496 0.0)
(4.466095387439644 -0.02341437711061126 0.0)
(3.4987699854997167 -0.012528406616530994 0.0)
(2.4519543069754715 -0.004991718503029555 0.0)
(1.290425663014741 -0.0011609733362261028 0.0)
(0.005177675711769673 -7.937787238774276e-05 0.0)
(-0.005180937766053925 -7.944710249706224e-05 0.0)
(1.287332186974034 -0.0011618347591747828 0.0)
(2.525697806640267 -0.0049944759371010235 0.0)
(3.7007706607532294 -0.012532700521257708 0.0)
(4.777522449358241 -0.02341863823749656 0.0)
(5.726204444820083 -0.037137072477461265 0.0)
(6.537952771794057 -0.05303874016379747 0.0)
(7.249431793684363 -0.06916934435232258 0.0)
(7.896532776661643 -0.08370023494516722 0.0)
(8.462978250644895 -0.09642621400930429 0.0)
(8.939284316245972 -0.10741654546118497 0.0)
(9.327922592999572 -0.1165458900208769 0.0)
(9.628516802213863 -0.1237207788530578 0.0)
(9.840875674113805 -0.12887973269064126 0.0)
(9.964772704499898 -0.1319872641441977 0.0)
(10.000000000000002 -0.13302479108415635 0.0)
(9.94633840661124 -0.13198726414419695 0.0)
(9.803568770330637 -0.12887973269064013 0.0)
(9.571483197786156 -0.12372077885305521 0.0)
(9.24985518477822 -0.11654589002087501 0.0)
(8.838493461531815 -0.10741654546118296 0.0)
(8.337021749355134 -0.09642621400930225 0.0)
(7.747911667782805 -0.08370023494516582 0.0)
(7.061679317426725 -0.06916934435232114 0.0)
(6.262047228205929 -0.053038740163795194 0.0)
(5.384906666290986 -0.037137072477458996 0.0)
(4.466921995086131 -0.023418638237495525 0.0)
(3.4992293392467344 -0.012532700521257599 0.0)
(2.4520799711374934 -0.004994475937101428 0.0)
(1.2904455908037347 -0.0011618347591748513 0.0)
(0.005180937766041084 -7.944710249706775e-05 0.0)
(-0.00517596108524186 -7.950160528292665e-05 0.0)
(1.287342316625294 -0.0011624616202603277 0.0)
(2.5256277529661393 -0.004996125638820341 0.0)
(3.700356895046562 -0.012533991525059743 0.0)
(4.776607150520225 -0.02341700240327579 0.0)
(5.725686268057509 -0.03713335599188743 0.0)
(6.539004532113225 -0.05303946263047644 0.0)
(7.250627578966759 -0.06917808620157345 0.0)
(7.8966854963427195 -0.08371235319231358 0.0)
(8.463026067932418 -0.0964385580799661 0.0)
(8.939353287728835 -0.10742889464586546 0.0)
(9.327959340900883 -0.11655802119856987 0.0)
(9.628539956185524 -0.12373260584367124 0.0)
(9.840888646171177 -0.12889127062266784 0.0)
(9.964778586977157 -0.1319986079193009 0.0)
(10.000000000000002 -0.13303606269402 0.0)
(9.94633252413398 -0.1319986079193002 0.0)
(9.803555798273266 -0.1288912706226667 0.0)
(9.571460043814495 -0.12373260584366866 0.0)
(9.24981843687691 -0.11655802119856795 0.0)
(8.83842449004895 -0.10742889464586342 0.0)
(8.33697393206761 -0.09643855807996406 0.0)
(7.747758948101728 -0.08371235319231216 0.0)
(7.0604835321443264 -0.06917808620157198 0.0)
(6.26099546788676 -0.053039462630474106 0.0)
(5.3854248430535625 -0.03713335599188512 0.0)
(4.467837293924148 -0.02341700240327473 0.0)
(3.4996431049534027 -0.012533991525059627 0.0)
(2.4521500248116213 -0.004996125638820743 0.0)
(1.2904354611524744 -0.0011624616202603971 0.0)
(0.00517596108522897 -7.950160528293221e-05 0.0)
(-0.0051629643355965895 -7.953898599262977e-05 0.0)
(1.287382058638463 -0.0011628263763533819 0.0)
(2.5256163878101874 -0.0049965951233116 0.0)
(3.7000068974884313 -0.012532222903591971 0.0)
(4.77564337704713 -0.023409541483512968 0.0)
(5.724867676563807 -0.037120451095292724 0.0)
(6.5397409374966635 -0.053028121097452176 0.0)
(7.25183770557113 -0.0691739967567119 0.0)
(7.89691592003876 -0.08371244094870968 0.0)
(8.463079503798102 -0.09643972133657758 0.0)
(8.93942751508259 -0.1074308518484897 0.0)
(9.32799942694061 -0.11656051841514001 0.0)
(9.62856523911879 -0.12373544319845575 0.0)
(9.840902743838368 -0.1288943070872748 0.0)
(9.964785030937382 -0.13200175331020064 0.0)
(10.000000000000002 -0.1330392385654491 0.0)
(9.946326080173757 -0.13200175331019995 0.0)
(9.803541700606075 -0.12889430708727362 0.0)
(9.571434760881228 -0.12373544319845312 0.0)
(9.24977835083718 -0.11656051841513809 0.0)
(8.838350262695196 -0.10743085184848764 0.0)
(8.336920496201927 -0.09643972133657551 0.0)
(7.747528524405688 -0.0837124409487082 0.0)
(7.059273405539952 -0.06917399675671038 0.0)
(6.26025906250332 -0.053028121097449775 0.0)
(5.386243434547268 -0.037120451095290344 0.0)
(4.468801067397247 -0.023409541483511858 0.0)
(3.499993102511534 -0.012532222903591838 0.0)
(2.4521613899675727 -0.004996595123311999 0.0)
(1.2903957191393052 -0.0011628263763534508 0.0)
(0.005162964335583632 -7.953898599263538e-05 0.0)
(-0.0051425185705206485 -7.955760218617332e-05 0.0)
(1.287449666822188 -0.0011629130007385178 0.0)
(2.525664210536572 -0.0049958637622851566 0.0)
(3.69973604633124 -0.012527472366846079 0.0)
(4.774673475382188 -0.023396583297373093 0.0)
(5.723784637751641 -0.03709892480522466 0.0)
(6.54012963163904 -0.053005213890937035 0.0)
(7.253009002748344 -0.06915725570046374 0.0)
(7.897213923354106 -0.08370049435850001 0.0)
(8.463136210367763 -0.09642965266777137 0.0)
(8.939503736893109 -0.10742233107315503 0.0)
(9.328041089811505 -0.11655327194745979 0.0)
(9.628591540127829 -0.12372916624923283 0.0)
(9.840917347689674 -0.1288887086677624 0.0)
(9.964791753244747 -0.13199656211417515 0.0)
(10.000000000000002 -0.1330341791564633 0.0)
(9.946319357866392 -0.1319965621141744 0.0)
(9.80352709675477 -0.12888870866776125 0.0)
(9.57140845987219 -0.1237291662492302 0.0)
(9.249736687966285 -0.11655327194745782 0.0)
(8.838274040884677 -0.10742233107315291 0.0)
(8.336863789632265 -0.09642965266776925 0.0)
(7.747230521090341 -0.0837004943584985 0.0)
(7.058102108362735 -0.06915725570046213 0.0)
(6.259870368360945 -0.05300521389093454 0.0)
(5.387326473359438 -0.037098924805222186 0.0)
(4.469770969062191 -0.023396583297371928 0.0)
(3.5002639536687257 -0.012527472366845921 0.0)
(2.4521135672411876 -0.004995863762285549 0.0)
(1.2903281109555798 -0.0011629130007385859 0.0)
(0.005142518570507608 -7.95576021861789e-05 0.0)
(-0.005115522139527002 -7.955663590207035e-05 0.0)
(1.2875421705965622 -0.0011627176872987279 0.0)
(2.5257691199021854 -0.0049939636904065225 0.0)
(3.6995562422793262 -0.012519948644715825 0.0)
(4.773740061230172 -0.023378697203848827 0.0)
(5.722484738365053 -0.03706972294748758 0.0)
(6.540153536030835 -0.05297174751167775 0.0)
(7.254090005843263 -0.06912859860421361 0.0)
(7.897566412568264 -0.08367703833300276 0.0)
(8.463193696058475 -0.09640879447243472 0.0)
(8.939578604113478 -0.10740370670714132 0.0)
(9.32808249892324 -0.11653660019206202 0.0)
(9.628617703594418 -0.12371405079366804 0.0)
(9.840931816058582 -0.128874721348442 0.0)
(9.964798458533366 -0.13198326242288067 0.0)
(10.000000000000002 -0.13302110676823733 0.0)
(9.946312652577772 -0.13198326242287992 0.0)
(9.80351262838586 -0.12887472134844086 0.0)
(9.5713822964056 -0.12371405079366538 0.0)
(9.24969527885455 -0.11653660019206002 0.0)
(8.838199173664307 -0.10740370670713914 0.0)
(8.336806303941554 -0.09640879447243252 0.0)
(7.746878031876181 -0.08367703833300114 0.0)
(7.057021105267814 -0.06912859860421186 0.0)
(6.259846463969151 -0.05297174751167511 0.0)
(5.38862637274603 -0.037069722947485007 0.0)
(4.470704383214209 -0.0233786972038476 0.0)
(3.500443757720639 -0.012519948644715636 0.0)
(2.4520086578755738 -0.004993963690406904 0.0)
(1.2902356071812051 -0.0011627176872987947 0.0)
(0.005115522139513864 -7.955663590207585e-05 0.0)
(-0.005083161216404935 -7.95361295970766e-05 0.0)
(1.2876555055149703 -0.0011622490177492413 0.0)
(2.525926506381428 -0.004990978393357961 0.0)
(3.6994753855937894 -0.012509982315787347 0.0)
(4.772884147101289 -0.023356669085167935 0.0)
(5.721025093604991 -0.03703412859828719 0.0)
(6.5398116003568045 -0.05292919241115395 0.0)
(7.2550332175575365 -0.06908928460834404 0.0)
(7.897957899950025 -0.08364310348706668 0.0)
(8.463249435054152 -0.09637806322151168 0.0)
(8.939648827215004 -0.10737579707101892 0.0)
(9.328121834835203 -0.1165112356753788 0.0)
(9.628642579943701 -0.12369076097722592 0.0)
(9.840945513231436 -0.1288529597065355 0.0)
(9.964804852185123 -0.13196243860042167 0.0)
(10.000000000000002 -0.1330005957775948 0.0)
(9.946306258926015 -0.13196243860042087 0.0)
(9.803498931213007 -0.12885295970653426 0.0)
(9.571357420056318 -0.1236907609772232 0.0)
(9.249655942942587 -0.11651123567537672 0.0)
(8.838128950562782 -0.10737579707101666 0.0)
(8.336750564945875 -0.0963780632215094 0.0)
(7.746486544494419 -0.08364310348706494 0.0)
(7.05607789355354 -0.06908928460834218 0.0)
(6.260188399643184 -0.052929192411151176 0.0)
(5.390086017506096 -0.03703412859828449 0.0)
(4.4715602973430935 -0.023356669085166638 0.0)
(3.5005246144061757 -0.012509982315787127 0.0)
(2.4518512713963303 -0.004990978393358332 0.0)
(1.2901222722627967 -0.0011622490177493055 0.0)
(0.005083161216391695 -7.953612959708197e-05 0.0)
(-0.005046857680913798 -7.949698428071825e-05 0.0)
(1.2877846918484377 -0.0011615275845726547 0.0)
(2.526129454700333 -0.004987039039630343 0.0)
(3.6994970289694686 -0.012498011282320882 0.0)
(4.772143340296511 -0.02333146681656596 0.0)
(5.719469837591868 -0.036993705708209305 0.0)
(6.539118848644912 -0.05287941838263029 0.0)
(7.255797194893994 -0.06904104109791065 0.0)
(7.89837118426004 -0.08360018085574013 0.0)
(8.463300978285298 -0.09633880918994661 0.0)
(8.939711320723074 -0.10733982846313979 0.0)
(9.328157369199383 -0.11647829286787006 0.0)
(9.628665076154398 -0.12366032011183345 0.0)
(9.840957837379516 -0.1288243799087764 0.0)
(9.96481065327466 -0.1319350056074608 0.0)
(10.000000000000002 -0.13297354739994052 0.0)
(9.946300457836479 -0.13193500560746005 0.0)
(9.803486607064928 -0.12882437990877516 0.0)
(9.571334923845619 -0.12366032011183067 0.0)
(9.249620408578407 -0.11647829286786793 0.0)
(8.838066457054712 -0.10733982846313744 0.0)
(8.336699021714729 -0.09633880918994421 0.0)
(7.746073260184403 -0.08360018085573825 0.0)
(7.055313916217081 -0.06904104109790865 0.0)
(6.26088115135508 -0.05287941838262738 0.0)
(5.391641273519223 -0.036993705708206495 0.0)
(4.472301104147872 -0.023331466816564585 0.0)
(3.500502971030496 -0.012498011282320623 0.0)
(2.451648323077425 -0.0049870390396307 0.0)
(1.289993085929329 -0.0011615275845727163 0.0)
(0.00504685768090045 -7.949698428072343e-05 0.0)
(-0.00500820664398763 -7.944091992658174e-05 0.0)
(1.2879240533858118 -0.0011605850862229231 0.0)
(2.526369047681051 -0.004982318717219613 0.0)
(3.6996202214360316 -0.01248456152962656 0.0)
(4.771550190511573 -0.02330419773961902 0.0)
(5.71788730542964 -0.03695023038509238 0.0)
(6.538105719138024 -0.05282461240586111 0.0)
(7.256348370086129 -0.06898598780450285 0.0)
(7.898788106541809 -0.08355015638091888 0.0)
(8.463346061036631 -0.09629275712807325 0.0)
(8.93976333878727 -0.10729738127833142 0.0)
(9.328187540700828 -0.11643921921623063 0.0)
(9.628684203784172 -0.12362406571342596 0.0)
(9.840968247002303 -0.12879023769919304 0.0)
(9.96481560691271 -0.1319021687995216 0.0)
(10.000000000000002 -0.13294115009150517 0.0)
(9.946295504198428 -0.1319021687995208 0.0)
(9.80347619744214 -0.12879023769919173 0.0)
(9.571315796215847 -0.12362406571342313 0.0)
(9.249590237076962 -0.1164392192162284 0.0)
(8.838014438990516 -0.107297381278329 0.0)
(8.336653938963396 -0.09629275712807074 0.0)
(7.745656337902633 -0.0835501563809169 0.0)
(7.054762741024946 -0.06898598780450069 0.0)
(6.261894280861972 -0.05282461240585804 0.0)
(5.393223805681456 -0.03695023038508946 0.0)
(4.472894253932812 -0.02330419773961757 0.0)
(3.500379778563932 -0.012484561529626263 0.0)
(2.451408730096706 -0.0049823187172199565 0.0)
(1.2898537243919546 -0.0011605850862229817 0.0)
(0.005008206643974176 -7.944091992658673e-05 0.0)
(-0.004968906361478891 -7.937039989982103e-05 0.0)
(1.288067466836095 -0.0011594629343532816 0.0)
(2.526634758046332 -0.0049770248284569125 0.0)
(3.6998395501418724 -0.01247022401523214 0.0)
(4.771130759662888 -0.023276060007680798 0.0)
(5.716347030686354 -0.03690561285509831 0.0)
(6.536816726893205 -0.05276718255520093 0.0)
(7.256662525504346 -0.06892654366911585 0.0)
(7.8991903479930095 -0.08349522804650937 0.0)
(8.463382702454535 -0.09624193047924046 0.0)
(8.939802595829017 -0.1072503205682394 0.0)
(9.32821102365896 -0.11639573154523028 0.0)
(9.628699122399958 -0.12358359073394393 0.0)
(9.840976284720014 -0.12875203322401305 0.0)
(9.964819495445482 -0.13186537096587164 0.0)
(10.000000000000002 -0.13290482733075218 0.0)
(9.946291615665654 -0.13186537096587084 0.0)
(9.803468159724428 -0.12875203322401169 0.0)
(9.57130087760006 -0.12358359073394104 0.0)
(9.249566754118831 -0.11639573154522798 0.0)
(8.837975181948769 -0.10725032056823686 0.0)
(8.336617297545493 -0.09624193047923783 0.0)
(7.745254096451432 -0.08349522804650725 0.0)
(7.054448585606728 -0.06892654366911352 0.0)
(6.263183273106796 -0.05276718255519771 0.0)
(5.3947640804247445 -0.03690561285509528 0.0)
(4.473313684781497 -0.02327606000767927 0.0)
(3.5001604498580905 -0.012470224015231806 0.0)
(2.4511430197314246 -0.004977024828457242 0.0)
(1.289710310941671 -0.0011594629343533367 0.0)
(0.004968906361465338 -7.93703998998258e-05 0.0)
(-0.0049306836159031826 -7.92885227213992e-05 0.0)
(1.2882086308746492 -0.0011582104342639638 0.0)
(2.526914910968829 -0.004971389977129582 0.0)
(3.700145378184907 -0.012455628703290377 0.0)
(4.7709034767746195 -0.023248289941216135 0.0)
(5.714916690216377 -0.03686181353086957 0.0)
(6.535308507871548 -0.0527096521932228 0.0)
(7.256725857734301 -0.06886532055830855 0.0)
(7.899560234860155 -0.08343780930303706 0.0)
(8.46340929258214 -0.0961885624734132 0.0)
(8.939827366965721 -0.10720071409437 0.0)
(9.328226786275561 -0.11634974062357434 0.0)
(9.628709176505074 -0.12354067356993892 0.0)
(9.84098159737004 -0.12871144511798274 0.0)
(9.964822148017962 -0.13182622893600177 0.0)
(10.000000000000002 -0.13286617507333834 0.0)
(9.946288963093174 -0.13182622893600096 0.0)
(9.803462847074401 -0.12871144511798138 0.0)
(9.571290823494943 -0.12354067356993598 0.0)
(9.24955099150223 -0.11634974062357195 0.0)
(8.837950410812065 -0.10720071409436735 0.0)
(8.336590707417889 -0.09618856247341047 0.0)
(7.744884209584286 -0.0834378093030348 0.0)
(7.054385253376775 -0.0688653205583061 0.0)
(6.264691492128456 -0.05270965219321946 0.0)
(5.396194420894725 -0.03686181353086643 0.0)
(4.4735409676697655 -0.023248289941214546 0.0)
(3.499854621815055 -0.012455628703290004 0.0)
(2.4508628668089267 -0.004971389977129896 0.0)
(1.2895691469031165 -0.0011582104342640154 0.0)
(0.00493068361588954 -7.928852272140375e-05 0.0)
(-0.004895217844774561 -7.919888592474609e-05 0.0)
(1.2883413430118726 -0.0011568826185175097 0.0)
(2.527197197041653 -0.004965661748296272 0.0)
(3.7005242680404202 -0.012441416885106613 0.0)
(4.770878328241076 -0.023222107706141585 0.0)
(5.713659130563227 -0.036820756874584186 0.0)
(6.533647330457657 -0.05265454909878326 0.0)
(7.256535584073671 -0.06880500850356533 0.0)
(7.899881514990992 -0.08338042302504543 0.0)
(8.463424663097884 -0.09613499800313355 0.0)
(8.93983656379895 -0.10715074147443258 0.0)
(9.328234135970092 -0.11630326720822234 0.0)
(9.628713924340534 -0.12349719992308258 0.0)
(9.840983951524256 -0.12867025674822727 0.0)
(9.964823448080967 -0.13178646253909615 0.0)
(10.000000000000002 -0.13282689162874214 0.0)
(9.946287663030171 -0.13178646253909534 0.0)
(9.803460492920186 -0.12867025674822585 0.0)
(9.571286075659483 -0.12349719992307959 0.0)
(9.249543641807698 -0.1163032672082199 0.0)
(8.837941213978835 -0.10715074147442985 0.0)
(8.336575336902143 -0.0961349980031307 0.0)
(7.744562929453448 -0.08338042302504306 0.0)
(7.054575527037406 -0.06880500850356275 0.0)
(6.266352669542353 -0.05265454909877979 0.0)
(5.397451980547877 -0.036820756874580945 0.0)
(4.473566116203307 -0.02322210770613994 0.0)
(3.4994757319595404 -0.012441416885106209 0.0)
(2.4505805807361023 -0.004965661748296572 0.0)
(1.2894364347658926 -0.0011568826185175578 0.0)
(0.004895217844760846 -7.919888592475037e-05 0.0)
(-0.004864067349193629 -7.91054279867207e-05 0.0)
(1.2884597721192461 -0.0011555378289086484 0.0)
(2.5274692131311913 -0.004960091829852419 0.0)
(3.700959571981321 -0.012428213001972069 0.0)
(4.771056419042814 -0.023198663701967288 0.0)
(5.712629606597422 -0.03678424684060828 0.0)
(6.531906183748058 -0.05260429440104369 0.0)
(7.256100064799008 -0.06874825750623381 0.0)
(7.900140071924337 -0.08332559066060426 0.0)
(8.463428138649425 -0.09608359059323213 0.0)
(8.939829782236679 -0.10710259841392485 0.0)
(9.328232749810425 -0.11625835325602416 0.0)
(9.628713157295135 -0.12345507994588498 0.0)
(9.840983243745434 -0.12863027785636164 0.0)
(9.964823338512105 -0.1317478190378843 0.0)
(10.000000000000002 -0.1327887030396522 0.0)
(9.946287772599034 -0.13174781903788343 0.0)
(9.803461200699008 -0.12863027785636022 0.0)
(9.571286842704883 -0.12345507994588195 0.0)
(9.249545027967367 -0.11625835325602166 0.0)
(8.837947995541107 -0.10710259841392206 0.0)
(8.336571861350603 -0.09608359059322917 0.0)
(7.744304372520102 -0.08332559066060174 0.0)
(7.055011046312071 -0.06874825750623112 0.0)
(6.268093816251956 -0.05260429440104012 0.0)
(5.398481504513684 -0.03678424684060498 0.0)
(4.473388025401568 -0.023198663701965595 0.0)
(3.4990404280186382 -0.012428213001971633 0.0)
(2.450308564646563 -0.004960091829852709 0.0)
(1.2893180056585192 -0.0011555378289086935 0.0)
(0.004864067349179854 -7.910542798672476e-05 0.0)
(-0.004838600824947987 -7.901225527814344e-05 0.0)
(1.288558714638451 -0.0011542351530325703 0.0)
(2.52771900734811 -0.004954924953824573 0.0)
(3.701432163548812 -0.012416597208355844 0.0)
(4.771429924195813 -0.02317898801534705 0.0)
(5.711873353718559 -0.036753887613041554 0.0)
(6.530161570543835 -0.052561096199484396 0.0)
(7.255438435830483 -0.06869756110131375 0.0)
(7.900324545141556 -0.08327572144349406 0.0)
(8.463419566527387 -0.09603659899125283 0.0)
(8.939807320248345 -0.1070584002308503 0.0)
(9.328222688701878 -0.11621697220387162 0.0)
(9.628706909071447 -0.12341616431308788 0.0)
(9.84097950513208 -0.1285932650417552 0.0)
(9.964821824125632 -0.13171199635711306 0.0)
(10.000000000000002 -0.13275328724280896 0.0)
(9.946289286985506 -0.1317119963571122 0.0)
(9.803464939312363 -0.12859326504175372 0.0)
(9.57129309092857 -0.1234161643130848 0.0)
(9.249555089075914 -0.11621697220386906 0.0)
(8.83797045752944 -0.10705840023084745 0.0)
(8.33658043347264 -0.09603659899124982 0.0)
(7.744119899302883 -0.08327572144349149 0.0)
(7.055672675280599 -0.06869756110131095 0.0)
(6.2698384294561835 -0.052561096199480746 0.0)
(5.399237757392547 -0.0367538876130382 0.0)
(4.473014520248568 -0.02317898801534533 0.0)
(3.498567836451146 -0.012416597208355388 0.0)
(2.450058770429644 -0.00495492495382485 0.0)
(1.289219063139314 -0.0011542351530326124 0.0)
(0.004838600824934176 -7.901225527814726e-05 0.0)
(-0.004819937224523301 -7.892346163737453e-05 0.0)
(1.2886338232162042 -0.0011530318280840916 0.0)
(2.5279356041915024 -0.00495038814329286 0.0)
(3.7019212779339994 -0.012407079880978947 0.0)
(4.771982432566958 -0.023163945159955335 0.0)
(5.7114236002946095 -0.036731013120802646 0.0)
(6.5284901459575 -0.05252685254405302 0.0)
(7.254579767934555 -0.06865514679609086 0.0)
(7.900426829226968 -0.08323300653588155 0.0)
(8.46339932337513 -0.09599608792221792 0.0)
(8.939770164772627 -0.10702008891251492 0.0)
(9.328204394711152 -0.1161809422594918 0.0)
(9.628695454204989 -0.12338216290640225 0.0)
(9.840972899952025 -0.12856084457976866 0.0)
(9.964818971460922 -0.1316805684798399 0.0)
(10.000000000000002 -0.1327222003435344 0.0)
(9.946292139650216 -0.13168056847983903 0.0)
(9.80347154449242 -0.1285608445797672 0.0)
(9.571304545795028 -0.12338216290639914 0.0)
(9.24957338306664 -0.11618094225948922 0.0)
(8.838007613005159 -0.10702008891251202 0.0)
(8.336600676624897 -0.09599608792221483 0.0)
(7.744017615217471 -0.08323300653587892 0.0)
(7.05653134317653 -0.068655146796088 0.0)
(6.271509854042521 -0.05252685254404934 0.0)
(5.399687510816496 -0.036731013120799266 0.0)
(4.47246201187742 -0.023163945159953594 0.0)
(3.4980787220659577 -0.012407079880978477 0.0)
(2.4498421735862514 -0.004950388143293129 0.0)
(1.2891439545615608 -0.001153031828084132 0.0)
(0.004819937224509474 -7.892346163737816e-05 0.0)
(-0.004808896592378138 -7.884294849454597e-05 0.0)
(1.2886817977190062 -0.0011519807259600288 0.0)
(2.5281094867923226 -0.004946680737412185 0.0)
(3.7024054243456073 -0.01240007919379486 0.0)
(4.772689667949207 -0.023154196091337908 0.0)
(5.7113001076682215 -0.03671662842723283 0.0)
(6.526965349327593 -0.05250306803832223 0.0)
(7.253561789407683 -0.06862287819754184 0.0)
(7.9004424300049845 -0.0831993227526625 0.0)
(8.46336829863973 -0.09596383736838787 0.0)
(8.93971994835315 -0.10698934778815779 0.0)
(9.328178671642736 -0.11615184651272586 0.0)
(9.628679296001637 -0.12335456968543401 0.0)
(9.840963718424796 -0.12853444096619013 0.0)
(9.964814905858839 -0.13165491628949644 0.0)
(10.000000000000002 -0.13269680824331073 0.0)
(9.946296205252299 -0.13165491628949558 0.0)
(9.803480726019647 -0.12853444096618866 0.0)
(9.571320703998381 -0.1233545696854309 0.0)
(9.249599106135056 -0.11615184651272326 0.0)
(8.838057829424637 -0.10698934778815486 0.0)
(8.336631701360297 -0.09596383736838475 0.0)
(7.744002014439455 -0.08319932275265982 0.0)
(7.057549321703405 -0.06862287819753896 0.0)
(6.2730346506724315 -0.052503068038318536 0.0)
(5.399811003442883 -0.03671662842722946 0.0)
(4.471754776495169 -0.023154196091336166 0.0)
(3.497594575654348 -0.012400079193794386 0.0)
(2.449668290985431 -0.004946680737412451 0.0)
(1.289095980058759 -0.001151980725960067 0.0)
(0.004808896592364318 -7.884294849454944e-05 0.0)
(-0.004805964033690694 -7.877425344985903e-05 0.0)
(1.2887005302349706 -0.001151128030164775 0.0)
(2.5282330150672 -0.004943965632814438 0.0)
(3.702863330276031 -0.012395902744191056 0.0)
(4.773520555713714 -0.02315016916573442 0.0)
(5.711508301879475 -0.036711365569451516 0.0)
(6.525654177428495 -0.052490787729961304 0.0)
(7.252429228363998 -0.06860217312885322 0.0)
(7.900370662005958 -0.0831761500976488 0.0)
(8.463327855491304 -0.09594126436009726 0.0)
(8.939658877407519 -0.10696752756654389 0.0)
(9.328146649721193 -0.11613096337745751 0.0)
(9.628659144423285 -0.12333459704583216 0.0)
(9.840952363969903 -0.12851521432749632 0.0)
(9.964809805954504 -0.13163616689639707 0.0)
(10.000000000000002 -0.13267822662456832 0.0)
(9.946301305156634 -0.13163616689639615 0.0)
(9.80349208047454 -0.1285152143274948 0.0)
(9.571340855576732 -0.12333459704582903 0.0)
(9.249631128056597 -0.1161309633774549 0.0)
(8.838118900370267 -0.10696752756654096 0.0)
(8.336672144508723 -0.09594126436009413 0.0)
(7.744073782438481 -0.08317615009764612 0.0)
(7.058681882747092 -0.06860217312885034 0.0)
(6.274345822571531 -0.052490787729957626 0.0)
(5.399602809231628 -0.036711365569448165 0.0)
(4.47092388873066 -0.023150169165732693 0.0)
(3.4971366697239237 -0.012395902744190583 0.0)
(2.449544762710553 -0.0049439656328147 0.0)
(1.2890772475427945 -0.0011511280301648122 0.0)
(0.0048059640336769035 -7.877425344986239e-05 0.0)
(-0.004811268399724728 -7.872039483790322e-05 0.0)
(1.2886891976916164 -0.0011505112065916116 0.0)
(2.5283007614097257 -0.004942362126228499 0.0)
(3.703274876176403 -0.012394734037722527 0.0)
(4.774438588172172 -0.023152041318888827 0.0)
(5.712039035255607 -0.03671545578780149 0.0)
(6.524614240754732 -0.05249055119325343 0.0)
(7.251231847463799 -0.06859394133286434 0.0)
(7.900214678584472 -0.08316450673490859 0.0)
(8.463279770927803 -0.09592936071403421 0.0)
(8.93958963528136 -0.10695558698829193 0.0)
(9.328109735931177 -0.11611921042044582 0.0)
(9.62863588489342 -0.1233231225488419 0.0)
(9.840939335481321 -0.12850400944701715 0.0)
(9.964803895828382 -0.1316251441145735 0.0)
(10.000000000000002 -0.13266727192964053 0.0)
(9.946307215282756 -0.13162514411457257 0.0)
(9.80350510896312 -0.12850400944701568 0.0)
(9.571364115106599 -0.12332312254883876 0.0)
(9.249668041846615 -0.11611921042044321 0.0)
(8.838188142496428 -0.106955586988289 0.0)
(8.336720229072224 -0.09592936071403112 0.0)
(7.744229765859968 -0.08316450673490591 0.0)
(7.059879263647295 -0.06859394133286148 0.0)
(6.275385759245296 -0.052490551193249795 0.0)
(5.399072075855493 -0.036715455787798196 0.0)
(4.4700058562721985 -0.023152041318887127 0.0)
(3.496725123823551 -0.012394734037722064 0.0)
(2.4494770163680277 -0.004942362126228762 0.0)
(1.2890885800861487 -0.0011505112065916484 0.0)
(0.004811268399710986 -7.87203948379065e-05 0.0)
(-0.004824576626340768 -7.868373910755633e-05 0.0)
(1.2886482980201661 -0.0011501573573398963 0.0)
(2.5283097491695465 -0.004941940672800224 0.0)
(3.703621979472762 -0.012396624425213412 0.0)
(4.775403428657852 -0.02315973029181653 0.0)
(5.712868988343021 -0.036728719365571295 0.0)
(6.523891232221238 -0.05250236882118884 0.0)
(7.250022257433294 -0.06859854449963129 0.0)
(7.899981333366702 -0.08316490425249971 0.0)
(8.463226157696981 -0.09592864945462967 0.0)
(8.939515264347017 -0.10695405070056567 0.0)
(9.328069552197086 -0.11611710404512046 0.0)
(9.628610539393232 -0.12332065036286893 0.0)
(9.840925205407006 -0.12850131864670225 0.0)
(9.964797435160603 -0.13162233226489345 0.0)
(10.000000000000002 -0.13266442548778143 0.0)
(9.946313675950535 -0.1316223322648926 0.0)
(9.803519239037437 -0.12850131864670078 0.0)
(9.571389460606786 -0.12332065036286585 0.0)
(9.249708225580706 -0.11611710404511788 0.0)
(8.838262513430768 -0.10695405070056277 0.0)
(8.336773842303048 -0.0959286494546266 0.0)
(7.7444631110777395 -0.08316490425249712 0.0)
(7.061088853677803 -0.06859854449962849 0.0)
(6.276108767778791 -0.05250236882118527 0.0)
(5.398242122768075 -0.03672871936556807 0.0)
(4.469041015786517 -0.02315973029181487 0.0)
(3.4963780205271915 -0.012396624425212966 0.0)
(2.4494680286082073 -0.004941940672800491 0.0)
(1.2891294797575992 -0.0011501573573399332 0.0)
(0.004824576626327096 -7.868373910755956e-05 0.0)
(-0.00484530397440802 -7.866589684455e-05 0.0)
(1.2885796282773596 -0.0011500820298984006 0.0)
(2.528259583440939 -0.004942719790422222 0.0)
(3.7038893890812745 -0.012401490846495729 0.0)
(4.7763726838449365 -0.023172898245113666 0.0)
(5.713961694521412 -0.03675057352541875 0.0)
(6.523516919500268 -0.05252572136881576 0.0)
(7.24885360544554 -0.06861578037442759 0.0)
(7.899680879114624 -0.0831773251842265 0.0)
(8.463169371466115 -0.09593916183332063 0.0)
(8.939439032327293 -0.1069629862050372 0.0)
(9.328027864118683 -0.11612473680175972 0.0)
(9.628584221557631 -0.12332728911124224 0.0)
(9.84091059459657 -0.12850726015539468 0.0)
(9.96479070782109 -0.13162785489488776 0.0)
(10.000000000000002 -0.13266981236643896 0.0)
(9.946320403290049 -0.13162785489488685 0.0)
(9.803533849847872 -0.1285072601553932 0.0)
(9.571415778442386 -0.12332728911123916 0.0)
(9.249749913659109 -0.1161247368017572 0.0)
(8.838338745450493 -0.10696298620503436 0.0)
(8.336830628533914 -0.09593916183331765 0.0)
(7.744763565329818 -0.08317732518422397 0.0)
(7.062257505665558 -0.06861578037442487 0.0)
(6.2764830804997604 -0.052525721368812305 0.0)
(5.39714941658968 -0.03675057352541562 0.0)
(4.46807176059943 -0.02317289824511207 0.0)
(3.4961106109186786 -0.012401490846495307 0.0)
(2.449518194336815 -0.0049427197904224965 0.0)
(1.2891981495004061 -0.0011500820298984383 0.0)
(0.004845303974394431 -7.866589684455329e-05 0.0)
(-0.004872539722172019 -7.866765200527933e-05 0.0)
(1.2884862056860678 -0.0011502885340170957 0.0)
(2.5281524684142425 -0.004944665246091539 0.0)
(3.7040653555129537 -0.012409119479921196 0.0)
(4.777303766433708 -0.02319096660300245 0.0)
(5.715269142280351 -0.036780058035541234 0.0)
(6.523507749207995 -0.05255958276791376 0.0)
(7.247777239930892 -0.06864489164444681 0.0)
(7.899326517238409 -0.0832012237770723 0.0)
(8.463111907318304 -0.09596043595541928 0.0)
(8.93936428871767 -0.10698200089198713 0.0)
(9.327986503393868 -0.11614177332100062 0.0)
(9.628558087744166 -0.12334274709950349 0.0)
(9.840896145022295 -0.1285215729140722 0.0)
(9.964784009396833 -0.1316414693502978 0.0)
(10.000000000000002 -0.13268319587601993 0.0)
(9.946327101714305 -0.13164146935029694 0.0)
(9.803548299422147 -0.1285215729140708 0.0)
(9.571441912255851 -0.12334274709950047 0.0)
(9.249791274383924 -0.11614177332099812 0.0)
(8.838413489060116 -0.10698200089198434 0.0)
(8.336888092681724 -0.09596043595541635 0.0)
(7.745117927206034 -0.08320122377706987 0.0)
(7.063333871180209 -0.0686448916444442 0.0)
(6.276492250792031 -0.05255958276791043 0.0)
(5.395841968830737 -0.03678005803553819 0.0)
(4.467140678010656 -0.023190966603000917 0.0)
(3.4959346444869994 -0.012409119479920806 0.0)
(2.449625309363512 -0.004944665246091823 0.0)
(1.2892915720916982 -0.0011502885340171352 0.0)
(0.004872539722158525 -7.866765200528266e-05 0.0)
)
