(
(0.007862138449447767 -7.864267223923105e-05 0.0)
(1.331417964622979 -0.0010953988012365496 0.0)
(2.5995439548324626 -0.004384245687328125 0.0)
(3.7893894863436457 -0.01010683731831624 0.0)
(4.869486730656845 -0.017352949358590983 0.0)
(5.816540418564169 -0.025862008699654108 0.0)
(6.62100024522234 -0.036078007997513144 0.0)
(7.323014913109654 -0.04716318476705521 0.0)
(7.959344737639454 -0.05742085831094537 0.0)
(8.513620758917197 -0.06636740468743511 0.0)
(8.979692929377595 -0.07407602824194025 0.0)
(9.359238994435373 -0.08047966129185656 0.0)
(9.65138580739348 -0.08551264816830613 0.0)
(9.855839845232943 -0.08913168950124443 0.0)
(9.972165813521235 -0.09131189685069363 0.0)
(10.0 -0.09203976175976467 0.0)
(9.9389452975899 -0.09131189685069227 0.0)
(9.788604599211492 -0.08913168950124194 0.0)
(9.548614192606534 -0.08551264816830217 0.0)
(9.21853878334242 -0.08047966129185227 0.0)
(8.798084848400187 -0.0740760282419356 0.0)
(8.286379241082832 -0.06636740468742958 0.0)
(7.685099706804996 -0.05742085831093982 0.0)
(6.988096198001446 -0.047163184767050205 0.0)
(6.178999754777655 -0.036078007997507794 0.0)
(5.294570692546905 -0.025862008699648803 0.0)
(4.374957713787533 -0.017352949358588107 0.0)
(3.410610513656327 -0.01010683731831537 0.0)
(2.378233822945299 -0.004384245687328208 0.0)
(1.2463598131547846 -0.0010953988012364945 0.0)
(-0.007862138449457755 -7.864267223922495e-05 0.0)
(0.007831519704307807 -7.874439069092935e-05 0.0)
(1.3313003093120372 -0.0010968401120794032 0.0)
(2.5992604696071195 -0.004390081007020539 0.0)
(3.788893009030086 -0.010120298492933803 0.0)
(4.869177718016283 -0.01737629262019722 0.0)
(5.817502162154046 -0.025898195915790175 0.0)
(6.622900448513613 -0.03612864704066621 0.0)
(7.323622611701806 -0.047221494857799806 0.0)
(7.959106408879911 -0.05747771827739988 0.0)
(8.51362405136125 -0.06642085254934506 0.0)
(8.979709539208804 -0.07412619417613266 0.0)
(9.359245604594049 -0.08052654906583588 0.0)
(9.651389865359134 -0.08555668312237148 0.0)
(9.855842398315257 -0.08917353033345592 0.0)
(9.972166758700006 -0.09135236724444865 0.0)
(10.0 -0.0920797644469773 0.0)
(9.93894435241113 -0.09135236724444731 0.0)
(9.788602046129178 -0.08917353033345347 0.0)
(9.54861013464088 -0.08555668312236758 0.0)
(9.218532173183744 -0.08052654906583165 0.0)
(8.798068238568979 -0.07412619417612806 0.0)
(8.28637594863878 -0.06642085254933963 0.0)
(7.68533803556454 -0.05747771827739444 0.0)
(6.987488499409292 -0.047221494857794914 0.0)
(6.177099551486377 -0.036128647040660974 0.0)
(5.2936089489570275 -0.025898195915784933 0.0)
(4.375266726428096 -0.017376292620194394 0.0)
(3.411106990969888 -0.010120298492932956 0.0)
(2.3785173081706423 -0.004390081007020635 0.0)
(1.2464774684657265 -0.0010968401120793516 0.0)
(-0.007831519704317747 -7.874439069092352e-05 0.0)
(0.007807755220933467 -7.884339189949752e-05 0.0)
(1.3312064532201204 -0.001098201868226618 0.0)
(2.5990076614738773 -0.004395343496914237 0.0)
(3.7883680866552547 -0.010131728370813832 0.0)
(4.868665314482261 -0.017395019585117986 0.0)
(5.818146459598419 -0.025926893575615725 0.0)
(6.624759374290253 -0.03617047758025108 0.0)
(7.324459723553106 -0.047271895052181004 0.0)
(7.95895360903998 -0.05752787958367442 0.0)
(8.513640256570033 -0.06646827276800081 0.0)
(8.979742663442286 -0.07417091800995056 0.0)
(9.35926141218098 -0.0805685166251361 0.0)
(9.65139973743587 -0.0855962197192703 0.0)
(9.855848159003033 -0.08921118170535104 0.0)
(9.972169196274038 -0.09138883727072922 0.0)
(10.0 -0.09211582963439952 0.0)
(9.938941914837098 -0.09138883727072789 0.0)
(9.788596285441404 -0.0892111817053486 0.0)
(9.548600262564145 -0.08559621971926643 0.0)
(9.218516365596814 -0.08056851662513193 0.0)
(8.798035114335496 -0.07417091800994605 0.0)
(8.286359743429996 -0.06646827276799544 0.0)
(7.685490835404471 -0.05752787958366905 0.0)
(6.9866513875579885 -0.047271895052176195 0.0)
(6.1752406257097325 -0.036170477580245886 0.0)
(5.292964651512655 -0.025926893575610524 0.0)
(4.375779129962122 -0.017395019585115187 0.0)
(3.411631913344721 -0.010131728370813007 0.0)
(2.3787701163038855 -0.004395343496914341 0.0)
(1.2465713245576435 -0.0010982018682265686 0.0)
(-0.0078077552209433795 -7.884339189949191e-05 0.0)
(0.007791889167248324 -7.893532593294863e-05 0.0)
(1.331140520212202 -0.001099424236604347 0.0)
(2.59879663835961 -0.0043998019328307415 0.0)
(3.787837783347984 -0.010140624744032654 0.0)
(4.867972034128646 -0.01740830742477467 0.0)
(5.818445001646292 -0.02594684075645892 0.0)
(6.626495344754442 -0.03620166165888517 0.0)
(7.325489467500262 -0.04731217085786221 0.0)
(7.958893051865091 -0.057569138233738784 0.0)
(8.513668662516322 -0.06650758178574746 0.0)
(8.97979084665982 -0.07420823465995595 0.0)
(9.359285722639715 -0.08060371999197909 0.0)
(9.651414989862696 -0.08562952079326504 0.0)
(9.855856874182185 -0.08924298928452996 0.0)
(9.972173019140788 -0.09141970450330061 0.0)
(10.0 -0.0921463726836754 0.0)
(9.938938091970346 -0.09141970450329931 0.0)
(9.78858757026225 -0.08924298928452755 0.0)
(9.54858501013732 -0.0856295207932612 0.0)
(9.218492055138078 -0.08060371999197494 0.0)
(8.797986931117961 -0.07420823465995147 0.0)
(8.286331337483707 -0.06650758178574212 0.0)
(7.68555139257936 -0.05756913823373348 0.0)
(6.98562164361083 -0.047312170857857445 0.0)
(6.173504655245541 -0.036201661658880016 0.0)
(5.2926661094647836 -0.025946840756453725 0.0)
(4.376472410315738 -0.01740830742477188 0.0)
(3.4121622166519927 -0.010140624744031839 0.0)
(2.378981139418153 -0.0043998019328308526 0.0)
(1.246637257565562 -0.0010994242366043 0.0)
(-0.007791889167258232 -7.893532593294321e-05 0.0)
(0.007784618668625174 -7.901615337804142e-05 0.0)
(1.331105407264029 -0.0011004535085823326 0.0)
(2.598636672233904 -0.004403260419252361 0.0)
(3.7873253996654332 -0.010146596722226483 0.0)
(4.867128338425856 -0.01741557229580217 0.0)
(5.818384670906247 -0.025957161015685837 0.0)
(6.628032084539851 -0.036220829105202974 0.0)
(7.326666598478098 -0.047340552629624305 0.0)
(7.958927398126719 -0.057599681397989724 0.0)
(8.513708021094804 -0.06653705243625903 0.0)
(8.97985197177898 -0.07423650450081644 0.0)
(9.359317467813174 -0.08063061239482845 0.0)
(9.65143495247588 -0.08565512315608691 0.0)
(9.85586816092369 -0.08926755550415387 0.0)
(9.972178059330487 -0.09144361269243365 0.0)
(10.0 -0.09217005158909669 0.0)
(9.938933051780648 -0.09144361269243231 0.0)
(9.788576283520747 -0.08926755550415146 0.0)
(9.548565047524136 -0.08565512315608306 0.0)
(9.21846030996462 -0.0806306123948243 0.0)
(8.797925805998801 -0.07423650450081198 0.0)
(8.286291978905226 -0.06653705243625371 0.0)
(7.685517046317731 -0.05759968139798444 0.0)
(6.98444451263299 -0.047340552629619566 0.0)
(6.171967915460129 -0.036220829105197805 0.0)
(5.29272644020483 -0.02595716101568063 0.0)
(4.37731610601853 -0.017415572295799372 0.0)
(3.4126746003345447 -0.01014659672222567 0.0)
(2.379141105543859 -0.004403260419252476 0.0)
(1.246672370513735 -0.0011004535085822875 0.0)
(-0.007784618668635104 -7.901615337803616e-05 0.0)
(0.00778626317747252 -7.908232282470814e-05 0.0)
(1.3311026571743068 -0.001101244459832863 0.0)
(2.598534791715672 -0.004405566996612849 0.0)
(3.7868534488092336 -0.010149381907598913 0.0)
(4.866171297819575 -0.01741649499305825 0.0)
(5.81796811820063 -0.025957400899986435 0.0)
(6.629302072111696 -0.036227137736679134 0.0)
(7.327939395504948 -0.04735579332433905 0.0)
(7.959055138712967 -0.05761816706566719 0.0)
(8.513756602961543 -0.06655538983306707 0.0)
(8.979923353073854 -0.07425448540744288 0.0)
(9.359355252876508 -0.0806480122307013 0.0)
(9.651458748154718 -0.08567190188675176 0.0)
(9.855881523308769 -0.0892838009694751 0.0)
(9.972184095386417 -0.09145951135603661 0.0)
(10.0 -0.0921858259428785 0.0)
(9.938927015724717 -0.09145951135603528 0.0)
(9.788562921135666 -0.08928380096947268 0.0)
(9.548541251845295 -0.08567190188674792 0.0)
(9.218422524901285 -0.08064801223069715 0.0)
(8.797854424703928 -0.0742544854074384 0.0)
(8.286243397038486 -0.06655538983306175 0.0)
(7.6853893057314835 -0.057618167065661904 0.0)
(6.983171715606137 -0.047355793324334296 0.0)
(6.170697927888281 -0.03622713773667392 0.0)
(5.293142992910449 -0.02595740089998118 0.0)
(4.378273146624815 -0.017416494993055424 0.0)
(3.4131465511907453 -0.010149381907598095 0.0)
(2.379242986062091 -0.004405566996612965 0.0)
(1.246675120603457 -0.0011012444598328187 0.0)
(-0.007786263177482494 -7.908232282470299e-05 0.0)
(0.007796750437080153 -7.913092690851585e-05 0.0)
(1.3311323907769466 -0.001101762337404993 0.0)
(2.5984954732485006 -0.004406620318122754 0.0)
(3.786442667436597 -0.010148857924200031 0.0)
(4.865142962923185 -0.017411034974913496 0.0)
(5.817213646093265 -0.025947549869283385 0.0)
(6.630249506539447 -0.036220310363587895 0.0)
(7.32925193420797 -0.047357223293762754 0.0)
(7.959270660936166 -0.05762378301035202 0.0)
(8.513812273518193 -0.06656178826450314 0.0)
(8.980001854180934 -0.0742613873316932 0.0)
(9.359397417623162 -0.08065515498264143 0.0)
(9.65148533136062 -0.08567911975852997 0.0)
(9.855896374218672 -0.08929101188446771 0.0)
(9.972190862095326 -0.09146670193591655 0.0)
(10.0 -0.09219300264877403 0.0)
(9.93892024901581 -0.09146670193591522 0.0)
(9.788548070225763 -0.0892910118844653 0.0)
(9.548514668639395 -0.08567911975852613 0.0)
(9.218380360154631 -0.08065515498263726 0.0)
(8.797775923596848 -0.07426138733168869 0.0)
(8.286187726481835 -0.06656178826449782 0.0)
(7.685173783508283 -0.057623783010346694 0.0)
(6.981859176903112 -0.047357223293757945 0.0)
(6.16975049346053 -0.03622031036358263 0.0)
(5.293897465017817 -0.025947549869278073 0.0)
(4.379301481521208 -0.017411034974910634 0.0)
(3.413557332563382 -0.010148857924199195 0.0)
(2.3792823045292626 -0.004406620318122867 0.0)
(1.2466453870008167 -0.0011017623374049489 0.0)
(-0.007796750437090191 -7.913092690851076e-05 0.0)
(0.007815619656446811 -7.91598300549407e-05 0.0)
(1.331193301631845 -0.0011019843867056346 0.0)
(2.598520444413906 -0.004406374102761923 0.0)
(3.7861111045295344 -0.010145047794901782 0.0)
(4.8640885168907495 -0.017399432144576378 0.0)
(5.816154404708282 -0.025928040759843844 0.0)
(6.630832759287631 -0.036200646968212576 0.0)
(7.330546544037773 -0.047344779707654966 0.0)
(7.959564495144118 -0.05761628247770882 0.0)
(8.513872586702343 -0.0665559665951956 0.0)
(8.980084025905185 -0.07425690701564257 0.0)
(9.359442109411306 -0.08065172681119594 0.0)
(9.651513534076145 -0.08567645963134037 0.0)
(9.855912061131585 -0.0892888714147189 0.0)
(9.972198062140402 -0.09146486849114835 0.0)
(10.0 -0.09219126637545563 0.0)
(9.938913048970733 -0.09146486849114702 0.0)
(9.788532383312852 -0.08928887141471646 0.0)
(9.548486465923869 -0.0856764596313365 0.0)
(9.218335668366485 -0.08065172681119173 0.0)
(8.797693751872597 -0.07425690701563803 0.0)
(8.286127413297686 -0.0665559665951902 0.0)
(7.68487994930033 -0.05761628247770342 0.0)
(6.980564567073305 -0.047344779707650074 0.0)
(6.169167240712347 -0.03620064696820721 0.0)
(5.294956706402805 -0.02592804075983844 0.0)
(4.380355927553646 -0.017399432144573453 0.0)
(3.4138888954704454 -0.010145047794900922 0.0)
(2.379257333363857 -0.004406374102762031 0.0)
(1.2465844761459184 -0.0011019843867055895 0.0)
(-0.007815619656456935 -7.915983005493557e-05 0.0)
(0.007842041756593787 -7.916776231260556e-05 0.0)
(1.3312827134274703 -0.0011019008512947448 0.0)
(2.5986086080245636 -0.004404839168782877 0.0)
(3.7858733283556045 -0.010138118929815096 0.0)
(4.863054290151878 -0.017382196309185124 0.0)
(5.814836935174308 -0.025899730766245677 0.0)
(6.631026203297521 -0.036169011524172796 0.0)
(7.331766342206859 -0.047319009314424385 0.0)
(7.95992373079928 -0.057595995027420105 0.0)
(8.51393489246302 -0.06653818061864329 0.0)
(8.980166257771376 -0.07424124131618175 0.0)
(9.359487364565531 -0.08063787834394644 0.0)
(9.651542117125572 -0.08566403838630506 0.0)
(9.855927894793254 -0.08927747360855358 0.0)
(9.972205379164837 -0.09145409157994094 0.0)
(10.0 -0.09218069341159651 0.0)
(9.9389057319463 -0.09145409157993958 0.0)
(9.788516549651183 -0.08927747360855111 0.0)
(9.548457882874441 -0.08566403838630116 0.0)
(9.218290413212262 -0.08063787834394218 0.0)
(8.797611520006406 -0.07424124131617715 0.0)
(8.28606510753701 -0.06653818061863784 0.0)
(7.684520713645168 -0.05759599502741462 0.0)
(6.979344768904217 -0.04731900931441938 0.0)
(6.168973796702457 -0.03616901152416731 0.0)
(5.296274175936782 -0.025899730766240164 0.0)
(4.38139015429252 -0.01738219630918213 0.0)
(3.4141266716443757 -0.010138118929814208 0.0)
(2.3791691697531987 -0.004404839168782976 0.0)
(1.2464950643502928 -0.001101900851294698 0.0)
(-0.007842041756604008 -7.916776231260038e-05 0.0)
(0.007874855798778486 -7.91543751526203e-05 0.0)
(1.3313966975730973 -0.0011015154015654538 0.0)
(2.5987560903327123 -0.004402082958376571 0.0)
(3.7857397863648905 -0.010128375770595882 0.0)
(4.862085724737412 -0.01736008477981476 0.0)
(5.813319124692426 -0.025863863777815906 0.0)
(6.630821338993222 -0.03612679403500426 0.0)
(7.332857733015236 -0.04728104441800396 0.0)
(7.960332583744165 -0.05756381205293673 0.0)
(8.513996453199084 -0.06650921181811749 0.0)
(8.980244936661745 -0.07421507855548547 0.0)
(9.359531194657151 -0.08061421805720882 0.0)
(9.651569824622001 -0.08564240179020689 0.0)
(9.85594317950155 -0.08925731926472293 0.0)
(9.972212491671964 -0.09143484472005697 0.0)
(10.0 -0.09216174831388596 0.0)
(9.938898619439172 -0.09143484472005561 0.0)
(9.788501264942886 -0.08925731926472043 0.0)
(9.548430175378014 -0.08564240179020294 0.0)
(9.21824658312064 -0.0806142180572045 0.0)
(8.797532841116038 -0.07421507855548079 0.0)
(8.286003546800945 -0.06650921181811192 0.0)
(7.6841118607002805 -0.057563812052931124 0.0)
(6.978253378095839 -0.04728104441799882 0.0)
(6.169178661006759 -0.03612679403499862 0.0)
(5.297791986418669 -0.025863863777810282 0.0)
(4.382358719706987 -0.01736008477981169 0.0)
(3.4142602136350897 -0.01012837577059496 0.0)
(2.379021687445049 -0.004402082958376657 0.0)
(1.2463810802046653 -0.0011015154015654052 0.0)
(-0.007874855798788818 -7.915437515261504e-05 0.0)
(0.00791261999401891 -7.912025678230358e-05 0.0)
(1.3315302458138953 -0.0011008449734737074 0.0)
(2.5989564112355428 -0.004398226574385914 0.0)
(3.785716346148156 -0.010116246413835626 0.0)
(4.861225377639724 -0.017334069096613912 0.0)
(5.811667663078453 -0.025822015724409345 0.0)
(6.630227167737474 -0.0360758494599463 0.0)
(7.333772762747425 -0.04723255312648758 0.0)
(7.960773089728352 -0.05752114761528039 0.0)
(8.514054564044416 -0.06647033302971629 0.0)
(8.980316605569787 -0.07417956827739526 0.0)
(9.359571673872127 -0.0805817855406971 0.0)
(9.651595439148725 -0.08561250051549536 0.0)
(9.855957243674355 -0.08922929392822355 0.0)
(9.972219087151231 -0.0914079735833086 0.0)
(10.0 -0.09213526349525825 0.0)
(9.938892023959905 -0.09140797358330721 0.0)
(9.788487200770081 -0.089229293928221 0.0)
(9.548404560851289 -0.08561250051549135 0.0)
(9.218206103905667 -0.0805817855406927 0.0)
(8.797461172207996 -0.0741795682773905 0.0)
(8.285945435955613 -0.06647033302971062 0.0)
(7.683671354716092 -0.05752114761527466 0.0)
(6.977338348363648 -0.047232553126482286 0.0)
(6.16977283226251 -0.03607584945994051 0.0)
(5.299443448032647 -0.02582201572440359 0.0)
(4.383219066804678 -0.017334069096610765 0.0)
(3.4142836538518235 -0.010116246413834665 0.0)
(2.378821366542218 -0.0043982265743859866 0.0)
(1.2462475319638668 -0.0011008449734736562 0.0)
(-0.007912619994029353 -7.912025678229813e-05 0.0)
(0.007953675052663834 -7.906690630042932e-05 0.0)
(1.3316774902844832 -0.0010999190244033428 0.0)
(2.599200768999062 -0.0043934394592684 0.0)
(3.785804037625642 -0.010102263801280346 0.0)
(4.860511050936324 -0.017305292341108086 0.0)
(5.809955112534443 -0.02577602533293383 0.0)
(6.62926979632825 -0.03601841621042653 0.0)
(7.3344712266709955 -0.04717566605851217 0.0)
(7.961225893724779 -0.057469876311789334 0.0)
(8.514106671714783 -0.06642325251627539 0.0)
(8.980378115494798 -0.07413627073856625 0.0)
(9.359607023627806 -0.08054200581985314 0.0)
(9.651617835250303 -0.0855756483694785 0.0)
(9.855969469357646 -0.08919462898107029 0.0)
(9.972224875809344 -0.09137465883828519 0.0)
(10.0 -0.09210240265019132 0.0)
(9.93888623530179 -0.0913746588382838 0.0)
(9.78847497508679 -0.08919462898106774 0.0)
(9.548382164749711 -0.08557564836947443 0.0)
(9.218170754149988 -0.08054200581984869 0.0)
(8.797399662282984 -0.07413627073856138 0.0)
(8.285893328285246 -0.06642325251626957 0.0)
(7.683218550719665 -0.05746987631178346 0.0)
(6.976639884440077 -0.047175666058506725 0.0)
(6.170730203671738 -0.03601841621042057 0.0)
(5.301155998576662 -0.025776025332927943 0.0)
(4.3839333935080775 -0.017305292341104856 0.0)
(3.4141959623743365 -0.01010226380127934 0.0)
(2.378577008778698 -0.004393439459268457 0.0)
(1.2461002874932785 -0.0010999190244032882 0.0)
(-0.007953675052674395 -7.906690630042366e-05 0.0)
(0.007996217090544504 -7.899666782956908e-05 0.0)
(1.3318319613321996 -0.0010987782388625358 0.0)
(2.59947842699018 -0.004387931950104512 0.0)
(3.785999007794255 -0.010087042303345251 0.0)
(4.859974130835738 -0.017275018911288617 0.0)
(5.808256719398277 -0.02572791333705374 0.0)
(6.627991289913809 -0.035957017798357645 0.0)
(7.334922435558948 -0.04711288272777263 0.0)
(7.961671100354224 -0.05741225090974075 0.0)
(8.514150486694476 -0.06637003890942393 0.0)
(8.980426763803202 -0.07408708835364396 0.0)
(9.359635690720593 -0.08049662674283593 0.0)
(9.651636028883003 -0.08553346456803314 0.0)
(9.855979319377264 -0.08915484753762339 0.0)
(9.972229603303258 -0.09133636427393549 0.0)
(10.0 -0.09206460962410018 0.0)
(9.938881507807876 -0.09133636427393407 0.0)
(9.788465125067173 -0.08915484753762078 0.0)
(9.548363971117011 -0.08553346456802902 0.0)
(9.218142087057199 -0.0804966267428314 0.0)
(8.797351013974579 -0.074087088353639 0.0)
(8.285849513305552 -0.066370038909418 0.0)
(7.682773344090219 -0.057412250909734744 0.0)
(6.976188675552125 -0.047112882727767015 0.0)
(6.172008710086184 -0.03595701779835153 0.0)
(5.302854391712832 -0.025727913337047728 0.0)
(4.384470313608665 -0.017275018911285304 0.0)
(3.414000992205723 -0.010087042303344203 0.0)
(2.378299350787579 -0.004387931950104555 0.0)
(1.2459458164455617 -0.001098778238862478 0.0)
(-0.007996217090555176 -7.899666782956323e-05 0.0)
(0.00803837688834491 -7.891262751963488e-05 0.0)
(1.3319868717818044 -0.0010974727408809418 0.0)
(2.599777185424729 -0.0043819460367712105 0.0)
(3.7862926900214733 -0.010071250724802664 0.0)
(4.859638208624917 -0.017244578966278103 0.0)
(5.806647107957236 -0.025679793689849652 0.0)
(6.62644782372704 -0.03589435195764077 0.0)
(7.335106564118209 -0.047046961718962776 0.0)
(7.962089148051872 -0.057350803363877975 0.0)
(8.514184083833447 -0.06631303031769549 0.0)
(8.980460412977328 -0.07403418210664524 0.0)
(9.359656415570878 -0.0804476421832709 0.0)
(9.651649220651889 -0.08548780259022175 0.0)
(9.855986360941367 -0.08911169752172977 0.0)
(9.972233061915539 -0.0912947724833591 0.0)
(10.0 -0.09202354497341089 0.0)
(9.938878049195596 -0.09129477248335766 0.0)
(9.78845808350307 -0.08911169752172714 0.0)
(9.548350779348125 -0.08548780259021754 0.0)
(9.218121362206915 -0.08044764218326628 0.0)
(8.797317364800454 -0.07403418210664015 0.0)
(8.285815916166582 -0.06631303031768945 0.0)
(7.68235529639257 -0.05735080336387181 0.0)
(6.976004546992864 -0.047046961718956996 0.0)
(6.173552176272957 -0.035894351957634504 0.0)
(5.304464003153876 -0.025679793689843522 0.0)
(4.384806235819486 -0.01724457896627472 0.0)
(3.4137073099785034 -0.010071250724801578 0.0)
(2.37800059235303 -0.0043819460367712365 0.0)
(1.2457909059959564 -0.0010974727408808798 0.0)
(-0.008038376888355686 -7.891262751962875e-05 0.0)
(0.008078302021678868 -7.881847794809777e-05 0.0)
(1.3321354151515428 -0.00109605989165153 0.0)
(2.6000839174036567 -0.004375744729349439 0.0)
(3.7866721804475096 -0.010055582918723873 0.0)
(4.859518044111252 -0.017215309981571995 0.0)
(5.8051970015933385 -0.025633780680587293 0.0)
(6.6247072148485 -0.03583317211067307 0.0)
(7.3350155220767395 -0.04698079948061065 0.0)
(7.962461668566683 -0.057288233566951105 0.0)
(8.51420598693487 -0.06625473159431634 0.0)
(8.980477584534023 -0.07397987660127393 0.0)
(9.359668287566654 -0.08039720443309063 0.0)
(9.651656830934769 -0.08544066873981308 0.0)
(9.855990284656512 -0.08906707486614711 0.0)
(9.97223509968109 -0.09125171093374387 0.0)
(10.0 -0.09198101300374911 0.0)
(9.938876011430047 -0.09125171093374243 0.0)
(9.788454159787925 -0.08906707486614442 0.0)
(9.548343169065246 -0.08544066873980885 0.0)
(9.21810949021114 -0.08039720443308593 0.0)
(8.797300193243759 -0.07397987660126876 0.0)
(8.285794013065157 -0.06625473159431017 0.0)
(7.681982775877758 -0.057288233566944805 0.0)
(6.976095589034335 -0.04698079948060472 0.0)
(6.175292785151503 -0.03583317211066667 0.0)
(5.305914109517777 -0.02563378068058106 0.0)
(4.384926400333151 -0.017215309981568543 0.0)
(3.4133278195524657 -0.01005558291872275 0.0)
(2.3776938603741007 -0.00437574472934945 0.0)
(1.2456423626262179 -0.001096059891651465 0.0)
(-0.00807830202168973 -7.881847794809137e-05 0.0)
(0.008114238253228651 -7.871835587488935e-05 0.0)
(1.332271064717501 -0.0010946017691847076 0.0)
(2.6003851456849607 -0.004369600501942341 0.0)
(3.7871208049573024 -0.010040727299844539 0.0)
(4.859618917103639 -0.01718849798281219 0.0)
(5.803970115327319 -0.02559189603671524 0.0)
(6.622845942447955 -0.03577616638800495 0.0)
(7.334653309655284 -0.046917303060429044 0.0)
(7.9627722940287455 -0.05722729072136888 0.0)
(8.514215233616543 -0.06619770427853723 0.0)
(8.980477523986501 -0.07392655792208701 0.0)
(9.359670785074146 -0.08034752963476478 0.0)
(9.651658525349736 -0.08539413399196523 0.0)
(9.855990918121833 -0.08902294020872682 0.0)
(9.972235627064219 -0.09120907167080108 0.0)
(10.0 -0.09193888249205168 0.0)
(9.938875484046918 -0.09120907167079959 0.0)
(9.788453526322604 -0.0890229402087241 0.0)
(9.548341474650277 -0.08539413399196094 0.0)
(9.218106992703648 -0.08034752963476 0.0)
(8.79730025379128 -0.07392655792208175 0.0)
(8.285784766383484 -0.06619770427853094 0.0)
(7.681672150415695 -0.05722729072136247 0.0)
(6.976457801455792 -0.04691730306042299 0.0)
(6.177154057552053 -0.03577616638799842 0.0)
(5.307140995783797 -0.025591896036708917 0.0)
(4.384825527340762 -0.017188497982808682 0.0)
(3.4128791950426716 -0.01004072729984338 0.0)
(2.3773926320927963 -0.004369600501942338 0.0)
(1.2455067130602595 -0.0010946017691846387 0.0)
(-0.008114238253239583 -7.87183558748827e-05 0.0)
(0.008144606610723441 -7.861666048073824e-05 0.0)
(1.3323878602859143 -0.0010931624407141056 0.0)
(2.6006676348490414 -0.004363783320661637 0.0)
(3.7876188518106266 -0.010027336596880631 0.0)
(4.859936395427334 -0.01716532104017303 0.0)
(5.803020356297183 -0.02555598009285943 0.0)
(6.620945787429585 -0.03572583951680141 0.0)
(7.334035841804993 -0.04685926237495733 0.0)
(7.963007376123529 -0.05717065254427442 0.0)
(8.514211417596188 -0.06614445404628495 0.0)
(8.98046023399511 -0.07387656879430411 0.0)
(9.359663798357442 -0.0803008004080543 0.0)
(9.651654229447297 -0.08535024299836565 0.0)
(9.855988233504021 -0.08898123274557392 0.0)
(9.972234620892678 -0.09116872818573804 0.0)
(10.0 -0.09189900457592703 0.0)
(9.938876490218458 -0.09116872818573657 0.0)
(9.788456210940415 -0.08898123274557117 0.0)
(9.548345770552716 -0.0853502429983613 0.0)
(9.218113979420352 -0.08030080040804949 0.0)
(8.797317543782672 -0.07387656879429877 0.0)
(8.28578858240384 -0.06614445404627861 0.0)
(7.681437068320911 -0.0571706525442679 0.0)
(6.977075269306086 -0.04685926237495116 0.0)
(6.179054212570427 -0.0357258395167948 0.0)
(5.308090754813935 -0.02555598009285305 0.0)
(4.384508049017065 -0.01716532104016948 0.0)
(3.412381148189346 -0.010027336596879448 0.0)
(2.3771101429287147 -0.004363783320661622 0.0)
(1.2453899174918457 -0.0010931624407140336 0.0)
(-0.008144606610734422 -7.861666048073133e-05 0.0)
(0.008168072764092255 -7.851786007521695e-05 0.0)
(1.3324806700731784 -0.0010918051476995463 0.0)
(2.6009189728388287 -0.00435854878181057 0.0)
(3.788144437739898 -0.010015999172822783 0.0)
(4.860456529665604 -0.017146797506113046 0.0)
(5.8023894551771775 -0.02552761092988654 0.0)
(6.619090239128663 -0.03568440276771274 0.0)
(7.333190248933582 -0.0468092276257327 0.0)
(7.963156585773859 -0.057120807613552635 0.0)
(8.514194706542758 -0.06609732061534619 0.0)
(8.98042647425044 -0.07383210564874752 0.0)
(9.359647634400094 -0.08025906994969219 0.0)
(9.651644131981547 -0.08531092424897684 0.0)
(9.855982348760275 -0.08894378502631768 0.0)
(9.972232125375804 -0.09113245309748216 0.0)
(10.0 -0.09186313141805508 0.0)
(9.938878985735332 -0.09113245309748066 0.0)
(9.788462095684162 -0.0889437850263149 0.0)
(9.548355868018469 -0.08531092424897246 0.0)
(9.2181301433777 -0.08025906994968732 0.0)
(8.797351303527341 -0.07383210564874215 0.0)
(8.28580529345727 -0.06609732061533977 0.0)
(7.681287858670581 -0.05712080761354604 0.0)
(6.977920862177499 -0.04680922762572644 0.0)
(6.180909760871353 -0.035684402767706055 0.0)
(5.30872165593394 -0.025527610929880123 0.0)
(4.3839879147787935 -0.017146797506109476 0.0)
(3.4118555622600732 -0.010015999172821583 0.0)
(2.3768588049389274 -0.004358548781810545 0.0)
(1.2452971077045816 -0.0010918051476994713 0.0)
(-0.008168072764103263 -7.851786007520979e-05 0.0)
(0.00818360565348618 -7.842629576739385e-05 0.0)
(1.3325454161870316 -0.0010905895271129914 0.0)
(2.601128116322861 -0.0043541268814499354 0.0)
(3.7886744694609167 -0.01000721317334287 0.0)
(4.861156466071579 -0.017133741270831004 0.0)
(5.802105132608316 -0.025508035036917672 0.0)
(6.6173608269429 -0.03565367679568749 0.0)
(7.332153684844854 -0.04676939724810007 0.0)
(7.963213366980672 -0.05707994602427072 0.0)
(8.514165834709368 -0.06605837494244816 0.0)
(8.98037772809391 -0.07379512211468998 0.0)
(9.359623003416816 -0.08022417181967513 0.0)
(9.651628676616655 -0.08527790533771527 0.0)
(9.855973522455466 -0.08891224243523356 0.0)
(9.972228250162042 -0.09110184026704798 0.0)
(10.0 -0.09183283921936466 0.0)
(9.938882860949095 -0.09110184026704649 0.0)
(9.78847092198897 -0.08891224243523076 0.0)
(9.548371323383359 -0.08527790533771087 0.0)
(9.218154774360977 -0.0802241718196702 0.0)
(8.797400049683871 -0.07379512211468456 0.0)
(8.28583416529066 -0.06605837494244171 0.0)
(7.681231077463768 -0.057079946024264056 0.0)
(6.9789574262662315 -0.04676939724809378 0.0)
(6.18263917305712 -0.03565367679568078 0.0)
(5.3090059785028005 -0.025508035036911236 0.0)
(4.383287978372816 -0.017133741270827427 0.0)
(3.4113255305390533 -0.01000721317334166 0.0)
(2.376649661454895 -0.004354126881449904 0.0)
(1.2452323615907284 -0.0010905895271129142 0.0)
(-0.008183605653497192 -7.84262957673865e-05 0.0)
(0.008190522792161868 -7.834599072544256e-05 0.0)
(1.3325792538016807 -0.0010895689910990997 0.0)
(2.6012858759190665 -0.004350711909791943 0.0)
(3.7891856583495263 -0.010001364639184508 0.0)
(4.862005450720076 -0.017126726001419484 0.0)
(5.802179881204121 -0.025498112542876792 0.0)
(6.615833538079869 -0.03563501164372488 0.0)
(7.330971694268525 -0.04674152131598505 0.0)
(7.963175224881619 -0.05704986315990754 0.0)
(8.514126070671558 -0.06602932822920897 0.0)
(8.98031613734246 -0.07376724318095852 0.0)
(9.359590987647953 -0.08019763937799172 0.0)
(9.651608542433083 -0.08525263705513546 0.0)
(9.855962142401282 -0.08888799089606823 0.0)
(9.972223165521195 -0.0910782347662002 0.0)
(10.0 -0.09180945896364817 0.0)
(9.93888794558994 -0.0910782347661987 0.0)
(9.788482302043155 -0.08888799089606543 0.0)
(9.548391457566932 -0.08525263705513106 0.0)
(9.21818679012984 -0.0801976393779868 0.0)
(8.797461640435323 -0.07376724318095307 0.0)
(8.285873929328469 -0.06602932822920246 0.0)
(7.6812692195628225 -0.05704986315990086 0.0)
(6.9801394168425634 -0.04674152131597873 0.0)
(6.184166461920154 -0.035635011643718184 0.0)
(5.308931229906994 -0.025498112542870377 0.0)
(4.382438993724315 -0.017126726001415914 0.0)
(3.4108143416504424 -0.010001364639183297 0.0)
(2.3764919018586887 -0.004350711909791909 0.0)
(1.2451985239760792 -0.0010895689910990207 0.0)
(-0.008190522792172859 -7.834599072543508e-05 0.0)
(0.00818852025370046 -7.828047340599246e-05 0.0)
(1.3325806961542424 -0.0010887883801433032 0.0)
(2.601385319959402 -0.004348453914443731 0.0)
(3.789655543701156 -0.009998710544239021 0.0)
(4.862966180778817 -0.017126059935982353 0.0)
(5.80261041664804 -0.025498279423999373 0.0)
(6.614575478818115 -0.03562922742445523 0.0)
(7.3296962117081295 -0.04672682464684716 0.0)
(7.963043835370752 -0.057031880806488175 0.0)
(8.514077161588405 -0.06601145673506882 0.0)
(8.98024440818103 -0.0737496937968982 0.0)
(9.359552993807817 -0.08018063841158986 0.0)
(9.65158461409002 -0.08523622964334691 0.0)
(9.855948708616483 -0.08887209597708572 0.0)
(9.972217094863081 -0.091062673777461 0.0)
(10.0 -0.09179401793656888 0.0)
(9.938894016248055 -0.0910626737774595 0.0)
(9.788495735827953 -0.08887209597708291 0.0)
(9.548415385909996 -0.08523622964334249 0.0)
(9.218224783969976 -0.08018063841158493 0.0)
(8.797533369596753 -0.07374969379689275 0.0)
(8.285922838411622 -0.06601145673506231 0.0)
(7.68140060907369 -0.057031880806481514 0.0)
(6.981414899402962 -0.04672682464684085 0.0)
(6.185424521181909 -0.03562922742444856 0.0)
(5.308500694463072 -0.025498279423993 0.0)
(4.3814782636655725 -0.017126059935978804 0.0)
(3.410344456298812 -0.009998710544237817 0.0)
(2.3763924578183535 -0.004348453914443695 0.0)
(1.2451970816235178 -0.0010887883801432234 0.0)
(-0.008188520253711406 -7.828047340598487e-05 0.0)
(0.008177686025978402 -7.823262252019966e-05 0.0)
(1.3325496798703835 -0.0010882819928629123 0.0)
(2.6014220790546623 -0.004347452107590013 0.0)
(3.790063479613085 -0.009999367504582786 0.0)
(4.863996443526624 -0.017131772340216393 0.0)
(5.803377822000311 -0.025508528347834184 0.0)
(6.613641925980046 -0.035636578285891306 0.0)
(7.328383279533942 -0.046725952985441535 0.0)
(7.962824971462809 -0.0570267890757241 0.0)
(8.514021256435544 -0.06600554570078528 0.0)
(8.98016569225775 -0.07374324505033895 0.0)
(9.359510691276236 -0.0801739159118308 0.0)
(9.651557942955085 -0.08522940401400707 0.0)
(9.855933811356998 -0.08886525607194716 0.0)
(9.97221030492131 -0.09105584102220757 0.0)
(10.0 -0.09178719458860804 0.0)
(9.938900806189825 -0.09105584102220607 0.0)
(9.788510633087439 -0.08886525607194438 0.0)
(9.548442057044928 -0.0852294040140027 0.0)
(9.218267086501557 -0.0801739159118259 0.0)
(8.797612085520033 -0.07374324505033356 0.0)
(8.285978743564485 -0.06600554570077882 0.0)
(7.681619472981633 -0.05702678907571747 0.0)
(6.982727831577153 -0.04672595298543528 0.0)
(6.18635807401998 -0.03563657828588471 0.0)
(5.307733289110798 -0.02550852834782788 0.0)
(4.380448000917763 -0.017131772340212886 0.0)
(3.409936520386882 -0.009999367504581596 0.0)
(2.3763556987230934 -0.00434745210758998 0.0)
(1.2452280979073767 -0.0010882819928628325 0.0)
(-0.008177686025989278 -7.823262252019202e-05 0.0)
(0.008158496145141145 -7.820454054844516e-05 0.0)
(1.3324875677488746 -0.0010880720789886182 0.0)
(2.601394538077451 -0.00434775050679119 0.0)
(3.7903915421276415 -0.010003306654580173 0.0)
(4.86505097110317 -0.017143612221530095 0.0)
(5.8044483788736825 -0.025528408995417803 0.0)
(6.613073898169479 -0.03565674124462962 0.0)
(7.327090585583755 -0.04673894463097568 0.0)
(7.962528249637505 -0.05703481168895001 0.0)
(8.513960811583118 -0.06601185484639084 0.0)
(8.980083448206281 -0.07374818028740697 0.0)
(9.359465938749057 -0.08017776725305552 0.0)
(9.651529700909155 -0.08523246007278205 0.0)
(9.855918105181154 -0.08886777171357112 0.0)
(9.972203094033505 -0.09105803671920559 0.0)
(10.0 -0.09178928872519213 0.0)
(9.938908017077631 -0.0910580367192041 0.0)
(9.788526339263282 -0.08886777171356834 0.0)
(9.548470299090859 -0.08523246007277768 0.0)
(9.218311839028736 -0.08017776725305065 0.0)
(8.7976943295715 -0.0737481802874016 0.0)
(8.286039188416911 -0.06601185484638444 0.0)
(7.681916194806938 -0.05703481168894345 0.0)
(6.9840205255273435 -0.04673894463096951 0.0)
(6.1869261018305455 -0.03565674124462312 0.0)
(5.306662732237422 -0.02552840899541159 0.0)
(4.379393473341213 -0.017143612221526643 0.0)
(3.409608457872325 -0.010003306654579004 0.0)
(2.376383239700305 -0.004347750506791162 0.0)
(1.245290210028886 -0.0010880720789885393 0.0)
(-0.008158496145151939 -7.820454054843751e-05 0.0)
(0.008131793779445782 -7.819746136119335e-05 0.0)
(1.3323970888827035 -0.0010881678617520312 0.0)
(2.6013039071279214 -0.004349336000932265 0.0)
(3.7906253167781094 -0.010010354915186764 0.0)
(4.866083429495949 -0.017161059357199 0.0)
(5.805775048957669 -0.025557047847466024 0.0)
(6.6128963534892335 -0.03568883037715031 0.0)
(7.325874928464822 -0.046765228754312355 0.0)
(7.962166707309007 -0.05705559614721774 0.0)
(8.51389848286736 -0.06603010695956983 0.0)
(8.980001289679784 -0.07376428266281419 0.0)
(9.359420702570452 -0.08019202321437645 0.0)
(9.65150112885606 -0.08524526354204014 0.0)
(9.855902280189586 -0.08887953236926681 0.0)
(9.972195779032878 -0.09106916439354584 0.0)
(10.0 -0.09180020833379071 0.0)
(9.938915332078256 -0.09106916439354437 0.0)
(9.788542164254851 -0.08887953236926406 0.0)
(9.548498871143954 -0.08524526354203582 0.0)
(9.218357075207342 -0.08019202321437163 0.0)
(8.797776488097998 -0.07376428266280888 0.0)
(8.28610151713267 -0.06603010695956352 0.0)
(7.682277737135438 -0.05705559614721126 0.0)
(6.985236182646279 -0.04676522875430631 0.0)
(6.187103646510789 -0.03568883037714393 0.0)
(5.305336062153432 -0.025557047847459914 0.0)
(4.378361014948433 -0.017161059357195616 0.0)
(3.409374683221857 -0.01001035491518563 0.0)
(2.376473870649835 -0.004349336000932246 0.0)
(1.2453806888950576 -0.0010881678617519536 0.0)
(-0.008131793779456479 -7.819746136118578e-05 0.0)
(0.008098752181990377 -7.821169600498104e-05 0.0)
(1.3322822187477232 -0.0010885651326337554 0.0)
(2.601154168364191 -0.00435213892630126 0.0)
(3.7907545319340255 -0.010020202598725941 0.0)
(4.867048454372008 -0.017183347152000435 0.0)
(5.807299540795852 -0.02559318656521314 0.0)
(6.613117092927752 -0.035731435745675826 0.0)
(7.324789721926967 -0.04680365047915762 0.0)
(7.961756229985805 -0.05708822921945507 0.0)
(8.513837008898012 -0.06605950007586052 0.0)
(8.97992282657361 -0.07379084466764373 0.0)
(9.359376970335353 -0.08021605741493366 0.0)
(9.651473482199544 -0.08526725186076546 0.0)
(9.85588703170347 -0.08890002129733855 0.0)
(9.97218868132718 -0.09108873511557539 0.0)
(10.0 -0.09181947362677886 0.0)
(9.938922429783954 -0.09108873511557392 0.0)
(9.788557412740966 -0.08890002129733583 0.0)
(9.548526517800472 -0.08526725186076117 0.0)
(9.21840080744244 -0.0802160574149289 0.0)
(8.797854951204172 -0.07379084466763852 0.0)
(8.286162991102016 -0.06605950007585429 0.0)
(7.682688214458641 -0.05708822921944871 0.0)
(6.986321389184135 -0.0468036504791517 0.0)
(6.1868829070722695 -0.0357314357456696 0.0)
(5.303811570315244 -0.02559318656520715 0.0)
(4.377395990072371 -0.01718334715199713 0.0)
(3.4092454680659414 -0.010020202598724841 0.0)
(2.3766236094135658 -0.004352138926301253 0.0)
(1.245495559030038 -0.0010885651326336804 0.0)
(-0.008098752182000962 -7.821169600497359e-05 0.0)
(0.008060823140119218 -7.82466190356018e-05 0.0)
(1.3321480045275162 -0.0010892464362780355 0.0)
(2.6009519010336 -0.0043560361274852695 0.0)
(3.790773510117831 -0.010032417015998817 0.0)
(4.867903644303758 -0.017209496321005206 0.0)
(5.808954871005842 -0.025635237279515267 0.0)
(6.613726417597934 -0.035782685348257466 0.0)
(7.3238826479601356 -0.04685252162521231 0.0)
(7.961314853290535 -0.05713127706816842 0.0)
(8.513779090728828 -0.06609874271550621 0.0)
(8.979851506413096 -0.0738266992159972 0.0)
(9.35933666355816 -0.08024881383592398 0.0)
(9.65144797568311 -0.08529745890245967 0.0)
(9.85587302971339 -0.08892833825177025 0.0)
(9.972182112776613 -0.09111588898357179 0.0)
(10.0 -0.09184623812242754 0.0)
(9.938928998334521 -0.09111588898357034 0.0)
(9.788571414731045 -0.08892833825176759 0.0)
(9.548552024316903 -0.08529745890245544 0.0)
(9.218441114219633 -0.08024881383591931 0.0)
(8.797926271364686 -0.07382669921599205 0.0)
(8.2862209092712 -0.06609874271550009 0.0)
(7.683129591153913 -0.05713127706816219 0.0)
(6.987228463150968 -0.04685252162520654 0.0)
(6.186273582402084 -0.035782685348251395 0.0)
(5.3021562401052496 -0.025635237279509407 0.0)
(4.376540800140619 -0.017209496321001983 0.0)
(3.4092264898821365 -0.010032417015997755 0.0)
(2.376825876744158 -0.0043560361274852764 0.0)
(1.2456297732502457 -0.001089246436277963 0.0)
(-0.008060823140129689 -7.824661903559451e-05 0.0)
(0.008019673186542902 -7.830069599897997e-05 0.0)
(1.3320003433493801 -0.001090181837449151 0.0)
(2.6007059923926157 -0.004360856368593994 0.0)
(3.7906814174628494 -0.010046461487856066 0.0)
(4.8686114238101235 -0.01723835791756579 0.0)
(5.810668307406552 -0.025681352358915572 0.0)
(6.614697554888503 -0.0358403273711163 0.0)
(7.323193561734984 -0.04690969488372601 0.0)
(7.960861970507709 -0.05718284824963915 0.0)
(8.5137272731782 -0.0661461106287133 0.0)
(8.979790462875624 -0.07387027092461394 0.0)
(9.35930155324493 -0.08028885322013533 0.0)
(9.651425730016435 -0.08533455742497296 0.0)
(9.855860889441177 -0.08896323903738863 0.0)
(9.97217636199127 -0.09114943290625194 0.0)
(10.0 -0.0918793258377622 0.0)
(9.938934749119865 -0.09114943290625052 0.0)
(9.78858355500326 -0.088963239037386 0.0)
(9.548574269983579 -0.08533455742496879 0.0)
(9.218476224532864 -0.08028885322013074 0.0)
(8.797987314902159 -0.0738702709246089 0.0)
(8.286272726821828 -0.06614611062870732 0.0)
(7.683582473936738 -0.05718284824963307 0.0)
(6.98791754937612 -0.04690969488372041 0.0)
(6.185302445111511 -0.03584032737111041 0.0)
(5.300442803704534 -0.025681352358909837 0.0)
(4.3758330206342535 -0.01723835791756265 0.0)
(3.4093185825371184 -0.010046461487855046 0.0)
(2.3770717853851426 -0.004360856368594016 0.0)
(1.245777434428382 -0.0010901818374490816 0.0)
(-0.008019673186553259 -7.830069599897287e-05 0.0)
(0.007977110374939868 -7.837155085227575e-05 0.0)
(1.331845723175344 -0.0010913302363309114 0.0)
(2.6004272472170467 -0.0043663878570515 0.0)
(3.790482300351862 -0.010061718925897913 0.0)
(4.8691406943544395 -0.01726866381593012 0.0)
(5.81236456473718 -0.025729505591190357 0.0)
(6.615987834803555 -0.035901829129221026 0.0)
(7.322752740439599 -0.04697265816631517 0.0)
(7.960417480478282 -0.05724067682050024 0.0)
(8.513683833014507 -0.0661995225560326 0.0)
(8.97974237810255 -0.07391964533232954 0.0)
(9.359273182078589 -0.08033441631027542 0.0)
(9.65140772263341 -0.08537691738709595 0.0)
(9.855851144308177 -0.08900319017752274 0.0)
(9.97217168165014 -0.09118789302502014 0.0)
(10.0 -0.09191728295910329 0.0)
(9.938939429460994 -0.09118789302501873 0.0)
(9.78859330013626 -0.08900319017752016 0.0)
(9.548592277366604 -0.08537691738709186 0.0)
(9.218504595699205 -0.08033441631027088 0.0)
(8.798035399675232 -0.07391964533232462 0.0)
(8.286316166985522 -0.06619952255602674 0.0)
(7.684026963966167 -0.0572406768204943 0.0)
(6.988358370671506 -0.04697265816630974 0.0)
(6.184012165196455 -0.03590182912921529 0.0)
(5.298746546373903 -0.025729505591184754 0.0)
(4.3753037500899365 -0.017268663815927055 0.0)
(3.4095176996481067 -0.010061718925896938 0.0)
(2.377350530560713 -0.0043663878570515385 0.0)
(1.2459320546024186 -0.001091330236330846 0.0)
(-0.007977110374950113 -7.83715508522689e-05 0.0)
(0.007935004837385485 -7.845607036286063e-05 0.0)
(1.331690937732985 -0.0010926411743773887 0.0)
(2.6001279130599566 -0.004372387549374536 0.0)
(3.790184907626451 -0.010077518946209502 0.0)
(4.869468200757264 -0.017299082430367124 0.0)
(5.813969112553832 -0.025777581211407326 0.0)
(6.6175405648041234 -0.035964488347834785 0.0)
(7.322579552955238 -0.04703864498153089 0.0)
(7.960000913280973 -0.05730222189914243 0.0)
(8.513650678919069 -0.06625663167509203 0.0)
(8.979709364850835 -0.07397265301799695 0.0)
(9.359252796636284 -0.08038350114751878 0.0)
(9.651394744745504 -0.08542267756958831 0.0)
(9.85584422249771 -0.0890464362921637 0.0)
(9.97216827739885 -0.0912295794726185 0.0)
(10.0 -0.09195844171997966 0.0)
(9.938942833712286 -0.09122957947261709 0.0)
(9.788600221946727 -0.08904643629216115 0.0)
(9.548605255254511 -0.08542267756958424 0.0)
(9.21852498114151 -0.08038350114751436 0.0)
(8.798068412926947 -0.07397265301799211 0.0)
(8.28634932108096 -0.0662566316750863 0.0)
(7.684443531163478 -0.05730222189913664 0.0)
(6.988531558155866 -0.04703864498152561 0.0)
(6.182459435195881 -0.0359644883478292 0.0)
(5.297141998557247 -0.025777581211401834 0.0)
(4.3749762436871125 -0.017299082430364137 0.0)
(3.409815092373519 -0.010077518946208562 0.0)
(2.3776498647178035 -0.004372387549374589 0.0)
(1.246086840044778 -0.0010926411743773267 0.0)
(-0.00793500483739563 -7.845607036285402e-05 0.0)
(0.00789520661416999 -7.855054089806357e-05 0.0)
(1.3315427880114687 -0.0010940570513691139 0.0)
(2.5998211421165927 -0.004378591830058554 0.0)
(3.789802306178906 -0.010093167324803651 0.0)
(4.86957955298641 -0.017328277222607748 0.0)
(5.815411449960883 -0.025823466864765995 0.0)
(6.619287520774623 -0.0360255518955235 0.0)
(7.322681608823128 -0.047104755989432034 0.0)
(7.959630572116343 -0.05736477930740372 0.0)
(8.513629267622186 -0.06631492871567836 0.0)
(8.979692873662366 -0.07402696492088269 0.0)
(9.359241292617057 -0.08043395103391517 0.0)
(9.651387366577369 -0.08546982735374718 0.0)
(9.855840428141464 -0.08909107722615069 0.0)
(9.972166298813972 -0.09127266062280273 0.0)
(10.0 -0.09200099367973624 0.0)
(9.938944812297162 -0.09127266062280137 0.0)
(9.788604016302973 -0.08909107722614816 0.0)
(9.548612633422646 -0.0854698273537432 0.0)
(9.218536485160737 -0.0804339510339108 0.0)
(8.798084904115417 -0.07402696492087796 0.0)
(8.286370732377842 -0.06631492871567274 0.0)
(7.684813872328107 -0.05736477930739807 0.0)
(6.988429502287974 -0.04710475598942692 0.0)
(6.1807124792253765 -0.03602555189551805 0.0)
(5.295699661150194 -0.025823466864760614 0.0)
(4.374864891457967 -0.017328277222604823 0.0)
(3.410197693821065 -0.010093167324802753 0.0)
(2.3779566356611683 -0.004378591830058624 0.0)
(1.2462349897662945 -0.0010940570513690553 0.0)
(-0.007895206614180044 -7.855054089805723e-05 0.0)
(0.007859464366412676 -7.86508115953967e-05 0.0)
(1.3314077834385263 -0.0010955156562613437 0.0)
(2.599520413340984 -0.004384728094360711 0.0)
(3.789351306816883 -0.010107976500552842 0.0)
(4.869469858428645 -0.01735496542689128 0.0)
(5.816628203291346 -0.025865146419603222 0.0)
(6.621151944665676 -0.03608233675171433 0.0)
(7.32305442389514 -0.04716808639327813 0.0)
(7.959322729097649 -0.05742560038721066 0.0)
(8.513620539897074 -0.06637185221247961 0.0)
(8.979693629129791 -0.07408019467533485 0.0)
(9.359239175486465 -0.08048354929375175 0.0)
(9.651385912312213 -0.08551629506431475 0.0)
(9.85583992795651 -0.08913515153851258 0.0)
(9.972165832830909 -0.09131524356864854 0.0)
(10.0 -0.09204306918310795 0.0)
(9.938945278280228 -0.09131524356864718 0.0)
(9.788604516487926 -0.08913515153851008 0.0)
(9.5486140876878 -0.0855162950643108 0.0)
(9.218538602291328 -0.08048354929374743 0.0)
(8.798084148647991 -0.0740801946753302 0.0)
(8.286379460102955 -0.0663718522124741 0.0)
(7.685121715346802 -0.05742560038720512 0.0)
(6.98805668721596 -0.04716808639327314 0.0)
(6.178848055334319 -0.03608233675170899 0.0)
(5.294482907819729 -0.025865146419597924 0.0)
(4.374974586015733 -0.01735496542688841 0.0)
(3.4106486931830897 -0.010107976500551974 0.0)
(2.3782573644367777 -0.004384728094360794 0.0)
(1.2463699943392372 -0.001095515656261289 0.0)
(-0.007859464366422661 -7.865081159539063e-05 0.0)
)
