(
(-0.021617054626383834 5.045889239620021e-05 0.0)
(1.2056481608244247 0.0006315500804326004 0.0)
(2.325011441756129 0.002082729227784498 0.0)
(3.3697332769434825 0.003483523346065934 0.0)
(4.35287424032396 0.003530023881841295 0.0)
(5.271220113922312 0.0024050889222551916 0.0)
(6.136232817567984 0.0018221381197702164 0.0)
(6.9431217819862034 0.002610462200055628 0.0)
(7.65370700638711 0.0037805912218731625 0.0)
(8.26179410744762 0.004706814123314964 0.0)
(8.778253946188133 0.005469904541049469 0.0)
(9.203299905656483 0.006100469094660854 0.0)
(9.537517935508063 0.006594472576632366 0.0)
(9.781356431762541 0.0069489218036633245 0.0)
(9.935369656175112 0.00716256499469273 0.0)
(10.000000000000004 0.007233702490057432 0.0)
(9.975741454935987 0.007162564994691065 0.0)
(9.863088012681915 0.006948921803660074 0.0)
(9.662482064491932 0.006594472576628259 0.0)
(9.37447787212128 0.006100469094655189 0.0)
(8.999523831589647 0.005469904541043363 0.0)
(8.538205892552362 0.0047068141233072005 0.0)
(7.990737438057334 0.0037805912218645977 0.0)
(7.367989329124932 0.0026104622000481565 0.0)
(6.663767182432035 0.001822138119762958 0.0)
(5.839890997188799 0.002405088922247854 0.0)
(4.891570204120493 0.00353002388183709 0.0)
(3.8302667230565115 0.0034835233460644498 0.0)
(2.652766336021655 0.0020827292277841875 0.0)
(1.3721296169533679 0.000631550080432424 0.0)
(0.021617054626386745 5.045889239618309e-05 0.0)
(-0.02163505241874609 5.045969035170929e-05 0.0)
(1.2055866736409557 0.0006314373526250817 0.0)
(2.3249438591646667 0.0020815152482538445 0.0)
(3.369863185891666 0.003478578112099288 0.0)
(4.3535161242048765 0.00351814352322033 0.0)
(5.272094068126796 0.0023856647903037994 0.0)
(6.136189258315494 0.0018000087527869496 0.0)
(6.942374824572737 0.002591727172644089 0.0)
(7.653469697293228 0.003765387369724538 0.0)
(8.261754801649271 0.004693335499858028 0.0)
(8.778202579181098 0.005457904425511021 0.0)
(9.203271531459848 0.006089755488799606 0.0)
(9.537500009574062 0.006584780924664722 0.0)
(9.781346514311169 0.00693996914117163 0.0)
(9.935365063396588 0.0071540622913788205 0.0)
(10.000000000000004 0.007225348315155878 0.0)
(9.97574604771451 0.007154062291377147 0.0)
(9.863097930133288 0.0069399691411683615 0.0)
(9.662499990425935 0.00658478092466059 0.0)
(9.374506246317917 0.006089755488793909 0.0)
(8.999575198596684 0.005457904425504871 0.0)
(8.538245198350712 0.004693335499850212 0.0)
(7.990974747151217 0.003765387369715911 0.0)
(7.3687362865384 0.002591727172636542 0.0)
(6.663810741684523 0.001800008752779609 0.0)
(5.839017042984312 0.0023856647902963926 0.0)
(4.890928320239574 0.0035181435232160808 0.0)
(3.830136814108328 0.003478578112097784 0.0)
(2.652833918613118 0.0020815152482535288 0.0)
(1.372191104136837 0.0006314373526249042 0.0)
(0.021635052418749065 5.045969035169212e-05 0.0)
(-0.0216568120123375 5.0447104927934295e-05 0.0)
(1.2055106191805622 0.0006311368019692594 0.0)
(2.3248399987896073 0.002079551927684509 0.0)
(3.3699259285573078 0.003471935639475516 0.0)
(4.354107996177209 0.0035033682959332442 0.0)
(5.273081666711902 0.002361767701968972 0.0)
(6.136396133230717 0.0017715461940139266 0.0)
(6.941718680787356 0.002565600879025971 0.0)
(7.6532045294183275 0.0037429312264853627 0.0)
(8.261716503649055 0.004673027896533932 0.0)
(8.778154147085454 0.0054394851376645134 0.0)
(9.203244441289982 0.00607303483154296 0.0)
(9.537482879319482 0.00656944229784096 0.0)
(9.781337077559145 0.006925647128528385 0.0)
(9.935360662054283 0.007140363810871035 0.0)
(10.000000000000004 0.0072118576741082435 0.0)
(9.975750449056816 0.007140363810869353 0.0)
(9.863107366885313 0.006925647128525096 0.0)
(9.662517120680516 0.0065694422978367995 0.0)
(9.374533336487783 0.006073034831537219 0.0)
(8.999623630692327 0.005439485137658312 0.0)
(8.538283496350928 0.004673027896526052 0.0)
(7.991239915026118 0.00374293122647666 0.0)
(7.369392430323783 0.0025656008790183355 0.0)
(6.663603866769298 0.0017715461940064927 0.0)
(5.838029444399203 0.002361767701961488 0.0)
(4.890336448267241 0.0035033682959289465 0.0)
(3.8300740714426866 0.0034719356394739896 0.0)
(2.6529377789881776 0.0020795519276841853 0.0)
(1.3722671585972308 0.0006311368019690804 0.0)
(0.02165681201234055 5.0447104927917056e-05 0.0)
(-0.021681377330423707 5.042168910537155e-05 0.0)
(1.2054233391370965 0.0006306616341111082 0.0)
(2.3247044240658234 0.0020769255307905125 0.0)
(3.369918748142463 0.0034638877862896472 0.0)
(4.354623850469293 0.0034863473964365176 0.0)
(5.274139516402562 0.0023344476515936526 0.0)
(6.136844352608344 0.0017380010362128546 0.0)
(6.941182180387608 0.0025332312607461503 0.0)
(7.652923153753721 0.003714209474007212 0.0)
(8.261680896191036 0.004646783592281024 0.0)
(8.778110777918883 0.0054154559873207915 0.0)
(9.20321982543939 0.006051041797981189 0.0)
(9.537467297416368 0.006549130647362494 0.0)
(9.781328536140089 0.006906585048767751 0.0)
(9.935356645535123 0.007122071439342224 0.0)
(10.000000000000004 0.007193823321001732 0.0)
(9.975754465575976 0.00712207143934053 0.0)
(9.86311590830437 0.006906585048764439 0.0)
(9.662532702583627 0.0065491306473582965 0.0)
(9.374557952338375 0.006051041797975401 0.0)
(8.9996669998589 0.005415455987314529 0.0)
(8.538319103808947 0.004646783592273073 0.0)
(7.9915212906907245 0.003714209473998425 0.0)
(7.369928930723532 0.002533231260738417 0.0)
(6.663155647391669 0.00173800103620532 0.0)
(5.83697159470854 0.002334447651586087 0.0)
(4.889820593975156 0.003486347396432168 0.0)
(3.8300812518575316 0.0034638877862880955 0.0)
(2.6530733537119615 0.0020769255307901803 0.0)
(1.3723544386406967 0.0006306616341109274 0.0)
(0.021681377330426826 5.042168910535419e-05 0.0)
(-0.021707669017868986 5.038455960876749e-05 0.0)
(1.205328668435994 0.0006300327270570202 0.0)
(2.3245430918986516 0.0020737514566465222 0.0)
(3.3698419601414242 0.003454788160487537 0.0)
(4.355041021387263 0.00346782869191518 0.0)
(5.27522113721865 0.002304905032210715 0.0)
(6.137514222508917 0.0017008471922483805 0.0)
(6.940788896219559 0.0024960405796133 0.0)
(7.65263793343135 0.0036804840935490165 0.0)
(8.26164954380178 0.004615755713815582 0.0)
(8.77807437724322 0.005386872771385867 0.0)
(9.203198765483513 0.006024742721773881 0.0)
(9.537453948505041 0.00652473842999223 0.0)
(9.781321265348327 0.006883620454801321 0.0)
(9.935353190317613 0.007099988910132415 0.0)
(10.000000000000004 0.007172037652318929 0.0)
(9.975757920793486 0.00709998891013071 0.0)
(9.86312317909613 0.006883620454797985 0.0)
(9.662546051494957 0.006524738429987996 0.0)
(9.374579012294252 0.006024742721768044 0.0)
(8.999703400534562 0.005386872771379542 0.0)
(8.538350456198202 0.004615755713807553 0.0)
(7.991806511013096 0.0036804840935401395 0.0)
(7.370322214891581 0.0024960405796054627 0.0)
(6.662485777491093 0.0017008471922407432 0.0)
(5.83588997389245 0.002304905032203068 0.0)
(4.8894034230571854 0.0034678286919107783 0.0)
(3.8301580398585706 0.0034547881604859595 0.0)
(2.653234685879134 0.0020737514566461796 0.0)
(1.3724491093417994 0.0006300327270568375 0.0)
(0.021707669017872175 5.038455960875001e-05 0.0)
(-0.021734531866026262 5.0337347840276435e-05 0.0)
(1.2052307667346662 0.0006292777138323995 0.0)
(2.3243630909283683 0.0020701691682636185 0.0)
(3.3696989384784777 0.003445036582979635 0.0)
(4.355341179204174 0.003448625860366887 0.0)
(5.276279004720275 0.002274437892469149 0.0)
(6.138376310074498 0.0016617171340532668 0.0)
(6.94055610847006 0.002455662926117969 0.0)
(7.652361400510383 0.003643236916629267 0.0)
(8.261623824047915 0.0045813075693534756 0.0)
(8.77804654443756 0.005354991384076407 0.0)
(9.203182186758283 0.005995293136216786 0.0)
(9.53744341911224 0.006497337395137118 0.0)
(9.781315584649148 0.006857762368875443 0.0)
(9.93535044821769 0.007075086489176243 0.0)
(10.000000000000004 0.007147457890485999 0.0)
(9.975760662893409 0.007075086489174525 0.0)
(9.863128859795308 0.006857762368872083 0.0)
(9.662556580887758 0.006497337395132846 0.0)
(9.374595591019482 0.005995293136210897 0.0)
(8.99973123334022 0.005354991384070016 0.0)
(8.538376175952068 0.004581307569345368 0.0)
(7.9920830439340635 0.003643236916620299 0.0)
(7.37055500264108 0.0024556629261100276 0.0)
(6.66162368992551 0.0016617171340455284 0.0)
(5.834832106390823 0.002274437892461424 0.0)
(4.889103265240274 0.0034486258603624357 0.0)
(3.830301061521518 0.0034450365829780303 0.0)
(2.6534146868494175 0.0020701691682632663 0.0)
(1.3725470110431277 0.0006292777138322144 0.0)
(0.021734531866029527 5.03373478402588e-05 0.0)
(-0.02176078557049171 5.028212819863439e-05 0.0)
(1.205133935654763 0.0006284297683370779 0.0)
(2.3241723300683055 0.0020663360648397362 0.0)
(3.369495967263842 0.003435061520241631 0.0)
(4.355511135534678 0.0034295826390792843 0.0)
(5.277266638144731 0.0022443849027511437 0.0)
(6.139392736754599 0.001622330164798189 0.0)
(6.94049404540695 0.002413872420485913 0.0)
(7.652105705341465 0.0036041045160600358 0.0)
(8.26160486700837 0.00454495274734127 0.0)
(8.778028502424467 0.005321212635225438 0.0)
(9.20317081770256 0.0059639870022227875 0.0)
(9.537436171880223 0.006468131494139917 0.0)
(9.781311743642082 0.006830146947979668 0.0)
(9.935348539718207 0.0070484583432928296 0.0)
(10.000000000000004 0.007121164025270478 0.0)
(9.97576257139289 0.007048458343291099 0.0)
(9.863132700802375 0.006830146947976284 0.0)
(9.662563828119774 0.006468131494135607 0.0)
(9.374606960075205 0.005963987002216849 0.0)
(8.999749275353315 0.005321212635218985 0.0)
(8.538395132991614 0.004544952747333087 0.0)
(7.9923387391029825 0.0036041045160509775 0.0)
(7.370617065704188 0.002413872420477871 0.0)
(6.6606072632454065 0.0016223301647903564 0.0)
(5.833844472966365 0.0022443849027433465 0.0)
(4.888933308909771 0.003429582639074786 0.0)
(3.830504032736154 0.0034350615202400014 0.0)
(2.6536054477094813 0.0020663360648393737 0.0)
(1.372643842123031 0.0006284297683368904 0.0)
(0.02176078557049503 5.028212819861658e-05 0.0)
(-0.021785276591520904 5.022132693387361e-05 0.0)
(1.205042429776788 0.0006275261477448473 0.0)
(2.323979191001667 0.0020624205659268546 0.0)
(3.3692419646813634 0.003425301258281372 0.0)
(4.355543422808535 0.003411535752357158 0.0)
(5.278140642686171 0.002216066536444516 0.0)
(6.140518842620395 0.0015844168758557906 0.0)
(6.940605433967683 0.0023725052610810344 0.0)
(7.651882082702537 0.0035648062979316297 0.0)
(8.26159350562078 0.0045082886121489175 0.0)
(8.77802104393699 0.005287020701260998 0.0)
(9.203165157851851 0.0059321998540466285 0.0)
(9.537432525239106 0.006438403980859755 0.0)
(9.781309911093953 0.006801987563187174 0.0)
(9.935347548675143 0.007021274464497475 0.0)
(10.000000000000004 0.0070943113610066715 0.0)
(9.975763562435956 0.0070212744644957345 0.0)
(9.863134533350506 0.006801987563183765 0.0)
(9.662567474760891 0.006438403980855409 0.0)
(9.374612619925914 0.005932199854040641 0.0)
(8.999756733840792 0.005287020701254484 0.0)
(8.538406494379203 0.004508288612140663 0.0)
(7.9925623617419115 0.003564806297922488 0.0)
(7.370505677143455 0.0023725052610729003 0.0)
(6.659481157379607 0.001584416875847874 0.0)
(5.832970468424923 0.0022160665364366573 0.0)
(4.888901021635914 0.00341153575235262 0.0)
(3.8307580353186337 0.0034253012582797205 0.0)
(2.6537985867761202 0.0020624205659264833 0.0)
(1.372735348001006 0.0006275261477446576 0.0)
(0.02178527659152428 5.022132693385564e-05 0.0)
(-0.02180692883845489 5.015761554233491e-05 0.0)
(1.2049602697016146 0.0006266065554914035 0.0)
(2.3237921599057025 0.002058594711384005 0.0)
(3.3689480911398313 0.003416184645153497 0.0)
(4.355436622382001 0.0033952781473872346 0.0)
(5.27886261618399 0.0021907270507577933 0.0)
(6.141705148640298 0.0015496431077817994 0.0)
(6.940885379942678 0.0023333790452085045 0.0)
(7.651700358163247 0.0035270689540545523 0.0)
(8.261590239083734 0.004472926118801629 0.0)
(8.778024496687422 0.0052539179132091085 0.0)
(9.203165455889641 0.0059013283608262265 0.0)
(9.537432639415629 0.006409461027845216 0.0)
(9.781310167523571 0.006774521486349601 0.0)
(9.935347518633112 0.00699472926269295 0.0)
(10.000000000000004 0.007068079754636768 0.0)
(9.975763592477987 0.006994729262691197 0.0)
(9.863134276920887 0.006774521486346173 0.0)
(9.662567360584367 0.006409461027840838 0.0)
(9.374612321888124 0.0059013283608201975 0.0)
(8.99975328109036 0.0052539179132025425 0.0)
(8.538409760916247 0.00447292611879331 0.0)
(7.992744086281201 0.003527068954045337 0.0)
(7.370225731168459 0.002333379045200291 0.0)
(6.658294851359701 0.0015496431077738134 0.0)
(5.832248494927103 0.002190727050749885 0.0)
(4.889007822062449 0.0033952781473826645 0.0)
(3.8310519088601667 0.0034161846451518257 0.0)
(2.6539856178720846 0.002058594711383625 0.0)
(1.3728175080761797 0.0006266065554912117 0.0)
(0.0218069288384583 5.015761554231678e-05 0.0)
(-0.021824790951175035 5.009379338600582e-05 0.0)
(1.2048910653926377 0.0006257113967780163 0.0)
(2.3236194545846063 0.0020550266022605953 0.0)
(3.368627258905034 0.0034081122481604722 0.0)
(4.355195426870433 0.003381524153589443 0.0)
(5.279400836443507 0.0021694798163347704 0.0)
(6.142899530698077 0.0015195367563285754 0.0)
(6.94132158301794 0.0022982129072143735 0.0)
(7.651568516367396 0.003492550594280244 0.0)
(8.261595210922895 0.00444041903056323 0.0)
(8.778038708968225 0.005223358747016931 0.0)
(9.203171698720697 0.005872728959495885 0.0)
(9.537436509393084 0.006382574335502121 0.0)
(9.781312501663889 0.006748955526635428 0.0)
(9.935348450912109 0.006969989085483466 0.0)
(10.000000000000004 0.007043621774955294 0.0)
(9.97576266019899 0.006969989085481704 0.0)
(9.863131942780567 0.006748955526631981 0.0)
(9.662563490606912 0.0063825743354977175 0.0)
(9.374606079057068 0.00587272895948982 0.0)
(8.999739068809557 0.00522335874701032 0.0)
(8.538404789077088 0.004440419030554859 0.0)
(7.992875928077052 0.003492550594270968 0.0)
(7.369789528093195 0.0022982129072060963 0.0)
(6.657100469301918 0.001519536756320537 0.0)
(5.831710274667585 0.0021694798163268275 0.0)
(4.889249017574018 0.0033815241535848505 0.0)
(3.831372741094965 0.003408112248158787 0.0)
(2.654158323193182 0.0020550266022602084 0.0)
(1.3728867123851567 0.0006257113967778223 0.0)
(0.02182479095117848 5.009379338598754e-05 0.0)
(-0.021838078101126247 5.003266469367611e-05 0.0)
(1.2048378575605885 0.000624880003240905 0.0)
(2.3234686633942303 0.002051873014743838 0.0)
(3.3682935647584222 0.0034014387536581395 0.0)
(4.354830433963354 0.0033708780962890387 0.0)
(5.279731655051166 0.002153258397785278 0.0)
(6.144049509831175 0.00149542063950096 0.0)
(6.941894877228355 0.0022685519828674725 0.0)
(7.651492350202297 0.0034627678921876326 0.0)
(8.26160820268474 0.004412195649420881 0.0)
(8.778063056317784 0.005196685916540535 0.0)
(9.203183612046441 0.005847658255428931 0.0)
(9.537443965131743 0.006358925255904214 0.0)
(9.781316810957053 0.006726413005542892 0.0)
(9.9353503045495 0.006948140970994735 0.0)
(10.000000000000004 0.007022012060844844 0.0)
(9.975760806561599 0.0069481409709929685 0.0)
(9.863127633487405 0.006726413005539433 0.0)
(9.662556034868254 0.0063589252558997915 0.0)
(9.374594165731324 0.005847658255422841 0.0)
(8.999714721459998 0.005196685916533891 0.0)
(8.538391797315242 0.00441219564941247 0.0)
(7.992952094242153 0.0034627678921783124 0.0)
(7.369216233882778 0.00226855198285915 0.0)
(6.655950490168818 0.0014954206394928893 0.0)
(5.831379456059927 0.002153258397777317 0.0)
(4.889614010481099 0.003370878096284433 0.0)
(3.8317064352415775 0.003401438753656443 0.0)
(2.6543091143835578 0.0020518730147434452 0.0)
(1.3729399202172061 0.0006248800032407095 0.0)
(0.0218380781011297 5.003266469365768e-05 0.0)
(-0.02184620647524781 4.997691534825495e-05 0.0)
(1.2048029840602656 0.0006241489047910993 0.0)
(2.323346411823616 0.002049272511699894 0.0)
(3.3679616706103226 0.003396457382786116 0.0)
(4.354357680781365 0.00336380774376739 0.0)
(5.279840536442562 0.002142775534564136 0.0)
(6.14510455806031 0.0014783543753531699 0.0)
(6.942580073075128 0.0022456995189204768 0.0)
(7.6514752062699 0.0034390294452207545 0.0)
(8.261628643535028 0.004389496059108756 0.0)
(8.778096468958099 0.005175071377154487 0.0)
(9.203200672417136 0.0058272178094965115 0.0)
(9.537454679040087 0.006339552886344257 0.0)
(9.781322906060602 0.006707884400208424 0.0)
(9.935352998099848 0.0069301448854073985 0.0)
(10.000000000000004 0.007004200103609578 0.0)
(9.97575811301125 0.0069301448854056265 0.0)
(9.863121538383854 0.006707884400204956 0.0)
(9.66254532095991 0.006339552886339822 0.0)
(9.374577105360629 0.005827217809490404 0.0)
(8.999681308819683 0.005175071377147824 0.0)
(8.538371356464955 0.004389496059100322 0.0)
(7.992969238174548 0.0034390294452114065 0.0)
(7.368531038036003 0.0022456995189121293 0.0)
(6.654895441939681 0.0014783543753450876 0.0)
(5.831270574668532 0.002142775534556173 0.0)
(4.8900867636630885 0.0033638077437627826 0.0)
(3.832038329389678 0.003396457382784415 0.0)
(2.654431365954172 0.0020492725116994974 0.0)
(1.3729747937175287 0.0006241489047909025 0.0)
(0.021846206475251262 4.997691534823641e-05 0.0)
(-0.02184881892765127 4.992899487398961e-05 0.0)
(1.2047879771694747 0.0006235502245569763 0.0)
(2.3232580713831235 0.002047339354475028 0.0)
(3.367646159282419 0.0033933870078673594 0.0)
(4.353797939234406 0.0033606237543794535 0.0)
(5.279722696568548 0.0021384918245034227 0.0)
(6.14601831849645 0.0014690878243100109 0.0)
(6.943347064306282 0.0022306596108318155 0.0)
(7.651517837843232 0.0034223782773110723 0.0)
(8.261655635340189 0.004373317638097446 0.0)
(8.778137478798882 0.005159464832176732 0.0)
(9.203222130231305 0.005812305737498159 0.0)
(9.537468180368583 0.006325308413299967 0.0)
(9.78133051916684 0.006694183823653292 0.0)
(9.935356413213482 0.0069167915437992515 0.0)
(10.000000000000004 0.006990968528064358 0.0)
(9.975754697897617 0.006916791543797478 0.0)
(9.863113925277617 0.006694183823649822 0.0)
(9.662531819631413 0.006325308413295529 0.0)
(9.37455564754646 0.005812305737492045 0.0)
(8.9996402989789 0.00515946483217006 0.0)
(8.538344364659794 0.004373317638089006 0.0)
(7.992926606601215 0.0034223782773017165 0.0)
(7.367764046804846 0.0022306596108234654 0.0)
(6.653981681503539 0.0014690878243019386 0.0)
(5.8313884145425465 0.0021384918244954755 0.0)
(4.89064650521005 0.0033606237543748548 0.0)
(3.832353840717582 0.0033933870078656594 0.0)
(2.654519706394665 0.00204733935447463 0.0)
(1.3729898006083197 0.0006235502245567786 0.0)
(0.021848818927654702 4.992899487397097e-05 0.0)
(-0.021845800671957367 4.9891008808851266e-05 0.0)
(1.2047934962635425 0.0006231102674527691 0.0)
(2.3232075235900926 0.0020461584824610895 0.0)
(3.3673608937652477 0.0033923625355587084 0.0)
(4.3531758033420305 0.0033614660267939907 0.0)
(5.2793833130976076 0.0021405954859863813 0.0)
(6.146750642177709 0.0014680281416716433 0.0)
(6.944162150730293 0.0022240930846481708 0.0)
(7.651618371768954 0.0034135460103140876 0.0)
(8.261687992129685 0.004364371236608605 0.0)
(8.778184283942755 0.005150552004642221 0.0)
(9.203247042671848 0.005803577248596614 0.0)
(9.53748387589356 0.006316817712857383 0.0)
(9.781339315769806 0.006685913254146836 0.0)
(9.93536039983655 0.00690866766757131 0.0)
(10.000000000000004 0.006982898705432157 0.0)
(9.975750711274546 0.006908667667569538 0.0)
(9.863105128674652 0.006685913254143369 0.0)
(9.662516124106437 0.006316817712852948 0.0)
(9.374530735105916 0.0058035772485905066 0.0)
(8.999593493835027 0.005150552004635558 0.0)
(8.538312007870298 0.0043643712366001714 0.0)
(7.992826072675493 0.0034135460103047422 0.0)
(7.366948960380834 0.0022240930846398397 0.0)
(6.653249357822279 0.0014680281416636024 0.0)
(5.831727798013489 0.002140595485978466 0.0)
(4.891268641102426 0.003361466026789412 0.0)
(3.832639106234754 0.0033923625355570144 0.0)
(2.6545702541876954 0.0020461584824606914 0.0)
(1.372984281514252 0.0006231102674525712 0.0)
(0.021845800671960763 4.989100880883258e-05 0.0)
(-0.021837284324799536 4.9864626191048574e-05 0.0)
(1.2048192988435724 0.0006228483643887581 0.0)
(2.323196989422075 0.002045781781014027 0.0)
(3.3671184081037553 0.0033934289792991843 0.0)
(4.352518608617186 0.003366297553102001 0.0)
(5.278837297918569 0.00214899408797599 0.0)
(6.147269352141281 0.0014752218879545628 0.0)
(6.9449895189408455 0.0022262884615169318 0.0)
(7.65177239077029 0.003412920717883471 0.0)
(8.26172429220538 0.00436304994315667 0.0)
(8.778234827857323 0.0051487245078872665 0.0)
(9.203274315131706 0.005801415856625892 0.0)
(9.537501075982364 0.006314453850860656 0.0)
(9.781348909362855 0.0066834360853825865 0.0)
(9.935364782804136 0.00690613020498282 0.0)
(10.000000000000004 0.00698034520895611 0.0)
(9.975746328306963 0.006906130204981051 0.0)
(9.863095535081602 0.0066834360853791274 0.0)
(9.662498924017633 0.006314453850856231 0.0)
(9.374503462646059 0.0058014158566198 0.0)
(8.999542949920459 0.0051487245078806225 0.0)
(8.538275707794602 0.004363049943148261 0.0)
(7.9926720536741565 0.003412920717874156 0.0)
(7.366121592170279 0.0022262884615086406 0.0)
(6.652730647858707 0.001475221887946573 0.0)
(5.832273813192529 0.002148994087968122 0.0)
(4.891925835827273 0.003366297553097452 0.0)
(3.832881591896247 0.0033934289792975016 0.0)
(2.654580788355713 0.0020457817810136314 0.0)
(1.3729584789342217 0.0006228483643885602 0.0)
(0.02183728432480289 4.986462619102987e-05 0.0)
(-0.02182364407889169 4.985100622454212e-05 0.0)
(1.2048642511914027 0.0006227760229064371 0.0)
(2.3232269317311425 0.002046225801706268 0.0)
(3.366929356674292 0.003396539481501835 0.0)
(4.3518552309937775 0.003374906044876539 0.0)
(5.278108641939494 0.002163318611265634 0.0)
(6.147551657220319 0.0014903529831076846 0.0)
(6.945792815892397 0.0022371492805948125 0.0)
(7.6519731275340925 0.0034205298742246847 0.0)
(8.261762940608358 0.004369411812958683 0.0)
(8.778286889735448 0.00515406263877597 0.0)
(9.203302749308884 0.005805916529195032 0.0)
(9.537519024894559 0.006318320691081356 0.0)
(9.781358878421065 0.006686861159624197 0.0)
(9.935369369536657 0.00690929064749776 0.0)
(10.000000000000004 0.006983420234599887 0.0)
(9.975741741574442 0.006909290647495998 0.0)
(9.863085566023393 0.006686861159620749 0.0)
(9.662480975105439 0.0063183206910769505 0.0)
(9.374475028468881 0.0058059165291889665 0.0)
(8.999490888042335 0.005154062638769357 0.0)
(8.538237059391623 0.004369411812950314 0.0)
(7.992471316910354 0.0034205298742154165 0.0)
(7.365318295218726 0.0022371492805865812 0.0)
(6.65244834277967 0.0014903529830997632 0.0)
(5.833002469171608 0.0021633186112578256 0.0)
(4.892589213450684 0.003374906044872027 0.0)
(3.8330706433257102 0.003396539481500169 0.0)
(2.654550846046645 0.0020462258017058766 0.0)
(1.3729135265863914 0.0006227760229062399 0.0)
(0.02182364407889499 4.985100622452345e-05 0.0)
(-0.021805479261684895 4.985074734574322e-05 0.0)
(1.2049263781831074 0.0006228964215581949 0.0)
(2.3232960349070115 0.002047471035080908 0.0)
(3.3668020460508097 0.0034015573723903797 0.0)
(4.351214818070962 0.0033869132607378207 0.0)
(5.277229360971063 0.0021829396625079405 0.0)
(6.147585153446112 0.0015127565944915368 0.0)
(6.946536746186487 0.0022561983373608403 0.0)
(7.652211762054195 0.003436039146928653 0.0)
(8.261802239198499 0.004383177317094254 0.0)
(8.77833818207345 0.005166331849602913 0.0)
(9.203331095857656 0.005816881514985095 0.0)
(9.537536933987779 0.006328248331634371 0.0)
(9.78136878492225 0.006696037985375484 0.0)
(9.935373958501478 0.006918010131053891 0.0)
(10.000000000000004 0.006991988671362298 0.0)
(9.97573715260962 0.006918010131052138 0.0)
(9.863075659522206 0.006696037985372052 0.0)
(9.662463066012219 0.0063282483316299916 0.0)
(9.374446681920109 0.005816881514979062 0.0)
(8.999439595704333 0.005166331849596345 0.0)
(8.538197760801484 0.0043831773170859385 0.0)
(7.9922326823902505 0.003436039146919447 0.0)
(7.364574364924635 0.0022561983373526845 0.0)
(6.652414846553878 0.0015127565944836982 0.0)
(5.8338817501400415 0.0021829396625002023 0.0)
(4.8932296263735005 0.003386913260733353 0.0)
(3.8331979539491927 0.0034015573723887335 0.0)
(2.6544817428707757 0.002047471035080523 0.0)
(1.3728513995946865 0.0006228964215579987 0.0)
(0.021805479261688125 4.9850747345724584e-05 0.0)
(-0.021783588002015613 4.986386092931265e-05 0.0)
(1.2050029500723294 0.0006232042702475363 0.0)
(2.3234012626825558 0.0020494627678615566 0.0)
(3.366742070029195 0.003408262175019146 0.0)
(4.350625508420967 0.003401791625587483 0.0)
(5.27623808901043 0.002206995128607021 0.0)
(6.14736836905578 0.0015414483484081612 0.0)
(6.947188622886973 0.002282598651109978 0.0)
(7.652477809166356 0.0034587670869261756 0.0)
(8.261840461267644 0.004403741624494946 0.0)
(8.77838645117983 0.00518499305369025 0.0)
(9.203358109282528 0.005833829032580337 0.0)
(9.537554016369231 0.006343800570155907 0.0)
(9.781378193592877 0.006710563349701464 0.0)
(9.935378348067882 0.006931905537495603 0.0)
(10.000000000000004 0.0070056740378075175 0.0)
(9.975732763043217 0.006931905537493859 0.0)
(9.86306625085158 0.006710563349698054 0.0)
(9.662445983630766 0.006343800570151559 0.0)
(9.374419668495236 0.005833829032574348 0.0)
(8.99939132659795 0.005184993053683736 0.0)
(8.538159538732339 0.004403741624486693 0.0)
(7.9919666352780885 0.0034587670869170454 0.0)
(7.363922488224147 0.002282598651101911 0.0)
(6.652631630944211 0.0015414483484004168 0.0)
(5.834873022100677 0.00220699512859936 0.0)
(4.893818936023497 0.0034017916255830636 0.0)
(3.8332579299708076 0.003408262175017523 0.0)
(2.6543765150952314 0.00204946276786118 0.0)
(1.3727748277054643 0.0006232042702473415 0.0)
(0.021783588002018774 4.986386092929408e-05 0.0)
(-0.021758932161784785 4.988977078837901e-05 0.0)
(1.2050906024303403 0.0006236860426662446 0.0)
(2.323537991541826 0.0020521134869536037 0.0)
(3.3667520638461146 0.0034163592926267175 0.0)
(4.3501131952317 0.0034188874112932297 0.0)
(5.275178380734065 0.0022344280563907147 0.0)
(6.146910829158838 0.0015751675816805424 0.0)
(6.947719803724213 0.002315190240354098 0.0)
(7.652759579247187 0.0034877150701133537 0.0)
(8.261875927408001 0.004430201177114908 0.0)
(8.778429576198366 0.0052092263118700905 0.0)
(9.203382602663032 0.005856014439062234 0.0)
(9.53756952147033 0.006364294069737344 0.0)
(9.78138669103317 0.006729799034667058 0.0)
(9.93538234536635 0.0069503663280847715 0.0)
(10.000000000000004 0.0070238750239706126 0.0)
(9.97572876574475 0.006950366328083038 0.0)
(9.863057753411288 0.00672979903466367 0.0)
(9.662430478529668 0.0063642940697330305 0.0)
(9.374395175114733 0.005856014439056291 0.0)
(8.999348201579414 0.005209226311863636 0.0)
(8.53812407259198 0.004430201177106728 0.0)
(7.991684865197258 0.0034877150701043084 0.0)
(7.363391307386907 0.0023151902403461305 0.0)
(6.653089170841156 0.0015751675816728981 0.0)
(5.835932730377045 0.0022344280563831344 0.0)
(4.894331249212764 0.0034188874112888626 0.0)
(3.8332479361538874 0.0034163592926251198 0.0)
(2.6542397862359604 0.002052113486953236 0.0)
(1.372687175347453 0.0006236860426660517 0.0)
(0.021758932161787876 4.988977078836056e-05 0.0)
(-0.02173259507350558 4.992733849113565e-05 0.0)
(1.2051854839728848 0.0006243205706156196 0.0)
(2.3237002138688845 0.002055306724609499 0.0)
(3.3668315883915367 0.0034254929526786747 0.0)
(4.349700388607448 0.0034374494603070078 0.0)
(5.27409679778495 0.0022640330931993275 0.0)
(6.146232637221311 0.001612432732886285 0.0)
(6.948106949583984 0.0023525410902864425 0.0)
(7.653044691834817 0.003521611175067781 0.0)
(8.261907079302247 0.004461393390618403 0.0)
(8.778465662294636 0.005237966859111505 0.0)
(9.203403499804836 0.005882462948257024 0.0)
(9.537582768025294 0.0063888283834988725 0.0)
(9.781393903881145 0.006752899859465569 0.0)
(9.935385774762901 0.00697258136945597 0.0)
(10.000000000000004 0.007045791911817338 0.0)
(9.975725336348198 0.0069725813694542504 0.0)
(9.863050540563313 0.006752899859462205 0.0)
(9.662417231974704 0.0063888283834945955 0.0)
(9.37437427797293 0.00588246294825113 0.0)
(8.999312115483146 0.0052379668591051145 0.0)
(8.538092920697736 0.0044613933906102994 0.0)
(7.991399752609626 0.003521611175058826 0.0)
(7.363004161527136 0.002352541090278578 0.0)
(6.653767362778686 0.001612432732878744 0.0)
(5.837014313326162 0.0022640330931918296 0.0)
(4.894744055837017 0.0034374494603026926 0.0)
(3.8331684116084643 0.003425492952677103 0.0)
(2.6540775639089014 0.00205530672460914 0.0)
(1.3725922938049082 0.0006243205706154289 0.0)
(0.021732595073508595 4.992733849111734e-05 0.0)
(-0.02170573394065464 4.997491338145166e-05 0.0)
(1.2052834257785643 0.000625079974098402 0.0)
(2.323880801911458 0.0020589021758085036 0.0)
(3.3669771495024214 0.003435261838861893 0.0)
(4.3494052265160725 0.0034566621901534595 0.0)
(5.273040862939169 0.0022945094478763746 0.0)
(6.145363591756217 0.001651606439456077 0.0)
(6.9483330499854725 0.0023930100728924313 0.0)
(7.653320619603748 0.0035589660689489314 0.0)
(8.261932548193139 0.004495947736208631 0.0)
(8.778493123911584 0.005269951888348052 0.0)
(9.20341988252576 0.005912012461056867 0.0)
(9.537593174004733 0.006416325518578066 0.0)
(9.78139951521746 0.0067788508161171135 0.0)
(9.935388485576123 0.006997574573332621 0.0)
(10.000000000000004 0.007070461713391523 0.0)
(9.975722625534976 0.006997574573330915 0.0)
(9.863044929226996 0.006778850816113774 0.0)
(9.662406825995264 0.006416325518573828 0.0)
(9.374357895252004 0.005912012461051025 0.0)
(8.999284653866196 0.005269951888341726 0.0)
(8.538067451806842 0.004495947736200605 0.0)
(7.991123824840695 0.0035589660689400674 0.0)
(7.362778061125646 0.002393010072884671 0.0)
(6.654636408243783 0.0016516064394486365 0.0)
(5.838070248171946 0.002294509447868954 0.0)
(4.895039217928393 0.0034566621901491947 0.0)
(3.833022850497579 0.003435261838860348 0.0)
(2.653896975866328 0.002058902175808155 0.0)
(1.3724943519992285 0.0006250799740982135 0.0)
(0.021705733940657584 4.99749133814335e-05 0.0)
(-0.02167952899226837 5.003040510568232e-05 0.0)
(1.2053801244636166 0.0006259308863148476 0.0)
(2.324071820961332 0.0020627418630026276 0.0)
(3.3671823514898533 0.0034452367241891543 0.0)
(4.349240677839884 0.003475681428631829 0.0)
(5.272056972042067 0.00232451804515226 0.0)
(6.144341877031419 0.0016909674803895118 0.0)
(6.948388170490676 0.0024348190551122697 0.0)
(7.653575238792606 0.0035981384460585133 0.0)
(8.261951215024206 0.004532345959155743 0.0)
(8.778510754436006 0.005303776035910032 0.0)
(9.203431030999019 0.005943364625928643 0.0)
(9.53760028218895 0.006445577301164136 0.0)
(9.781403278490263 0.006806511667062357 0.0)
(9.935390358697845 0.007024247784060159 0.0)
(10.000000000000004 0.007096800482744123 0.0)
(9.975720752413254 0.007024247784058463 0.0)
(9.863041165954193 0.006806511667059042 0.0)
(9.662399717811047 0.006445577301159936 0.0)
(9.374346746778746 0.005943364625922853 0.0)
(8.999267023341774 0.00530377603590377 0.0)
(8.538048784975777 0.004532345959147793 0.0)
(7.990869205651837 0.0035981384460497395 0.0)
(7.3627229406204435 0.002434819055104609 0.0)
(6.655658122968584 0.0016909674803821655 0.0)
(5.83905413906905 0.0023245180451449115 0.0)
(4.895203766604581 0.00347568142862761 0.0)
(3.832817648510147 0.0034452367241876347 0.0)
(2.653705956816453 0.0020627418630022893 0.0)
(1.372397653314176 0.0006259308863146614 0.0)
(0.02167952899227126 5.003040510566432e-05 0.0)
(-0.02165513162583828 5.0091375458984174e-05 0.0)
(1.205471331264726 0.0006268359197388658 0.0)
(2.3242648779909145 0.0020666570773610693 0.0)
(3.3674381781539102 0.003454979330447716 0.0)
(4.349213972546681 0.003493671505198089 0.0)
(5.271188355459685 0.0023527403621618607 0.0)
(6.14321238532275 0.0017287864035569638 0.0)
(6.948269889205436 0.002476131026754589 0.0)
(7.653797361900047 0.0036374071438101713 0.0)
(8.261962259609039 0.004568988788132111 0.0)
(8.77851777921491 0.005337953130633104 0.0)
(9.203436455381091 0.005975141886105055 0.0)
(9.537603780257333 0.006475298461444871 0.0)
(9.781405028348232 0.0068346670451148615 0.0)
(9.935391311826523 0.007051429029556471 0.0)
(10.000000000000004 0.007123650942535205 0.0)
(9.975719799284576 0.007051429029554787 0.0)
(9.863039416096226 0.006834667045111571 0.0)
(9.662396219742664 0.006475298461440705 0.0)
(9.374341322396674 0.005975141886099312 0.0)
(8.99925999856287 0.005337953130626902 0.0)
(8.538037740390942 0.004568988788124235 0.0)
(7.990647082544395 0.0036374071438014808 0.0)
(7.3628412219056845 0.0024761310267470194 0.0)
(6.656787614677255 0.0017287864035497008 0.0)
(5.8399227556514335 0.0023527403621545736 0.0)
(4.895230471897783 0.00349367150519391 0.0)
(3.8325618218460886 0.003454979330446219 0.0)
(2.6535128997868704 0.0020666570773607397 0.0)
(1.3723064465130663 0.000626835919738682 0.0)
(0.021655131625841116 5.009137545896634e-05 0.0)
(-0.021633613817011583 5.015514551557526e-05 0.0)
(1.2055530387219098 0.000627755308857517 0.0)
(2.3244514904275135 0.002070475791527601 0.0)
(3.367733388938996 0.003464061585342172 0.0)
(4.349326284018192 0.003509841968799834 0.0)
(5.270473178615565 0.0023779363619270432 0.0)
(6.142024744429543 0.00176340151466222 0.0)
(6.947983403193037 0.002515130815363541 0.0)
(7.653977229243091 0.003675046767464749 0.0)
(8.261965196668788 0.004604266204268676 0.0)
(8.778513889592364 0.005370981493500363 0.0)
(9.203435917334554 0.006005948006908801 0.0)
(9.537603514511158 0.0065041831060108635 0.0)
(9.781404687905807 0.00686207985447181 0.0)
(9.935391303083426 0.0070779240156211365 0.0)
(10.000000000000004 0.007149833332683072 0.0)
(9.975719808027673 0.007077924015619463 0.0)
(9.86303975653865 0.00686207985446854 0.0)
(9.66239648548884 0.006504183106006729 0.0)
(9.37434186044321 0.0060059480069031 0.0)
(8.999263888185418 0.005370981493494212 0.0)
(8.538034803331195 0.004604266204260862 0.0)
(7.990467215201351 0.003675046767456131 0.0)
(7.3631277079180855 0.0025151308153560513 0.0)
(6.657975255570466 0.0017634015146550258 0.0)
(5.840637932495555 0.002377936361919804 0.0)
(4.8951181604262715 0.003509841968795686 0.0)
(3.8322666110610024 0.003464061585340693 0.0)
(2.653326287350271 0.00207047579152728 0.0)
(1.3722247390558824 0.0006277553088573353 0.0)
(0.021633613817014383 5.01551455155576e-05 0.0)
(-0.02161592101894241 5.021891333583298e-05 0.0)
(1.2056216567589786 0.0006286486573949024 0.0)
(2.3246234588620625 0.0020740302181878854 0.0)
(3.3680550128232865 0.0034720844312079737 0.0)
(4.349572677493825 0.0035234823188494296 0.0)
(5.269942865071856 0.0023989989783129036 0.0)
(6.140831137119918 0.0017932918890498709 0.0)
(6.947541300124751 0.0025501048415757462 0.0)
(7.654106937779744 0.00370940350081861 0.0)
(8.26195989715442 0.004636628182438603 0.0)
(8.778499256471266 0.005401409918671103 0.0)
(9.203429440500189 0.006034429423749973 0.0)
(9.537599496626823 0.006530962096422847 0.0)
(9.781402272121408 0.0068875456264403745 0.0)
(9.935390332852712 0.007102568601037681 0.0)
(10.000000000000004 0.00717419724686396 0.0)
(9.975720778258387 0.0071025686010360144 0.0)
(9.863042172323048 0.00688754562643712 0.0)
(9.662400503373174 0.006530962096418738 0.0)
(9.374348337277576 0.006034429423744306 0.0)
(8.999278521306517 0.005401409918664995 0.0)
(8.538040102845562 0.004636628182430842 0.0)
(7.990337506664697 0.0037094035008100523 0.0)
(7.363569810986373 0.00255010484156832 0.0)
(6.659168862880094 0.001793291889042728 0.0)
(5.841168246039263 0.002398998978305699 0.0)
(4.894871766950637 0.0035234823188453044 0.0)
(3.831944987176711 0.0034720844312065096 0.0)
(2.653154318915721 0.0020740302181875715 0.0)
(1.3721561210188133 0.0006286486573947227 0.0)
(0.021615921018945175 5.021891333581547e-05 0.0)
(-0.021602830620809848 5.027987707839516e-05 0.0)
(1.2056741704249172 0.0006294767132506246 0.0)
(2.324773227316155 0.0020771641823371092 0.0)
(3.3683889182417 0.0034786953588751605 0.0)
(4.349942326895027 0.0035339932233200114 0.0)
(5.269620715835491 0.002415002758488416 0.0)
(6.139684008315415 0.0018171441983522176 0.0)
(6.946963005200594 0.0025795164106626124 0.0)
(7.654180788354201 0.003738967771862053 0.0)
(8.2619465939169 0.004664652796525675 0.0)
(8.778474522804185 0.005427901436810551 0.0)
(9.203417309458246 0.006059334715277848 0.0)
(9.537591903142818 0.006554458812832897 0.0)
(9.78139788714018 0.006909945441588569 0.0)
(9.935388443764543 0.007124279947808894 0.0)
(10.000000000000004 0.00719567217926128 0.0)
(9.975722667346554 0.0071242799478072345 0.0)
(9.863046557304276 0.006909945441585329 0.0)
(9.66240809685718 0.006554458812828808 0.0)
(9.37436046831952 0.006059334715272207 0.0)
(8.999303254973597 0.005427901436804478 0.0)
(8.538053406083081 0.0046646527965179515 0.0)
(7.990263656090241 0.0037389677718535396 0.0)
(7.364148105910532 0.0025795164106552303 0.0)
(6.660315991684599 0.0018171441983451063 0.0)
(5.841490395275629 0.0024150027584812295 0.0)
(4.894502117549434 0.0035339932233158992 0.0)
(3.8316110817582967 0.0034786953588737068 0.0)
(2.6530045504616284 0.0020771641823368013 0.0)
(1.3721036073528747 0.0006294767132504465 0.0)
(0.021602830620812606 5.0279877078377785e-05 0.0)
(-0.021594917790759647 5.03353581079436e-05 0.0)
(1.205708272365315 0.0006302030931652681 0.0)
(2.3248942152379124 0.002079739983323982 0.0)
(3.3687204340010144 0.003483603896276387 0.0)
(4.3504189905033614 0.0035409128522982994 0.0)
(5.269520885554558 0.0024252445256307564 0.0)
(6.138633760757093 0.001833910415735082 0.0)
(6.946273927641574 0.0026020732320854085 0.0)
(7.654195536107324 0.003762440580611734 0.0)
(8.26192587147615 0.004687108696256485 0.0)
(8.778440775343206 0.0054492920590765255 0.0)
(9.203400057224517 0.006079569588545635 0.0)
(9.537581067702936 0.006573640852507985 0.0)
(9.781391725630177 0.006928295093018086 0.0)
(9.935385718821998 0.007142104099077436 0.0)
(10.000000000000004 0.007213314560632771 0.0)
(9.975725392289101 0.007142104099075782 0.0)
(9.863052718814279 0.006928295093014853 0.0)
(9.66241893229706 0.006573640852503907 0.0)
(9.374377720553248 0.00607956958854001 0.0)
(8.999337002434576 0.005449292059070471 0.0)
(8.538074128523833 0.004687108696248786 0.0)
(7.990248908337118 0.0037624405806032475 0.0)
(7.364837183469554 0.00260207323207805 0.0)
(6.6613662392429225 0.0018339104157279816 0.0)
(5.841590225556562 0.0024252445256235707 0.0)
(4.894025453941098 0.003540912852294188 0.0)
(3.8312795659989813 0.0034836038962749376 0.0)
(2.6528835625398712 0.0020797399833236774 0.0)
(1.372069505412477 0.0006302030931650915 0.0)
(0.021594917790762405 5.0335358107926334e-05 0.0)
(-0.02159253020406809 5.038291868953964e-05 0.0)
(1.2057224642032989 0.0006307958813342585 0.0)
(2.3249811066393926 0.0020816444451654337 0.0)
(3.369034993905256 0.0034865943712581583 0.0)
(4.350981724591911 0.003543937169946091 0.0)
(5.269647760588967 0.0024292742752284745 0.0)
(6.137726540401291 0.001842853864279589 0.0)
(6.945504344255002 0.0026167842003773545 0.0)
(7.654150533049823 0.003778790574793483 0.0)
(8.261898640338302 0.004703009210478773 0.0)
(8.778399496890025 0.005464641920659696 0.0)
(9.203378441830589 0.006094244960240601 0.0)
(9.537567466396585 0.006587665391717335 0.0)
(9.781384058316878 0.006941788330614851 0.0)
(9.935382277754064 0.007155257894244931 0.0)
(10.000000000000004 0.007226349217016799 0.0)
(9.975728833357035 0.007155257894243278 0.0)
(9.86306038612758 0.006941788330611621 0.0)
(9.662432533603411 0.006587665391713263 0.0)
(9.374399335947176 0.006094244960234982 0.0)
(8.999378280887758 0.005464641920653647 0.0)
(8.53810135966168 0.00470300921047108 0.0)
(7.990293911394619 0.003778790574785003 0.0)
(7.3656067668561285 0.0026167842003699975 0.0)
(6.662273459598727 0.0018428538642724778 0.0)
(5.841463350522151 0.0024292742752212724 0.0)
(4.893462719852547 0.0035439371699419694 0.0)
(3.830965006094739 0.003486594371256708 0.0)
(2.6527966711383906 0.002081644445165131 0.0)
(1.3720553135744933 0.0006307958813340825 0.0)
(0.02159253020407087 5.038291868952246e-05 0.0)
(-0.02159577276692645 5.0420469098237565e-05 0.0)
(1.2057161223754707 0.0006312290317299251 0.0)
(2.3250300836713786 0.002082793889292267 0.0)
(3.369318776767704 0.003487535387820695 0.0)
(4.3516058036543175 0.003542933293278774 0.0)
(5.269995766281817 0.002426914947456464 0.0)
(6.1370022088507294 0.0018435815852182692 0.0)
(6.94468806912697 0.0026230029425046582 0.0)
(7.654047756533714 0.003787299365574422 0.0)
(8.261866096989738 0.004711655699686776 0.0)
(8.778352501144356 0.005473276576723875 0.0)
(9.203353413017327 0.006102716021378304 0.0)
(9.537551696840282 0.006595916217865261 0.0)
(9.781375222087998 0.006949832286204042 0.0)
(9.935378271754972 0.0071631633796159075 0.0)
(10.000000000000004 0.007234203429458073 0.0)
(9.975732839356125 0.007163163379614252 0.0)
(9.86306922235646 0.00694983228620081 0.0)
(9.662448303159715 0.006595916217861183 0.0)
(9.374424364760438 0.006102716021372679 0.0)
(8.999425276633426 0.005473276576717819 0.0)
(8.538133903010243 0.004711655699679073 0.0)
(7.990396687910729 0.00378729936556593 0.0)
(7.366423041984162 0.002623002942497282 0.0)
(6.662997791149289 0.0018435815852111258 0.0)
(5.841115344829299 0.002426914947449229 0.0)
(4.8928386407901385 0.003542933293274633 0.0)
(3.83068122323229 0.003487535387819238 0.0)
(2.6527476941064045 0.002082793889291964 0.0)
(1.3720616554023215 0.0006312290317297495 0.0)
(0.021595772766929255 5.042046909822045e-05 0.0)
(-0.021604503007054816 5.044635943777573e-05 0.0)
(1.2056895255301436 0.000631483512516309 0.0)
(2.3250389943726857 0.002083137811232396 0.0)
(3.3695593136885487 0.0034863855994177796 0.0)
(4.352263806798298 0.0035379453308005703 0.0)
(5.270549611899624 0.002418270206860759 0.0)
(6.136492591908613 0.0018360616038244053 0.0)
(6.943860967893272 0.002620456218315114 0.0)
(7.653891722371089 0.003787593092254029 0.0)
(8.261829671325659 0.004712668252963001 0.0)
(8.77830185301329 0.0054748166362782605 0.0)
(9.203326070504998 0.00610461056902972 0.0)
(9.53753445191948 0.006598030804745279 0.0)
(9.781365605191272 0.006952073523093073 0.0)
(9.935373876840996 0.007165473202625839 0.0)
(10.000000000000004 0.007236532098230804 0.0)
(9.975737234270103 0.007165473202624182 0.0)
(9.863078839253186 0.006952073523089832 0.0)
(9.662465548080517 0.006598030804741191 0.0)
(9.374451707272767 0.0061046105690240795 0.0)
(8.999475924764493 0.005474816636272184 0.0)
(8.538170328674324 0.004712668252955274 0.0)
(7.990552722073354 0.003787593092245507 0.0)
(7.367250143217862 0.0026204562183076963 0.0)
(6.663507408091405 0.0018360616038172104 0.0)
(5.840561499211489 0.0024182702068534763 0.0)
(4.892180637646156 0.0035379453307964 0.0)
(3.8304406863114453 0.003486385599416311 0.0)
(2.6527387834050975 0.0020831378112320907 0.0)
(1.3720882522476487 0.0006314835125161332 0.0)
(0.021604503007057678 5.044635943775863e-05 0.0)
(-0.021618337333673483 5.045945213399984e-05 0.0)
(1.2056438422840434 0.0006315481422732157 0.0)
(2.325007447223401 0.0020826610996849603 0.0)
(3.3697460359155373 0.003483195525648359 0.0)
(4.352926822569491 0.0035291924444575532 0.0)
(5.271284962479173 0.0024037198875280293 0.0)
(6.136220081211061 0.0018206243343230261 0.0)
(6.943059381868977 0.0026092559262105093 0.0)
(7.653689286417598 0.0037796588490193613 0.0)
(8.2617909638231 0.004706002380568905 0.0)
(8.778249777883046 0.005469194431923491 0.0)
(9.20329761567357 0.006099845360237025 0.0)
(9.537516489344453 0.0065939162412784105 0.0)
(9.781355630175547 0.006948413565433264 0.0)
(9.935369286116615 0.0071620858738773744 0.0)
(10.000000000000004 0.007233232905889297 0.0)
(9.975741824994484 0.007162085873875712 0.0)
(9.86308881426891 0.0069484135654300115 0.0)
(9.662483510655544 0.0065939162412743035 0.0)
(9.374480162104195 0.00609984536023136 0.0)
(8.999527999894736 0.005469194431917381 0.0)
(8.538209036176882 0.004706002380561136 0.0)
(7.990755158026846 0.0037796588490107913 0.0)
(7.368051729242159 0.002609255926203032 0.0)
(6.663779918788958 0.001820624334315762 0.0)
(5.839826148631937 0.0024037198875206866 0.0)
(4.891517621874962 0.003529192444453345 0.0)
(3.8302539640844566 0.0034831955256468742 0.0)
(2.6527703305543833 0.0020826610996846507 0.0)
(1.3721339354937492 0.0006315481422730393 0.0)
(0.0216183373336764 5.0459452133982725e-05 0.0)
)
