(
(-0.01701362833115458 6.181730423050013e-05 0.0)
(1.2188880657658854 0.0008144272550291913 0.0)
(2.3412201603793728 0.0029686602684605304 0.0)
(3.3800697200898004 0.005981730026357491 0.0)
(4.3553985705223495 0.008667238476407801 0.0)
(5.273633796371818 0.011049059479199855 0.0)
(6.146198289118995 0.014409508559923227 0.0)
(6.955310589364365 0.018982914808201457 0.0)
(7.6618596793152465 0.023501694380492027 0.0)
(8.26798851270769 0.027381062214953386 0.0)
(8.78326933371089 0.03070070435699066 0.0)
(9.207141052226037 0.03345606987075066 0.0)
(9.54031119066586 0.035620578264203236 0.0)
(9.783179596090736 0.03717646877269608 0.0)
(9.936268514447184 0.038113843654043036 0.0)
(10.000000000000004 0.03842666326802362 0.0)
(9.97484259666391 0.03811384365404146 0.0)
(9.86126484835372 0.03717646877269304 0.0)
(9.659688809334131 0.0356205782641991 0.0)
(9.370636725551726 0.033456069870745384 0.0)
(8.99450844406689 0.03070070435698499 0.0)
(8.532011487292289 0.02738106221494631 0.0)
(7.982584765129197 0.023501694380484422 0.0)
(7.355800521746767 0.018982914808194775 0.0)
(6.6538017108810195 0.014409508559916556 0.0)
(5.837477314739306 0.011049059479193137 0.0)
(4.889045873922124 0.008667238476404016 0.0)
(3.819930279910205 0.005981730026356212 0.0)
(2.6365576173984144 0.002968660268460361 0.0)
(1.3588897120119068 0.0008144272550290565 0.0)
(0.017013628331160123 6.181730423048677e-05 0.0)
(-0.017014610294586938 6.18573649398372e-05 0.0)
(1.218889777503842 0.0008149062104867643 0.0)
(2.3412818938068156 0.0029700576744659795 0.0)
(3.380355357032762 0.005983420034670203 0.0)
(4.355977508747792 0.00866780614017061 0.0)
(5.273885327769194 0.011049219477982071 0.0)
(6.145429426978196 0.014413344848465081 0.0)
(6.954540560936537 0.018992156302682046 0.0)
(7.661782521040441 0.02351289781194619 0.0)
(8.267959129409288 0.027392174566641767 0.0)
(8.783226156002662 0.030711599753134297 0.0)
(9.207118197383906 0.03346661248829223 0.0)
(9.540296797548539 0.03563074406596264 0.0)
(9.783171513570005 0.03718631115510658 0.0)
(9.93626486349711 0.038123475728450554 0.0)
(10.000000000000004 0.03843621996798567 0.0)
(9.974846247613986 0.038123475728448965 0.0)
(9.86127293087445 0.03718631115510354 0.0)
(9.659703202451453 0.0356307440659585 0.0)
(9.370659580393857 0.03346661248828696 0.0)
(8.994551621775116 0.030711599753128625 0.0)
(8.532040870590691 0.027392174566634682 0.0)
(7.982661923404002 0.023512897811938573 0.0)
(7.356570550174598 0.01899215630267535 0.0)
(6.654570573021819 0.014413344848458385 0.0)
(5.837225783341928 0.011049219477975328 0.0)
(4.88846693569668 0.008667806140166807 0.0)
(3.819644642967243 0.0059834200346689185 0.0)
(2.6364958839709716 0.002970057674465811 0.0)
(1.35888800027395 0.00081490621048663 0.0)
(0.017014610294592503 6.185736493982389e-05 0.0)
(-0.017020943111725632 6.188680113198537e-05 0.0)
(1.2188718335418576 0.000815219980276997 0.0)
(2.3413057775377784 0.002970696884772455 0.0)
(3.380604010867188 0.005983107845620151 0.0)
(4.356599649064275 0.008664511683404813 0.0)
(5.274341361104396 0.011043273480972242 0.0)
(6.144855659526563 0.014409232950609252 0.0)
(6.953746402468987 0.018993041915298128 0.0)
(7.661652237843398 0.023516314971867455 0.0)
(8.267925453602064 0.027396063838514645 0.0)
(8.783178665478273 0.03071579242199092 0.0)
(9.20709268995109 0.03347094967158615 0.0)
(9.540280716159259 0.035635125678967434 0.0)
(9.783162529478489 0.03719068778349513 0.0)
(9.93626077003845 0.03812783957129541 0.0)
(10.000000000000004 0.03844057525305153 0.0)
(9.974850341072644 0.03812783957129382 0.0)
(9.861281914965968 0.03719068778349209 0.0)
(9.659719283840735 0.0356351256789633 0.0)
(9.370685087826674 0.03347094967158086 0.0)
(8.994599112299506 0.030715792421985234 0.0)
(8.532074546397915 0.027396063838507546 0.0)
(7.982792206601045 0.023516314971859815 0.0)
(7.35736470864215 0.018993041915291404 0.0)
(6.655144340473453 0.014409232950602514 0.0)
(5.836769750006725 0.011043273480965458 0.0)
(4.887844795380195 0.008664511683400987 0.0)
(3.819395989132816 0.005983107845618858 0.0)
(2.6364720002400093 0.0029706968847722846 0.0)
(1.3589059442359348 0.0008152199802768627 0.0)
(0.01702094311173124 6.188680113197209e-05 0.0)
(-0.01703234853017116 6.190431943451365e-05 0.0)
(1.2188350223047937 0.000815354777929332 0.0)
(2.3412907621648165 0.002970549813648491 0.0)
(3.3808047561984935 0.0059808071762230625 0.0)
(4.357237655764467 0.008657499858513667 0.0)
(5.274981859106964 0.011031482744401076 0.0)
(6.144502197056242 0.014397353535625018 0.0)
(6.952963007831909 0.018985532733851538 0.0)
(7.661474554129452 0.0235117957165004 0.0)
(8.267888964939381 0.027392559143081155 0.0)
(8.78312894878448 0.030713098145361245 0.0)
(9.207065650677523 0.033468890852733135 0.0)
(9.540263653084846 0.035633530583158136 0.0)
(9.783153038560727 0.03718940635681715 0.0)
(9.936256413930293 0.03812674344330644 0.0)
(10.000000000000004 0.03843953775996317 0.0)
(9.9748546971808 0.03812674344330485 0.0)
(9.861291405883728 0.0371894063568141 0.0)
(9.659736346915148 0.03563353058315399 0.0)
(9.37071212710024 0.033468890852727834 0.0)
(8.994648828993299 0.03071309814535553 0.0)
(8.532111035060598 0.027392559143074015 0.0)
(7.982969890314992 0.023511795716492725 0.0)
(7.35814810327923 0.018985532733844766 0.0)
(6.655497802943774 0.014397353535618222 0.0)
(5.836129252004155 0.01103148274439424 0.0)
(4.887206788680001 0.008657499858509806 0.0)
(3.81919524380151 0.005980807176221755 0.0)
(2.636487015612971 0.002970549813648317 0.0)
(1.358942755472999 0.0008153547779291972 0.0)
(0.017032348530176815 6.190431943450037e-05 0.0)
(-0.01704832541670264 6.190915012525777e-05 0.0)
(1.2187809612110627 0.0008153046806815311 0.0)
(2.3412375074359484 0.0029696229231302163 0.0)
(3.3809487726440746 0.005976619113683292 0.0)
(4.357863496001161 0.008647078752255113 0.0)
(5.2757786794664225 0.011014365331662975 0.0)
(6.144384570061537 0.014378228563274014 0.0)
(6.952224797952474 0.018969958698037383 0.0)
(7.661257276995928 0.023499538613658107 0.0)
(8.26785126666632 0.02738181447024697 0.0)
(8.783079190381857 0.03070363530483134 0.0)
(9.207038267619415 0.033460526492467085 0.0)
(9.540246358045572 0.035626028864126476 0.0)
(9.783143457830286 0.037182523178616575 0.0)
(9.936251986572058 0.03812023550634215 0.0)
(10.000000000000004 0.03843315307426884 0.0)
(9.974859124539035 0.03812023550634055 0.0)
(9.861300986614168 0.03718252317861351 0.0)
(9.659753641954422 0.0356260288641223 0.0)
(9.370739510158348 0.03346052649246174 0.0)
(8.994698587395922 0.030703635304825585 0.0)
(8.532148733333658 0.027381814470239796 0.0)
(7.983187167448516 0.023499538613650377 0.0)
(7.358886313158665 0.01896995869803054 0.0)
(6.655615429938477 0.014378228563267141 0.0)
(5.835332431644693 0.011014365331656076 0.0)
(4.886580948443306 0.008647078752251213 0.0)
(3.8190512273559296 0.005976619113681966 0.0)
(2.6365402703418392 0.0029696229231300363 0.0)
(1.35899681656673 0.0008153046806813955 0.0)
(0.01704832541670836 6.190915012524444e-05 0.0)
(-0.017068171776154772 6.190108095250391e-05 0.0)
(1.2187120256062216 0.0008150718897150125 0.0)
(2.341148353266534 0.0029679569390913046 0.0)
(3.381029732384782 0.005970727673806989 0.0)
(4.3584496714993 0.008633706248973283 0.0)
(5.27669681135392 0.010992673350558228 0.0)
(6.144507946857405 0.014352698349853196 0.0)
(6.951564208422271 0.01894700410249744 0.0)
(7.661009953202577 0.02348008221801574 0.0)
(8.267814015176036 0.027364301921279623 0.0)
(8.783031576563584 0.030687819680302313 0.0)
(9.207011743938248 0.033446224105475916 0.0)
(9.540229590953823 0.03561295013368266 0.0)
(9.783134208246935 0.0371703406831511 0.0)
(9.93624768249377 0.038108601707246836 0.0)
(10.000000000000004 0.03842170172737752 0.0)
(9.974863428617324 0.03810860170724522 0.0)
(9.861310236197522 0.03717034068314801 0.0)
(9.65977040904617 0.035612950133678455 0.0)
(9.370766033839516 0.033446224105470546 0.0)
(8.994746201214197 0.030687819680296515 0.0)
(8.532185984823943 0.02736430192127238 0.0)
(7.983434491241868 0.02348008221800794 0.0)
(7.359546902688871 0.018947004102490516 0.0)
(6.655492053142608 0.014352698349846236 0.0)
(5.834414299757192 0.010992673350551253 0.0)
(4.885994772945166 0.008633706248969334 0.0)
(3.818970267615222 0.0059707276738056436 0.0)
(2.6366294245112543 0.0029679569390911186 0.0)
(1.3590657521715714 0.0008150718897148756 0.0)
(0.01706817177616056 6.190108095249052e-05 0.0)
(-0.017091015595801118 6.188046646094077e-05 0.0)
(1.2186312443946326 0.0008146666334389657 0.0)
(2.3410272169276736 0.002965625061822596 0.0)
(3.3810440781977213 0.005963391715684237 0.0)
(4.358970426779872 0.008617969911998069 0.0)
(5.277695913733995 0.010967359907052216 0.0)
(6.144866906493144 0.014321884646234066 0.0)
(6.951010264336739 0.018917677530165492 0.0)
(7.660743449704412 0.023454281408003343 0.0)
(8.26777884723086 0.027340790965542414 0.0)
(8.782988199393726 0.0306663461813821 0.0)
(9.206987245036046 0.03342661211247856 0.0)
(9.540214088524937 0.03559486904731555 0.0)
(9.783125696220441 0.03715339414698424 0.0)
(9.936243690808752 0.03809235321386929 0.0)
(10.000000000000004 0.038405686870521955 0.0)
(9.974867420302342 0.038092353213867676 0.0)
(9.861318748224013 0.03715339414698113 0.0)
(9.659785911475055 0.035594869047311316 0.0)
(9.370790532741717 0.03342661211247315 0.0)
(8.994789578384053 0.030666346181376248 0.0)
(8.53222115276912 0.027340790965535107 0.0)
(7.983700994740034 0.023454281407995468 0.0)
(7.360100846774403 0.018917677530158477 0.0)
(6.655133093506867 0.01432188464622701 0.0)
(5.833415197377116 0.010967359907045164 0.0)
(4.885474017664593 0.008617969911994075 0.0)
(3.818955921802283 0.005963391715682867 0.0)
(2.636750560850115 0.0029656250618224013 0.0)
(1.3591465333831607 0.0008146666334388272 0.0)
(0.017091015595806974 6.18804664609273e-05 0.0)
(-0.017115853159998008 6.184821241361447e-05 0.0)
(1.2185421669549479 0.0008141067180727651 0.0)
(2.340879420928485 0.0029627297497452267 0.0)
(3.380991179754117 0.005954933567894193 0.0)
(4.3594028808085445 0.008600561167187356 0.0)
(5.278732087875871 0.010939537227542961 0.0)
(6.145445676939061 0.014287141350181571 0.0)
(6.950587304985587 0.018883267536978356 0.0)
(7.660469476177588 0.023423269824011623 0.0)
(8.267747308045964 0.027312314631418373 0.0)
(8.782950964785774 0.030640158314328605 0.0)
(9.206965847349753 0.033402552228568194 0.0)
(9.54020053190728 0.03557258005488171 0.0)
(9.78311829575368 0.03713242816991236 0.0)
(9.936240186904342 0.03807220395528277 0.0)
(10.000000000000004 0.038385812167214026 0.0)
(9.974870924206751 0.03807220395528114 0.0)
(9.861326148690775 0.037132428169909235 0.0)
(9.659799468092714 0.035572580054877435 0.0)
(9.37081193042801 0.033402552228562726 0.0)
(8.994826812992004 0.030640158314322683 0.0)
(8.532252691954014 0.027312314631410997 0.0)
(7.983974968266859 0.023423269824003664 0.0)
(7.360523806125555 0.018883267536971244 0.0)
(6.654554323060949 0.014287141350174417 0.0)
(5.832379023235237 0.010939537227535833 0.0)
(4.8850415636359195 0.00860056116718331 0.0)
(3.819008820245888 0.005954933567892798 0.0)
(2.6368983568493043 0.0029627297497450225 0.0)
(1.3592356108228456 0.0008141067180726247 0.0)
(0.017115853160003934 6.184821241360089e-05 0.0)
(-0.017141593151613663 6.180573599435744e-05 0.0)
(1.2184487071869048 0.0008134167452732652 0.0)
(2.340711459154787 0.002959398217575053 0.0)
(3.3808733613148054 0.005945724865977006 0.0)
(4.35972803234645 0.008582244922939722 0.0)
(5.279759806183382 0.010910427789667944 0.0)
(6.14621882808059 0.014249995018563194 0.0)
(6.9503139144289205 0.01884528603508537 0.0)
(7.6602000705176545 0.023388410058307083 0.0)
(8.267720783395436 0.027280124116932924 0.0)
(8.782921508760282 0.030610406726110796 0.0)
(9.20694849105456 0.03337510160102751 0.0)
(9.540189516753827 0.035547062493932115 0.0)
(9.783112332009619 0.03710836395861182 0.0)
(9.93623732473569 0.03804903925304752 0.0)
(10.000000000000004 0.03836295087555734 0.0)
(9.974873786375404 0.038049039253045876 0.0)
(9.861332112434836 0.03710836395860867 0.0)
(9.659810483246167 0.0355470624939278 0.0)
(9.370829286723204 0.033375101601021986 0.0)
(8.994856269017497 0.03061040672610482 0.0)
(8.532279216604541 0.027280124116925472 0.0)
(7.984244373926793 0.023388410058299034 0.0)
(7.360797196682221 0.018845286035078155 0.0)
(6.653781171919416 0.014249995018555943 0.0)
(5.831351304927724 0.01091042778966074 0.0)
(4.884716412098014 0.008582244922935625 0.0)
(3.8191266386851996 0.005945724865975586 0.0)
(2.6370663186230026 0.00295939821757484 0.0)
(1.359329070590889 0.0008134167452731226 0.0)
(0.01714159315161965 6.18057359943437e-05 0.0)
(-0.017167104602506478 6.175490353932339e-05 0.0)
(1.2183549715417312 0.0008126270311830065 0.0)
(2.3405307115396385 0.002955776846740767 0.0)
(3.3806957996064684 0.0059361702234480744 0.0)
(4.3599315948298605 0.008563825961518787 0.0)
(5.280733912594253 0.010881310608873181 0.0)
(6.147152389071014 0.014212077793232959 0.0)
(6.950202104947647 0.018805401862194513 0.0)
(7.659947069916444 0.02335123378522064 0.0)
(8.267700438723894 0.02724563381440167 0.0)
(8.782901125561121 0.03057839864708599 0.0)
(9.206935938754324 0.03334546636021114 0.0)
(9.54018152705027 0.03551943755941183 0.0)
(9.783108067024266 0.03708225885050294 0.0)
(9.93623523006125 0.03802387692180115 0.0)
(10.000000000000004 0.03833810747888375 0.0)
(9.974875881049844 0.03802387692179949 0.0)
(9.86133637742019 0.03708225885049976 0.0)
(9.659818472949723 0.03551943755940749 0.0)
(9.37084183902344 0.03334546636020558 0.0)
(8.994876652216659 0.03057839864707994 0.0)
(8.532299561276085 0.027245633814394148 0.0)
(7.984497374528004 0.0233512337852125 0.0)
(7.360909006163495 0.0188054018621872 0.0)
(6.652847610928989 0.014212077793225614 0.0)
(5.8303771985168495 0.010881310608865907 0.0)
(4.8845128496146035 0.008563825961514645 0.0)
(3.819304200393538 0.0059361702234466285 0.0)
(2.6372470662381517 0.0029557768467405447 0.0)
(1.3594228062360627 0.0008126270311828618 0.0)
(0.01716710460251253 6.175490353930948e-05 0.0)
(-0.017191266586196095 6.169794853359119e-05 0.0)
(1.2182650785921916 0.0008117722743943736 0.0)
(2.3403451198025804 0.0029520247536517167 0.0)
(3.380466296365729 0.005926689453820396 0.0)
(4.360004624095662 0.00854611357839285 0.0)
(5.281611606654869 0.01085346504081442 0.0)
(6.148205340948316 0.014175055687704264 0.0)
(6.950256789245824 0.018765367455896586 0.0)
(7.659721590757522 0.023313374462179643 0.0)
(8.267687167938986 0.02721035916461962 0.0)
(8.782890710788772 0.030545540453689395 0.0)
(9.206928741974153 0.03331494862438443 0.0)
(9.540176913849567 0.03549091904040528 0.0)
(9.78310568819327 0.03705525985627808 0.0)
(9.936233994917185 0.037997822548345425 0.0)
(10.000000000000004 0.03831237355059337 0.0)
(9.974877116193909 0.03799782254834375 0.0)
(9.861338756251186 0.03705525985627488 0.0)
(9.659823086150427 0.03549091904040091 0.0)
(9.37084903580361 0.03331494862437882 0.0)
(8.994887066989007 0.030545540453683292 0.0)
(8.532312832060994 0.02721035916461203 0.0)
(7.984722853686927 0.02331337446217142 0.0)
(7.360854321865317 0.018765367455889182 0.0)
(6.651794659051685 0.014175055687696836 0.0)
(5.829499504456232 0.010853465040807083 0.0)
(4.884439820348803 0.00854611357838867 0.0)
(3.819533703634278 0.0059266894538189275 0.0)
(2.6374326579752103 0.0029520247536514847 0.0)
(1.3595126991856026 0.0008117722743942267 0.0)
(0.0171912665862022 6.169794853357712e-05 0.0)
(-0.017213017469322307 6.163737347591646e-05 0.0)
(1.2181829780700344 0.0008108900313569263 0.0)
(2.3401628385050093 0.002948306798413974 0.0)
(3.3801949355451217 0.00591769912476683 0.0)
(4.359943911371518 0.008529886023272577 0.0)
(5.282354324093902 0.010828114568810136 0.0)
(6.1493314189333255 0.014140555385564017 0.0)
(6.95047556459543 0.01872694185476344 0.0)
(7.65953354018263 0.023276495558576842 0.0)
(8.26768155413472 0.027175850071165047 0.0)
(8.78289072204928 0.030513275874826495 0.0)
(9.206927216927403 0.03328488928702898 0.0)
(9.540175879847318 0.03546275998846448 0.0)
(9.783105300038116 0.03702855326235022 0.0)
(9.936233673573465 0.03797202091418486 0.0)
(10.000000000000004 0.03828687979241639 0.0)
(9.974877437537629 0.037972020914183176 0.0)
(9.861339144406339 0.037028553262347 0.0)
(9.659824120152674 0.03546275998846007 0.0)
(9.370850560850362 0.033284889287023334 0.0)
(8.9948870557285 0.030513275874820337 0.0)
(8.53231844586526 0.027175850071157387 0.0)
(7.984910904261819 0.023276495558568543 0.0)
(7.36063554651571 0.01872694185475596 0.0)
(6.650668581066672 0.01414055538555652 0.0)
(5.828756787017198 0.010828114568802744 0.0)
(4.884500533072947 0.008529886023268362 0.0)
(3.819805064454886 0.005917699124765342 0.0)
(2.637614939272782 0.0029483067984137335 0.0)
(1.35959479970776 0.000810890031356777 0.0)
(0.017213017469328455 6.163737347590226e-05 0.0)
(-0.017231401557872658 6.157583992351451e-05 0.0)
(1.2181122773220041 0.0008100190662157112 0.0)
(2.3399918767536656 0.002944786341178878 0.0)
(3.379893640242663 0.005909594254898651 0.0)
(4.3597521242634585 0.008515856305242478 0.0)
(5.282929431265844 0.010806373046222817 0.0)
(6.150481145219485 0.014110092766971744 0.0)
(6.9508488184078425 0.01869181340941122 0.0)
(7.659391180789999 0.023242217465968492 0.0)
(8.267683843971389 0.027143622800471737 0.0)
(8.782901158847876 0.030483022557066156 0.0)
(9.206931430621836 0.033256609100436194 0.0)
(9.540178470475691 0.03543619766081616 0.0)
(9.783106919613632 0.037003312507598196 0.0)
(9.936234280149346 0.03794760569592173 0.0)
(10.000000000000004 0.03826274635344762 0.0)
(9.974876830961747 0.03794760569592003 0.0)
(9.861337524830825 0.03700331250759496 0.0)
(9.659821529524303 0.03543619766081172 0.0)
(9.370846347155927 0.033256609100430504 0.0)
(8.994876618929903 0.030483022557059956 0.0)
(8.53231615602859 0.02714362280046402 0.0)
(7.98505326365445 0.023242217465960138 0.0)
(7.360262292703296 0.01869181340940367 0.0)
(6.649518854780509 0.014110092766964188 0.0)
(5.828181679845256 0.010806373046215387 0.0)
(4.884692320181007 0.008515856305238238 0.0)
(3.8201063597573452 0.0059095942548971474 0.0)
(2.637785901024126 0.0029447863411786305 0.0)
(1.3596655004557903 0.0008100190662155602 0.0)
(0.01723140155787884 6.157583992350014e-05 0.0)
(-0.01724561108862898 6.151605154810541e-05 0.0)
(1.2180560828096263 0.0008091976475856483 0.0)
(2.3398397462951377 0.0029416180643968464 0.0)
(3.379575648822739 0.0059027309573704235 0.0)
(4.359437689546144 0.008504640864446153 0.0)
(5.2833116590136875 0.010789195755779956 0.0)
(6.1516040029371455 0.014085006303658599 0.0)
(6.951360150593393 0.018661525599463016 0.0)
(7.659300767590904 0.023212046301033806 0.0)
(8.267693936837757 0.027115093359855832 0.0)
(8.782921562610728 0.030456109775843877 0.0)
(9.20694119791543 0.0332313506442678 0.0)
(9.540184571907211 0.03541239915754279 0.0)
(9.78311047575863 0.03698064662460919 0.0)
(9.936235787992993 0.03792564965358011 0.0)
(10.000000000000004 0.038241033612844436 0.0)
(9.9748753231181 0.037925649653578426 0.0)
(9.861333968685825 0.03698064662460594 0.0)
(9.65981542809278 0.035412399157538334 0.0)
(9.370836579862335 0.03323135064426208 0.0)
(8.994856215167053 0.030456109775837643 0.0)
(8.532306063162222 0.027115093359848075 0.0)
(7.9851436768535455 0.023212046301025403 0.0)
(7.359750960517744 0.01866152559945541 0.0)
(6.648395997062846 0.014085006303651008 0.0)
(5.827799452097413 0.010789195755772505 0.0)
(4.885006754898322 0.008504640864441899 0.0)
(3.82042435117727 0.005902730957368908 0.0)
(2.637938031482654 0.0029416180643965927 0.0)
(1.3597216949681683 0.0008091976475854955 0.0)
(0.017245611088635177 6.151605154809091e-05 0.0)
(-0.017255021720805452 6.14606353415249e-05 0.0)
(1.2180168636169695 0.0008084618670985994 0.0)
(2.339713131463459 0.002938941176353481 0.0)
(3.379254933246593 0.005897410792919492 0.0)
(4.3590144229058145 0.008496732486834123 0.0)
(5.2834842129494595 0.010777337436198653 0.0)
(6.152650655772402 0.014066398248928177 0.0)
(6.9519870941513044 0.018637409215877972 0.0)
(7.659266273175904 0.02318730772956343 0.0)
(8.267711389271739 0.02709151528074486 0.0)
(8.782951036833818 0.030433720029531028 0.0)
(9.206956089651172 0.033210223728878815 0.0)
(9.540193916056143 0.03539241014134006 0.0)
(9.783115812222606 0.03696155151081565 0.0)
(9.936238130852516 0.03790711749549308 0.0)
(10.000000000000004 0.03822269558870661 0.0)
(9.974872980258578 0.03790711749549138 0.0)
(9.861328632221849 0.03696155151081239 0.0)
(9.65980608394385 0.03539241014133559 0.0)
(9.370821688126592 0.03321022372887307 0.0)
(8.99482674094396 0.030433720029524765 0.0)
(8.532288610728239 0.027091515280737076 0.0)
(7.985178171268545 0.023187307729555 0.0)
(7.35912401695983 0.018637409215870347 0.0)
(6.647349344227587 0.014066398248920566 0.0)
(5.827626898161641 0.010777337436191196 0.0)
(4.885430021538654 0.008496732486829863 0.0)
(3.8207450667534175 0.005897410792917971 0.0)
(2.6380646463143327 0.002938941176353223 0.0)
(1.3597609141608251 0.0008084618670984451 0.0)
(0.01725502172081165 6.146063534151026e-05 0.0)
(-0.017259219968440494 6.141202619050903e-05 0.0)
(1.2179963429636098 0.0008078440536030929 0.0)
(2.339617595482698 0.0029368732946121797 0.0)
(3.378945585169907 0.005893867519838864 0.0)
(4.3585009219043 0.00849247865205069 0.0)
(5.2834395113689 0.010771319120347128 0.0)
(6.153575115714472 0.014055086206662858 0.0)
(6.952702102328602 0.01862052388843115 0.0)
(7.659289213166491 0.02316908871912984 0.0)
(8.267735434445317 0.027073924540800078 0.0)
(8.78298828647371 0.030416837082619705 0.0)
(9.206975451513436 0.033194156632280813 0.0)
(9.540206092357677 0.03537710889301105 0.0)
(9.783122694531096 0.03694686617058415 0.0)
(9.936241205786951 0.03789282349078335 0.0)
(10.000000000000004 0.0382085380202663 0.0)
(9.974869905324143 0.03789282349078165 0.0)
(9.861321749913358 0.03694686617058089 0.0)
(9.659793907642317 0.03537710889300658 0.0)
(9.370802326264327 0.03319415663227507 0.0)
(8.994789491304068 0.030416837082613436 0.0)
(8.532264565554662 0.027073924540792278 0.0)
(7.985155231277958 0.023169088719121395 0.0)
(7.35840900878253 0.018620523888423512 0.0)
(6.6464248842855165 0.01405508620665525 0.0)
(5.827671599742201 0.010771319120339677 0.0)
(4.885943522540171 0.008492478652046437 0.0)
(3.8210544148301038 0.005893867519837344 0.0)
(2.638160182295094 0.002936873294611919 0.0)
(1.3597814348141848 0.0008078440536029378 0.0)
(0.017259219968446683 6.141202619049431e-05 0.0)
(-0.017258021368213507 6.137235989222554e-05 0.0)
(1.2179954224895142 0.0008073713526938638 0.0)
(2.3395573360290705 0.002935505278113572 0.0)
(3.378661196781235 0.005892256823065469 0.0)
(4.357919748836183 0.008492066265814073 0.0)
(5.28317951837768 0.010771405242013693 0.0)
(6.154336763684751 0.014051567207304983 0.0)
(6.953473758974046 0.01861161152751972 0.0)
(7.659368579621445 0.023158189779720745 0.0)
(8.267765015857552 0.027063094044953315 0.0)
(8.783031674849372 0.03040620274091073 0.0)
(9.20699843277742 0.03318385531330441 0.0)
(9.540220565807397 0.03536716772141451 0.0)
(9.783130820288056 0.03693723585089839 0.0)
(9.936244877689306 0.0378833956918677 0.0)
(10.000000000000004 0.03819918296518025 0.0)
(9.974866233421787 0.037883395691866 0.0)
(9.861313624156399 0.03693723585089513 0.0)
(9.659779434192597 0.03536716772141004 0.0)
(9.370779345000344 0.03318385531329866 0.0)
(8.994746102928408 0.03040620274090446 0.0)
(8.532234984142427 0.027063094044945515 0.0)
(7.9850758648230045 0.0231581897797123 0.0)
(7.357637352137084 0.018611611527512093 0.0)
(6.645663236315237 0.014051567207297399 0.0)
(5.827931592733423 0.01077140524200627 0.0)
(4.88652469560829 0.008492066265809834 0.0)
(3.8213388032187767 0.005892256823063952 0.0)
(2.638220441748721 0.002935505278113312 0.0)
(1.3597823552882802 0.0008073713526937082 0.0)
(0.01725802136821967 6.137235989221077e-05 0.0)
(-0.017251478584425682 6.134337931125356e-05 0.0)
(1.2180141426386306 0.0008070645339840815 0.0)
(2.3395350007927282 0.0029348972349998925 0.0)
(3.378414263586101 0.005892649473668841 0.0)
(4.357296439382851 0.008495513447621063 0.0)
(5.282715657592189 0.010777592017169881 0.0)
(6.154902134264821 0.014055995869248508 0.0)
(6.954268158906342 0.01861106372597743 0.0)
(7.659500885323931 0.023155089790794735 0.0)
(8.267798833755307 0.027059499665378232 0.0)
(8.783079295554952 0.030402284257923795 0.0)
(9.207024023688422 0.03317977239305968 0.0)
(9.540236700468403 0.03536302342344352 0.0)
(9.78313983246259 0.0369330836903872 0.0)
(9.93624898522291 0.037879248338982846 0.0)
(10.000000000000004 0.038195041467454324 0.0)
(9.974862125888185 0.037879248338981146 0.0)
(9.861304611981865 0.03693308369038395 0.0)
(9.65976329953159 0.03536302342343906 0.0)
(9.37075375408934 0.03317977239305395 0.0)
(8.994698482222827 0.030402284257917547 0.0)
(8.53220116624467 0.02705949966537046 0.0)
(7.9849435591205165 0.02315508979078631 0.0)
(7.3568429522047865 0.018611063725969833 0.0)
(6.645097865735166 0.014055995869240969 0.0)
(5.828395453518915 0.0107775920171625 0.0)
(4.887148005061623 0.008495513447616851 0.0)
(3.8215857364139105 0.005892649473667333 0.0)
(2.6382427769850634 0.0029348972349996336 0.0)
(1.3597636351391638 0.0008070645339839259 0.0)
(0.017251478584431802 6.134337931123876e-05 0.0)
(-0.01723987909502698 6.132635780130249e-05 0.0)
(1.2180516808818544 0.000806937078526545 0.0)
(2.3395515711430948 0.0029350758815731726 0.0)
(3.378215635377348 0.005895028219299803 0.0)
(4.356658380621371 0.008502668734609508 0.0)
(5.282068310206734 0.010789607610233709 0.0)
(6.15524638610571 0.014068177605189646 0.0)
(6.9550503976457785 0.01861890455320187 0.0)
(7.65968031700343 0.023159924960193947 0.0)
(8.267835402242024 0.027063299332537642 0.0)
(8.78312905622377 0.0304052538046327 0.0)
(9.207051099828632 0.0331820872675927 0.0)
(9.540253787413208 0.03536485809196915 0.0)
(9.783149335076237 0.03693459212738727 0.0)
(9.936253347910249 0.03788056365922715 0.0)
(10.000000000000004 0.03819629549692195 0.0)
(9.974857763200845 0.037880563659225465 0.0)
(9.86129510936822 0.03693459212738402 0.0)
(9.659746212586786 0.03536485809196469 0.0)
(9.370726677949131 0.03318208726758699 0.0)
(8.99464872155401 0.03040525380462648 0.0)
(8.532164597757953 0.0270632993325299 0.0)
(7.984764127441017 0.023159924960185565 0.0)
(7.356060713465348 0.018618904553194326 0.0)
(6.644753613894276 0.014068177605182166 0.0)
(5.829042800904373 0.010789607610226383 0.0)
(4.887786063823104 0.008502668734605328 0.0)
(3.8217843646226637 0.005895028219298309 0.0)
(2.638226206634697 0.002935075881572917 0.0)
(1.3597260968959397 0.0008069370785263899 0.0)
(0.017239879095033044 6.132635780128769e-05 0.0)
(-0.017223732560360902 6.132204325637963e-05 0.0)
(1.2181063878574525 0.0008069945864808852 0.0)
(2.339606319009289 0.002936033368429806 0.0)
(3.3780740395150888 0.0058992885422271225 0.0)
(4.3560336076864274 0.00851321773655936 0.0)
(5.281265919481142 0.010806924078027863 0.0)
(6.155354393411321 0.014087577171937 0.0)
(6.9557861050532095 0.018634789497589194 0.0)
(7.6598989907602055 0.023172482839420677 0.0)
(8.267873114565297 0.02707432609600785 0.0)
(8.78317877046307 0.030414980904587684 0.0)
(9.207078471521985 0.033190698225551415 0.0)
(9.540271075872715 0.03537259111501281 0.0)
(9.783158910601538 0.03694169488393642 0.0)
(9.936257774062824 0.03788728385983542 0.0)
(10.000000000000004 0.03820288995382251 0.0)
(9.97485333704827 0.03788728385983373 0.0)
(9.861285533842919 0.03694169488393319 0.0)
(9.659728924127279 0.03537259111500838 0.0)
(9.370699306255778 0.03319069822554574 0.0)
(8.99459900731471 0.030414980904581498 0.0)
(8.53212688543468 0.027074326096000155 0.0)
(7.984545453684241 0.02317248283941235 0.0)
(7.355325006057916 0.018634789497581714 0.0)
(6.644645606588666 0.014087577171929596 0.0)
(5.829845191629968 0.0108069240780206 0.0)
(4.88841083675805 0.008513217736555221 0.0)
(3.8219259604849234 0.005899288542225647 0.0)
(2.638171458768502 0.0029360333684295557 0.0)
(1.3596713899203414 0.000806994586480731 0.0)
(0.01722373256036691 6.132204325636489e-05 0.0)
(-0.017203748429621434 6.133062524969568e-05 0.0)
(1.2181758598410009 0.0008072345310527963 0.0)
(2.3396968388702297 0.0029377276253489855 0.0)
(3.3779956974624685 0.005905243251655414 0.0)
(4.3554495719577915 0.008526696949623795 0.0)
(5.2803437409959635 0.010828780566637048 0.0)
(6.155221410538239 0.014113342188018189 0.0)
(6.956442955491092 0.018658020603743695 0.0)
(7.660147298469437 0.02319221165823569 0.0)
(8.267910313714635 0.027092095459974867 0.0)
(8.783226253920128 0.030431038166811947 0.0)
(9.207104936106349 0.03320522691719645 0.0)
(9.540287806223644 0.03538588271768912 0.0)
(9.783168138307426 0.036954079877906026 0.0)
(9.936262069203588 0.03789911366748715 0.0)
(10.000000000000004 0.03821453508978401 0.0)
(9.974849041907508 0.037899113667485475 0.0)
(9.861276306137029 0.03695407987790281 0.0)
(9.65971219377635 0.03538588271768472 0.0)
(9.370672841671414 0.0332052269171908 0.0)
(8.994551523857652 0.03043103816680581 0.0)
(8.532089686285344 0.027092095459967228 0.0)
(7.984297145975009 0.02319221165822743 0.0)
(7.354668155620033 0.018658020603736305 0.0)
(6.64477858946175 0.014113342188010875 0.0)
(5.830767370115149 0.010828780566629857 0.0)
(4.888994872486688 0.0085266969496197 0.0)
(3.8220043025375436 0.005905243251653959 0.0)
(2.6380809389075615 0.002937727625348743 0.0)
(1.3596019179367929 0.0008072345310526434 0.0)
(0.017203748429627373 6.133062524968099e-05 0.0)
(-0.017180804768953332 6.135172670416459e-05 0.0)
(1.2182570443606375 0.0008076463695167548 0.0)
(2.3398191534488273 0.0029400842097812374 0.0)
(3.377984051425956 0.00591263070854623 0.0)
(4.354931934896916 0.008542514121840287 0.0)
(5.279342293586759 0.010854216741937093 0.0)
(6.154853280510621 0.014144340585762378 0.0)
(6.956992088152858 0.018687577139361065 0.0)
(7.660414329944646 0.02321824456843311 0.0)
(8.267945365227467 0.027115826671094113 0.0)
(8.783269420258708 0.030452720064579296 0.0)
(9.207129330776302 0.03322503497839638 0.0)
(9.540303243364981 0.03540414889129281 0.0)
(9.783176612745391 0.036971202935318734 0.0)
(9.936266044611912 0.037915533302076185 0.0)
(10.000000000000004 0.03823071923883646 0.0)
(9.974845066499181 0.03791553330207451 0.0)
(9.861267831699065 0.03697120293531554 0.0)
(9.659696756635013 0.035404148891288435 0.0)
(9.37064844700146 0.033225034978390786 0.0)
(8.99450835751907 0.030452720064573214 0.0)
(8.53205463477251 0.027115826671086543 0.0)
(7.984030114499799 0.023218244568424928 0.0)
(7.354119022958265 0.018687577139353765 0.0)
(6.64514671948937 0.014144340585755158 0.0)
(5.831768817524356 0.010854216741929979 0.0)
(4.889512509547564 0.008542514121836242 0.0)
(3.8220159485740557 0.0059126307085447995 0.0)
(2.637958624328963 0.0029400842097810037 0.0)
(1.3595207334171557 0.0008076463695166034 0.0)
(0.017180804768959203 6.135172670415001e-05 0.0)
(-0.01715590968083211 6.138442046048106e-05 0.0)
(1.218346374317093 0.0008082120064440913 0.0)
(2.339967888466268 0.0029429995777178596 0.0)
(3.3780396131110906 0.00592112632155876 0.0)
(4.354503440529266 0.008559974275598342 0.0)
(5.278305579020593 0.010882114984919483 0.0)
(6.154266178288407 0.014179210352282652 0.0)
(6.9574093751539605 0.01872216044433842 0.0)
(7.660688352311334 0.02324943773156472 0.0)
(8.267976729004447 0.02714447702336404 0.0)
(8.783306372828866 0.03047907393496773 0.0)
(9.207150583674677 0.03324925207917992 0.0)
(9.540316709016977 0.03542658705357272 0.0)
(9.783183961564129 0.03699231170035762 0.0)
(9.936269525615629 0.03793582131489752 0.0)
(10.000000000000004 0.03825073129907858 0.0)
(9.974841585495465 0.03793582131489586 0.0)
(9.861260482880326 0.03699231170035444 0.0)
(9.659683290983017 0.03542658705356839 0.0)
(9.370627194103086 0.03324925207917437 0.0)
(8.994471404948913 0.03047907393496171 0.0)
(8.532023270995532 0.027144477023356546 0.0)
(7.9837560921331105 0.02324943773155663 0.0)
(7.353701735957163 0.018722160444331216 0.0)
(6.645733821711587 0.01417921035227553 0.0)
(5.832805532090525 0.010882114984912448 0.0)
(4.889941003915214 0.00855997427559435 0.0)
(3.8219603868889207 0.005921126321557356 0.0)
(2.6378098893115225 0.0029429995777176337 0.0)
(1.3594314034607002 0.000808212006443942 0.0)
(0.01715590968083791 6.138442046046658e-05 0.0)
(-0.017130157009885544 6.142727001480406e-05 0.0)
(1.2184399247155047 0.0008089065887830224 0.0)
(2.340136508777987 0.0029463456332252296 0.0)
(3.3781599412390744 0.005930356808999517 0.0)
(4.354182916113447 0.008578310243684278 0.0)
(5.277279148638887 0.01091124949782596 0.0)
(6.153485900069167 0.01421641937383054 0.0)
(6.957676481666976 0.01876025099152343 0.0)
(7.660957325528017 0.023284420577108802 0.0)
(8.26800302697859 0.02717678767272024 0.0)
(8.78333548800227 0.030508941837125436 0.0)
(9.207167760987998 0.03327681416444257 0.0)
(9.54032761152352 0.03545221131272775 0.0)
(9.78318986186999 0.037016478692504226 0.0)
(9.936272359265804 0.037959086287783675 0.0)
(10.000000000000004 0.03827369197719435 0.0)
(9.97483875184529 0.03795908628778203 0.0)
(9.861254582574464 0.03701647869250109 0.0)
(9.659672388476475 0.03545221131272345 0.0)
(9.370610016789765 0.03327681416443708 0.0)
(8.99444228977551 0.03050894183711948 0.0)
(8.531996973021387 0.027176787672712817 0.0)
(7.983487118916427 0.0232844205771008 0.0)
(7.3534346294441475 0.01876025099151633 0.0)
(6.64651409993083 0.014216419373823515 0.0)
(5.8338319624722335 0.010911249497819003 0.0)
(4.890261528331033 0.008578310243680333 0.0)
(3.8218400587609365 0.005930356808998139 0.0)
(2.637641268999803 0.002946345633225014 0.0)
(1.3593378530622884 0.0008089065887828751 0.0)
(0.017130157009891275 6.142727001478972e-05 0.0)
(-0.017104678281361835 6.14783926361077e-05 0.0)
(1.218533585122512 0.0008096995978562778 0.0)
(2.34031760551597 0.0029499753567457905 0.0)
(3.3783397488120976 0.0059399166001370554 0.0)
(4.353984444905908 0.00859671637720511 0.0)
(5.276308101914813 0.010940340163459504 0.0)
(6.152546729850376 0.014254332754071213 0.0)
(6.957781671520379 0.018800175151957473 0.0)
(7.661209431403626 0.02332165602283146 0.0)
(8.268023103665026 0.027211338948340665 0.0)
(8.783355486511466 0.03054101143007338 0.0)
(9.207180107976544 0.033306510206581305 0.0)
(9.540335471848415 0.03547989578568888 0.0)
(9.783194054414329 0.037042642058335934 0.0)
(9.936274421057032 0.03798430600038809 0.0)
(10.000000000000004 0.038298592422992744 0.0)
(9.974836690054063 0.03798430600038646 0.0)
(9.861250390030126 0.03704264205833281 0.0)
(9.659664528151579 0.03547989578568462 0.0)
(9.370597669801219 0.03330651020657585 0.0)
(8.994422291266313 0.030541011430067485 0.0)
(8.531976896334951 0.027211338948333316 0.0)
(7.983235013040817 0.02332165602282354 0.0)
(7.353329439590745 0.018800175151950465 0.0)
(6.647453270149623 0.014254332754064281 0.0)
(5.83480300919631 0.010940340163452616 0.0)
(4.890459999538572 0.00859671637720121 0.0)
(3.8216602511879123 0.0059399166001357 0.0)
(2.637460172261819 0.0029499753567455845 0.0)
(1.3592441926552807 0.0008096995978561329 0.0)
(0.017104678281367504 6.147839263609353e-05 0.0)
(-0.017080592983980306 6.153554208993807e-05 0.0)
(1.2186232402711783 0.0008105561902959479 0.0)
(2.3405032216208577 0.00295372926486844 0.0)
(3.378571135414351 0.005949385655237934 0.0)
(4.353916747368416 0.008614383944326993 0.0)
(5.275435104864945 0.010968108791192041 0.0)
(6.151489933053284 0.014291284648437465 0.0)
(6.957720322864452 0.018840178731070256 0.0)
(7.661433592867203 0.023359508011367953 0.0)
(8.268036076930882 0.02724661273038432 0.0)
(8.783365489658546 0.0305738736345671 0.0)
(9.207187082136228 0.033337035415831925 0.0)
(9.54033994462337 0.03550842406736151 0.0)
(9.783196354984417 0.0370696522274226 0.0)
(9.936275620397977 0.03801037234467709 0.0)
(10.000000000000004 0.03832433855643946 0.0)
(9.974835490713117 0.038010372344675476 0.0)
(9.861248089460037 0.037069652227419495 0.0)
(9.659660055376625 0.03550842406735729 0.0)
(9.370590695641535 0.03333703541582653 0.0)
(8.994412288119234 0.030573873634561263 0.0)
(8.531963923069098 0.027246612730377047 0.0)
(7.98301085157724 0.02335950801136012 0.0)
(7.353390788246673 0.018840178731063344 0.0)
(6.648510066946718 0.014291284648430616 0.0)
(5.835676006246179 0.010968108791185219 0.0)
(4.890527697076064 0.008614383944323135 0.0)
(3.8214288645856582 0.005949385655236601 0.0)
(2.637274556156931 0.0029537292648682428 0.0)
(1.3591545375066143 0.0008105561902958049 0.0)
(0.017080592983985926 6.153554208992406e-05 0.0)
(-0.017058959381645096 6.159620733384585e-05 0.0)
(1.2187049508782903 0.0008114387289973248 0.0)
(2.340685201460576 0.0029574424177378498 0.0)
(3.3788439343418406 0.005958347921344168 0.0)
(4.353982798006918 0.0086305366644725 0.0)
(5.2746985153825525 0.01099333527832228 0.0)
(6.150361943395801 0.01432565145829242 0.0)
(6.9574951312469 0.018878504044780055 0.0)
(7.6616199606741295 0.023396313395590253 0.0)
(8.268041376754587 0.027281059153399775 0.0)
(8.783365057923527 0.030606084545460835 0.0)
(9.207188377035228 0.03336704857034424 0.0)
(9.54034083332283 0.03553654267723997 0.0)
(9.783196662497415 0.03709632242234827 0.0)
(9.936275904591794 0.038036140013169656 0.0)
(10.000000000000004 0.038349799139532056 0.0)
(9.9748352065193 0.03803614001316805 0.0)
(9.861247781947041 0.03709632242234519 0.0)
(9.659659166677162 0.035536542677235765 0.0)
(9.370589400742535 0.033367048570338884 0.0)
(8.994412719854251 0.03060608454545505 0.0)
(8.531958623245393 0.027281059153392566 0.0)
(7.9828244837703135 0.02339631339558249 0.0)
(7.353615979864225 0.01887850404477322 0.0)
(6.649638056604204 0.014325651458285644 0.0)
(5.836412595728573 0.010993335278315506 0.0)
(4.8904616464375605 0.008630536664468674 0.0)
(3.821156065658168 0.005958347921342854 0.0)
(2.6370925763172126 0.002957442417737661 0.0)
(1.359072826899502 0.0008114387289971842 0.0)
(0.017058959381650668 6.159620733383197e-05 0.0)
(-0.017040728015265252 6.165772284799763e-05 0.0)
(1.218775126729257 0.0008123084368244294 0.0)
(2.34085554917389 0.0029609516662099586 0.0)
(3.3791461593087644 0.005966409612879049 0.0)
(4.354179694677195 0.008644464816669003 0.0)
(5.274130697861938 0.011014911219156263 0.0)
(6.149212322679877 0.014355923168883358 0.0)
(6.957115991175424 0.01891346714891663 0.0)
(7.66176034616392 0.02343045501424917 0.0)
(8.268038770271586 0.027313164704577682 0.0)
(8.783354210276057 0.03063622887425812 0.0)
(9.207183935778056 0.033395230947016505 0.0)
(9.540338098898973 0.03556301613504772 0.0)
(9.783194963441762 0.03712148080353965 0.0)
(9.936275261151525 0.038060476821652825 0.0)
(10.000000000000004 0.03837385548082828 0.0)
(9.974835849959568 0.038060476821651236 0.0)
(9.861249481002694 0.03712148080353658 0.0)
(9.65966190110102 0.035563016135043556 0.0)
(9.370593841999707 0.033395230947011176 0.0)
(8.994423567501721 0.030636228874252384 0.0)
(8.531961229728394 0.02731316470457052 0.0)
(7.982684098280523 0.023430455014241475 0.0)
(7.3539951199357025 0.018913467148909856 0.0)
(6.650787677320132 0.014355923168876634 0.0)
(5.8369804132491865 0.011014911219149524 0.0)
(4.890264749767282 0.0086444648166652 0.0)
(3.820853840691243 0.005966409612877751 0.0)
(2.636922228603898 0.0029609516662097777 0.0)
(1.3590026510485351 0.0008123084368242907 0.0)
(0.017040728015270797 6.165772284798394e-05 0.0)
(-0.017026699937726167 6.171738575324108e-05 0.0)
(1.21883068442557 0.0008131271004064239 0.0)
(2.3410067799939194 0.002964102820326891 0.0)
(3.3794645311029807 0.005973216513864986 0.0)
(4.354498786099768 0.008655556423389816 0.0)
(5.273756601166168 0.011031888606325818 0.0)
(6.1480915831365985 0.014380769696627438 0.0)
(6.9565995613711475 0.018943531828647418 0.0)
(7.661848581054979 0.023460432747081168 0.0)
(8.268028372005972 0.027341518724734726 0.0)
(8.78333342334192 0.03066298213429909 0.0)
(9.207173953505423 0.03342034426377592 0.0)
(9.540331861497378 0.03558668124548053 0.0)
(9.783191332470855 0.037144021957753154 0.0)
(9.93627371834876 0.0380823134552848 0.0)
(10.000000000000004 0.03839545058870139 0.0)
(9.974837392762334 0.0380823134552832 0.0)
(9.8612531119736 0.0371440219577501 0.0)
(9.659668138502616 0.03558668124547639 0.0)
(9.37060382427234 0.03342034426377062 0.0)
(8.994444354435858 0.030662982134293384 0.0)
(8.531971627994006 0.027341518724727606 0.0)
(7.982595863389463 0.023460432747073514 0.0)
(7.354511549739981 0.018943531828640694 0.0)
(6.651908416863412 0.014380769696620752 0.0)
(5.837354509944958 0.011031888606319103 0.0)
(4.8899456583447085 0.008655556423386028 0.0)
(3.820535468897026 0.0059732165138637 0.0)
(2.6367709977838683 0.0029641028203267156 0.0)
(1.358947093352222 0.0008131271004062868 0.0)
(0.017026699937731697 6.17173857532275e-05 0.0)
(-0.01701749151709126 6.177257457066998e-05 0.0)
(1.2188691828636933 0.0008138587491632182 0.0)
(2.341132249115101 0.0029667574241416233 0.0)
(3.3797850610502964 0.0059784695415255286 0.0)
(4.3549260519812885 0.008663324139727152 0.0)
(5.27359266241966 0.011043521484497961 0.0)
(6.147048968011163 0.014399099330551023 0.0)
(6.955968532814888 0.018967377096946823 0.0)
(7.661880788467617 0.023484929427348315 0.0)
(8.268010638838515 0.027364875390097416 0.0)
(8.783303610460974 0.03068516883628125 0.0)
(9.207158868820128 0.03344128508742762 0.0)
(9.54032239517806 0.035606498206880076 0.0)
(9.783185929122915 0.0371629554679105 0.0)
(9.936271343971429 0.03810069045233276 0.0)
(10.000000000000004 0.03841363561361859 0.0)
(9.974839767139667 0.03810069045233117 0.0)
(9.86125851532154 0.03716295546790746 0.0)
(9.659677604821933 0.03560649820687594 0.0)
(9.370618908957635 0.033441285087422334 0.0)
(8.994474167316806 0.030685168836275565 0.0)
(8.531989361161463 0.027364875390090325 0.0)
(7.982563655976825 0.02348492942734069 0.0)
(7.355142578296244 0.018967377096940127 0.0)
(6.6529510319888505 0.014399099330544354 0.0)
(5.837518448691465 0.011043521484491253 0.0)
(4.889518392463186 0.00866332413972337 0.0)
(3.8202149389497095 0.0059784695415242475 0.0)
(2.636645528662686 0.002966757424141452 0.0)
(1.3589085949140989 0.0008138587491630826 0.0)
(0.01701749151709679 6.17725745706565e-05 0.0)
(-0.017013507354516906 6.182086440461157e-05 0.0)
(1.2188889304926864 0.0008144712357869525 0.0)
(2.3412264436537895 0.0029687988392189954 0.0)
(3.3800936656512195 0.005981937887435414 0.0)
(4.355442719040585 0.008667426666435786 0.0)
(5.273646084791021 0.011049298726287566 0.0)
(6.14613028790477 0.014410106700072634 0.0)
(6.9552506317469724 0.018983955236349454 0.0)
(7.661855553267045 0.023502868715735075 0.0)
(8.26798634993215 0.027382208451519535 0.0)
(8.783266081556665 0.03070181413710893 0.0)
(9.207139344515648 0.03345713331649047 0.0)
(9.540310115873774 0.03562159629821656 0.0)
(9.783178990811164 0.03717744943021328 0.0)
(9.936268242345328 0.038114800361166185 0.0)
(10.000000000000004 0.03842761153885357 0.0)
(9.974842868765768 0.03811480036116461 0.0)
(9.86126545363329 0.037177449430210244 0.0)
(9.65968988412622 0.03562159629821244 0.0)
(9.370638433262116 0.03345713331648521 0.0)
(8.994511696221114 0.030701814137103257 0.0)
(8.532013650067828 0.027382208451512458 0.0)
(7.982588891177398 0.02350286871572747 0.0)
(7.355860479364161 0.018983955236342772 0.0)
(6.653869712095245 0.014410106700065959 0.0)
(5.837465026320103 0.011049298726280847 0.0)
(4.8890017254038876 0.008667426666431997 0.0)
(3.819906334348786 0.0059819378874341345 0.0)
(2.6365513341239977 0.002968798839218826 0.0)
(1.3588888472851057 0.0008144712357868177 0.0)
(0.01701350735452245 6.182086440459821e-05 0.0)
)
