(
(0.013707146472284742 -7.317059258015868e-05 0.0)
(1.3499751505448687 -0.0009914701931900002 0.0)
(2.627349451735315 -0.003795126374861934 0.0)
(3.8176157751676225 -0.008235535476673363 0.0)
(4.895329165973111 -0.013184984771417057 0.0)
(5.846453429257342 -0.018536620227686748 0.0)
(6.6562965063891655 -0.025252319549641102 0.0)
(7.3522174249339 -0.03307284430392616 0.0)
(7.98027127591601 -0.04046595632256584 0.0)
(8.530976835534918 -0.04687498257258562 0.0)
(8.993634648199917 -0.052382886582710855 0.0)
(9.369994862328321 -0.05695596147800868 0.0)
(9.659230902537871 -0.06054906128567693 0.0)
(9.86097006053506 -0.06313216195652695 0.0)
(9.974698238989916 -0.06468823989568247 0.0)
(9.999999999999998 -0.06520764852857734 0.0)
(9.936412872121217 -0.06468823989568093 0.0)
(9.783474383909374 -0.06313216195652405 0.0)
(9.54076909746214 -0.06054906128567275 0.0)
(9.207782915449473 -0.05695596147800371 0.0)
(8.784143129577862 -0.05238288658270552 0.0)
(8.269023164465109 -0.04687498257257906 0.0)
(7.664173168528442 -0.040465956322558984 0.0)
(6.958893686177192 -0.033072844303920164 0.0)
(6.143703493610813 -0.02525231954963492 0.0)
(5.2646576818537385 -0.018536620227680486 0.0)
(4.349115278471286 -0.013184984771413605 0.0)
(3.3823842248323635 -0.008235535476672265 0.0)
(2.3504283260424508 -0.0037951263748618987 0.0)
(1.2278026272328941 -0.000991470193189901 0.0)
(-0.013707146472292467 -7.317059258014838e-05 0.0)
(0.01370109672162017 -7.325236124498413e-05 0.0)
(1.3499440958144102 -0.0009925025728802397 0.0)
(2.6271926193380044 -0.003798534965737597 0.0)
(3.817088405220974 -0.00824121547637336 0.0)
(4.894429875305092 -0.013191470778661634 0.0)
(5.8463293013715365 -0.01854565003372184 0.0)
(6.657853192063464 -0.02527009782056065 0.0)
(7.353461386749493 -0.03310018284697474 0.0)
(7.980323141710165 -0.040495734990522704 0.0)
(8.531019463959288 -0.04690380163932651 0.0)
(8.993700152453517 -0.05241059852583849 0.0)
(9.37002900438232 -0.05698237386768185 0.0)
(9.659252378408926 -0.06057424336280487 0.0)
(9.860982187131407 -0.06315634995105517 0.0)
(9.974703666075952 -0.06471179517308988 0.0)
(9.999999999999998 -0.06523098274607085 0.0)
(9.936407445035181 -0.06471179517308834 0.0)
(9.783462257313028 -0.06315634995105227 0.0)
(9.540747621591086 -0.060574243362800706 0.0)
(9.207748773395473 -0.056982373867676885 0.0)
(8.784077625324263 -0.052410598525833164 0.0)
(8.26898053604074 -0.04690380163931997 0.0)
(7.664121302734287 -0.040495734990515876 0.0)
(6.957649724361596 -0.033100182846968744 0.0)
(6.142146807936512 -0.025270097820554453 0.0)
(5.264781809739546 -0.018545650033715565 0.0)
(4.350014569139307 -0.013191470778658168 0.0)
(3.3829115947790127 -0.008241215476372266 0.0)
(2.350585158439762 -0.0037985349657375647 0.0)
(1.2278336819633524 -0.000992502572880142 0.0)
(-0.013701096721627918 -7.325236124497397e-05 0.0)
(0.013704331199857821 -7.331834481208504e-05 0.0)
(1.349946810113056 -0.000993280457611809 0.0)
(2.627097128355452 -0.0038007249202282674 0.0)
(3.8166067624326545 -0.008243551231836017 0.0)
(4.893419613735955 -0.013191336146233008 0.0)
(5.845836847363583 -0.018544166127640725 0.0)
(6.6591221172218695 -0.0252744191765006 0.0)
(7.35479549968891 -0.03311370268811362 0.0)
(7.980471435397243 -0.0405128004223702 0.0)
(8.531071343690117 -0.04692087239781698 0.0)
(8.993775812970453 -0.05242744531593037 0.0)
(9.370069159589027 -0.056998755950253215 0.0)
(9.659277671764361 -0.060590097393412604 0.0)
(9.860996377333944 -0.06317173833079211 0.0)
(9.974710086084572 -0.06472687800624664 0.0)
(9.999999999999998 -0.06524595492558204 0.0)
(9.93640102502656 -0.06472687800624513 0.0)
(9.78344806711049 -0.0631717383307892 0.0)
(9.540722328235649 -0.06059009739340844 0.0)
(9.207708618188766 -0.056998755950248246 0.0)
(8.784001964807327 -0.052427445315925046 0.0)
(8.26892865630991 -0.04692087239781044 0.0)
(7.663973009047207 -0.04051280042236336 0.0)
(6.956315611422175 -0.0331137026881076 0.0)
(6.1408778827781045 -0.025274419176494357 0.0)
(5.265274263747502 -0.0185441661276344 0.0)
(4.351024830708448 -0.013191336146229514 0.0)
(3.3833932375673332 -0.008243551231834912 0.0)
(2.350680649422314 -0.003800724920228235 0.0)
(1.2278309676647063 -0.000993280457611712 0.0)
(-0.013704331199865619 -7.331834481207499e-05 0.0)
(0.01371670778994125 -7.336564408423649e-05 0.0)
(1.3499831741794892 -0.0009937696685527037 0.0)
(2.627067174486736 -0.0038016000157400334 0.0)
(3.8161920093056416 -0.008242440114239444 0.0)
(4.892342770310825 -0.0131845867896338 0.0)
(5.844997704761671 -0.018532233709561877 0.0)
(6.6600475276143545 -0.025265093744986648 0.0)
(7.356161145270282 -0.03311280979025704 0.0)
(7.980709641223933 -0.04051640279425326 0.0)
(8.531130195226943 -0.04692544479015904 0.0)
(8.993858305366029 -0.052432686735850234 0.0)
(9.370113563602123 -0.05700438792698476 0.0)
(9.659305671260412 -0.060595926780399365 0.0)
(9.861012007651132 -0.06317765095848431 0.0)
(9.974717216932344 -0.06473282568305715 0.0)
(9.999999999999998 -0.06525190721693398 0.0)
(9.93639389417879 -0.0647328256830556 0.0)
(9.783432436793301 -0.06317765095848141 0.0)
(9.5406943287396 -0.06059592678039517 0.0)
(9.20766421417567 -0.05700438792697978 0.0)
(8.783919472411752 -0.05243268673584487 0.0)
(8.268869804773082 -0.046925444790152454 0.0)
(7.6637348032205175 -0.04051640279424638 0.0)
(6.9549499658408 -0.03311280979025096 0.0)
(6.139952472385619 -0.025265093744980326 0.0)
(5.266113406349418 -0.018532233709555482 0.0)
(4.352101674133581 -0.01318458678963026 0.0)
(3.383807990694347 -0.008242440114238322 0.0)
(2.3507106032910294 -0.0038016000157399974 0.0)
(1.227794603598273 -0.0009937696685526068 0.0)
(-0.01371670778994912 -7.336564408422646e-05 0.0)
(0.01373768268714452 -7.339218081795175e-05 0.0)
(1.3500515902431567 -0.0009939487106691662 0.0)
(2.627104073850049 -0.0038011218021770502 0.0)
(3.8158623693335674 -0.008237930944058103 0.0)
(4.891246659559773 -0.013171519263245375 0.0)
(5.843848743956561 -0.01851037706810594 0.0)
(6.6605887624012645 -0.025242531268419115 0.0)
(7.357498319525142 -0.0330975433857033 0.0)
(7.9810272928619925 -0.04050638382454171 0.0)
(8.531193432740906 -0.046917317913798114 0.0)
(8.993944005075297 -0.05242609248719568 0.0)
(9.370160265390505 -0.05699902233912233 0.0)
(9.659335146650445 -0.060591475391165495 0.0)
(9.861028391315429 -0.06317382804408787 0.0)
(9.97472474530286 -0.0647293768734833 0.0)
(9.999999999999998 -0.06524857808733413 0.0)
(9.936386365808273 -0.06472937687348176 0.0)
(9.783416053129004 -0.06317382804408495 0.0)
(9.540664853349567 -0.060591475391161276 0.0)
(9.207617512387289 -0.05699902233911729 0.0)
(8.783833772702481 -0.052426092487190275 0.0)
(8.26880656725912 -0.04691731791379147 0.0)
(7.663417151582457 -0.04050638382453476 0.0)
(6.953612791585937 -0.03309754338569713 0.0)
(6.1394112375987095 -0.02524253126841269 0.0)
(5.267262367154532 -0.018510377068099448 0.0)
(4.353197784884635 -0.013171519263241773 0.0)
(3.3841376306664217 -0.008237930944056957 0.0)
(2.3506737039277166 -0.003801121802177008 0.0)
(1.227726187534605 -0.0009939487106690689 0.0)
(-0.01373768268715248 -7.339218081794172e-05 0.0)
(0.013766334292857008 -7.339678903769892e-05 0.0)
(1.350149052227385 -0.0009938097171781487 0.0)
(2.6272062051548715 -0.003799311291368408 0.0)
(3.815632326293745 -0.008230221845980466 0.0)
(4.890179442583922 -0.013152707730270873 0.0)
(5.842440448184065 -0.018479556544112888 0.0)
(6.660722040716222 -0.02520772310074151 0.0)
(7.358748269463023 -0.033068574252339396 0.0)
(7.9814104332795734 -0.04048318372843549 0.0)
(8.531258277691332 -0.04689684884881382 0.0)
(8.994029146609819 -0.052407952309188766 0.0)
(9.370207212963031 -0.056982894940780494 0.0)
(9.659364802839747 -0.06057693881161036 0.0)
(9.8610448084586 -0.06316043755946756 0.0)
(9.974732340413295 -0.06471668311190833 0.0)
(9.999999999999998 -0.06523611381264656 0.0)
(9.93637877069784 -0.06471668311190679 0.0)
(9.783399635985834 -0.0631604375594646 0.0)
(9.540635197160265 -0.0605769388116061 0.0)
(9.207570564814763 -0.056982894940775415 0.0)
(8.783748631167962 -0.05240795230918329 0.0)
(8.268741722308695 -0.0468968488488071 0.0)
(7.663034011164875 -0.04048318372842844 0.0)
(6.952362841648053 -0.03306857425233311 0.0)
(6.139277959283754 -0.025207723100734946 0.0)
(5.268670662927033 -0.01847955654410628 0.0)
(4.3542650018604885 -0.013152707730267202 0.0)
(3.3843676737062443 -0.008230221845979288 0.0)
(2.350571572622893 -0.003799311291368356 0.0)
(1.2276287255503766 -0.0009938097171780492 0.0)
(-0.013766334292865072 -7.339678903768884e-05 0.0)
(0.013801403707940342 -7.337926626673284e-05 0.0)
(1.3502712778308883 -0.0009933587951993638 0.0)
(2.6273690809385144 -0.0037962480338468037 0.0)
(3.8155119878564925 -0.008219651543672674 0.0)
(4.889188010944774 -0.013128978735054477 0.0)
(5.840834695384022 -0.018441126335022415 0.0)
(6.660441506553896 -0.02516219864916183 0.0)
(7.359856074570374 -0.033027175240887795 0.0)
(7.981842227987663 -0.040447821875714114 0.0)
(8.531321880909728 -0.04686493696847447 0.0)
(8.994109989006324 -0.052379063248064586 0.0)
(9.370252343529252 -0.0569567143403382 0.0)
(9.659393336789613 -0.06055295575244568 0.0)
(9.861060537741407 -0.06313806785802033 0.0)
(9.97473966854839 -0.06469530213899331 0.0)
(9.999999999999998 -0.06521506205029835 0.0)
(9.936371442562743 -0.06469530213899174 0.0)
(9.783383906703026 -0.06313806785801734 0.0)
(9.540606663210399 -0.06055295575244138 0.0)
(9.207525434248542 -0.05695671434033304 0.0)
(8.783667788771455 -0.05237906324805903 0.0)
(8.268678119090298 -0.046864936968467635 0.0)
(7.662602216456785 -0.04044782187570694 0.0)
(6.951255036540701 -0.033027175240881355 0.0)
(6.139558493446082 -0.02516219864915512 0.0)
(5.27027641572708 -0.018441126335015684 0.0)
(4.3552564334996395 -0.013128978735050723 0.0)
(3.384488012143496 -0.008219651543671458 0.0)
(2.3504086968392497 -0.003796248033846739 0.0)
(1.2275064999468728 -0.000993358795199262 0.0)
(-0.013801403707948521 -7.337926626672262e-05 0.0)
(0.013841350046453437 -7.334038242355274e-05 0.0)
(1.3504128966842543 -0.0009926157574196212 0.0)
(2.627585544737017 -0.0037920666235436644 0.0)
(3.81550664147259 -0.008206684476880305 0.0)
(4.888315926334778 -0.013101374886235013 0.0)
(5.839102039396825 -0.01839677499391589 0.0)
(6.659759486072154 -0.02510795817479786 0.0)
(7.360773059917448 -0.03297516534817433 0.0)
(7.982303704716733 -0.040401852001493495 0.0)
(8.531381447787037 -0.046822984422421034 0.0)
(8.994182980197813 -0.05234069463631791 0.0)
(9.370293674134652 -0.05692163086548279 0.0)
(9.659419494770486 -0.06052057998541541 0.0)
(9.86107488804794 -0.06310770182350363 0.0)
(9.974746407723295 -0.0646661733955727 0.0)
(9.999999999999998 -0.06518634777621395 0.0)
(9.936364703387838 -0.0646661733955711 0.0)
(9.783369556396494 -0.06310770182350062 0.0)
(9.540580505229524 -0.06052057998541105 0.0)
(9.20748410364314 -0.05692163086547756 0.0)
(8.783594797579967 -0.05234069463631225 0.0)
(8.26861855221299 -0.04682298442241409 0.0)
(7.662140739727713 -0.04040185200148618 0.0)
(6.950338051193626 -0.03297516534816774 0.0)
(6.140240513927828 -0.025107958174790983 0.0)
(5.272009071714282 -0.018396774993909026 0.0)
(4.356128518109636 -0.01310137488623118 0.0)
(3.3844933585273984 -0.008206684476879047 0.0)
(2.3501922330407465 -0.003792066623543586 0.0)
(1.2273648810935063 -0.000992615757419517 0.0)
(-0.013841350046461738 -7.334038242354234e-05 0.0)
(0.013884418139361795 -7.328184599309199e-05 0.0)
(1.3505676863141507 -0.0009916132515596142 0.0)
(2.627846085527082 -0.0037869507839780364 0.0)
(3.8156165220523652 -0.008191890394795637 0.0)
(4.8876015065562655 -0.013071109046429807 0.0)
(5.837318609956745 -0.01834845123758304 0.0)
(6.658705946003244 -0.025047384904863006 0.0)
(7.361458934845674 -0.03291482979373544 0.0)
(7.982774587023557 -0.04034729393794737 0.0)
(8.531434361063644 -0.04677283452877707 0.0)
(8.994244913084861 -0.05229453232055549 0.0)
(9.370329388788045 -0.05687918601991602 0.0)
(9.659442127448544 -0.060481234042493046 0.0)
(9.861087228851982 -0.06307067368392101 0.0)
(9.974752261830993 -0.06463057674534288 0.0)
(9.999999999999998 -0.06515123264306537 0.0)
(9.93635884928014 -0.06463057674534126 0.0)
(9.783357215592453 -0.06307067368391794 0.0)
(9.540557872551467 -0.06048123404248862 0.0)
(9.207448388989748 -0.0568791860199107 0.0)
(8.78353286469292 -0.05229453232054972 0.0)
(8.268565638936382 -0.04677283452877 0.0)
(7.661669857420888 -0.04034729393793992 0.0)
(6.949652176265399 -0.03291482979372868 0.0)
(6.141294053996742 -0.025047384904855963 0.0)
(5.273792501154366 -0.01834845123757604 0.0)
(4.35684293788815 -0.013071109046425883 0.0)
(3.3843834779476225 -0.008191890394794335 0.0)
(2.3499316922506805 -0.0037869507839779415 0.0)
(1.2272100914636097 -0.0009916132515595064 0.0)
(-0.013884418139370214 -7.328184599308137e-05 0.0)
(0.013928715653453865 -7.320622895901564e-05 0.0)
(1.3507288455474191 -0.000990395325892798 0.0)
(2.628139255623041 -0.0037811252957812686 0.0)
(3.8158368016441635 -0.008175919322320466 0.0)
(4.887076141907309 -0.0130395110412701 0.0)
(5.83556276769069 -0.018298278323471313 0.0)
(6.657327176970396 -0.02498314031802255 0.0)
(7.361883563265477 -0.03284881961145237 0.0)
(7.983234185201027 -0.0402865448665768 0.0)
(8.531478295826979 -0.046716690782122684 0.0)
(8.994293066449716 -0.052242604588480346 0.0)
(9.370357918252894 -0.056831244752501446 0.0)
(9.659460240385318 -0.06043664671242922 0.0)
(9.861097017921182 -0.06302861038798464 0.0)
(9.974756973652704 -0.0645900762399927 0.0)
(9.999999999999998 -0.06511125954556181 0.0)
(9.936354137458428 -0.06459007623999108 0.0)
(9.783347426523253 -0.06302861038798152 0.0)
(9.540539759614694 -0.06043664671242474 0.0)
(9.207419859524899 -0.05683124475249605 0.0)
(8.783484711328063 -0.05224260458847447 0.0)
(8.268521704173047 -0.04671669078211549 0.0)
(7.661210259243417 -0.04028654486656919 0.0)
(6.949227547845597 -0.032848819611445444 0.0)
(6.142672823029595 -0.02498314031801534 0.0)
(5.275548343420426 -0.018298278323464184 0.0)
(4.357368302537106 -0.013039511041266093 0.0)
(3.384163198355823 -0.008175919322319121 0.0)
(2.349638522154721 -0.003781125295781158 0.0)
(1.2270489322303408 -0.0009903953258926868 0.0)
(-0.013928715653462402 -7.320622895900477e-05 0.0)
(0.01397229623700046 -7.311685379546356e-05 0.0)
(1.3508892933421823 -0.0009890154938448413 0.0)
(2.6284521736672155 -0.0037748461202472988 0.0)
(3.8161578015657116 -0.008159472999161095 0.0)
(4.886762915949458 -0.013007969229295696 0.0)
(5.833911661095605 -0.018248460757638037 0.0)
(6.655683759562527 -0.02491804720389011 0.0)
(7.362028287780927 -0.032780035167972434 0.0)
(7.983662305346037 -0.04022227399044053 0.0)
(8.531511321663915 -0.04665702003597378 0.0)
(8.99432532452162 -0.05218719304964076 0.0)
(9.370378008996711 -0.05677991351482319 0.0)
(9.659473037731502 -0.06038877708093675 0.0)
(9.861103825141745 -0.06298336011996535 0.0)
(9.974760336159601 -0.06454645139763372 0.0)
(9.999999999999998 -0.06506818482847886 0.0)
(9.936350774951531 -0.06454645139763207 0.0)
(9.783340619302688 -0.06298336011996222 0.0)
(9.54052696226851 -0.060388777080932196 0.0)
(9.207399768781082 -0.05677991351481771 0.0)
(8.783452453256158 -0.05218719304963478 0.0)
(8.26848867833611 -0.04665702003596646 0.0)
(7.660782139098405 -0.04022227399043277 0.0)
(6.949082823330147 -0.03278003516796534 0.0)
(6.144316240437469 -0.024918047203882732 0.0)
(5.277199450015513 -0.018248460757630782 0.0)
(4.3576815284949575 -0.013007969229291613 0.0)
(3.383842198434274 -0.008159472999159709 0.0)
(2.349325604110545 -0.0037748461202471717 0.0)
(1.2268884844355772 -0.0009890154938447257 0.0)
(-0.0139722962370091 -7.311685379545242e-05 0.0)
(0.014013245038888962 -7.301764748361498e-05 0.0)
(1.3510419799158695 -0.0009875343827115996 0.0)
(2.6287710906132133 -0.0037683891528616626 0.0)
(3.816565417667709 -0.008143274046669452 0.0)
(4.886675591258268 -0.01297786950002064 0.0)
(5.832437836774666 -0.018201187432787258 0.0)
(6.653847902533992 -0.02485496563481616 0.0)
(7.361886749461581 -0.03271149872590457 0.0)
(7.984040136642639 -0.040157305254255725 0.0)
(8.5315319874796 -0.046596444113751585 0.0)
(8.994340269939908 -0.052130732385680806 0.0)
(9.370388778268966 -0.05672744770755699 0.0)
(9.659479957195117 -0.06033972845204838 0.0)
(9.861107351416857 -0.06293691109385692 0.0)
(9.97476220160928 -0.06450161901402975 0.0)
(9.999999999999998 -0.06502390111608221 0.0)
(9.936348909501852 -0.0645016190140281 0.0)
(9.783337093027576 -0.06293691109385371 0.0)
(9.540520042804895 -0.06033972845204377 0.0)
(9.207388999508828 -0.05672744770755144 0.0)
(8.78343750783787 -0.052130732385674734 0.0)
(8.268468012520428 -0.04659644411374414 0.0)
(7.660404307801803 -0.04015730525424783 0.0)
(6.949224361649494 -0.03271149872589731 0.0)
(6.146152097466009 -0.024854965634808653 0.0)
(5.278673274336455 -0.0182011874327799 0.0)
(4.357768853186148 -0.012977869500016488 0.0)
(3.3834345823322747 -0.008143274046668028 0.0)
(2.3490066871645467 -0.003768389152861519 0.0)
(1.2267357978618896 -0.0009875343827114801 0.0)
(-0.01401324503889769 -7.30176474836036e-05 0.0)
(0.014049762843678107 -7.291296896731973e-05 0.0)
(1.351180196499765 -0.0009860170698066508 0.0)
(2.6290819938338683 -0.0037620381009585958 0.0)
(3.8170417400443473 -0.008128034217182875 0.0)
(4.886818004720914 -0.012950534380483375 0.0)
(5.831206051872249 -0.01815853545232881 0.0)
(6.651900270084019 -0.02479666729954137 0.0)
(7.361465167242255 -0.03264622165112933 0.0)
(7.984351077874882 -0.04009449326543343 0.0)
(8.531539385255895 -0.046537624610658045 0.0)
(8.994337246030243 -0.05207570337488303 0.0)
(9.370389752887537 -0.05667615258229065 0.0)
(9.65948069474759 -0.06029165593278553 0.0)
(9.861107441808437 -0.0628913041948904 0.0)
(9.9747624880373 -0.06445754894209786 0.0)
(9.999999999999998 -0.0649803541536798 0.0)
(9.936348623073833 -0.06445754894209615 0.0)
(9.783337002635996 -0.06289130419488717 0.0)
(9.540519305252422 -0.060291655932780866 0.0)
(9.207388024890255 -0.056676152582285026 0.0)
(8.783440531747535 -0.05207570337487686 0.0)
(8.268460614744132 -0.04653762461065049 0.0)
(7.660093366569559 -0.040094493265425406 0.0)
(6.9496459438688225 -0.032646221651121944 0.0)
(6.148099729915987 -0.024796667299533736 0.0)
(5.279905059238875 -0.018158535452321375 0.0)
(4.357626439723499 -0.01295053438047917 0.0)
(3.382958259955635 -0.008128034217181416 0.0)
(2.348695783943891 -0.0037620381009584383 0.0)
(1.226597581277994 -0.0009860170698065278 0.0)
(-0.014049762843686907 -7.291296896730805e-05 0.0)
(0.014080245125832898 -7.280741762907986e-05 0.0)
(1.3512978701100322 -0.0009845302230831936 0.0)
(2.6293712228104473 -0.0037560720181397983 0.0)
(3.8175658399618033 -0.00811442312092852 0.0)
(4.887183898950386 -0.012927164925828185 0.0)
(5.830270428763478 -0.01812237886625446 0.0)
(6.649926437619366 -0.024745713720263896 0.0)
(7.360782064674402 -0.03258707209889133 0.0)
(7.984581466853873 -0.04003659786785118 0.0)
(8.531533189948046 -0.04648314594805183 0.0)
(8.994316385657683 -0.05202452389130913 0.0)
(9.370380890029468 -0.05662828195298659 0.0)
(9.659475217982214 -0.06024667174169844 0.0)
(9.861104092344847 -0.06284854330677096 0.0)
(9.974761182858533 -0.06441617754017477 0.0)
(9.999999999999998 -0.06493945731513263 0.0)
(9.9363499282526 -0.06441617754017306 0.0)
(9.783340352099586 -0.0628485433067677 0.0)
(9.540524782017798 -0.060246671741693736 0.0)
(9.207396887748324 -0.0566282819529809 0.0)
(8.783461392120097 -0.05202452389130289 0.0)
(8.268466810051981 -0.04648314594804419 0.0)
(7.659862977590568 -0.04003659786784305 0.0)
(6.950329046436678 -0.03258707209888383 0.0)
(6.150073562380644 -0.024745713720256173 0.0)
(5.280840682347646 -0.018122378866246954 0.0)
(4.357260545494025 -0.012927164925823938 0.0)
(3.3824341600381778 -0.008114423120927037 0.0)
(2.3484065549673114 -0.0037560720181396287 0.0)
(1.2264799076677264 -0.0009845302230830672 0.0)
(-0.014080245125841747 -7.280741762906793e-05 0.0)
(0.01410335254964121 -7.270563120159695e-05 0.0)
(1.3513898303835143 -0.000983139171866147 0.0)
(2.6296260693508478 -0.0037507530431696886 0.0)
(3.8181146894285183 -0.00810303880457501 0.0)
(4.887757197223626 -0.012908787947139401 0.0)
(5.82967207701608 -0.018094306328809692 0.0)
(6.648013131727508 -0.02470434370404027 0.0)
(7.359867456035154 -0.03253664899230486 0.0)
(7.98472118070936 -0.039986162879362123 0.0)
(8.531513673766545 -0.04643540181870196 0.0)
(8.994278605388836 -0.051979442667837134 0.0)
(9.370362579112529 -0.056585939167519576 0.0)
(9.659463767538043 -0.06020675240184721 0.0)
(9.86109745019539 -0.06281050726469371 0.0)
(9.974758343420149 -0.06437932259197417 0.0)
(9.999999999999998 -0.06490300753270785 0.0)
(9.936352767690984 -0.06437932259197246 0.0)
(9.783346994249044 -0.06281050726469045 0.0)
(9.54053623246197 -0.06020675240184248 0.0)
(9.207415198665263 -0.056585939167513845 0.0)
(8.783499172388945 -0.05197944266783084 0.0)
(8.268486326233482 -0.04643540181869425 0.0)
(7.659723263735081 -0.03998616287935392 0.0)
(6.951243655075929 -0.03253664899229728 0.0)
(6.151986868272508 -0.024704343704032492 0.0)
(5.281439034095044 -0.01809430632880216 0.0)
(4.356687247220783 -0.012908787947135134 0.0)
(3.3818853105714615 -0.00810303880457351 0.0)
(2.3481517084269106 -0.0037507530431695095 0.0)
(1.2263879473942443 -0.000983139171866018 0.0)
(-0.01410335254965008 -7.270563120158478e-05 0.0)
(0.014118069817174745 -7.261208199428158e-05 0.0)
(1.3514520367540308 -0.0009819050364011318 0.0)
(2.6298353359643136 -0.0037463148820776637 0.0)
(3.8186641730030164 -0.008094381474155896 0.0)
(4.888512709863326 -0.012896210895240888 0.0)
(5.8294372871111815 -0.018075551295932593 0.0)
(6.646244419569036 -0.024674374973699047 0.0)
(7.35876152755489 -0.03249716783042685 0.0)
(7.984764080670131 -0.03994540432109225 0.0)
(8.531481694216705 -0.046396490012306675 0.0)
(8.994225565219596 -0.051942440490952646 0.0)
(9.37033562468491 -0.0565509846904191 0.0)
(9.659446846526643 -0.06017365189599454 0.0)
(9.861087807203958 -0.0627788673027626 0.0)
(9.974754094481874 -0.06434860343649577 0.0)
(9.999999999999998 -0.0648726063431622 0.0)
(9.936357016629259 -0.06434860343649407 0.0)
(9.783356637240475 -0.0627788673027593 0.0)
(9.540553153473368 -0.06017365189598978 0.0)
(9.207442153092883 -0.05655098469041334 0.0)
(8.783552212558185 -0.05194244049094631 0.0)
(8.268518305783322 -0.046396490012298924 0.0)
(7.65968036377431 -0.039945404321084 0.0)
(6.952349583556197 -0.03249716783041922 0.0)
(6.153755580430984 -0.02467437497369124 0.0)
(5.281673823999941 -0.018075551295925047 0.0)
(4.355931734581081 -0.012896210895236614 0.0)
(3.381335826996962 -0.008094381474154389 0.0)
(2.3479424418134442 -0.0037463148820774776 0.0)
(1.2263257410237278 -0.0009819050364010006 0.0)
(-0.014118069817183615 -7.261208199426922e-05 0.0)
(0.014123750278622556 -7.253088038815973e-05 0.0)
(1.3514817559874643 -0.0009808820423426944 0.0)
(2.629989827858692 -0.00374295253954272 0.0)
(3.819190147382286 -0.008088831516931662 0.0)
(4.88941724102627 -0.012889986382783993 0.0)
(5.829576375287669 -0.018066937829456398 0.0)
(6.644698015120427 -0.024657124300425177 0.0)
(7.357512871707793 -0.03247036334328148 0.0)
(7.984708281790394 -0.03991611304952628 0.0)
(8.531438656421438 -0.04636812024245183 0.0)
(8.994159595637967 -0.05191514316861438 0.0)
(9.37030121107485 -0.056524954357461556 0.0)
(9.659425198426302 -0.060148824599811926 0.0)
(9.861075587065956 -0.06275501362302112 0.0)
(9.974748622734285 -0.0643253698172322 0.0)
(9.999999999999998 -0.06484958951914695 0.0)
(9.936362488376847 -0.06432536981723047 0.0)
(9.783368857378477 -0.06275501362301783 0.0)
(9.54057480157371 -0.060148824599807166 0.0)
(9.207476566702942 -0.05652495435745578 0.0)
(8.783618182139813 -0.051915143168608034 0.0)
(8.268561343578588 -0.04636812024244405 0.0)
(7.659736162654047 -0.03991611304951801 0.0)
(6.953598239403298 -0.03247036334327385 0.0)
(6.1553019848795945 -0.024657124300417384 0.0)
(5.281534735823453 -0.01806693782944888 0.0)
(4.3550272034181345 -0.012889986382779729 0.0)
(3.3808098526176917 -0.008088831516930151 0.0)
(2.347787949919066 -0.0037429525395425312 0.0)
(1.2262960217902943 -0.0009808820423425615 0.0)
(-0.014123750278631398 -7.25308803881472e-05 0.0)
(0.014120144344900741 -7.246559423325026e-05 0.0)
(1.351477682275068 -0.0009801151381782466 0.0)
(2.630082756942778 -0.003740813750744612 0.0)
(3.819669502214344 -0.008086632787869377 0.0)
(4.890431047267951 -0.01289038790345865 0.0)
(5.83008323026552 -0.0180688443893402 0.0)
(6.643441864564086 -0.024653349647243094 0.0)
(7.356176352147433 -0.0324574132709965 0.0)
(7.984556235770844 -0.03989957606954995 0.0)
(8.531386451382737 -0.0463515390249238 0.0)
(8.994083595226677 -0.05189875009522686 0.0)
(9.370260850353418 -0.05650899189385595 0.0)
(9.659399774414942 -0.0601333613792734 0.0)
(9.86106132671189 -0.06273999431251813 0.0)
(9.974742168595958 -0.06431064257690917 0.0)
(9.999999999999998 -0.06483496837780119 0.0)
(9.936368942515175 -0.06431064257690744 0.0)
(9.783383117732543 -0.06273999431251484 0.0)
(9.54060022558507 -0.06013336137926863 0.0)
(9.207516927424376 -0.056508991893850176 0.0)
(8.783694182551104 -0.051898750095220526 0.0)
(8.26861354861729 -0.04635153902491605 0.0)
(7.659888208673599 -0.03989957606954169 0.0)
(6.9549347589636605 -0.032457413270988895 0.0)
(6.156558135435937 -0.02465334964723535 0.0)
(5.281027880845598 -0.018068844389332723 0.0)
(4.35401339717645 -0.012890387903454413 0.0)
(3.380330497785632 -0.008086632787867873 0.0)
(2.34769502083498 -0.003740813750744423 0.0)
(1.2263000955026908 -0.0009801151381781132 0.0)
(-0.014120144344909534 -7.246559423323763e-05 0.0)
(0.014107410454140167 -7.241909208376223e-05 0.0)
(1.3514399946083115 -0.000979638020273764 0.0)
(2.6301100400826263 -0.0037399924901503246 0.0)
(3.8200811755248263 -0.008087881895101574 0.0)
(4.8915095837968146 -0.012897397815180971 0.0)
(5.830935581764273 -0.018081187204830637 0.0)
(6.642531160857398 -0.024663216865508094 0.0)
(7.3548106930982 -0.03245888661605662 0.0)
(7.984314623235418 -0.03989651998580986 0.0)
(8.531327372894491 -0.046347474908086335 0.0)
(8.99400090330476 -0.05189398155244446 0.0)
(9.370216315896872 -0.05650379866105059 0.0)
(9.65937169157711 -0.060127941660000225 0.0)
(9.861045652715632 -0.06273446929228 0.0)
(9.974735015649927 -0.06430506880352375 0.0)
(9.999999999999998 -0.06482938534532705 0.0)
(9.936376095461206 -0.06430506880352205 0.0)
(9.783398791728802 -0.06273446929227675 0.0)
(9.540628308422901 -0.06012794165999548 0.0)
(9.207561461880921 -0.056503798661044845 0.0)
(8.78377687447302 -0.051893981552438136 0.0)
(8.268672627105536 -0.04634747490807861 0.0)
(7.660129821209025 -0.03989651998580165 0.0)
(6.956300418012898 -0.03245888661604907 0.0)
(6.157468839142626 -0.024663216865500426 0.0)
(5.280175529346841 -0.018081187204823244 0.0)
(4.352934860647583 -0.012897397815176787 0.0)
(3.3799188244751495 -0.008087881895100091 0.0)
(2.3476677376951316 -0.0037399924901501394 0.0)
(1.2263377831694475 -0.0009796380202736306 0.0)
(-0.014107410454148884 -7.24190920837496e-05 0.0)
(0.014086108110204856 -7.239341715907094e-05 0.0)
(1.351370348914325 -0.000979471652317106 0.0)
(2.630070478506985 -0.0037405248424479177 0.0)
(3.8204070791416043 -0.00809252395514165 0.0)
(4.892605461690912 -0.012910708115254159 0.0)
(5.832095979018408 -0.018103423955195624 0.0)
(6.642005918655146 -0.02468629240770118 0.0)
(7.353475899120314 -0.0324747186423753 0.0)
(7.983994060196907 -0.03990707907703462 0.0)
(8.531264016757397 -0.04635610646179814 0.0)
(8.993915153203984 -0.051901047061313196 0.0)
(9.370169564467764 -0.05650960284019422 0.0)
(9.659342183821325 -0.060132803574542204 0.0)
(9.861029253763899 -0.06273868132158834 0.0)
(9.974727478183551 -0.0643088933984816 0.0)
(9.999999999999998 -0.06483308572995757 0.0)
(9.936383632927582 -0.0643088933984799 0.0)
(9.783415190680534 -0.06273868132158508 0.0)
(9.540657816178687 -0.060132803574537486 0.0)
(9.20760821331003 -0.0565096028401885 0.0)
(8.783862624573796 -0.051901047061306944 0.0)
(8.26873598324263 -0.046356106461790475 0.0)
(7.660450384247537 -0.039907079077026474 0.0)
(6.9576352119907865 -0.032474718642367846 0.0)
(6.157994081344878 -0.024686292407693624 0.0)
(5.279015132092702 -0.01810342395518832 0.0)
(4.351838982753484 -0.01291070811525003 0.0)
(3.379592920858371 -0.008092523955140195 0.0)
(2.3477072992707733 -0.0037405248424477386 0.0)
(1.2264074288634346 -0.0009794716523169734 0.0)
(-0.014086108110213482 -7.239341715905831e-05 0.0)
(0.014057173299115787 -7.23896975683963e-05 0.0)
(1.3512718052974884 -0.0009796233442119272 0.0)
(2.629965810479112 -0.003742387417051345 0.0)
(3.820632893455981 -0.008100355004363857 0.0)
(4.893670530080425 -0.012929733973443493 0.0)
(5.833513436295464 -0.018134577598305092 0.0)
(6.641889216138795 -0.024721562376713888 0.0)
(7.352230618619226 -0.03250421371967999 0.0)
(7.983608631608768 -0.039930789396073106 0.0)
(8.531199166724209 -0.04637705443138012 0.0)
(8.993830112626902 -0.0519196361762994 0.0)
(9.370122650238356 -0.056526149406273686 0.0)
(9.659312547664396 -0.060147733499268954 0.0)
(9.861012850396632 -0.06275244533158096 0.0)
(9.974719887379315 -0.06432194831607711 0.0)
(9.999999999999998 -0.06484590694356175 0.0)
(9.936391223731817 -0.06432194831607543 0.0)
(9.783431594047801 -0.06275244533157773 0.0)
(9.540687452335616 -0.06014773349926428 0.0)
(9.207655127539438 -0.05652614940626804 0.0)
(8.783947665150878 -0.0519196361762932 0.0)
(8.268800833275817 -0.046377054431372536 0.0)
(7.6608358128356775 -0.03993078939606506 0.0)
(6.958880492491876 -0.03250421371967265 0.0)
(6.158110783861226 -0.024721562376706464 0.0)
(5.277597674815643 -0.0181345775982979 0.0)
(4.350773914363968 -0.01292973397343944 0.0)
(3.3793671065439943 -0.008100355004362432 0.0)
(2.3478119672986466 -0.0037423874170511755 0.0)
(1.2265059724802714 -0.0009796233442117964 0.0)
(-0.01405717329912431 -7.238969756838373e-05 0.0)
(0.01402187736353748 -7.240809674374778e-05 0.0)
(1.3511486935840455 -0.0009800864308938814 0.0)
(2.6298006349206675 -0.0037454983758400157 0.0)
(3.8207486966000976 -0.008111030960791864 0.0)
(4.894657991808809 -0.012953639428346967 0.0)
(5.835125673115851 -0.0181732793000748 0.0)
(6.642186181003413 -0.024767477074632397 0.0)
(7.351129566941979 -0.032546075888233626 0.0)
(7.983175272498043 -0.039966609154883585 0.0)
(8.531135672186748 -0.04640939840137206 0.0)
(8.993749518100895 -0.05194893212569837 0.0)
(9.370077634534063 -0.056552711333446574 0.0)
(9.659284085264837 -0.06017207544060153 0.0)
(9.860997163347779 -0.06277515655683934 0.0)
(9.97471257676327 -0.06434365994711448 0.0)
(9.999999999999998 -0.06486728564546955 0.0)
(9.936398534347862 -0.0643436599471128 0.0)
(9.783447281096654 -0.06277515655683613 0.0)
(9.540715914735175 -0.0601720754405969 0.0)
(9.20770014324373 -0.05655271133344098 0.0)
(8.784028259676885 -0.05194893212569227 0.0)
(8.26886432781328 -0.046409398401364585 0.0)
(7.661269171946404 -0.03996660915487566 0.0)
(6.959981544169126 -0.03254607588822644 0.0)
(6.157813818996606 -0.024767477074625125 0.0)
(5.275985437995251 -0.01817327930006773 0.0)
(4.349786452635581 -0.01295363942834299 0.0)
(3.3792513033998777 -0.008111030960790478 0.0)
(2.347977142857092 -0.003745498375839859 0.0)
(1.2266290841937146 -0.0009800864308937528 0.0)
(-0.014021877363545888 -7.240809674373537e-05 0.0)
(0.01398177114230715 -7.24478062590208e-05 0.0)
(1.3510064230774583 -0.0009808405651813565 0.0)
(2.6295822093435093 -0.0037497210289760955 0.0)
(3.8207494003956586 -0.00812408274243134 0.0)
(4.8955244596142276 -0.01298137411800991 0.0)
(5.836861850743185 -0.018217828578531735 0.0)
(6.64288376515613 -0.02482201909362872 0.0)
(7.350221122284953 -0.03259846580093464 0.0)
(7.982713023871249 -0.0400129644987943 0.0)
(8.531076322978826 -0.046451717236904146 0.0)
(8.99367691080199 -0.05198764769908898 0.0)
(9.370036495262577 -0.05658812153922655 0.0)
(9.659258047208414 -0.0602047598581701 0.0)
(9.860982881877566 -0.06280581710767465 0.0)
(9.974705867550512 -0.06437307432224622 0.0)
(9.999999999999998 -0.06489628249463043 0.0)
(9.936405243560621 -0.06437307432224457 0.0)
(9.783461562566867 -0.0628058171076715 0.0)
(9.540741952791597 -0.06020475985816552 0.0)
(9.207741282515217 -0.05658812153922104 0.0)
(8.784100866975791 -0.05198764769908296 0.0)
(8.2689236770212 -0.04645171723689678 0.0)
(7.661731420573199 -0.04001296449878653 0.0)
(6.960889988826152 -0.0325984658009276 0.0)
(6.157116234843885 -0.024822019093621615 0.0)
(5.274249260367911 -0.018217828578524806 0.0)
(4.348919984830162 -0.012981374118006017 0.0)
(3.3792505996043176 -0.008124082742429992 0.0)
(2.3481955684342513 -0.0037497210289759537 0.0)
(1.2267713547003023 -0.000980840565181231 0.0)
(-0.013981771142315436 -7.244780625900852e-05 0.0)
(0.0139386168294134 -7.250708135076072e-05 0.0)
(1.3508512448835097 -0.000981852611793411 0.0)
(2.6293201309678986 -0.003754869840805909 0.0)
(3.8206349739191734 -0.008138936877874602 0.0)
(4.896231862486469 -0.013011719430907712 0.0)
(5.838645684708769 -0.01826626801988112 0.0)
(6.64395131802547 -0.02488279195716998 0.0)
(7.349545200044426 -0.032659081540863576 0.0)
(7.9822421960873875 -0.040067818658798555 0.0)
(8.531023726796068 -0.046502151525763195 0.0)
(8.993615480962069 -0.052034081805004545 0.0)
(9.370001040008225 -0.05663082416395281 0.0)
(9.659235577559695 -0.060244350658461135 0.0)
(9.86097063348767 -0.06284307981557509 0.0)
(9.974700054531572 -0.06440889902764112 0.0)
(9.999999999999998 -0.06493162342254043 0.0)
(9.93641105657956 -0.0644088990276395 0.0)
(9.783473810956764 -0.06284307981557197 0.0)
(9.540764422440317 -0.060244350658456625 0.0)
(9.207776737769569 -0.05663082416394739 0.0)
(8.784162296815712 -0.05203408180499864 0.0)
(8.268976273203958 -0.04650215152575597 0.0)
(7.662202248357062 -0.04006781865879092 0.0)
(6.96156591106668 -0.03265908154085672 0.0)
(6.156048681974541 -0.02488279195716304 0.0)
(5.272465426402323 -0.018266268019874323 0.0)
(4.348212581957919 -0.013011719430903906 0.0)
(3.3793650260808032 -0.0081389368778733 0.0)
(2.3484576468098624 -0.0037548698408057827 0.0)
(1.2269265328942511 -0.0009818526117932888 0.0)
(-0.013938616829421569 -7.250708135074869e-05 0.0)
(0.013894310546416204 -7.258331757987724e-05 0.0)
(1.3506899772481515 -0.0009830781032533979 0.0)
(2.629025915038202 -0.0037607185819571406 0.0)
(3.8204104448606824 -0.008154940703585148 0.0)
(4.896749118437484 -0.013043342049506827 0.0)
(5.840398796611588 -0.018316469283687506 0.0)
(6.645341933291387 -0.02494712541681297 0.0)
(7.349131499007082 -0.032725259763301325 0.0)
(7.981783476457926 -0.04012876144345858 0.0)
(8.53098019461852 -0.0465584852775637 0.0)
(8.993567927695917 -0.052086194213779954 0.0)
(9.36997282661002 -0.056678942932417105 0.0)
(9.659217663593934 -0.06028910829413918 0.0)
(9.860960956349933 -0.0628853074253257 0.0)
(9.97469539311987 -0.06444955999128359 0.0)
(9.999999999999998 -0.06497175561348163 0.0)
(9.936415717991263 -0.06444955999128196 0.0)
(9.7834834880945 -0.06288530742532264 0.0)
(9.540782336406078 -0.06028910829413474 0.0)
(9.207804951167773 -0.05667894293241176 0.0)
(8.784209850081863 -0.05208619421377416 0.0)
(8.269019805381507 -0.0465584852775566 0.0)
(7.6626609679865245 -0.0401287614434511 0.0)
(6.961979612104025 -0.032725259763294635 0.0)
(6.15465806670862 -0.024947125416806198 0.0)
(5.2707123144995 -0.01831646928368084 0.0)
(4.347695326006905 -0.013043342049503108 0.0)
(3.379589555139295 -0.00815494070358389 0.0)
(2.34875186273956 -0.00376071858195703 0.0)
(1.22708780052961 -0.0009830781032532793 0.0)
(-0.013894310546424258 -7.258331757986545e-05 0.0)
(0.013850799030334395 -7.267316526593321e-05 0.0)
(1.3505297059762504 -0.0009844631937085382 0.0)
(2.6287124888641173 -0.0037670102694435732 0.0)
(3.820085678616251 -0.00817139104073943 0.0)
(4.897053500187076 -0.01307485253379796 0.0)
(5.842044157921858 -0.01836622661825986 0.0)
(6.646994509863154 -0.025012192778035718 0.0)
(7.348998196439656 -0.03279409271822361 0.0)
(7.981357020284179 -0.040193115138308096 0.0)
(8.530947639170423 -0.0466182432903112 0.0)
(8.993536340407053 -0.052141695201510574 0.0)
(9.369953094713065 -0.05673036359396393 0.0)
(9.659205092418015 -0.06033706619657432 0.0)
(9.860954275660085 -0.0629306445330073 0.0)
(9.97469208812931 -0.06449327064481826 0.0)
(9.999999999999998 -0.06501491573240382 0.0)
(9.936419022981823 -0.06449327064481666 0.0)
(9.783490168784349 -0.06293064453300426 0.0)
(9.540794907581997 -0.060337066196569936 0.0)
(9.207824683064729 -0.05673036359395867 0.0)
(8.784241437370728 -0.05214169520150488 0.0)
(8.269052360829605 -0.04661824329030423 0.0)
(7.663087424160272 -0.04019311513830077 0.0)
(6.962112914671449 -0.0327940927182171 0.0)
(6.153005490136848 -0.025012192778029105 0.0)
(5.269066953189226 -0.018366226618253313 0.0)
(4.347390944257311 -0.013074852533794314 0.0)
(3.379914321383728 -0.00817139104073821 0.0)
(2.349065288913646 -0.00376701026944348 0.0)
(1.2272480718015115 -0.0009844631937084235 0.0)
(-0.013850799030342349 -7.267316526592169e-05 0.0)
(0.013809994097582549 -7.277267666597503e-05 0.0)
(1.3503774730942857 -0.0009859470248181855 0.0)
(2.6283936238183365 -0.003773468458027371 0.0)
(3.8196749448205165 -0.008187565091617926 0.0)
(4.897131633758022 -0.013104866370748152 0.0)
(5.843509474473711 -0.018413353777345536 0.0)
(6.648836436549512 -0.025075135100023477 0.0)
(7.349151149413092 -0.03286255601151749 0.0)
(7.980981565270242 -0.040258052159727185 0.0)
(8.530927490878609 -0.0466787999062498 0.0)
(8.99352210698316 -0.0521981461563317 0.0)
(9.36994271130081 -0.05678282681879634 0.0)
(9.659198416386408 -0.06038611718327007 0.0)
(9.860950884955413 -0.06297709910905018 0.0)
(9.974690284775127 -0.06453811042209524 0.0)
(9.999999999999998 -0.06505920740264078 0.0)
(9.936420826336006 -0.06453811042209368 0.0)
(9.78349355948902 -0.0629770991090472 0.0)
(9.540801583613604 -0.06038611718326574 0.0)
(9.207835066476983 -0.05678282681879116 0.0)
(8.78425567079462 -0.05219814615632611 0.0)
(8.269072509121418 -0.046678799906242935 0.0)
(7.66346287917421 -0.04025805215972 0.0)
(6.961959961698012 -0.03286255601151112 0.0)
(6.151163563450484 -0.025075135100017003 0.0)
(5.26760163663737 -0.018413353777339093 0.0)
(4.3473128106863665 -0.013104866370744575 0.0)
(3.3803250551794637 -0.008187565091616745 0.0)
(2.3493841539594276 -0.0037734684580272935 0.0)
(1.2274003046834765 -0.0009859470248180747 0.0)
(-0.013809994097590412 -7.277267666596378e-05 0.0)
(0.013773688642255259 -7.287747943113584e-05 0.0)
(1.3502399674365888 -0.000987464399757973 0.0)
(2.628083330247624 -0.0037798093867170836 0.0)
(3.8191962903650474 -0.008202752198014626 0.0)
(4.896980086104154 -0.01313206480727058 0.0)
(5.844730362938578 -0.01845578007979102 0.0)
(6.650786782461573 -0.025133186812297818 0.0)
(7.349583637453555 -0.03292764149132566 0.0)
(7.980673608222551 -0.04032071929379361 0.0)
(8.530920635022158 -0.046737494378460316 0.0)
(8.993525852814848 -0.05225306672656259 0.0)
(9.369942132601398 -0.05683402746879398 0.0)
(9.65919792883173 -0.060434106043607244 0.0)
(9.86095093321728 -0.06302263002436932 0.0)
(9.974690062293407 -0.06458210914533304 0.0)
(9.999999999999998 -0.06510268452923158 0.0)
(9.936421048817726 -0.06458210914533147 0.0)
(9.783493511227153 -0.06302263002436637 0.0)
(9.540802071168281 -0.06043410604360297 0.0)
(9.207835645176395 -0.05683402746878887 0.0)
(8.784251924962932 -0.05225306672655709 0.0)
(8.26907936497787 -0.046737494378453565 0.0)
(7.663770836221901 -0.040320719293786535 0.0)
(6.961527473657546 -0.03292764149131943 0.0)
(6.149213217538418 -0.02513318681229147 0.0)
(5.266380748172502 -0.018455780079784666 0.0)
(4.347464358340236 -0.01313206480726706 0.0)
(3.3808037096349346 -0.00820275219801348 0.0)
(2.3496944475301405 -0.00377980938671702 0.0)
(1.2275378103411736 -0.000987464399757866 0.0)
(-0.013773688642263053 -7.287747943112486e-05 0.0)
(0.013743477859640654 -7.298296871964566e-05 0.0)
(1.3501232307501994 -0.0009889486478490063 0.0)
(2.627795241883811 -0.003785754446706486 0.0)
(3.818670746450943 -0.008216285066258485 0.0)
(4.896605515952135 -0.013155252793822582 0.0)
(5.845653179710865 -0.018491641391483585 0.0)
(6.652759852968017 -0.025183797228824027 0.0)
(7.350276657827764 -0.03298648942073589 0.0)
(7.980446680210392 -0.040378363061282764 0.0)
(8.530927372834862 -0.04679174777921235 0.0)
(8.993547413317122 -0.052304043802821665 0.0)
(9.369951384041821 -0.056881715881064866 0.0)
(9.659203651176243 -0.06047892423485578 0.0)
(9.860954418325148 -0.06306523673384205 0.0)
(9.97469143045959 -0.06462333359112594 0.0)
(9.999999999999998 -0.06514343680677302 0.0)
(9.936419680651543 -0.0646233335911244 0.0)
(9.783490026119285 -0.06306523673383913 0.0)
(9.540796348823768 -0.060478924234851544 0.0)
(9.207826393735973 -0.056881715881059815 0.0)
(8.784230364460658 -0.05230404380281623 0.0)
(8.269072627165166 -0.04679174777920568 0.0)
(7.663997764234061 -0.04037836306127579 0.0)
(6.9608344532833355 -0.03298648942072977 0.0)
(6.14724014703197 -0.02518379722881776 0.0)
(5.2654579314002135 -0.018491641391477288 0.0)
(4.347838928492257 -0.013155252793819098 0.0)
(3.3813292535490405 -0.008216285066257366 0.0)
(2.349982535893954 -0.0037857544467064354 0.0)
(1.2276545470275633 -0.0009889486478489025 0.0)
(-0.013743477859648403 -7.298296871963496e-05 0.0)
(0.013720689156257761 -7.308450952515462e-05 0.0)
(1.3500323922315536 -0.0009903345539455201 0.0)
(2.627542016802561 -0.0037910424229358245 0.0)
(3.818121404516334 -0.008227569086876555 0.0)
(4.8960243812291875 -0.01317341149269628 0.0)
(5.846237377909845 -0.018519362031993863 0.0)
(6.654668954960421 -0.025224742620489068 0.0)
(7.351199760488319 -0.033036514129389134 0.0)
(7.9803107520354635 -0.04042845070050747 0.0)
(8.530947408269556 -0.04683917631333063 0.0)
(8.993585841160959 -0.052348837545638 0.0)
(9.369970059130711 -0.05692379671401732 0.0)
(9.659215331990596 -0.060518602527684776 0.0)
(9.860961187149751 -0.06310304717660091 0.0)
(9.974694329158954 -0.06465997243274384 0.0)
(9.999999999999998 -0.0651796736547441 0.0)
(9.936416781952179 -0.0646599724327423 0.0)
(9.783483257294682 -0.06310304717659798 0.0)
(9.540784668009415 -0.06051860252768057 0.0)
(9.207807718647082 -0.05692379671401233 0.0)
(8.784191936616821 -0.052348837545632625 0.0)
(8.26905259173047 -0.04683917631332403 0.0)
(7.6641336924089885 -0.04042845070050057 0.0)
(6.959911350622777 -0.033036514129383084 0.0)
(6.145331045039561 -0.025224742620482864 0.0)
(5.264873733201234 -0.0185193620319876 0.0)
(4.348420063215206 -0.013173411492692822 0.0)
(3.3818785954836508 -0.00822756908687545 0.0)
(2.3502357609752043 -0.0037910424229357833 0.0)
(1.227745385546209 -0.0009903345539454193 0.0)
(-0.013720689156265484 -7.308450952514413e-05 0.0)
(0.013706323826042463 -7.317764033043228e-05 0.0)
(1.3499714431589764 -0.0009915612238690778 0.0)
(2.6273347812506818 -0.003795440971403661 0.0)
(3.817572401640834 -0.008236108460646405 0.0)
(4.895262215931883 -0.013185743043883572 0.0)
(5.846457288935413 -0.018537724007091326 0.0)
(6.656430205989842 -0.025254223921690664 0.0)
(7.352312385993085 -0.03307551762310478 0.0)
(7.9802717961331 -0.040468781452232934 0.0)
(8.530979861005896 -0.046877696057794065 0.0)
(8.9936394478972 -0.0523854797999001 0.0)
(9.369997337318829 -0.05695842101283612 0.0)
(9.659232458041176 -0.060551397530496695 0.0)
(9.860970942281321 -0.06313440003096328 0.0)
(9.974698631027957 -0.0646904158265149 0.0)
(9.999999999999998 -0.06520980289233842 0.0)
(9.936412480083176 -0.06469041582651336 0.0)
(9.783473502163112 -0.06313440003096038 0.0)
(9.540767541958836 -0.06055139753049253 0.0)
(9.207780440458965 -0.056958421012831155 0.0)
(8.78413832988058 -0.05238547979989477 0.0)
(8.269020138994131 -0.04687769605778751 0.0)
(7.664172648311352 -0.04046878145222609 0.0)
(6.958798725118007 -0.03307551762309879 0.0)
(6.143569794010135 -0.02525422392168448 0.0)
(5.264653822175667 -0.018537724007085064 0.0)
(4.349182228512515 -0.013185743043880116 0.0)
(3.382427598359152 -0.00823610846064531 0.0)
(2.350442996527084 -0.0037954409714036257 0.0)
(1.2278063346187862 -0.0009915612238689787 0.0)
(-0.013706323826050188 -7.317764033042201e-05 0.0)
)
