(
(-0.019943093818980736 5.520475515042658e-05 0.0)
(1.210342311117289 0.0007068751637842687 0.0)
(2.3304062913982246 0.002441756351717547 0.0)
(3.3724431169114073 0.004481512662012512 0.0)
(4.35221125179764 0.00556027387334406 0.0)
(5.2702287055684245 0.005799699534655809 0.0)
(6.13830905953258 0.006754296274522019 0.0)
(6.946632048413753 0.009024870818267382 0.0)
(7.655947053800276 0.011508014993517144 0.0)
(8.263393008193853 0.01359144941258642 0.0)
(8.779556805773813 0.0153560719158156 0.0)
(9.204291982936525 0.01681892865482414 0.0)
(9.538237665843313 0.017967227280865646 0.0)
(9.781825481851513 0.018792227037887393 0.0)
(9.935600682039842 0.01928931717502558 0.0)
(10.000000000000004 0.01945510630217727 0.0)
(9.975510429071255 0.019289317175023947 0.0)
(9.862618962592943 0.01879222703788421 0.0)
(9.661762334156682 0.017967227280861513 0.0)
(9.373485794841239 0.01681892865481861 0.0)
(8.998220972003967 0.01535607191580964 0.0)
(8.536606991806128 0.013591449412578898 0.0)
(7.988497390644167 0.011508014993508921 0.0)
(7.364479062697382 0.009024870818260198 0.0)
(6.661690940467437 0.00675429627451497 0.0)
(5.840882405542692 0.0057996995346486875 0.0)
(4.89223319264682 0.005560273873340005 0.0)
(3.827556883088591 0.004481512662011106 0.0)
(2.6473714863795603 0.0024417563517172927 0.0)
(1.3674354666605035 0.0007068751637841082 0.0)
(0.019943093818984663 5.520475515041086e-05 0.0)
(-0.019954957328222892 5.522228347730347e-05 0.0)
(1.2103039335686496 0.0007070069675317995 0.0)
(2.330389539056655 0.002441578005442716 0.0)
(3.3726470971684708 0.004479085619764854 0.0)
(4.352865456314 0.005552959349798963 0.0)
(5.270891395591278 0.005787414089698515 0.0)
(6.137954685377044 0.006741852312996065 0.0)
(6.945829829207634 0.009016882143371 0.0)
(7.655763346454625 0.011503105667567706 0.0)
(8.263355526097238 0.013587598605748824 0.0)
(8.779505792033309 0.01535306923616657 0.0)
(9.204264226942103 0.016816594286698457 0.0)
(9.538220149955192 0.01796538275836336 0.0)
(9.781815740447115 0.018790715087220206 0.0)
(9.935596209907485 0.01928800203604907 0.0)
(10.000000000000004 0.019453853599993763 0.0)
(9.975514901203612 0.019288002036047427 0.0)
(9.862628703997341 0.01879071508721701 0.0)
(9.661779850044804 0.017965382758359214 0.0)
(9.37351355083566 0.016816594286692906 0.0)
(8.998271985744472 0.015353069236160583 0.0)
(8.536644473902744 0.013587598605741267 0.0)
(7.988681097989819 0.011503105667559441 0.0)
(7.365281281903503 0.00901688214336376 0.0)
(6.662045314622974 0.006741852312988954 0.0)
(5.840219715519837 0.005787414089691338 0.0)
(4.891578988130458 0.005552959349794872 0.0)
(3.827352902831527 0.004479085619763432 0.0)
(2.6473882387211303 0.0024415780054424584 0.0)
(1.3674738442091432 0.0007070069675316383 0.0)
(0.019954957328226875 5.5222283477287746e-05 0.0)
(-0.01997148673062479 5.522678609361588e-05 0.0)
(1.2102479402359796 0.0007069491356214753 0.0)
(2.330333633214729 0.0024406009514602307 0.0)
(3.3727926475465178 0.004474728476047833 0.0)
(4.353506209627557 0.0055421628150146935 0.0)
(5.271713249547298 0.005769689626868231 0.0)
(6.137842474266824 0.006722003551965147 0.0)
(6.945075113678795 0.009000642531165687 0.0)
(7.655539349874831 0.011490275804021902 0.0)
(8.263316861158787 0.013576335766943044 0.0)
(8.77945481243482 0.01534313624072162 0.0)
(9.204236160544784 0.016807802992776216 0.0)
(9.538202422799428 0.01795748928991899 0.0)
(9.781805921703565 0.018783466050629496 0.0)
(9.935591671514027 0.019281144123245702 0.0)
(10.000000000000004 0.01944712423363147 0.0)
(9.975519439597068 0.019281144123244054 0.0)
(9.862638522740893 0.018783466050626287 0.0)
(9.661797577200568 0.017957489289914818 0.0)
(9.37354161723298 0.01680780299277063 0.0)
(8.998322965342961 0.015343136240715592 0.0)
(8.536683138841195 0.013576335766935435 0.0)
(7.988905094569613 0.011490275804013583 0.0)
(7.366035997432343 0.009000642531158379 0.0)
(6.662157525733193 0.0067220035519579575 0.0)
(5.839397861563815 0.005769689626860987 0.0)
(4.8909382348169 0.005542162815010561 0.0)
(3.82720735245348 0.004474728476046392 0.0)
(2.6474441445630563 0.002440600951459967 0.0)
(1.3675298375418132 0.0007069491356213132 0.0)
(0.019971486730628835 5.522678609360012e-05 0.0)
(-0.019991955754484567 5.521806516264036e-05 0.0)
(1.2101767913638797 0.0007067042090816351 0.0)
(2.330241030272864 0.00243886811973461 0.0)
(3.372873372828213 0.004468632675785207 0.0)
(4.354105358209939 0.00552835864897797 0.0)
(5.272658156677196 0.005747304926635728 0.0)
(6.137977356552819 0.00669562210967668 0.0)
(6.94440106264686 0.008976865520502215 0.0)
(7.655284906060818 0.011470089123612366 0.0)
(8.263278712245159 0.013558155764701424 0.0)
(8.77940610692864 0.015326709367128696 0.0)
(9.20420901693072 0.016792941046429134 0.0)
(9.538185263274814 0.017943893700095283 0.0)
(9.78179645703849 0.01877079843752132 0.0)
(9.935587266268175 0.01926904476075787 0.0)
(10.000000000000004 0.019435213879137325 0.0)
(9.975523844842922 0.019269044760756214 0.0)
(9.862647987405966 0.018770798437518096 0.0)
(9.661814736725182 0.017943893700091088 0.0)
(9.373568760847043 0.016792941046423513 0.0)
(8.99837167084914 0.01532670936712262 0.0)
(8.536721287754823 0.013558155764693757 0.0)
(7.9891595383836265 0.011470089123603977 0.0)
(7.366710048464279 0.008976865520494823 0.0)
(6.662022643447196 0.006695622109669402 0.0)
(5.8384529544339125 0.00574730492662841 0.0)
(4.890339086234518 0.005528358648973789 0.0)
(3.827126627171785 0.004468632675783743 0.0)
(2.647536747504922 0.0024388681197343395 0.0)
(1.3676009864139134 0.0007067042090814719 0.0)
(0.019991955754488682 5.521806516262453e-05 0.0)
(-0.020015465028340857 5.519650386612947e-05 0.0)
(1.2100936131036268 0.0007062829495363594 0.0)
(2.3301157990349126 0.0024364556477217522 0.0)
(3.3728857260923615 0.004461066057288563 0.0)
(4.354636576568545 0.005512153381490438 0.0)
(5.2736845994903465 0.005721243531777574 0.0)
(6.138353405754143 0.006663867138441336 0.0)
(6.943837292681033 0.008946595829730324 0.0)
(7.655011194808283 0.011443432592145801 0.0)
(8.263242755549825 0.013533857395063088 0.0)
(8.779361815545608 0.015304510382161358 0.0)
(9.204183988740656 0.01677266145439055 0.0)
(9.538169425339468 0.017925193354236674 0.0)
(9.78178776231196 0.018753268839640912 0.0)
(9.935583187728371 0.019252235572438114 0.0)
(10.000000000000004 0.01941864585569842 0.0)
(9.975527923382726 0.019252235572436452 0.0)
(9.862656682132497 0.01875326883963767 0.0)
(9.661830574660526 0.017925193354232444 0.0)
(9.373593789037109 0.01677266145438488 0.0)
(8.998415962232173 0.015304510382155226 0.0)
(8.536757244450154 0.013533857395055355 0.0)
(7.989433249636162 0.011443432592137332 0.0)
(7.3672738184301085 0.008946595829722839 0.0)
(6.6616465942458705 0.006663867138433961 0.0)
(5.83742651162076 0.0057212435317701765 0.0)
(4.889807867875911 0.005512153381486209 0.0)
(3.8271142739076365 0.0044610660572870775 0.0)
(2.6476619787428737 0.002436455647721474 0.0)
(1.3676841646741664 0.0007062829495361945 0.0)
(0.02001546502834504 5.5196503866113544e-05 0.0)
(-0.0200409815977094 5.5163049568006634e-05 0.0)
(1.2100020601558064 0.0007057038663593948 0.0)
(2.3299634419323674 0.0024334695350284106 0.0)
(3.372829164559137 0.004452361083931909 0.0)
(4.355076523940536 0.005494259042358803 0.0)
(5.27474747796736 0.00569265053230586 0.0)
(6.138954098956852 0.006628133893601117 0.0)
(6.943408574802221 0.008911163453685696 0.0)
(7.654730242488922 0.011411477448848104 0.0)
(8.263210570944203 0.013504508283937332 0.0)
(8.779323884368063 0.015277514668607172 0.0)
(9.204162175667474 0.016747855264834164 0.0)
(9.538155604883299 0.017902209911328862 0.0)
(9.781780219554351 0.018731647475449646 0.0)
(9.935579615098192 0.019231455123269684 0.0)
(10.000000000000004 0.019398148131954326 0.0)
(9.975531496012904 0.019231455123268 0.0)
(9.862664224890105 0.018731647475446374 0.0)
(9.661844395116697 0.01790220991132459 0.0)
(9.37361560211029 0.016747855264828446 0.0)
(8.99845389340972 0.015277514668600977 0.0)
(8.536789429055778 0.013504508283929526 0.0)
(7.9897142019555245 0.011411477448839545 0.0)
(7.36770253630892 0.00891116345367811 0.0)
(6.661045901043159 0.006628133893593641 0.0)
(5.836363633143743 0.00569265053229838 0.0)
(4.889367920503918 0.005494259042354521 0.0)
(3.827170835440862 0.004452361083930396 0.0)
(2.64781433584542 0.0024334695350281227 0.0)
(1.3677757176219874 0.0007057038663592278 0.0)
(0.020040981597713652 5.516304956799056e-05 0.0)
(-0.0200673843112134 5.511917218892843e-05 0.0)
(1.2099061551894537 0.0007049924034061347 0.0)
(2.3297906532575836 0.0024300409859833905 0.0)
(3.3727061734388317 0.0044429002363192355 0.0)
(4.355405869843248 0.005475461876107737 0.0)
(5.2758000911724405 0.005662782252307957 0.0)
(6.139753042800557 0.006589992428562179 0.0)
(6.943133746089703 0.008872125226150038 0.0)
(7.654454393633658 0.011375627744255493 0.0)
(8.26318357256098 0.013471397977574346 0.0)
(8.779293980022553 0.01524690836873245 0.0)
(9.204144536137704 0.016719612416347448 0.0)
(9.538144409151863 0.0178759532218062 0.0)
(9.781774160180635 0.018706884348134906 0.0)
(9.935576705352474 0.019207616468172265 0.0)
(10.000000000000004 0.019374621340386824 0.0)
(9.975534405758623 0.019207616468170575 0.0)
(9.862670284263821 0.018706884348131614 0.0)
(9.661855590848132 0.0178759532218019 0.0)
(9.373633241640059 0.01671961241634168 0.0)
(8.998483797755227 0.015246908368726192 0.0)
(8.536816427439001 0.01347139797756646 0.0)
(7.989990050810788 0.011375627744246844 0.0)
(7.367977365021438 0.008872125226142348 0.0)
(6.660246957199451 0.006589992428554603 0.0)
(5.83531101993866 0.005662782252300402 0.0)
(4.889038574601206 0.005475461876103407 0.0)
(3.8272938265611676 0.004442900236317698 0.0)
(2.647987124520204 0.002430040985983092 0.0)
(1.3678716225883403 0.0007049924034059654 0.0)
(0.020067384311217722 5.5119172188912236e-05 0.0)
(-0.02009351308192388 5.50667996206602e-05 0.0)
(1.2098101120933373 0.0007041798210571601 0.0)
(2.329605025028824 0.0024263206447593774 0.0)
(3.372522156736267 0.004433099206786512 0.0)
(4.355610143420237 0.005456587795833871 0.0)
(5.276796189207056 0.005632951049364504 0.0)
(6.14071513315439 0.006551118609520494 0.0)
(6.943024882014323 0.008831196415422838 0.0)
(7.654195768536543 0.011337458648802583 0.0)
(8.263162946659723 0.013435981282262118 0.0)
(8.779273416451314 0.015214036267361043 0.0)
(9.204131845200015 0.01668917384802408 0.0)
(9.53813633006512 0.017847576956571062 0.0)
(9.781769850428606 0.018680067504208055 0.0)
(9.935574586340119 0.019181767034039263 0.0)
(10.000000000000004 0.019349099205176343 0.0)
(9.975536524770977 0.01918176703403756 0.0)
(9.86267459401585 0.018680067504204735 0.0)
(9.661863669934876 0.017847576956566722 0.0)
(9.373645932577748 0.016689173848018258 0.0)
(8.998504361326466 0.01521403626735472 0.0)
(8.536837053340259 0.013435981282254155 0.0)
(7.990248675907905 0.011337458648793843 0.0)
(7.368086229096817 0.00883119641541505 0.0)
(6.659284866845614 0.006551118609512822 0.0)
(5.834314921904042 0.005632951049356874 0.0)
(4.888834301024218 0.005456587795829494 0.0)
(3.8274778432637326 0.004433099206784948 0.0)
(2.648172752748964 0.0024263206447590695 0.0)
(1.3679676656844566 0.0007041798210569887 0.0)
(0.020093513081928267 5.506679962064384e-05 0.0)
(-0.020118219859457064 5.500823301803872e-05 0.0)
(1.2097181508253951 0.000703301822694308 0.0)
(2.3294147134108627 0.0024224719763435818 0.0)
(3.3722851998087044 0.004423388634640931 0.0)
(4.355680369264237 0.005438466094095284 0.0)
(5.277692005345878 0.005604467651958189 0.0)
(6.141798097528301 0.006513220480967113 0.0)
(6.943086765864392 0.008790175358570317 0.0)
(7.653965730711201 0.011298647242715194 0.0)
(8.2631495995048 0.013399814342799658 0.0)
(8.779263097180044 0.0151803427044894 0.0)
(9.20412466047099 0.01665787697487039 0.0)
(9.538131722603358 0.017818327916804967 0.0)
(9.781767479660884 0.018652375226731206 0.0)
(9.935573351166655 0.019155042597716273 0.0)
(10.000000000000004 0.0193227031222526 0.0)
(9.975537759944443 0.019155042597714562 0.0)
(9.862676964783573 0.018652375226727864 0.0)
(9.661868277396637 0.017818327916800592 0.0)
(9.373653117306773 0.016657876974864528 0.0)
(8.998514680597737 0.015180342704483018 0.0)
(8.536850400495181 0.013399814342791626 0.0)
(7.990478713733247 0.011298647242706367 0.0)
(7.368024345246748 0.008790175358562432 0.0)
(6.658201902471702 0.006513220480959354 0.0)
(5.83341910576522 0.005604467651950496 0.0)
(4.888764075180218 0.005438466094090866 0.0)
(3.8277148001912966 0.004423388634639345 0.0)
(2.648363064366926 0.0024224719763432643 0.0)
(1.3680596269523992 0.0007033018226941342 0.0)
(0.020118219859461505 5.500823301802219e-05 0.0)
(-0.020140419073207908 5.494604569043861e-05 0.0)
(1.2096343119955018 0.0007023969859593893 0.0)
(2.3292280803480283 0.0024186640841852547 0.0)
(3.37200571411004 0.0044141951846575775 0.0)
(4.3556134617801385 0.005421893005313652 0.0)
(5.278448179066613 0.0055785835684621435 0.0)
(6.142954352448925 0.006477963217338002 0.0)
(6.943316678576751 0.008750864445784663 0.0)
(7.653774387598836 0.011260898828173337 0.0)
(8.263144117545778 0.013364486268341405 0.0)
(8.779263475618645 0.015147308113629472 0.0)
(9.20412329763448 0.016627096924236754 0.0)
(9.53813078921002 0.01778949125180563 0.0)
(9.781767152044667 0.0186250242637151 0.0)
(9.935573054103342 0.01912861738204436 0.0)
(10.000000000000004 0.01929659288720901 0.0)
(9.975538057007755 0.019128617382042634 0.0)
(9.86267729239979 0.01862502426371173 0.0)
(9.661869210789975 0.01778949125180122 0.0)
(9.373654480143285 0.01662709692423085 0.0)
(8.998514302159135 0.015147308113623035 0.0)
(8.536855882454201 0.013364486268333304 0.0)
(7.990670056845612 0.011260898828164438 0.0)
(7.367794432534388 0.008750864445776696 0.0)
(6.657045647551074 0.006477963217330171 0.0)
(5.832662932044483 0.005578583568454399 0.0)
(4.8888309826643175 0.005421893005309201 0.0)
(3.8279942858899614 0.004414195184655972 0.0)
(2.6485496974297607 0.0024186640841849295 0.0)
(1.3681434657822928 0.0007023969859592133 0.0)
(0.020140419073212398 5.494604569042191e-05 0.0)
(-0.020159135330336527 5.48829700352661e-05 0.0)
(1.2095622793284637 0.0007015050677231845 0.0)
(2.329053326155665 0.0024150642800994915 0.0)
(3.371695979730569 0.004405922800209781 0.0)
(4.355412360760388 0.005407596720690434 0.0)
(5.279031485479354 0.005556436098151592 0.0)
(6.14413309419036 0.006446895958295686 0.0)
(6.943704518207431 0.0087149909266564 0.0)
(7.653630146465752 0.011225872001453217 0.0)
(8.263146741649912 0.01333154930984816 0.0)
(8.779274535139217 0.015116383974268566 0.0)
(9.204127816571026 0.016598186115237498 0.0)
(9.5381335708967 0.01776233399187794 0.0)
(9.78176888197481 0.018599216366437483 0.0)
(9.9355737082026 0.019103652462656568 0.0)
(10.000000000000004 0.019271915736006055 0.0)
(9.975537402908497 0.019103652462654837 0.0)
(9.862675562469647 0.0185992163664341 0.0)
(9.661866429103295 0.0177623339918735 0.0)
(9.373649961206738 0.01659818611523155 0.0)
(8.998503242638563 0.015116383974262083 0.0)
(8.53685325835007 0.013331549309840008 0.0)
(7.990814297978696 0.011225872001444256 0.0)
(7.367406592903706 0.008714990926648366 0.0)
(6.655866905809637 0.006446895958287799 0.0)
(5.832079625631741 0.005556436098143808 0.0)
(4.889032083684069 0.005407596720685955 0.0)
(3.8283040202694334 0.004405922800208158 0.0)
(2.6487244516221238 0.0024150642800991585 0.0)
(1.3682154984493307 0.0007015050677230066 0.0)
(0.020159135330341044 5.4882970035249257e-05 0.0)
(-0.0201735462727451 5.482177748141585e-05 0.0)
(1.209505217807891 0.0007006652572412741 0.0)
(2.328898129213283 0.0024118307328921643 0.0)
(3.371369605832282 0.0043989349547362755 0.0)
(4.35508590221589 0.005396205392817657 0.0)
(5.279416295167454 0.005538998360354328 0.0)
(6.1452825309969334 0.00642138374236654 0.0)
(6.944233243792595 0.008684131017987273 0.0)
(7.653539345003456 0.011195105777241143 0.0)
(8.263157356518864 0.013302450657019663 0.0)
(8.779295789806659 0.015088929036516086 0.0)
(9.204138018726825 0.016572414835929212 0.0)
(9.538139945441179 0.017738049377340304 0.0)
(9.78177259344135 0.01857608548669053 0.0)
(9.935575284724504 0.01908124475243878 0.0)
(10.000000000000004 0.019249755937522012 0.0)
(9.975535826386592 0.01908124475243704 0.0)
(9.862671851003109 0.018576085486687134 0.0)
(9.661860054558817 0.017738049377335845 0.0)
(9.37363975905094 0.016572414835923237 0.0)
(8.998481987971122 0.015088929036509569 0.0)
(8.536842643481117 0.013302450657011465 0.0)
(7.990905099440993 0.011195105777232133 0.0)
(7.36687786731854 0.00868413101797919 0.0)
(6.65471746900306 0.006421383742358615 0.0)
(5.83169481594364 0.005538998360346521 0.0)
(4.8893585422285675 0.0053962053928131625 0.0)
(3.828630394167721 0.004398934954734642 0.0)
(2.6488796485645065 0.002411830732891825 0.0)
(1.3682725599699035 0.0007006652572410943 0.0)
(0.020173546272749632 5.482177748139887e-05 0.0)
(-0.020183018709988284 5.476515671775542e-05 0.0)
(1.2094656346126065 0.0006999144542498433 0.0)
(2.3287693085906045 0.0024091055187119566 0.0)
(3.371040932687186 0.004393538681383267 0.0)
(4.354648430137851 0.005388219535802207 0.0)
(5.279585700297208 0.005527036537367722 0.0)
(6.146352158718201 0.0064025475296452085 0.0)
(6.944879624097305 0.008659640647707596 0.0)
(7.653505972862084 0.01116995196714378 0.0)
(8.26317549575471 0.01327846885142671 0.0)
(8.779326305729768 0.015066149620109489 0.0)
(9.204153455837814 0.016550915429177495 0.0)
(9.538149632757628 0.017717704429728073 0.0)
(9.781778123369234 0.018556647953013577 0.0)
(9.935577714399566 0.019062378805184212 0.0)
(10.000000000000004 0.01923108715276208 0.0)
(9.975533396711532 0.019062378805182467 0.0)
(9.862666321075224 0.018556647953010173 0.0)
(9.661850367242367 0.0177177044297236 0.0)
(9.373624321939952 0.0165509154291715 0.0)
(8.998451472048014 0.015066149620102947 0.0)
(8.53682450424527 0.013278468851418484 0.0)
(7.990938471582364 0.011169951967134738 0.0)
(7.366231487013828 0.008659640647699486 0.0)
(6.65364784128179 0.006402547529637266 0.0)
(5.831525410813888 0.00552703653735991 0.0)
(4.889796014306609 0.005388219535797707 0.0)
(3.828959067312818 0.004393538681381627 0.0)
(2.649008469187185 0.002409105518711613 0.0)
(1.3683121431651881 0.0006999144542496621 0.0)
(0.020183018709992815 5.4765156717738316e-05 0.0)
(-0.02018713644050293 5.471559555705529e-05 0.0)
(1.2094452689557953 0.0006992856476587801 0.0)
(2.3286725244301203 0.0024070083784843072 0.0)
(3.3707244015919855 0.004389971082529683 0.0)
(4.354119166249046 0.0053839900335916294 0.0)
(5.279532257517132 0.005521076209810271 0.0)
(6.147294979868917 0.006391214948858792 0.0)
(6.945615258353492 0.008642595877883595 0.0)
(7.6535314963524765 0.011151515783559208 0.0)
(8.263200362352615 0.013260657609733583 0.0)
(8.779364742094709 0.015049046610931916 0.0)
(9.204173449625578 0.016534632539582945 0.0)
(9.538162207203088 0.017702193068819295 0.0)
(9.78178522878355 0.01854175781507642 0.0)
(9.935580890472307 0.019047883556100962 0.0)
(10.000000000000004 0.019216729653975022 0.0)
(9.975530220638788 0.01904788355609921 0.0)
(9.862659215660909 0.018541757815073008 0.0)
(9.661837792796907 0.017702193068814816 0.0)
(9.373604328152187 0.016534632539576943 0.0)
(8.998413035683072 0.01504904661092536 0.0)
(8.536799637647364 0.013260657609725347 0.0)
(7.990912948091972 0.011151515783550149 0.0)
(7.365495852757639 0.008642595877875475 0.0)
(6.652705020131072 0.006391214948850853 0.0)
(5.831578853593966 0.005521076209802469 0.0)
(4.890325278195414 0.005383990033587137 0.0)
(3.829275598408019 0.004389971082528041 0.0)
(2.6491052533476696 0.002407008378483961 0.0)
(1.3683325088219993 0.0006992856476585981 0.0)
(0.020187136440507448 5.471559555703808e-05 0.0)
(-0.020185718538743413 5.467527162604702e-05 0.0)
(1.20944501566716 0.0006988064660793272 0.0)
(2.3286120292507797 0.0024056314567142095 0.0)
(3.3704339203439266 0.004388388911942411 0.0)
(4.353521365436491 0.0053837027227754035 0.0)
(5.279258315005211 0.005521379263570738 0.0)
(6.148069568612564 0.006387883932874674 0.0)
(6.946407824137744 0.00863374562451881 0.0)
(7.653614794019159 0.011140607278666087 0.0)
(8.263230863719759 0.013249799525315539 0.0)
(8.779409410077923 0.015038371483917557 0.0)
(9.20419712159966 0.016524281607525653 0.0)
(9.53817711627943 0.01769219683543506 0.0)
(9.78179359748539 0.018532069318299278 0.0)
(9.935584673391904 0.01903839589991543 0.0)
(10.000000000000004 0.019207314283391244 0.0)
(9.975526437719193 0.019038395899913678 0.0)
(9.862650846959067 0.018532069318295874 0.0)
(9.661822883720566 0.017692196835430583 0.0)
(9.373580656178104 0.01652428160751965 0.0)
(8.998368367699857 0.015038371483911005 0.0)
(8.536769136280222 0.013249799525307306 0.0)
(7.990829650425289 0.011140607278657039 0.0)
(7.364703286973385 0.008633745624510704 0.0)
(6.651930431387425 0.00638788393286676 0.0)
(5.8318527961058875 0.005521379263562962 0.0)
(4.8909230790079725 0.005383702722770927 0.0)
(3.829566079656079 0.004388388911940775 0.0)
(2.64916574852701 0.0024056314567138634 0.0)
(1.3683327621106347 0.0006988064660791447 0.0)
(0.020185718538747902 5.467527162602977e-05 0.0)
(-0.020178827304719055 5.4645956684488596e-05 0.0)
(1.2094648858757395 0.0006984979638734474 0.0)
(2.32859048110009 0.002405035252825235 0.0)
(3.3701822521576283 0.004388861687302559 0.0)
(4.3528812939742405 0.005387370227265172 0.0)
(5.278775909294256 0.005527932383021308 0.0)
(6.148641890936813 0.006392700840441274 0.0)
(6.947222497559459 0.00863347875155501 0.0)
(7.653752205915045 0.01113770575221288 0.0)
(8.263265659681869 0.013246371682537594 0.0)
(8.77945834704995 0.015034593284617828 0.0)
(9.204223431656828 0.016520317434023723 0.0)
(9.538193704909114 0.017688154945782693 0.0)
(9.781802861769306 0.01852800815750594 0.0)
(9.93558889694379 0.019034332706883237 0.0)
(10.000000000000004 0.01920325473516927 0.0)
(9.975522214167308 0.019034332706881492 0.0)
(9.86264158267515 0.018528008157502537 0.0)
(9.661806295090882 0.01768815494577822 0.0)
(9.373554346120937 0.016520317434017735 0.0)
(8.998319430727832 0.015034593284611293 0.0)
(8.536734340318112 0.013246371682529382 0.0)
(7.990692238529403 0.011137705752203856 0.0)
(7.3638886135516675 0.008633478751546934 0.0)
(6.651358109063175 0.006392700840433406 0.0)
(5.832335201816845 0.005527932383013576 0.0)
(4.8915631504702235 0.005387370227260722 0.0)
(3.829817747842377 0.004388861687300932 0.0)
(2.6491872966776993 0.0024050352528248906 0.0)
(1.3683128919020549 0.0006984979638732649 0.0)
(0.02017882730472351 5.4645956684471303e-05 0.0)
(-0.020166765526645748 5.462893877728192e-05 0.0)
(1.2095040065209208 0.0006983736960636784 0.0)
(2.3286088267643725 0.0024052459629255413 0.0)
(3.3699804548727834 0.004391368635725717 0.0)
(4.352227075431371 0.0053948314036231645 0.0)
(5.27810623640867 0.005540447636081917 0.0)
(6.1489868000457735 0.006405454025452401 0.0)
(6.94802348335889 0.008641806984901988 0.0)
(7.653937694412819 0.011142938691963748 0.0)
(8.263303221368027 0.013250524694540354 0.0)
(8.77950940280976 0.015037878020197945 0.0)
(9.2042512237813 0.01652291419760857 0.0)
(9.5382112442181 0.017690244993099076 0.0)
(9.781812614579612 0.018529752772671982 0.0)
(9.93559337555282 0.019035872506272814 0.0)
(10.000000000000004 0.019204729378431228 0.0)
(9.975517735558277 0.01903587250627107 0.0)
(9.862631829864844 0.018529752772668592 0.0)
(9.661788755781895 0.017690244993094625 0.0)
(9.373526553996465 0.016522914197602604 0.0)
(8.99826837496802 0.015037878020191438 0.0)
(8.536696778631955 0.013250524694532176 0.0)
(7.990506750031628 0.011142938691954762 0.0)
(7.363087627752234 0.008641806984893969 0.0)
(6.651013199954215 0.006405454025444596 0.0)
(5.833004874702433 0.00554044763607424 0.0)
(4.892217369013095 0.00539483140361875 0.0)
(3.830019545127223 0.004391368635724105 0.0)
(2.649168951013417 0.0024052459629252004 0.0)
(1.3682737712568733 0.0006983736960634964 0.0)
(0.020166765526650147 5.4628938777264624e-05 0.0)
(-0.02015006317698562 5.462496564013624e-05 0.0)
(1.2095606587131238 0.00069843912275024 0.0)
(2.3286662601686996 0.002406254328798803 0.0)
(3.369837395092909 0.004395799606484506 0.0)
(4.351587454973796 0.0054057584214100484 0.0)
(5.277278720549913 0.00555837512542909 0.0)
(6.14908914126419 0.006425583136289958 0.0)
(6.948775587685372 0.008658364397222559 0.0)
(7.6541631094872296 0.011156076172119427 0.0)
(8.26334189838646 0.013262076085574137 0.0)
(8.779560334060676 0.015048081365385765 0.0)
(9.20427927683797 0.016531957801238933 0.0)
(9.538228963561238 0.017698375144528773 0.0)
(9.781822427395666 0.01853722650859869 0.0)
(9.935597912437107 0.019042947642115966 0.0)
(10.000000000000004 0.019211673420049973 0.0)
(9.975513198673989 0.019042947642114234 0.0)
(9.86262201704879 0.01853722650859531 0.0)
(9.661771036438758 0.01769837514452435 0.0)
(9.373498500939792 0.016531957801233 0.0)
(8.998217443717104 0.0150480813653793 0.0)
(8.53665810161352 0.013262076085566009 0.0)
(7.990281334957217 0.0111560761721105 0.0)
(7.3623355234257515 0.008658364397214607 0.0)
(6.6509108587357995 0.006425583136282231 0.0)
(5.833832390561192 0.005558375125421479 0.0)
(4.892856989470672 0.005405758421405675 0.0)
(3.830162604907097 0.004395799606482915 0.0)
(2.6491115176090894 0.002406254328798468 0.0)
(1.3682171190646704 0.0006984391227500588 0.0)
(0.020150063176989957 5.4624965640119004e-05 0.0)
(-0.020129454126426655 5.463421184542914e-05 0.0)
(1.209632353258665 0.000698691369204219 0.0)
(2.328760257794358 0.002408016044693303 0.0)
(3.3697593586030137 0.004401959910830019 0.0)
(4.350990536354268 0.005419671167454682 0.0)
(5.276329721250923 0.005580927149978328 0.0)
(6.1489444179061525 0.0064522037366489095 0.0)
(6.9494457644507355 0.008682423486110279 0.0)
(7.654418546812292 0.011176540955836218 0.0)
(8.263379991339738 0.013280518308649595 0.0)
(8.779608902976708 0.015064755003860234 0.0)
(9.204306358226855 0.016547050885516088 0.0)
(9.538246084383008 0.017712188176091652 0.0)
(9.78183186906028 0.018550100983002252 0.0)
(9.935602308254257 0.01905524724588734 0.0)
(10.000000000000004 0.019223781751540554 0.0)
(9.97550880285684 0.019055247245885615 0.0)
(9.862612575384176 0.018550100982998897 0.0)
(9.661753915616988 0.017712188176087256 0.0)
(9.37347141955091 0.016547050885510197 0.0)
(8.998168874801072 0.015064755003853817 0.0)
(8.536620008660243 0.013280518308641525 0.0)
(7.990025897632154 0.01117654095582736 0.0)
(7.361665346660387 0.008682423486102412 0.0)
(6.6510555820938375 0.006452203736641272 0.0)
(5.834781389860186 0.005580927149970791 0.0)
(4.893453908090201 0.005419671167450356 0.0)
(3.8302406413969927 0.004401959910828448 0.0)
(2.649017519983431 0.002408016044692976 0.0)
(1.368145424519129 0.0006986913692040394 0.0)
(0.020129454126430923 5.463421184541195e-05 0.0)
(-0.020105843898947224 5.4656271131815465e-05 0.0)
(1.209715940030375 0.0006991193521779001 0.0)
(2.3288866895576383 0.0024104537040356053 0.0)
(3.3697497741836986 0.0044095788762592665 0.0)
(4.3504625470848985 0.0054359583411485125 0.0)
(5.275300935804751 0.005607112815028698 0.0)
(6.14855898885125 0.006484146166050497 0.0)
(6.950004567313964 0.008712927139214285 0.0)
(7.654692782939253 0.011203433857956871 0.0)
(8.263415826493182 0.01330504104622388 0.0)
(8.779652975528538 0.015087166326450338 0.0)
(9.204331278041266 0.016567530287928924 0.0)
(9.538261854425823 0.017731077168451063 0.0)
(9.781840524723988 0.018567810515030567 0.0)
(9.935606369860105 0.019072230895498716 0.0)
(10.000000000000004 0.019240522354968828 0.0)
(9.975504741250992 0.019072230895497005 0.0)
(9.862603919720469 0.018567810515027233 0.0)
(9.661738145574173 0.017731077168446702 0.0)
(9.373446499736499 0.016567530287923075 0.0)
(8.998124802249242 0.01508716632644398 0.0)
(8.5365841735068 0.01330504104621588 0.0)
(7.989751661505192 0.011203433857948093 0.0)
(7.361106543797157 0.008712927139206515 0.0)
(6.651441011148742 0.006484146166042957 0.0)
(5.835810175306361 0.0056071128150212415 0.0)
(4.893981897359571 0.005435958341144236 0.0)
(3.8302502258163074 0.00440957887625772 0.0)
(2.6488910882201497 0.002410453704035286 0.0)
(1.3680618377474185 0.000699119352177722 0.0)
(0.020105843898951415 5.465627113179839e-05 0.0)
(-0.02008026988474908 5.469017425460773e-05 0.0)
(1.2098077463784225 0.0006997042668823918 0.0)
(2.329040000278164 0.002413460200533781 0.0)
(3.369809062956815 0.0044183217393697965 0.0)
(4.350026686048254 0.005453904313875975 0.0)
(5.274237567161792 0.005635781570363209 0.0)
(6.147949789147034 0.006520006932583836 0.0)
(6.950427443499548 0.008748535081822044 0.0)
(7.654973768434395 0.011235573253561375 0.0)
(8.263447829315707 0.013334566814071065 0.0)
(8.77969061524887 0.015114330620641825 0.0)
(9.20435294135015 0.016592496181001417 0.0)
(9.538275580782852 0.01775421217383917 0.0)
(9.781848014072757 0.018589576980244982 0.0)
(9.935609918795121 0.01909315236045687 0.0)
(10.000000000000004 0.01926115967884623 0.0)
(9.975501192315974 0.019093152360455175 0.0)
(9.862596430371699 0.01858957698024167 0.0)
(9.661724419217144 0.017754212173834844 0.0)
(9.373424836427615 0.016592496180995616 0.0)
(8.998087162528911 0.01511433062063553 0.0)
(8.536552170684274 0.01333456681406314 0.0)
(7.98947067601005 0.011235573253552688 0.0)
(7.360683667611573 0.008748535081814371 0.0)
(6.652050210852962 0.006520006932576396 0.0)
(5.836873543949323 0.005635781570355834 0.0)
(4.894417758396216 0.005453904313871751 0.0)
(3.8301909370431906 0.004418321739368276 0.0)
(2.6487377774996235 0.0024134602005334714 0.0)
(1.3679700313993708 0.0006997042668822156 0.0)
(0.020080269884753203 5.469017425459079e-05 0.0)
(-0.020053855759229754 5.4734431572614466e-05 0.0)
(1.2099037384998292 0.0007004204132356503 0.0)
(2.329213453763349 0.0024169034342319293 0.0)
(3.3699346198821374 0.004427804354751145 0.0)
(4.349702104180901 0.005472720572426656 0.0)
(5.273186337794839 0.005665673763320469 0.0)
(6.147143585914005 0.006558210379772869 0.0)
(6.9506958126015235 0.008787682766078258 0.0)
(7.655249157309109 0.011271546996404234 0.0)
(8.26347459366184 0.013367798303967808 0.0)
(8.77972016831725 0.015145054337043596 0.0)
(9.204370396307343 0.01662085160906578 0.0)
(9.538286660343077 0.017780576682443525 0.0)
(9.781854008038307 0.018614443999984607 0.0)
(9.935612799125593 0.01911709238986629 0.0)
(10.000000000000004 0.01928478695691651 0.0)
(9.975498311985502 0.0191170923898646 0.0)
(9.862590436406151 0.018614443999981314 0.0)
(9.661713339656918 0.017780576682439233 0.0)
(9.37340738147042 0.016620851609060034 0.0)
(8.998057609460531 0.015145054337037363 0.0)
(8.536525406338141 0.013367798303959956 0.0)
(7.989195287135335 0.011271546996395636 0.0)
(7.360415298509598 0.00878768276607069 0.0)
(6.652856414085993 0.00655821037976553 0.0)
(5.837924773316277 0.00566567376331317 0.0)
(4.89474234026357 0.005472720572422482 0.0)
(3.8300653801178672 0.00442780435474965 0.0)
(2.6485643240144388 0.002416903434231629 0.0)
(1.3678740392779638 0.0007004204132354765 0.0)
(0.020053855759233807 5.4734431572597674e-05 0.0)
(-0.020027762110741285 5.478709850024893e-05 0.0)
(1.2099996986763935 0.0007012363250770662 0.0)
(2.3293994287843773 0.002420632115740572 0.0)
(3.3701209282180673 0.004437610073631411 0.0)
(4.349503063016282 0.005491580364823208 0.0)
(5.272193436799109 0.005695475985628156 0.0)
(6.146175802247317 0.006597077918039343 0.0)
(6.950797882972516 0.008828650114355376 0.0)
(7.655506849480051 0.011309774466037033 0.0)
(8.263494943555177 0.013403275385043335 0.0)
(8.779740336225919 0.015177987531764404 0.0)
(9.204382875973964 0.016651350686487657 0.0)
(9.538294606290895 0.017809012285988537 0.0)
(9.781858243256755 0.018641318962894993 0.0)
(9.93561488429507 0.01914299910263177 0.0)
(10.000000000000004 0.019310366049806134 0.0)
(9.975496226816025 0.019142999102630093 0.0)
(9.862586201187701 0.01864131896289173 0.0)
(9.6617053937091 0.017809012285984287 0.0)
(9.373394901803799 0.01665135068648196 0.0)
(8.998037441551862 0.015177987531758237 0.0)
(8.536505056444804 0.01340327538503556 0.0)
(7.988937594964392 0.011309774466028526 0.0)
(7.3603132281386054 0.008828650114347908 0.0)
(6.653824197752684 0.0065970779180321 0.0)
(5.83891767431201 0.00569547598562093 0.0)
(4.894941381428189 0.0054915803648190814 0.0)
(3.8298790717819364 0.0044376100736299405 0.0)
(2.6483783489934094 0.0024206321157402813 0.0)
(1.3677780791013994 0.0007012363250768946 0.0)
(0.020027762110745275 5.4787098500232285e-05 0.0)
(-0.02000313544646128 5.4845860949062274e-05 0.0)
(1.2100914105935108 0.000702116152732996 0.0)
(2.3295897539390578 0.0024244824136156495 0.0)
(3.3703598019171657 0.004447308050662051 0.0)
(4.349438308059038 0.005509655026290745 0.0)
(5.271302490427891 0.005723878782159695 0.0)
(6.145088960790775 0.006634901778857981 0.0)
(6.9507291698271585 0.008869637096317745 0.0)
(7.655735522424663 0.011348576017379288 0.0)
(8.26350798485863 0.013439439259258673 0.0)
(8.779750232833868 0.015211683180477796 0.0)
(9.20438983201629 0.016682653339601613 0.0)
(9.538299069495892 0.017838269576075927 0.0)
(9.781860533640351 0.018669021032272224 0.0)
(9.93561608268502 0.01916973420518937 0.0)
(10.000000000000004 0.019336773058969164 0.0)
(9.975495028426076 0.019169734205187708 0.0)
(9.862583910804105 0.018669021032268987 0.0)
(9.661700930504104 0.017838269576071705 0.0)
(9.373387945761474 0.016682653339595958 0.0)
(8.998027544943913 0.015211683180471688 0.0)
(8.53649201514135 0.013439439259250974 0.0)
(7.9887089220197804 0.011348576017370864 0.0)
(7.360381941283964 0.008869637096310367 0.0)
(6.654911039209229 0.006634901778850823 0.0)
(5.83980862068323 0.005723878782152533 0.0)
(4.895006136385432 0.005509655026286658 0.0)
(3.8296401980828376 0.004447308050660603 0.0)
(2.6481880238387285 0.0024244824136153685 0.0)
(1.3676863671842818 0.0007021161527328267 0.0)
(0.02000313544646522 5.4845860949045794e-05 0.0)
(-0.019981057816964996 5.490813700455652e-05 0.0)
(1.2101748445973253 0.0007030212381858374 0.0)
(2.329776066688283 0.002428285152812452 0.0)
(3.3706407453061007 0.004456472174474286 0.0)
(4.349510684523523 0.005526150389271039 0.0)
(5.270552645234796 0.005749634185996938 0.0)
(6.143930815369658 0.006670020050981208 0.0)
(6.950492692295349 0.008908842818961503 0.0)
(7.655925128672104 0.011386246781250452 0.0)
(8.263513144561188 0.013474700952140746 0.0)
(8.779749423302247 0.015244660758023752 0.0)
(9.204390958798546 0.016713384187096402 0.0)
(9.538299853853008 0.017867063040903942 0.0)
(9.781860778553833 0.018696333029867365 0.0)
(9.93561634164038 0.01919612300604322 0.0)
(10.000000000000004 0.019362847708733234 0.0)
(9.975494769470718 0.019196123006041566 0.0)
(9.862583665890625 0.01869633302986415 0.0)
(9.661700146146988 0.017867063040899755 0.0)
(9.373386818979217 0.01671338418709079 0.0)
(8.998028354475533 0.015244660758017696 0.0)
(8.536486855438794 0.01347470095213311 0.0)
(7.988519315772338 0.011386246781242105 0.0)
(7.360618418815775 0.008908842818954208 0.0)
(6.656069184630349 0.006670020050974123 0.0)
(5.840558465876326 0.005749634185989827 0.0)
(4.8949337599209475 0.005526150389266985 0.0)
(3.8293592546939017 0.004456472174472859 0.0)
(2.6480017110895027 0.0024282851528121797 0.0)
(1.367602933180467 0.0007030212381856704 0.0)
(0.01998105781696889 5.49081370045402e-05 0.0)
(-0.01996249927290261 5.4971190370784044e-05 0.0)
(1.210246334750348 0.0007039118136365997 0.0)
(2.3299501807907026 0.0024318732479275853 0.0)
(3.370951414246334 0.004464699790233098 0.0)
(4.349717012320296 0.0055403416776921505 0.0)
(5.269976848045807 0.005771610551813456 0.0)
(6.1427522527750025 0.006700889701778997 0.0)
(6.950098840767213 0.008944544654558524 0.0)
(7.656067337270738 0.01142113157320274 0.0)
(8.263510195954957 0.013507511129413749 0.0)
(8.779737943200397 0.015275471289975674 0.0)
(9.204386206811984 0.0167421929717536 0.0)
(9.538296924899024 0.017894127548304196 0.0)
(9.781858967236147 0.018722054916471973 0.0)
(9.935615649783124 0.019221006029560738 0.0)
(10.000000000000004 0.019387444326689936 0.0)
(9.975495461327972 0.01922100602955909 0.0)
(9.862585477208311 0.01872205491646877 0.0)
(9.661703075100972 0.01789412754830003 0.0)
(9.373391570965781 0.01674219297174803 0.0)
(8.998039834577384 0.015275471289969663 0.0)
(8.536489804045024 0.013507511129406168 0.0)
(7.988377107173704 0.011421131573194455 0.0)
(7.361012270343912 0.008944544654551296 0.0)
(6.657247747225007 0.006700889701771965 0.0)
(5.841134263065316 0.005771610551806383 0.0)
(4.8947274321241725 0.0055403416776881225 0.0)
(3.8290485857536676 0.0044646997902316864 0.0)
(2.6478275969870833 0.002431873247927321 0.0)
(1.3675314430274443 0.0007039118136364346 0.0)
(0.019962499272906473 5.497119037076789e-05 0.0)
(-0.019948275242748333 5.503225059818572e-05 0.0)
(1.2103027399060422 0.0007047487488292383 0.0)
(2.330104445991188 0.002435089044625927 0.0)
(3.371278158512985 0.004471629391554043 0.0)
(4.350048225783434 0.0055516053523030845 0.0)
(5.269600398336015 0.005788842278299898 0.0)
(6.141605056891099 0.006726154375269717 0.0)
(6.949564920358365 0.008975173929767342 0.0)
(7.656155899834903 0.011451697619297693 0.0)
(8.263499268596302 0.01353642817191284 0.0)
(8.779716296942988 0.01530276101792587 0.0)
(9.204375784850196 0.016767813888279557 0.0)
(9.538290411326821 0.017918273933334637 0.0)
(9.781855179273279 0.018745056519445507 0.0)
(9.935614037512197 0.019243289961210764 0.0)
(10.000000000000004 0.01940948218244449 0.0)
(9.9754970735989 0.01924328996120913 0.0)
(9.862589265171179 0.01874505651944232 0.0)
(9.661709588673173 0.017918273933330498 0.0)
(9.373401992927567 0.016767813888274013 0.0)
(8.998061480834792 0.015302761017919898 0.0)
(8.53650073140368 0.0135364281719053 0.0)
(7.9882885446095395 0.011451697619289453 0.0)
(7.361546190752762 0.008975173929760162 0.0)
(6.658394943108913 0.006726154375262722 0.0)
(5.841510712775107 0.005788842278292847 0.0)
(4.894396218661034 0.00555160535229907 0.0)
(3.828721841487016 0.004471629391552642 0.0)
(2.6476733317865975 0.0024350890446256687 0.0)
(1.3674750378717502 0.0007047487488290746 0.0)
(0.019948275242752184 5.503225059816969e-05 0.0)
(-0.019939010704365014 5.508863481207601e-05 0.0)
(1.2103415817250571 0.0007054952703625177 0.0)
(2.3302320841590505 0.002437791246683685 0.0)
(3.3716066215607383 0.0044769565044324245 0.0)
(4.350489771999304 0.0055594465078477465 0.0)
(5.269439836616975 0.0058005722349189996 0.0)
(6.14053963340635 0.006744703987920603 0.0)
(6.9489143905547905 0.008999384850269954 0.0)
(7.65618692508755 0.011476601903388894 0.0)
(8.26348084261337 0.013560181517692832 0.0)
(8.779685435626973 0.01532533088115336 0.0)
(9.20436015083512 0.016789121200474263 0.0)
(9.538280599330847 0.017938441248011597 0.0)
(9.781849581101389 0.01876432719043355 0.0)
(9.935611575667833 0.019261995685803907 0.0)
(10.000000000000004 0.019427992972932157 0.0)
(9.975499535443264 0.019261995685802273 0.0)
(9.862594863343068 0.01876432719043037 0.0)
(9.661719400669147 0.01793844124800747 0.0)
(9.373417626942643 0.01678912120046874 0.0)
(8.998092342150807 0.015325330881147408 0.0)
(8.536519157386609 0.013560181517685321 0.0)
(7.9882575193568925 0.01147660190338069 0.0)
(7.362196720556338 0.008999384850262806 0.0)
(6.659460366593664 0.006744703987913625 0.0)
(5.841671274494147 0.005800572234911956 0.0)
(4.893954672445162 0.0055594465078437376 0.0)
(3.8283933784392614 0.004476956504431031 0.0)
(2.647545693618735 0.00243779124668343 0.0)
(1.3674361960527353 0.0007054952703623557 0.0)
(0.01993901070436886 5.5088634812060115e-05 0.0)
(-0.01993511272462022 5.513786559324861e-05 0.0)
(1.2103611535689243 0.0007061185774459887 0.0)
(2.3303274871067012 0.00243986112428598 0.0)
(3.371922371324182 0.004480447065274044 0.0)
(4.3510222502349665 0.005563520618296494 0.0)
(5.26950221767688 0.00580628502883627 0.0)
(6.139602795079539 0.006755723503687332 0.0)
(6.948175834445948 0.009016113632512101 0.0)
(7.656159049835837 0.011494750176794487 0.0)
(8.263455727610145 0.013577727488195681 0.0)
(8.779646715242116 0.015342189201158322 0.0)
(9.204339991696775 0.01680517870402051 0.0)
(9.538267920032252 0.017953743377423226 0.0)
(9.781842418693905 0.018779020211407583 0.0)
(9.935608372418967 0.01927630130802269 0.0)
(10.000000000000004 0.01944216336788345 0.0)
(9.975502738692128 0.019276301308021063 0.0)
(9.862602025750551 0.01877902021140441 0.0)
(9.661732079967743 0.017953743377419108 0.0)
(9.37343778608099 0.016805178704014993 0.0)
(8.998131062535665 0.01534218920115238 0.0)
(8.536544272389836 0.01357772748818818 0.0)
(7.988285394608605 0.011494750176786292 0.0)
(7.362935276665183 0.009016113632504963 0.0)
(6.660397204920477 0.006755723503680349 0.0)
(5.84160889343424 0.005806285028829214 0.0)
(4.8934221942094975 0.005563520618292479 0.0)
(3.828077628675817 0.00448044706527265 0.0)
(2.6474502906710837 0.0024398611242857277 0.0)
(1.367416624208868 0.0007061185774458275 0.0)
(0.019935112724624084 5.5137865593232796e-05 0.0)
(-0.01993675257361278 5.517777983124394e-05 0.0)
(1.2103605954866299 0.0007065912831067116 0.0)
(2.330386463003156 0.0024412077307977014 0.0)
(3.3722115343363583 0.004481947705221323 0.0)
(4.351622264370889 0.005563648674689582 0.0)
(5.269784800606083 0.005805729650338242 0.0)
(6.138835704872849 0.006758728745206748 0.0)
(6.947381702836109 0.00902462524440651 0.0)
(7.656073498867329 0.011505345037582347 0.0)
(8.263425027093918 0.013588295145576931 0.0)
(8.779601837091292 0.01535259525420116 0.0)
(9.20431619319082 0.01681528086158884 0.0)
(9.538252930536222 0.01796350797399763 0.0)
(9.781834006753915 0.018788489997906128 0.0)
(9.935604568510499 0.019285578264998226 0.0)
(10.000000000000004 0.019451370746068217 0.0)
(9.975506542600598 0.0192855782649966 0.0)
(9.862610437690543 0.018788489997902953 0.0)
(9.661747069463773 0.01796350797399351 0.0)
(9.373461584586943 0.016815280861583324 0.0)
(8.998175940686489 0.015352595254195215 0.0)
(8.536574972906063 0.013588295145569423 0.0)
(7.988370945577114 0.011505345037574145 0.0)
(7.363729408275024 0.009024625244399355 0.0)
(6.661164295127168 0.006758728745199741 0.0)
(5.8413263105050355 0.005805729650331159 0.0)
(4.892822180073574 0.0055636486746855505 0.0)
(3.8277884656636405 0.004481947705219924 0.0)
(2.647391314774629 0.002441207730797449 0.0)
(1.3674171822911623 0.000706591283106551 0.0)
(0.019936752573616674 5.5177779831228195e-05 0.0)
(-0.019943858199378 5.520662376746554e-05 0.0)
(1.2103399319992891 0.0007068926175227447 0.0)
(2.330406420555417 0.0024417718987922708 0.0)
(3.372461405303521 0.004481392488900319 0.0)
(4.3522634508836315 0.005559825050463371 0.0)
(5.270275169227645 0.005798930501740084 0.0)
(6.138272067326609 0.006753587667664423 0.0)
(6.946566888415388 0.009024545701298091 0.0)
(7.65593403113507 0.01150792096695221 0.0)
(8.263390089989208 0.013591420166304232 0.0)
(8.779552773038347 0.01535609181734851 0.0)
(9.204289800980069 0.016818983802857092 0.0)
(9.538236289453788 0.017967305999225157 0.0)
(9.781824714886666 0.018792320464834925 0.0)
(9.935600331079204 0.01928941894421272 0.0)
(10.000000000000004 0.019455210552133423 0.0)
(9.975510780031893 0.019289418944211087 0.0)
(9.86261972955779 0.018792320464831744 0.0)
(9.661763710546207 0.017967305999221025 0.0)
(9.373487976797694 0.016818983802851555 0.0)
(8.998225004739435 0.015356091817342548 0.0)
(8.536609910010773 0.013591420166296707 0.0)
(7.988510413309373 0.011507920966943985 0.0)
(7.364544222695748 0.0090245457012909 0.0)
(6.661727932673409 0.006753587667657369 0.0)
(5.840835941883472 0.005798930501732957 0.0)
(4.892180993560828 0.005559825050459312 0.0)
(3.8275385946964775 0.00448139248889891 0.0)
(2.647371357222368 0.0024417718987920166 0.0)
(1.3674378457785032 0.0007068926175225839 0.0)
(0.019943858199381933 5.520662376744982e-05 0.0)
)
