(
(-0.0025460172043997396 -7.979114745625625e-05 0.0)
(1.2965763276524882 -0.0011565462845232446 0.0)
(2.542259031756437 -0.004911082291475354 0.0)
(3.7219319660739365 -0.012157899901433048 0.0)
(4.797309188297422 -0.022435040483509475 0.0)
(5.73650719072251 -0.03527031403568315 0.0)
(6.542712296249123 -0.050235582033900376 0.0)
(7.2627239286651175 -0.06561818189295751 0.0)
(7.911783220434276 -0.07958502557797631 0.0)
(8.473524314723006 -0.09182066267423265 0.0)
(8.947665446707365 -0.10238646197605254 0.0)
(9.334426249083393 -0.11116717706231678 0.0)
(9.633263221597316 -0.1180700526184351 0.0)
(9.843976635740594 -0.12303444631116683 0.0)
(9.966306015102058 -0.1260251795884862 0.0)
(10.000000000000002 -0.1270237653332637 0.0)
(9.944805096009079 -0.12602517958848522 0.0)
(9.800467808703846 -0.12303444631116518 0.0)
(9.566736778402701 -0.11807005261843183 0.0)
(9.243351528694399 -0.11116717706231391 0.0)
(8.830112331070422 -0.10238646197604935 0.0)
(8.326475685277021 -0.09182066267422918 0.0)
(7.732661224010169 -0.07958502557797319 0.0)
(7.048387182445985 -0.06561818189295437 0.0)
(6.257287703750899 -0.0502355820338966 0.0)
(5.374603920388575 -0.03527031403567961 0.0)
(4.447135256146941 -0.02243504048350766 0.0)
(3.478068033926019 -0.012157899901432552 0.0)
(2.4355187460213186 -0.004911082291475601 0.0)
(1.281201450125277 -0.0011565462845232657 0.0)
(0.0025460172043867005 -7.979114745625778e-05 0.0)
(-0.0025833718644520526 -7.983385790661442e-05 0.0)
(1.296443093010183 -0.0011573180844158184 0.0)
(2.542046231884885 -0.0049152246456592935 0.0)
(3.7218927694095854 -0.012170336634300992 0.0)
(4.798038391984432 -0.02246104633729457 0.0)
(5.738095089999043 -0.035311981443968105 0.0)
(6.543471682875456 -0.05028710369816753 0.0)
(7.261982147209107 -0.0656684459299327 0.0)
(7.911361871878411 -0.0796299221900838 0.0)
(8.473472934342396 -0.09186177321215226 0.0)
(8.947603597256208 -0.10242417387913923 0.0)
(9.334390980614714 -0.11120174985394761 0.0)
(9.633240889232006 -0.11810202474099622 0.0)
(9.843964413032523 -0.12306448137778764 0.0)
(9.96630025267964 -0.12605402037433422 0.0)
(10.000000000000002 -0.1270522052950076 0.0)
(9.944810858431499 -0.12605402037433325 0.0)
(9.800480031411919 -0.12306448137778601 0.0)
(9.566759110768011 -0.11810202474099298 0.0)
(9.243386797163078 -0.11120174985394479 0.0)
(8.830174180521578 -0.10242417387913612 0.0)
(8.326527065657633 -0.0918617732121489 0.0)
(7.733082572566035 -0.07962992219008082 0.0)
(7.049128963901996 -0.06566844592992974 0.0)
(6.2565283171245625 -0.05028710369816391 0.0)
(5.373016021112038 -0.03531198144396469 0.0)
(4.446406052459931 -0.02246104633729283 0.0)
(3.4781072305903704 -0.012170336634300534 0.0)
(2.4357315458928706 -0.004915224645659555 0.0)
(1.2813346847675828 -0.001157318084415842 0.0)
(0.002583371864439123 -7.983385790661614e-05 0.0)
(-0.002622829311033882 -7.989337601548415e-05 0.0)
(1.2963005346766892 -0.0011583079350139102 0.0)
(2.541797906090033 -0.004920126991553528 0.0)
(3.721751108094426 -0.01218417886024043 0.0)
(4.798612872342393 -0.02248895374916351 0.0)
(5.7396990049587115 -0.0353564334508082 0.0)
(6.544549698405034 -0.05034334101353987 0.0)
(7.261461096726987 -0.06572523366130126 0.0)
(7.910939915902449 -0.0796816771661841 0.0)
(8.473428465681716 -0.09190946232441337 0.0)
(8.947552798360727 -0.10246816591543668 0.0)
(9.334361395731415 -0.11124227383051392 0.0)
(9.63322212821028 -0.11813964595408262 0.0)
(9.84395421666211 -0.12309992557274757 0.0)
(9.966295389770309 -0.12608811852709667 0.0)
(10.000000000000002 -0.1270858500139776 0.0)
(9.944815721340827 -0.12608811852709575 0.0)
(9.800490227782332 -0.12309992557274597 0.0)
(9.566777871789737 -0.11813964595407946 0.0)
(9.243416382046377 -0.11124227383051122 0.0)
(8.83022497941706 -0.10246816591543369 0.0)
(8.326571534318314 -0.09190946232441012 0.0)
(7.733504528541998 -0.07968167716618126 0.0)
(7.049650014384117 -0.06572523366129843 0.0)
(6.255450301594981 -0.0503433410135364 0.0)
(5.371412106152365 -0.035356433450804914 0.0)
(4.4458315721019686 -0.02248895374916185 0.0)
(3.4782488919055305 -0.012184178860240013 0.0)
(2.435979871687724 -0.004920126991553803 0.0)
(1.281477243101077 -0.0011583079350139373 0.0)
(0.002622829311021059 -7.989337601548606e-05 0.0)
(-0.0026626558561277814 -7.996708666604697e-05 0.0)
(1.2961549164043777 -0.001159472344093121 0.0)
(2.5415249653530063 -0.004925573929048054 0.0)
(3.7215132064674847 -0.012198818377167223 0.0)
(4.799007387755361 -0.022517536518493943 0.0)
(5.741248462512467 -0.035401716916345555 0.0)
(6.54589897680766 -0.0504018230152632 0.0)
(7.261183671223708 -0.06578604993803705 0.0)
(7.910535892480028 -0.07973801648731041 0.0)
(8.47339286261256 -0.09196163463866795 0.0)
(8.947515282031452 -0.10251650515535117 0.0)
(9.334338794339146 -0.11128696844262197 0.0)
(9.63320776285711 -0.11818126325041738 0.0)
(9.843946494639217 -0.12313922154296339 0.0)
(9.966291640041408 -0.12612597583632196 0.0)
(10.000000000000002 -0.12712322120277342 0.0)
(9.944819471069728 -0.12612597583632104 0.0)
(9.800497949805223 -0.12313922154296185 0.0)
(9.566792237142907 -0.11818126325041427 0.0)
(9.243438983438645 -0.11128696844261932 0.0)
(8.830262495746334 -0.10251650515534828 0.0)
(8.32660713738747 -0.09196163463866484 0.0)
(7.7339085519644195 -0.0797380164873077 0.0)
(7.049927439887396 -0.06578604993803439 0.0)
(6.254101023192351 -0.05040182301525987 0.0)
(5.369862648598606 -0.03540171691634239 0.0)
(4.445437056689002 -0.022517536518492358 0.0)
(3.478486793532473 -0.012198818377166841 0.0)
(2.436252812424751 -0.0049255739290483425 0.0)
(1.2816228613733887 -0.0011594723440931515 0.0)
(0.002662655856115058 -7.996708666604915e-05 0.0)
(-0.00270110159420293 -8.005175114716702e-05 0.0)
(1.296012636393733 -0.0011607601496487362 0.0)
(2.54123940219046 -0.004931326129674249 0.0)
(3.7211895174910206 -0.012213611951489843 0.0)
(4.799204603937833 -0.02254553877069219 0.0)
(5.7426753823300505 -0.0354458421679482 0.0)
(6.547460233258757 -0.050459980111171594 0.0)
(7.2611620602683455 -0.06584822260420051 0.0)
(7.910167553661188 -0.07979646470676233 0.0)
(8.473367689468654 -0.09201599779887425 0.0)
(8.94749269666726 -0.102567067661115 0.0)
(9.334324169501734 -0.11133386989078216 0.0)
(9.633198424359835 -0.11822504804213622 0.0)
(9.843941586255404 -0.12318064269539378 0.0)
(9.966289168249165 -0.12616592892110073 0.0)
(10.000000000000002 -0.12716267683972798 0.0)
(9.944821942861973 -0.12616592892109982 0.0)
(9.800502858189036 -0.12318064269539226 0.0)
(9.566801575640183 -0.11822504804213314 0.0)
(9.243453608276058 -0.11133386989077956 0.0)
(8.830285081110528 -0.10256706766111219 0.0)
(8.326632310531375 -0.09201599779887122 0.0)
(7.73427689078326 -0.07979646470675976 0.0)
(7.0499490508427565 -0.06584822260419801 0.0)
(6.252539766741249 -0.0504599801111684 0.0)
(5.36843572878102 -0.035445842167945135 0.0)
(4.44523984050653 -0.022545538770690668 0.0)
(3.4788104825089383 -0.0122136119514895 0.0)
(2.4365383755872982 -0.004931326129674554 0.0)
(1.2817651413840339 -0.0011607601496487702 0.0)
(0.002701101594190294 -8.005175114716942e-05 0.0)
(-0.0027364772898627945 -8.014364945643315e-05 0.0)
(1.2958799461681285 -0.0011621147678606161 0.0)
(2.5409537637253328 -0.004937130852259954 0.0)
(3.7207942634664866 -0.012227909580616635 0.0)
(4.799195855571548 -0.02257173013802533 0.0)
(5.743917068165153 -0.03548687042278559 0.0)
(6.549164869006104 -0.050515256984866246 0.0)
(7.261397213406745 -0.06590901990658216 0.0)
(7.909851083579775 -0.07985445371670513 0.0)
(8.473354052311889 -0.09207016318722737 0.0)
(8.947486034627731 -0.10261763180872634 0.0)
(9.334318163807781 -0.11138091741116611 0.0)
(9.63319452303494 -0.11826907650559303 0.0)
(9.843939707176077 -0.12322236906037878 0.0)
(9.966288082999606 -0.1262062223159799 0.0)
(10.000000000000002 -0.1272024833163356 0.0)
(9.94482302811153 -0.12620622231597897 0.0)
(9.800504737268366 -0.12322236906037733 0.0)
(9.566805476965078 -0.11826907650559003 0.0)
(9.243459613970012 -0.1113809174111636 0.0)
(8.830291743150054 -0.10261763180872362 0.0)
(8.32664594768814 -0.09207016318722445 0.0)
(7.734593360864674 -0.07985445371670268 0.0)
(7.049713897704356 -0.06590901990657977 0.0)
(6.250835130993898 -0.05051525698486318 0.0)
(5.367194042945916 -0.035486870422782604 0.0)
(4.445248588872815 -0.02257173013802386 0.0)
(3.4792057365334736 -0.012227909580616323 0.0)
(2.4368240140524264 -0.004937130852260272 0.0)
(1.2818978316096385 -0.0011621147678606536 0.0)
(0.0027364772898502325 -8.014364945643582e-05 0.0)
(-0.0027672285997580887 -8.023874375025943e-05 0.0)
(1.2957626758933276 -0.001163476679282734 0.0)
(2.540680600389221 -0.004942733047914194 0.0)
(3.7203448111326245 -0.012241083052880538 0.0)
(4.798981527043718 -0.0225949598197285 0.0)
(5.74491896261378 -0.035522998974399214 0.0)
(6.550937985473503 -0.05056522487164319 0.0)
(7.261878798440205 -0.06596577052294081 0.0)
(7.909600387352197 -0.07990943558612978 0.0)
(8.473352550333983 -0.09212175087565584 0.0)
(8.9474955886307 -0.1026659759020437 0.0)
(9.334321041136489 -0.11142604382179917 0.0)
(9.633196230299502 -0.11831141411065134 0.0)
(9.84394093996454 -0.12326256725777723 0.0)
(9.966288431976615 -0.1262450856029031 0.0)
(10.000000000000002 -0.12724089160883795 0.0)
(9.944822679134523 -0.12624508560290224 0.0)
(9.8005035044799 -0.12326256725777578 0.0)
(9.566803769700515 -0.11831141411064834 0.0)
(9.243456736641303 -0.11142604382179674 0.0)
(8.830282189147088 -0.10266597590204106 0.0)
(8.326647449666046 -0.09212175087565301 0.0)
(7.7348440570922525 -0.07990943558612744 0.0)
(7.049232312670894 -0.06596577052293853 0.0)
(6.249062014526494 -0.05056522487164022 0.0)
(5.366192148497287 -0.0355229989743963 0.0)
(4.445462917400647 -0.022594959819727076 0.0)
(3.479655188867337 -0.012241083052880254 0.0)
(2.437097177388538 -0.004942733047914524 0.0)
(1.2820151018844397 -0.0011634766792827747 0.0)
(0.0027672285997455814 -8.023874375026232e-05 0.0)
(-0.0027920043675899427 -8.033285575934521e-05 0.0)
(1.2956659782106652 -0.0011647860440187495 0.0)
(2.5404319144793766 -0.004947886566408846 0.0)
(3.7198609086027346 -0.012252553550010465 0.0)
(4.798571035557752 -0.02261420714608516 0.0)
(5.745637044266774 -0.03555264040032652 0.0)
(6.552701675167203 -0.0506076882739711 0.0)
(7.262585655403389 -0.06601598093501601 0.0)
(7.909426480112059 -0.07995899451228033 0.0)
(8.4733632495291 -0.09216849419550714 0.0)
(8.947520938890749 -0.10270997579004972 0.0)
(9.334332675063301 -0.11146726635075456 0.0)
(9.633203471139444 -0.11835020062039929 0.0)
(9.843945230454327 -0.12329947105233593 0.0)
(9.966290199846776 -0.1262808112001414 0.0)
(10.000000000000002 -0.12727621412712858 0.0)
(9.94482091126436 -0.12628081120014054 0.0)
(9.800499213990115 -0.1232994710523345 0.0)
(9.566796528860575 -0.11835020062039635 0.0)
(9.24344510271449 -0.11146726635075216 0.0)
(8.830256838887037 -0.10270997579004713 0.0)
(8.326636750470929 -0.09216849419550437 0.0)
(7.73501796433239 -0.07995899451227807 0.0)
(7.048525455707708 -0.06601598093501385 0.0)
(6.24729832483279 -0.0506076882739682 0.0)
(5.365474066844293 -0.03555264040032366 0.0)
(4.445873408886615 -0.022614207146083767 0.0)
(3.4801390913972283 -0.012252553550010202 0.0)
(2.4373458632983835 -0.004947886566409187 0.0)
(1.2821117995671023 -0.0011647860440187926 0.0)
(0.00279200436757747 -8.033285575934831e-05 0.0)
(-0.0028097159914458126 -8.04218503741843e-05 0.0)
(1.2955941018394137 -0.0011659853309775763 0.0)
(2.5402186327997187 -0.004952364971569353 0.0)
(3.7193638176687047 -0.012261817079347212 0.0)
(4.79798241735857 -0.022628626424787194 0.0)
(5.746039761929994 -0.035574492310539704 0.0)
(6.554378444788641 -0.050640781427636304 0.0)
(7.263486726294493 -0.06605744498915853 0.0)
(7.909337003025341 -0.08000095296660714 0.0)
(8.47338567979418 -0.09220833933082147 0.0)
(8.947560971563833 -0.10274769819816092 0.0)
(9.334352554414757 -0.11150277375552446 0.0)
(9.633215927405502 -0.11838373182655652 0.0)
(9.843952390129164 -0.12333145895883554 0.0)
(9.966293308933114 -0.12631182939031022 0.0)
(10.000000000000002 -0.12730689886437446 0.0)
(9.944817802178024 -0.1263118293903094 0.0)
(9.800492054315276 -0.12333145895883414 0.0)
(9.566784072594515 -0.11838373182655361 0.0)
(9.243425223363035 -0.11150277375552212 0.0)
(8.830216806213954 -0.10274769819815839 0.0)
(8.326614320205849 -0.09220833933081878 0.0)
(7.7351074414191086 -0.08000095296660494 0.0)
(7.0476243848166 -0.06605744498915642 0.0)
(6.245621555211348 -0.050640781427633445 0.0)
(5.365071349181073 -0.03557449231053686 0.0)
(4.446462027085799 -0.022628626424785817 0.0)
(3.480636182331259 -0.012261817079346959 0.0)
(2.4375591449780414 -0.004952364971569702 0.0)
(1.2821836759383538 -0.001165985330977622 0.0)
(0.002809715991433351 -8.042185037418762e-05 0.0)
(-0.0028195852549759703 -8.050181733421175e-05 0.0)
(1.2955502048958323 -0.001167021845684277 0.0)
(2.5400501265570647 -0.0049559714904659725 0.0)
(3.718875379596775 -0.012268466618358865 0.0)
(4.797241535252997 -0.022637584099107756 0.0)
(5.746109420926071 -0.03558759457208094 0.0)
(6.555894620148216 -0.050663050280008955 0.0)
(7.264542419707026 -0.06608834083068568 0.0)
(7.909335887551536 -0.08003346737138797 0.0)
(8.473418855584407 -0.09223953555924778 0.0)
(8.94761392768753 -0.1027774856727761 0.0)
(9.33437980572852 -0.11153100590570227 0.0)
(9.633233051792134 -0.11841053442926809 0.0)
(9.843962104406039 -0.12335712548718472 0.0)
(9.966297622628058 -0.12633677729087972 0.0)
(10.000000000000002 -0.12733159758935708 0.0)
(9.944813488483078 -0.12633677729087892 0.0)
(9.800482340038403 -0.12335712548718332 0.0)
(9.566766948207883 -0.11841053442926518 0.0)
(9.243397972049271 -0.11153100590569992 0.0)
(8.830163850090255 -0.1027774856727736 0.0)
(8.32658114441562 -0.09223953555924509 0.0)
(7.735108556892913 -0.0800334673713858 0.0)
(7.0465686914040635 -0.06608834083068357 0.0)
(6.244105379851771 -0.05066305028000611 0.0)
(5.3650016901849975 -0.03558759457207809 0.0)
(4.447202909191374 -0.02263758409910637 0.0)
(3.48112462040319 -0.012268466618358618 0.0)
(2.437727651220696 -0.0049559714904663255 0.0)
(1.2822275728819352 -0.0011670218456843245 0.0)
(0.0028195852549634986 -8.050181733421524e-05 0.0)
(-0.0028211785207962097 -8.056924303749937e-05 0.0)
(1.2955362161313142 -0.00116785004557889 0.0)
(2.539933799607443 -0.004958547659256326 0.0)
(3.718417055462253 -0.012272209998466241 0.0)
(4.796380942245348 -0.022640686585224796 0.0)
(5.745842960566153 -0.035591371495548016 0.0)
(6.557183583274391 -0.050673516378455526 0.0)
(7.265706350403777 -0.06610731095284308 0.0)
(7.909423182702524 -0.08005510910316013 0.0)
(8.473461319216257 -0.09226071217558086 0.0)
(8.94767748046665 -0.10279802940675532 0.0)
(9.33441323163172 -0.11155072233225836 0.0)
(9.63325409188512 -0.11842943077120478 0.0)
(9.843973946457396 -0.12337534289708338 0.0)
(9.966302951395749 -0.12635455873673984 0.0)
(10.000000000000002 -0.1273492250852859 0.0)
(9.94480815971539 -0.12635455873673898 0.0)
(9.800470497987046 -0.123375342897082 0.0)
(9.566745908114898 -0.1184294307712019 0.0)
(9.243364546146072 -0.11155072233225602 0.0)
(8.830100297311136 -0.10279802940675282 0.0)
(8.326538680783772 -0.0922607121755782 0.0)
(7.735021261741925 -0.08005510910315795 0.0)
(7.045404760707309 -0.066107310952841 0.0)
(6.242816416725594 -0.05067351637845265 0.0)
(5.365268150544917 -0.03559137149554514 0.0)
(4.448063502199026 -0.022640686585223398 0.0)
(3.481582944537713 -0.012272209998465991 0.0)
(2.4378439781703176 -0.004958547659256681 0.0)
(1.282241561646453 -0.0011678500455789389 0.0)
(0.002821178520783705 -8.056924303750296e-05 0.0)
(-0.002814425783721185 -8.062116492199651e-05 0.0)
(1.2955527501865811 -0.0011684335410731947 0.0)
(2.5398747631442053 -0.004959980285796735 0.0)
(3.71800898318913 -0.012272882742395743 0.0)
(4.795438451217968 -0.022637797565574175 0.0)
(5.7452520886309815 -0.035585657129833484 0.0)
(6.558188699485493 -0.050671719861757454 0.0)
(7.266927377399282 -0.06611352184316804 0.0)
(7.909595052889072 -0.080064927263822 0.0)
(8.473511204915427 -0.09227093871804055 0.0)
(8.947748837508342 -0.10280842674601125 0.0)
(9.334451363451322 -0.11156105673148013 0.0)
(9.633278123221267 -0.11843959058167185 0.0)
(9.843987395965163 -0.12338531074886838 0.0)
(9.966309061099878 -0.12636439244368963 0.0)
(10.000000000000002 -0.12735900683223828 0.0)
(9.94480205001126 -0.12636439244368877 0.0)
(9.800457048479279 -0.12338531074886698 0.0)
(9.56672187677875 -0.11843959058166893 0.0)
(9.243326414326472 -0.11156105673147776 0.0)
(8.830028940269443 -0.10280842674600872 0.0)
(8.326488795084602 -0.09227093871803789 0.0)
(7.734849391555375 -0.08006492726381982 0.0)
(7.044183733711802 -0.0661135218431659 0.0)
(6.24181130051449 -0.050671719861754526 0.0)
(5.365859022480092 -0.03558565712983054 0.0)
(4.449005993226409 -0.02263779756557275 0.0)
(3.481991016810837 -0.012272882742395482 0.0)
(2.437903014633555 -0.004959980285797088 0.0)
(1.2822250275911862 -0.0011684335410732435 0.0)
(0.0028144257837086264 -8.062116492200016e-05 0.0)
(-0.0027996237466641908 -8.065530163508679e-05 0.0)
(1.2955990805854927 -0.0011687466944426456 0.0)
(2.539875611121543 -0.004960206423097929 0.0)
(3.7176690927265397 -0.01227045529100986 0.0)
(4.79445547350236 -0.022629043978394037 0.0)
(5.744362766952417 -0.03557070255371268 0.0)
(6.5588658058140155 -0.050657739665571806 0.0)
(7.268151851001163 -0.06610670060650217 0.0)
(7.909843946449612 -0.08006249046135591 0.0)
(8.47356632079556 -0.09226976585106016 0.0)
(8.94782486351474 -0.10280822085047832 0.0)
(9.33449252574493 -0.11156155502877195 0.0)
(9.633304089907627 -0.11844056745718416 0.0)
(9.844001861982575 -0.12338659107336797 0.0)
(9.966315683291226 -0.126365846336636 0.0)
(10.000000000000002 -0.12736051303814833 0.0)
(9.944795427819912 -0.12636584633663514 0.0)
(9.800442582461868 -0.12338659107336657 0.0)
(9.56669591009239 -0.11844056745718122 0.0)
(9.243285252032862 -0.11156155502876958 0.0)
(8.829952914263046 -0.10280822085047576 0.0)
(8.326433679204468 -0.09226976585105744 0.0)
(7.734600497994835 -0.08006249046135368 0.0)
(7.042959260109917 -0.06610670060649998 0.0)
(6.2411341941859675 -0.050657739665568795 0.0)
(5.36674834415866 -0.03557070255370967 0.0)
(4.449988970942019 -0.022629043978392556 0.0)
(3.4823309072734276 -0.012270455291009579 0.0)
(2.437902166656217 -0.004960206423098277 0.0)
(1.2821786971922744 -0.0011687466944426943 0.0)
(0.0027996237466515602 -8.065530163509046e-05 0.0)
(-0.00277742278405395 -8.06701532720484e-05 0.0)
(1.2956731716550796 -0.0011687757463010875 0.0)
(2.539936306280883 -0.004959216135100599 0.0)
(3.717412318239596 -0.012265034302081588 0.0)
(4.793475199341043 -0.022614810440290827 0.0)
(5.7432140706980475 -0.035547164843901746 0.0)
(6.559185151446615 -0.050632190054142955 0.0)
(7.269325970079467 -0.06608714695550544 0.0)
(7.910158927456431 -0.08004790576440424 0.0)
(8.473624245165716 -0.09225724510826906 0.0)
(8.947902218042206 -0.10279742076682961 0.0)
(9.334534909916668 -0.11155219532986248 0.0)
(9.633330851015506 -0.11843231847561884 0.0)
(9.84401670889929 -0.1233791276154659 0.0)
(9.96632252700282 -0.12635885653418272 0.0)
(10.000000000000002 -0.1273536775230839 0.0)
(9.944788584108318 -0.12635885653418186 0.0)
(9.800427735545151 -0.12337912761546448 0.0)
(9.566669148984511 -0.1184323184756159 0.0)
(9.243242867861124 -0.11155219532986005 0.0)
(8.82987555973558 -0.102797420766827 0.0)
(8.326375754834313 -0.09225724510826629 0.0)
(7.734285516988015 -0.08004790576440192 0.0)
(7.041785141031611 -0.06608714695550313 0.0)
(6.240814848553369 -0.05063219005413983 0.0)
(5.367897040413034 -0.03554716484389864 0.0)
(4.450969245103338 -0.02261481044028929 0.0)
(3.482587681760372 -0.012265034302081283 0.0)
(2.4378414714968772 -0.00495921613510094 0.0)
(1.282104606122687 -0.001168775746301135 0.0)
(0.002777422784041231 -8.067015327205202e-05 0.0)
(-0.0027487983655720425 -8.066506727912349e-05 0.0)
(1.2957717679692902 -0.001168519420163009 0.0)
(2.540054181787962 -0.0049570529332476675 0.0)
(3.7172499419294995 -0.012256857963947017 0.0)
(4.7925407001873035 -0.02259572234688929 0.0)
(5.74185647147981 -0.03551607820430876 0.0)
(6.559132704920419 -0.05059619363065538 0.0)
(7.270398145989882 -0.06605572004183027 0.0)
(7.91052615622033 -0.08002181399786903 0.0)
(8.473682432935039 -0.09223392662819947 0.0)
(8.947977502274322 -0.10277650103098245 0.0)
(9.334576653683571 -0.11153338888279869 0.0)
(9.633357230710784 -0.11841520608213484 0.0)
(9.84403128436895 -0.12336324830584841 0.0)
(9.966329291534493 -0.12634373015546208 0.0)
(10.000000000000002 -0.1273388006270718 0.0)
(9.944781819576646 -0.12634373015546121 0.0)
(9.80041316007549 -0.12336324830584695 0.0)
(9.566642769289233 -0.11841520608213187 0.0)
(9.24320112409422 -0.11153338888279621 0.0)
(8.829800275503464 -0.10277650103097978 0.0)
(8.32631756706499 -0.09223392662819659 0.0)
(7.733918288224115 -0.08002181399786663 0.0)
(7.040712965121195 -0.06605572004182786 0.0)
(6.240867295079567 -0.05059619363065213 0.0)
(5.369254639631276 -0.03551607820430554 0.0)
(4.45190374425708 -0.022595722346887684 0.0)
(3.4827500580704682 -0.01225685796394668 0.0)
(2.4377235959897976 -0.004957052933248 0.0)
(1.2820060098084762 -0.0011685194201630548 0.0)
(0.0027487983655592246 -8.066506727912703e-05 0.0)
(-0.0027150081957996704 -8.064026712553666e-05 0.0)
(1.2958905373864549 -0.001167988978529982 0.0)
(2.5402240584086466 -0.004953811864671088 0.0)
(3.717189098314257 -0.012246285529945595 0.0)
(4.791693036224339 -0.0225726183940928 0.0)
(5.740349619723696 -0.03547880852500601 0.0)
(6.558710770639841 -0.050551332012103524 0.0)
(7.271321269284393 -0.06601380070656965 0.0)
(7.91092949738125 -0.0799853615862384 0.0)
(8.473738327439397 -0.09220083498220565 0.0)
(8.948047408359654 -0.10274638081785838 0.0)
(9.33461592290089 -0.11150596200845915 0.0)
(9.63338206991791 -0.11838998216399559 0.0)
(9.844044947972085 -0.12333965085232967 0.0)
(9.966335679665097 -0.12632113182588223 0.0)
(10.000000000000002 -0.12731653601370618 0.0)
(9.94477543144604 -0.1263211318258813 0.0)
(9.800399496472355 -0.12333965085232819 0.0)
(9.566617930082108 -0.11838998216399253 0.0)
(9.243161854876902 -0.11150596200845661 0.0)
(8.829730369418131 -0.10274638081785563 0.0)
(8.326261672560632 -0.09220083498220268 0.0)
(7.733514947063194 -0.07998536158623586 0.0)
(7.039789841826681 -0.0660138007065671 0.0)
(6.241289229360147 -0.05055133201210014 0.0)
(5.370761491387394 -0.03547880852500268 0.0)
(4.452751408220046 -0.022572618394091123 0.0)
(3.4828109016857103 -0.012246285529945224 0.0)
(2.437553719369112 -0.004953811864671406 0.0)
(1.281887240391311 -0.0011679889785300257 0.0)
(0.002715008195786746 -8.064026712554006e-05 0.0)
(-0.0026775369529792627 -8.05968424846659e-05 0.0)
(1.2960242613956658 -0.0011672077280369465 0.0)
(2.5404384720750044 -0.004949635335994746 0.0)
(3.7172324607510125 -0.012233781533485621 0.0)
(4.790969452255924 -0.022546513727319754 0.0)
(5.738759723739162 -0.03543699336751914 0.0)
(6.557937887625265 -0.050499576335934555 0.0)
(7.272054779614249 -0.06596323080862565 0.0)
(7.911351228866473 -0.07994015018179151 0.0)
(8.473789472776524 -0.09215942415667315 0.0)
(8.948108864752705 -0.10270838355451871 0.0)
(9.334650992151055 -0.11147111979352627 0.0)
(9.633404277247564 -0.11835775501401823 0.0)
(9.844057099354968 -0.12330937208384704 0.0)
(9.966341410711863 -0.12629205447470232 0.0)
(10.000000000000002 -0.12728786194936637 0.0)
(9.944769700399275 -0.1262920544747014 0.0)
(9.800387345089474 -0.1233093720838455 0.0)
(9.566595722752453 -0.11835775501401515 0.0)
(9.243126785626737 -0.11147111979352367 0.0)
(8.82966891302508 -0.10270838355451588 0.0)
(8.326210527223505 -0.09215942415667007 0.0)
(7.73309321557797 -0.07994015018178884 0.0)
(7.039056331496825 -0.06596323080862296 0.0)
(6.242062112374727 -0.050499576335931017 0.0)
(5.372351387371932 -0.035436993367515685 0.0)
(4.453474992188462 -0.022546513727318 0.0)
(3.4827675392489543 -0.012233781533485208 0.0)
(2.437339305702754 -0.004949635335995052 0.0)
(1.2817535163820997 -0.001167207728036987 0.0)
(0.0026775369529662297 -8.059684248466914e-05 0.0)
(-0.0026380310549686467 -8.053670135578796e-05 0.0)
(1.2961670644085996 -0.0011662099954013086 0.0)
(2.5406880018427938 -0.004944706856247936 0.0)
(3.7173781239736234 -0.012219895377296132 0.0)
(4.790401741237873 -0.022518555337871022 0.0)
(5.737156640647136 -0.035392470013369426 0.0)
(6.556848014942399 -0.050443200651875 0.0)
(7.272566447877473 -0.06590623229679893 0.0)
(7.911772820566073 -0.07988816629092788 0.0)
(8.473833621713874 -0.0921115136675169 0.0)
(8.948159171171994 -0.10266417877120056 0.0)
(9.33468032055537 -0.11143039314118221 0.0)
(9.633422876950307 -0.1183199406342149 0.0)
(9.844067204608066 -0.12327374239409414 0.0)
(9.966346232863076 -0.1262577757075377 0.0)
(10.000000000000002 -0.12725403831998178 0.0)
(9.944764878248062 -0.1262577757075368 0.0)
(9.800377239836376 -0.12327374239409257 0.0)
(9.56657712304971 -0.11831994063421174 0.0)
(9.243097457222422 -0.1114303931411795 0.0)
(8.82961860660579 -0.10266417877119761 0.0)
(8.326166378286155 -0.0921115136675137 0.0)
(7.732671623878369 -0.07988816629092506 0.0)
(7.0385446632336 -0.06590623229679607 0.0)
(6.2431519850575965 -0.050443200651871294 0.0)
(5.373954470463962 -0.03539247001336586 0.0)
(4.454042703206515 -0.022518555337869194 0.0)
(3.4826218760263425 -0.01221989537729568 0.0)
(2.4370897759349632 -0.004944706856248229 0.0)
(1.2816107133691657 -0.001166209995401346 0.0)
(0.002638031054955508 -8.053670135579098e-05 0.0)
(-0.002598226318652412 -8.046248623008062e-05 0.0)
(1.2963126719221185 -0.0011650396191697778 0.0)
(2.540961683830521 -0.004939242973814337 0.0)
(3.717619687806572 -0.012205237193676088 0.0)
(4.790014847353719 -0.02248997166623055 0.0)
(5.735610806985924 -0.03534719473728505 0.0)
(6.5554890396030645 -0.05038468200434603 0.0)
(7.272833792306651 -0.06584530958142332 0.0)
(7.912175748512049 -0.07983169399071016 0.0)
(8.473868834427908 -0.09205920861398066 0.0)
(8.948196117245493 -0.10261570874521254 0.0)
(9.334702619477408 -0.11138557150602361 0.0)
(9.633437051789231 -0.11827820051925468 0.0)
(9.844074819725044 -0.12323432728645606 0.0)
(9.966349934242238 -0.1262198016707064 0.0)
(10.000000000000002 -0.12721655127394899 0.0)
(9.9447611768689 -0.12621980167070548 0.0)
(9.800369624719398 -0.12323432728645446 0.0)
(9.566562948210786 -0.11827820051925149 0.0)
(9.243075158300384 -0.11138557150602085 0.0)
(8.829581660532293 -0.10261570874520949 0.0)
(8.32613116557212 -0.09205920861397736 0.0)
(7.732268695932392 -0.07983169399070723 0.0)
(7.038277318804424 -0.06584530958142029 0.0)
(6.244510960396936 -0.050384682004342186 0.0)
(5.375500304125177 -0.03534719473728136 0.0)
(4.454429597090668 -0.022489971666228646 0.0)
(3.482380312193393 -0.012205237193675599 0.0)
(2.4368160939472356 -0.004939242973814614 0.0)
(1.2814651058556463 -0.0011650396191698119 0.0)
(0.0025982263186391736 -8.046248623008342e-05 0.0)
(-0.002559871691323585 -8.037745798439476e-05 0.0)
(1.2964546862084603 -0.0011637480235328257 0.0)
(2.541247492952331 -0.004933483761692188 0.0)
(3.717946538376967 -0.012190451036397364 0.0)
(4.789825770012931 -0.02246201862663787 0.0)
(5.7341901438585765 -0.035303156852068376 0.0)
(6.553920672497495 -0.05032659159566324 0.0)
(7.2728450662766555 -0.06578313949515746 0.0)
(7.912542308787593 -0.07977321457069683 0.0)
(8.473893563736393 -0.09200480718442743 0.0)
(8.94821807963032 -0.10256510316082319 0.0)
(9.334716909143326 -0.11133862426870052 0.0)
(9.633446178947844 -0.11823436865342758 0.0)
(9.844079610111596 -0.12319285858865453 0.0)
(9.966352352217518 -0.12617980087391523 0.0)
(10.000000000000002 -0.12717704792349005 0.0)
(9.94475875889362 -0.1261798008739143 0.0)
(9.800364834332846 -0.1231928585886529 0.0)
(9.566553821052173 -0.11823436865342433 0.0)
(9.243060868634466 -0.1113386242686977 0.0)
(8.829559698147465 -0.10256510316082003 0.0)
(8.326106436263636 -0.09200480718442398 0.0)
(7.731902135656847 -0.07977321457069377 0.0)
(7.038266044834419 -0.0657831394951543 0.0)
(6.2460793275025095 -0.050326591595659255 0.0)
(5.376920967252528 -0.03530315685206459 0.0)
(4.4546186744314555 -0.022462018626635903 0.0)
(3.482053461622997 -0.01219045103639684 0.0)
(2.4365302848254244 -0.004933483761692451 0.0)
(1.2813230915693044 -0.0011637480235328558 0.0)
(0.002559871691310259 -8.037745798439729e-05 0.0)
(-0.002524652405139189 -8.028535260429099e-05 0.0)
(1.2965868674196903 -0.0011623919588398311 0.0)
(2.5415328712782856 -0.0049276822691259594 0.0)
(3.718344314468702 -0.012176186582160279 0.0)
(4.789842816927956 -0.022435924424514055 0.0)
(5.732957072603879 -0.0352622913018308 0.0)
(6.552211824807064 -0.05027148181211074 0.0)
(7.272599774429873 -0.06572245367785493 0.0)
(7.912856395404798 -0.07971529750961817 0.0)
(8.473906723078754 -0.09195069967814713 0.0)
(8.948224093339467 -0.10251458553483024 0.0)
(9.334722561691347 -0.11129161420493337 0.0)
(9.633449857395494 -0.1181903709287299 0.0)
(9.844081365286897 -0.1231511583594061 0.0)
(9.966353380547506 -0.12613953087899582 0.0)
(10.000000000000002 -0.12713726397355485 0.0)
(9.94475773056363 -0.12613953087899485 0.0)
(9.800363079157544 -0.12315115835940442 0.0)
(9.566550142604523 -0.11819037092872657 0.0)
(9.243055216086445 -0.11129161420493047 0.0)
(8.829553684438318 -0.10251458553482702 0.0)
(8.326093276921275 -0.09195069967814361 0.0)
(7.731588049039641 -0.079715297509615 0.0)
(7.038511336681204 -0.06572245367785162 0.0)
(6.247788175192945 -0.05027148181210663 0.0)
(5.378154038507227 -0.03526229130182691 0.0)
(4.45460162751643 -0.022435924424512026 0.0)
(3.481655685531261 -0.012176186582159724 0.0)
(2.4362449064994696 -0.004927682269126207 0.0)
(1.2811909103580739 -0.0011623919588398582 0.0)
(0.00252465240512579 -8.02853526042933e-05 0.0)
(-0.002494115931102302 -8.019021703166909e-05 0.0)
(1.2967034077552062 -0.0011610310080925554 0.0)
(2.5418052798068267 -0.004922093403085476 0.0)
(3.7187955385280156 -0.01216307058498793 0.0)
(4.790065239088533 -0.022412835591362413 0.0)
(5.731965772116925 -0.03522639364408833 0.0)
(6.55043758017304 -0.050221774076757326 0.0)
(7.2721086944412985 -0.06566591855330642 0.0)
(7.913104207972312 -0.07966048757718172 0.0)
(8.47390773425756 -0.09189926347997888 0.0)
(8.948213894141555 -0.10246637551930045 0.0)
(9.334719328758853 -0.1112466068509216 0.0)
(9.633447925507921 -0.11814814052469326 0.0)
(9.844080008131758 -0.12311105883049553 0.0)
(9.966352974049265 -0.12610076107585305 0.0)
(10.000000000000002 -0.12709894745812073 0.0)
(9.944758137061871 -0.12610076107585208 0.0)
(9.800364436312682 -0.12311105883049382 0.0)
(9.566552074492098 -0.1181481405246899 0.0)
(9.243058449018939 -0.11124660685091861 0.0)
(8.82956388363623 -0.10246637551929715 0.0)
(8.326092265742469 -0.09189926347997528 0.0)
(7.7313402364721275 -0.07966048757717843 0.0)
(7.03900241666978 -0.065665918553303 0.0)
(6.249562419826974 -0.050221774076753135 0.0)
(5.379145338994183 -0.03522639364408438 0.0)
(4.454379205355851 -0.02241283559136034 0.0)
(3.4812044614719455 -0.012163070584987347 0.0)
(2.4359724979709276 -0.004922093403085711 0.0)
(1.2810743700225578 -0.0011610310080925794 0.0)
(0.002494115931088849 -8.019021703167113e-05 0.0)
(-0.0024696039860172044 -8.009623134954441e-05 0.0)
(1.29679918664587 -0.0011597249689770438 0.0)
(2.542052749405568 -0.004916962728120017 0.0)
(3.719280384595234 -0.01215167933780103 0.0)
(4.790483263671837 -0.022393766608271814 0.0)
(5.731259798327575 -0.035197041156249276 0.0)
(6.548675895658753 -0.05017965245655672 0.0)
(7.271393403467227 -0.06561601817145651 0.0)
(7.913274858059276 -0.07961119302154679 0.0)
(8.473896552843469 -0.09185275860237034 0.0)
(8.94818793017068 -0.10242259137411848 0.0)
(9.334707352394982 -0.11120557974746183 0.0)
(9.63344046816873 -0.1181095329680127 0.0)
(9.844075598277094 -0.12307432190186313 0.0)
(9.966351150583582 -0.1260651949387096 0.0)
(10.000000000000002 -0.1270637819347779 0.0)
(9.944759960527556 -0.12606519493870863 0.0)
(9.800368846167348 -0.12307432190186142 0.0)
(9.566559531831286 -0.11810953296800931 0.0)
(9.24307042538281 -0.11120557974745882 0.0)
(8.829589847607103 -0.10242259137411512 0.0)
(8.32610344715656 -0.09185275860236665 0.0)
(7.731169586385162 -0.07961119302154342 0.0)
(7.039717707643854 -0.06561601817145302 0.0)
(6.251324104341265 -0.05017965245655246 0.0)
(5.379851312783533 -0.03519704115624529 0.0)
(4.453961180772545 -0.022393766608269715 0.0)
(3.480719615404726 -0.012151679337800427 0.0)
(2.435725028372186 -0.004916962728120243 0.0)
(1.280978591131894 -0.0011597249689770653 0.0)
(0.0024696039860037187 -8.009623134954626e-05 0.0)
(-0.0024521935799076003 -8.00075251168476e-05 0.0)
(1.296869995742448 -0.0011585312264627016 0.0)
(2.542264406713073 -0.004912515676701261 0.0)
(3.7197775494211633 -0.012142513351161273 0.0)
(4.791078523442432 -0.022379555331473535 0.0)
(5.730870170432594 -0.03517552353293042 0.0)
(6.5470041764588505 -0.05014696769844119 0.0)
(7.270485330084472 -0.06557494506379352 0.0)
(7.913360847613067 -0.07956957975530612 0.0)
(8.473873670127356 -0.0918132283845653 0.0)
(8.948147342236227 -0.10238515689452281 0.0)
(9.334687158819253 -0.11117033555042315 0.0)
(9.633427813039765 -0.11807624460409828 0.0)
(9.844068329483848 -0.12304256172694472 0.0)
(9.966347990270206 -0.12603439517856524 0.0)
(10.000000000000002 -0.12703331251228844 0.0)
(9.944763120840932 -0.12603439517856427 0.0)
(9.800376114960594 -0.12304256172694299 0.0)
(9.566572186960254 -0.11807624460409484 0.0)
(9.243090618958538 -0.11117033555042011 0.0)
(8.829630435541558 -0.1023851568945194 0.0)
(8.326126329872674 -0.09181322838456156 0.0)
(7.731083596831372 -0.0795695797553027 0.0)
(7.040625781026613 -0.06557494506379 0.0)
(6.252995823541171 -0.050146967698436885 0.0)
(5.380240940678513 -0.03517552353292641 0.0)
(4.453365921001948 -0.022379555331471422 0.0)
(3.480222450578795 -0.012142513351160655 0.0)
(2.435513371064681 -0.004912515676701479 0.0)
(1.2809077820353159 -0.0011585312264627205 0.0)
(0.0024521935798941024 -8.000752511684924e-05 0.0)
(-0.0024426496941665063 -7.992799592315987e-05 0.0)
(1.2969127238227787 -0.0011575022314117185 0.0)
(2.542430951894466 -0.004908947644132896 0.0)
(3.7202651884928906 -0.012135975361752907 0.0)
(4.791824863774995 -0.0223708261784713 0.0)
(5.73081400796888 -0.03516278621913503 0.0)
(6.545495874856653 -0.05012515591088725 0.0)
(7.2694243733761965 -0.06554450390752706 0.0)
(7.913358398410003 -0.07953747618924906 0.0)
(8.473840091533905 -0.09178240971201566 0.0)
(8.948093913697777 -0.1023557168830624 0.0)
(9.33465963530044 -0.11114242282534599 0.0)
(9.633410516164236 -0.11804973806276099 0.0)
(9.844058521129499 -0.12301717378972257 0.0)
(9.96634363196752 -0.1260097150805341 0.0)
(10.000000000000002 -0.12700887796133442 0.0)
(9.944767479143616 -0.12600971508053307 0.0)
(9.800385923314943 -0.12301717378972084 0.0)
(9.56658948383578 -0.11804973806275755 0.0)
(9.243118142477352 -0.11114242282534292 0.0)
(8.829683864080007 -0.10235571688305896 0.0)
(8.326159908466124 -0.09178240971201192 0.0)
(7.731086046034437 -0.07953747618924557 0.0)
(7.041686737734891 -0.06554450390752348 0.0)
(6.254504125143372 -0.050125155910882936 0.0)
(5.380297103142226 -0.03516278621913102 0.0)
(4.452619580669383 -0.022370826178469194 0.0)
(3.4797348115070665 -0.01213597536175229 0.0)
(2.4353468258832875 -0.00490894764413311 0.0)
(1.2808650539549853 -0.0011575022314117356 0.0)
(0.0024426496941530205 -7.992799592316135e-05 0.0)
(-0.0024413916696733413 -7.986113813575731e-05 0.0)
(1.2969254934931806 -0.001156683195984141 0.0)
(2.542545067259163 -0.004906415403238446 0.0)
(3.7207218758417144 -0.012132352636869634 0.0)
(4.7926894918407035 -0.022367962692278493 0.0)
(5.731093778612345 -0.03515938886912899 0.0)
(6.5442172628652 -0.05011517546393649 0.0)
(7.268257149839197 -0.0655260322313729 0.0)
(7.913267618063586 -0.07951629289533627 0.0)
(8.473797292445083 -0.09176165670081211 0.0)
(8.94802999210757 -0.10233556487998181 0.0)
(9.334625991171606 -0.11112306800630538 0.0)
(9.633389337535215 -0.1180311779929349 0.0)
(9.844046604175192 -0.12299927358971238 0.0)
(9.966338267171377 -0.1259922390429727 0.0)
(10.000000000000002 -0.12699155189138295 0.0)
(9.944772843939761 -0.12599223904297166 0.0)
(9.800397840269248 -0.12299927358971062 0.0)
(9.566610662464804 -0.11803117799293146 0.0)
(9.243151786606186 -0.11112306800630231 0.0)
(8.829747785670216 -0.1023355648799784 0.0)
(8.326202707554947 -0.09176165670080834 0.0)
(7.731176826380854 -0.07951629289533281 0.0)
(7.042853961271893 -0.06552603223136935 0.0)
(6.255782737134828 -0.05011517546393222 0.0)
(5.380017332498759 -0.03515938886912502 0.0)
(4.451754952603672 -0.0223679626922764 0.0)
(3.4792781241582422 -0.012132352636869017 0.0)
(2.4352327105185902 -0.0049064154032386585 0.0)
(1.280852284284583 -0.0011566831959841572 0.0)
(0.0024413916696598894 -7.986113813575868e-05 0.0)
(-0.0024484747817228435 -7.980988936350552e-05 0.0)
(1.2969077436776983 -0.0011561101070982746 0.0)
(2.542601738786807 -0.0049050302160502076 0.0)
(3.721127545461013 -0.012131804352415223 0.0)
(4.793634417464144 -0.022371090689239825 0.0)
(5.731697189752739 -0.03516548075625632 0.0)
(6.543224520356241 -0.05011746488016922 0.0)
(7.267034945140316 -0.06552034164698833 0.0)
(7.913092495296161 -0.0795069606287486 0.0)
(8.473747153374553 -0.09175188120030033 0.0)
(8.947958386063332 -0.10232558632742943 0.0)
(9.334587704694224 -0.11111312150864129 0.0)
(9.633365207702912 -0.11802137989013343 0.0)
(9.844033102230101 -0.12298964762895503 0.0)
(9.9663321316011 -0.12598273493099998 0.0)
(10.000000000000002 -0.12698209557825052 0.0)
(9.944778979510037 -0.12598273493099896 0.0)
(9.80041134221434 -0.1229896476289533 0.0)
(9.566634792297105 -0.11802137989013002 0.0)
(9.243190073083568 -0.11111312150863822 0.0)
(8.829819391714453 -0.10232558632742601 0.0)
(8.326252846625474 -0.09175188120029658 0.0)
(7.73135194914828 -0.07950696062874514 0.0)
(7.044076165970778 -0.06552034164698481 0.0)
(6.256775479643787 -0.050117464880165004 0.0)
(5.379413921358362 -0.03516548075625241 0.0)
(4.450810026980228 -0.02237109068923776 0.0)
(3.478872454538943 -0.01213180435241462 0.0)
(2.4351760389909463 -0.004905030216050422 0.0)
(1.2808700341000658 -0.0011561101070982904 0.0)
(0.002448474781709447 -7.980988936350684e-05 0.0)
(-0.002463587811329747 -7.977650138370031e-05 0.0)
(1.2968602542707515 -0.0011558081452313275 0.0)
(2.542598476434151 -0.004904852945159108 0.0)
(3.7214643729698658 -0.012134354599005555 0.0)
(4.794618122342113 -0.022380072730891317 0.0)
(5.732597728608464 -0.035180794214141414 0.0)
(6.54256126661945 -0.05013192356682455 0.0)
(7.2658114607180595 -0.06552768218824057 0.0)
(7.912840724681749 -0.07950988943220696 0.0)
(8.47369187734135 -0.09175351272808903 0.0)
(8.947882241803653 -0.10232621966474913 0.0)
(9.334546458106065 -0.1111130203632645 0.0)
(9.633339186888017 -0.11802077426506861 0.0)
(9.844018608544989 -0.12298871885455603 0.0)
(9.966325494842424 -0.12598162033790872 0.0)
(10.000000000000002 -0.1269809245150364 0.0)
(9.944785616268714 -0.12598162033790775 0.0)
(9.800425835899452 -0.1229887188545543 0.0)
(9.566660813112 -0.1180207742650652 0.0)
(9.243231319671727 -0.11111302036326146 0.0)
(8.829895535974133 -0.10232621966474574 0.0)
(8.326308122658679 -0.09175351272808534 0.0)
(7.731603719762693 -0.07950988943220356 0.0)
(7.045299650393037 -0.0655276821882371 0.0)
(6.257438733380578 -0.05013192356682041 0.0)
(5.378513382502633 -0.03518079421413757 0.0)
(4.449826322102257 -0.022380072730889308 0.0)
(3.4785356270300896 -0.012134354599004969 0.0)
(2.4351793013436027 -0.004904852945159325 0.0)
(1.280917523507013 -0.0011558081452313434 0.0)
(0.0024635878113164226 -7.97765013837016e-05 0.0)
(-0.002486066719621629 -7.976244120309268e-05 0.0)
(1.2967851118700018 -0.0011557905780353094 0.0)
(2.542535423543003 -0.004905891379523787 0.0)
(3.7217175587837423 -0.012139891323470988 0.0)
(4.795597384281912 -0.02239451416275499 0.0)
(5.733755827149689 -0.035204656397459996 0.0)
(6.542256643810632 -0.05015791623566226 0.0)
(7.264640454239641 -0.06554773132517608 0.0)
(7.912523368560547 -0.07952495061944553 0.0)
(8.473633893073245 -0.091766479597832 0.0)
(8.947804904967997 -0.10233743706425773 0.0)
(9.334504063706756 -0.11112276901431782 0.0)
(9.633312418397532 -0.1180293877277978 0.0)
(9.844003759945867 -0.12299652807516334 0.0)
(9.966318648502385 -0.12598894423688034 0.0)
(10.000000000000002 -0.12698809015611573 0.0)
(9.944792462608753 -0.1259889442368793 0.0)
(9.800440684498575 -0.12299652807516163 0.0)
(9.566687581602485 -0.11802938772779444 0.0)
(9.243273714071035 -0.11112276901431481 0.0)
(8.829972872809789 -0.1023374370642544 0.0)
(8.326366106926784 -0.09176647959782837 0.0)
(7.731921075883896 -0.07952495061944222 0.0)
(7.046470656871458 -0.06554773132517272 0.0)
(6.257743356189394 -0.05015791623565822 0.0)
(5.377355283961405 -0.03520465639745625 0.0)
(4.448847060162455 -0.022394514162753038 0.0)
(3.4782824412162126 -0.012139891323470426 0.0)
(2.4352423542347514 -0.004905891379524014 0.0)
(1.2809926659077628 -0.001155790578035327 0.0)
(0.002486066719608393 -7.9762441203094e-05 0.0)
(-0.002514923824492145 -7.976832660029618e-05 0.0)
(1.296685618095069 -0.0011560581773806756 0.0)
(2.5424153505420466 -0.00490809989223803 0.0)
(3.721875978381172 -0.012148171252267663 0.0)
(4.796529176305414 -0.02241378045473461 0.0)
(5.7351206006451925 -0.035236018845531666 0.0)
(6.542324036498717 -0.05019430081636584 0.0)
(7.263573377587427 -0.06557960813539684 0.0)
(7.912154370979933 -0.0795514824294507 0.0)
(8.473575748292902 -0.09179021206899494 0.0)
(8.947729773595443 -0.10235874565394247 0.0)
(9.334462384228642 -0.11114193912390859 0.0)
(9.633286078389956 -0.11804684181852655 0.0)
(9.843989208853012 -0.12301273216791003 0.0)
(9.966311893396638 -0.12600438482919263 0.0)
(10.000000000000002 -0.12700327765632874 0.0)
(9.9447992177145 -0.12600438482919166 0.0)
(9.800455235591429 -0.12301273216790835 0.0)
(9.566713921610061 -0.11804684181852322 0.0)
(9.24331539354915 -0.11114193912390566 0.0)
(8.830048004182343 -0.10235874565393922 0.0)
(8.326424251707127 -0.09179021206899139 0.0)
(7.732290073464511 -0.07955148242944747 0.0)
(7.047537733523674 -0.0655796081353936 0.0)
(6.257675963501309 -0.05019430081636194 0.0)
(5.375990510465897 -0.03523601884552803 0.0)
(4.447915268138951 -0.022413780454732725 0.0)
(3.478124021618783 -0.012148171252267132 0.0)
(2.435362427235708 -0.004908099892238267 0.0)
(1.2810921596826959 -0.001156058177380695 0.0)
(0.002514923824479009 -7.97683266002976e-05 0.0)
(-0.002548891197545866 -7.979389898172469e-05 0.0)
(1.2965661445204053 -0.0011565991854417498 0.0)
(2.5422435332192777 -0.004911381445293528 0.0)
(3.7219326710948635 -0.012158830580471956 0.0)
(4.797372557175772 -0.022437025081207273 0.0)
(5.7366320834443645 -0.035273503549764135 0.0)
(6.542760483572279 -0.050239478637022904 0.0)
(7.262657116157354 -0.06562191201017872 0.0)
(7.9117499450185385 -0.07958831910302941 0.0)
(8.473519997775593 -0.09182366738021229 0.0)
(8.94766014882105 -0.1023892091733556 0.0)
(9.334423250991742 -0.11116968839249218 0.0)
(9.633261324197036 -0.11807236963643962 0.0)
(9.843975594614827 -0.12303661915460534 0.0)
(9.96630552633217 -0.12602726368346717 0.0)
(10.000000000000002 -0.12702581970470078 0.0)
(9.944805584778967 -0.12602726368346626 0.0)
(9.800468849829613 -0.12303661915460372 0.0)
(9.566738675802982 -0.11807236963643634 0.0)
(9.24335452678605 -0.11116968839248931 0.0)
(8.830117628956737 -0.10238920917335244 0.0)
(8.326480002224436 -0.09182366738020885 0.0)
(7.732694499425906 -0.07958831910302631 0.0)
(7.048453994953749 -0.06562191201017561 0.0)
(6.2572395164277435 -0.05023947863701914 0.0)
(5.37447902766672 -0.03527350354976061 0.0)
(4.447071887268591 -0.022437025081205465 0.0)
(3.478067328905092 -0.012158830580471463 0.0)
(2.4355342445584776 -0.004911381445293777 0.0)
(1.28121163325736 -0.0011565991854417712 0.0)
(0.0025488911975328366 -7.979389898172625e-05 0.0)
)
