(
(-0.01809791026269171 5.958568592459129e-05 0.0)
(1.215682629216796 0.0007777154338554142 0.0)
(2.3370409607165077 0.0027865845903022567 0.0)
(3.3768731436464714 0.0054579274805521575 0.0)
(4.353652815661217 0.007574292059193244 0.0)
(5.271710946064401 0.009194519046668525 0.0)
(6.142745777120942 0.011700858491741148 0.0)
(6.951786749556946 0.015459053568402875 0.0)
(7.659417693416867 0.01925786980106371 0.0)
(8.2660580593776 0.022501815137449244 0.0)
(8.781712622511275 0.025271175160332386 0.0)
(9.205944489446665 0.027569119966435206 0.0)
(9.539439792396308 0.029373974281709347 0.0)
(9.782610290377674 0.030671181965069117 0.0)
(9.935987666304303 0.031452725623722755 0.0)
(10.000000000000004 0.031713505554105834 0.0)
(9.975123444806792 0.031452725623721145 0.0)
(9.861834154066782 0.030671181965066022 0.0)
(9.660560207603686 0.029373974281705215 0.0)
(9.371833288331098 0.02756911996642983 0.0)
(8.996065155266503 0.025271175160326603 0.0)
(8.533941940622379 0.022501815137441993 0.0)
(7.985026751027576 0.01925786980105587 0.0)
(7.3593243615541875 0.01545905356839601 0.0)
(6.657254222879073 0.011700858491734337 0.0)
(5.839400165046721 0.009194519046661655 0.0)
(4.890791628783252 0.0075742920591893555 0.0)
(3.823126856353531 0.005457927480550832 0.0)
(2.6407368170612786 0.0027865845903020585 0.0)
(1.3620951485609964 0.00077771543385527 0.0)
(0.018097910262696682 5.958568592457705e-05 0.0)
(-0.0181028508002479 5.9618450047576894e-05 0.0)
(1.2156698709598828 0.0007780790150369652 0.0)
(2.337075613997704 0.0027874416899500414 0.0)
(3.377135342471667 0.005458163853558548 0.0)
(4.354271373443328 0.007572019636863176 0.0)
(5.272116638733054 0.009190178990438645 0.0)
(6.142110454092886 0.011698885710076776 0.0)
(6.950988601221408 0.01546225787825982 0.0)
(7.659300329090749 0.019263482358995127 0.0)
(8.26602511693935 0.02250775065836368 0.0)
(8.781665685675213 0.02527727449307928 0.0)
(9.205919372205054 0.027575228463553286 0.0)
(9.539423961402289 0.029380011510652185 0.0)
(9.78260143468678 0.03067712623185064 0.0)
(9.93598364010693 0.03145860240319551 0.0)
(10.000000000000004 0.03171935521485637 0.0)
(9.975127471004164 0.0314586024031939 0.0)
(9.861843009757676 0.030677126231847544 0.0)
(9.660576038597705 0.029380011510648053 0.0)
(9.37185840557271 0.027575228463547905 0.0)
(8.996112092102566 0.02527727449307349 0.0)
(8.53397488306063 0.022507750658356415 0.0)
(7.985144115353695 0.01926348235898727 0.0)
(7.360122509889727 0.015462257878252927 0.0)
(6.65788954590713 0.011698885710069927 0.0)
(5.838994472378067 0.009190178990431737 0.0)
(4.89017307100114 0.007572019636859266 0.0)
(3.8228646575283354 0.005458163853557214 0.0)
(2.6407021637800825 0.0027874416899498415 0.0)
(1.3621079068179096 0.0007780790150368212 0.0)
(0.018102850800252906 5.96184500475627e-05 0.0)
(-0.018113008791784353 5.963949349782117e-05 0.0)
(1.2156377747131526 0.0007782650297041934 0.0)
(2.337071136160399 0.0027875097160014175 0.0)
(3.3773520064191285 0.005456381289279254 0.0)
(4.354913557017806 0.007565940026024686 0.0)
(5.272714801876951 0.009179843677990362 0.0)
(6.141691431001171 0.011688991353534054 0.0)
(6.950191727887863 0.015456965543228124 0.0)
(7.6591333481544925 0.01926109350655922 0.0)
(8.265988915428995 0.02250624021910941 0.0)
(8.781615916748452 0.025276445368024474 0.0)
(9.20589239317032 0.02757490778385073 0.0)
(9.539406940488155 0.029380045018724134 0.0)
(9.782591956394308 0.03067738964491985 0.0)
(9.935979298083398 0.03145899891486123 0.0)
(10.000000000000004 0.03171979259788041 0.0)
(9.975131813027696 0.03145899891485962 0.0)
(9.861852488050147 0.030677389644916748 0.0)
(9.66059305951184 0.029380045018719988 0.0)
(9.371885384607445 0.027574907783845328 0.0)
(8.996161861029329 0.025276445368018655 0.0)
(8.534011084570984 0.02250624021910212 0.0)
(7.985311096289951 0.01926109350655133 0.0)
(7.360919383223274 0.015456965543221185 0.0)
(6.658308568998845 0.01168899135352715 0.0)
(5.838396309234167 0.009179843677983402 0.0)
(4.88953088742666 0.007565940026020744 0.0)
(3.8226479935808735 0.005456381289277906 0.0)
(2.640706641617388 0.002787509716001214 0.0)
(1.36214000306464 0.0007782650297040492 0.0)
(0.018113008791789408 5.9639493497806973e-05 0.0)
(-0.018127937913736486 5.96478916646183e-05 0.0)
(1.2155877507269681 0.0007782653047129253 0.0)
(2.337027723952572 0.002786785679516137 0.0)
(3.3775136156713796 0.005452658110327598 0.0)
(4.355551150013231 0.007556320353655683 0.0)
(5.273479153301861 0.00916396722404474 0.0)
(6.141507118953866 0.011671610162038255 0.0)
(6.949431142712747 0.01544340909882703 0.0)
(7.658924087444955 0.01925080820556174 0.0)
(8.265951045474674 0.022497350185624005 0.0)
(8.781565502486583 0.025268724215406026 0.0)
(9.205864737751888 0.027568172017406994 0.0)
(9.539389477521732 0.029374073333641816 0.0)
(9.782582271959088 0.03067196063038839 0.0)
(9.935974831014276 0.03145389773672275 0.0)
(10.000000000000004 0.031714798485368026 0.0)
(9.975136280096818 0.03145389773672112 0.0)
(9.861862172485369 0.030671960630385273 0.0)
(9.660610522478262 0.02937407333363765 0.0)
(9.371913040025875 0.02756817201740157 0.0)
(8.996212275291198 0.025268724215400173 0.0)
(8.534048954525305 0.022497350185616664 0.0)
(7.98552035699949 0.019250808205553797 0.0)
(7.361679968398392 0.015443409098820025 0.0)
(6.65849288104615 0.011671610162031278 0.0)
(5.837631957809254 0.009163967224037717 0.0)
(4.888893294431233 0.007556320353651703 0.0)
(3.822486384328622 0.005452658110326234 0.0)
(2.6407500538252147 0.0027867856795159283 0.0)
(1.3621900270508247 0.0007782653047127805 0.0)
(0.018127937913741596 5.964789166460408e-05 0.0)
(-0.01814698220779777 5.964327554788323e-05 0.0)
(1.215521996963766 0.0007780798279797806 0.0)
(2.336947284827215 0.0027853013933327756 0.0)
(3.377613069413533 0.0054471579063753535 0.0)
(4.356156137759828 0.007543583290561368 0.0)
(5.274376108804512 0.009143247210942992 0.0)
(6.141565616285141 0.011647505833345709 0.0)
(6.948740264417204 0.015422184190422706 0.0)
(7.658681741494882 0.019233078373312094 0.0)
(8.265913171012901 0.022481471169714957 0.0)
(8.781516658000042 0.025254450288544547 0.0)
(9.205837621078253 0.027555317121476894 0.0)
(9.539372339793818 0.029362358840322858 0.0)
(9.782572806897484 0.030661077729222674 0.0)
(9.93597043517441 0.03144352300521509 0.0)
(10.000000000000004 0.031704592309486565 0.0)
(9.975140675936684 0.03144352300521347 0.0)
(9.86187163754697 0.030661077729219537 0.0)
(9.660627660206176 0.029362358840318663 0.0)
(9.37194015669951 0.02755531712147143 0.0)
(8.996261119777737 0.025254450288538653 0.0)
(8.53408682898708 0.02248147116970756 0.0)
(7.985762702949564 0.019233078373304083 0.0)
(7.362370846693937 0.015422184190415624 0.0)
(6.658434383714874 0.011647505833338649 0.0)
(5.8367350023066 0.009143247210935901 0.0)
(4.888288306684635 0.007543583290557341 0.0)
(3.822386930586469 0.005447157906373969 0.0)
(2.640830492950572 0.002785301393332561 0.0)
(1.3622557808140268 0.0007780798279796343 0.0)
(0.01814698220780295 5.964327554786895e-05 0.0)
(-0.018169304902527716 5.962584797134035e-05 0.0)
(1.2154434025236087 0.0007777167490130931 0.0)
(2.336833353132336 0.0027831220742708064 0.0)
(3.377645997830103 0.005440122346321842 0.0)
(4.356701938202804 0.007528288479992306 0.0)
(5.275366257801053 0.009118594038154623 0.0)
(6.141864352729276 0.011617737467561546 0.0)
(6.9481494489296125 0.01539422340166057 0.0)
(7.6584169585419595 0.019208683026203512 0.0)
(8.265876956178232 0.02245930086629146 0.0)
(8.781471529426211 0.025234250757672924 0.0)
(9.205812234606446 0.027536907916670218 0.0)
(9.539356280304828 0.029345416252172636 0.0)
(9.78256397708699 0.030645219116190208 0.0)
(9.93596630370896 0.03142833056706071 0.0)
(10.000000000000004 0.03168962251093256 0.0)
(9.975144807402133 0.03142833056705907 0.0)
(9.861880467357466 0.03064521911618705 0.0)
(9.660643719695166 0.029345416252168407 0.0)
(9.371965543171317 0.027536907916664712 0.0)
(8.99630624835157 0.025234250757666967 0.0)
(8.534123043821747 0.022459300866284008 0.0)
(7.986027485902486 0.019208683026195432 0.0)
(7.362961662181529 0.015394223401653395 0.0)
(6.658135647270736 0.011617737467554392 0.0)
(5.8357448533100555 0.009118594038147451 0.0)
(4.887742506241658 0.00752828847998823 0.0)
(3.822354002169899 0.005440122346320435 0.0)
(2.6409444246454514 0.002783122074270584 0.0)
(1.3623343752541845 0.0007777167490129452 0.0)
(0.018169304902532966 5.9625847971325975e-05 0.0)
(-0.018193925179558097 5.959637467082009e-05 0.0)
(1.2153554207024115 0.000777192020838425 0.0)
(2.3366909348181775 0.00278034347762286 0.0)
(3.377610954106707 0.005431860559804624 0.0)
(4.357164569869209 0.007511107947943836 0.0)
(5.276406094956003 0.009091090920990242 0.0)
(6.1423902023534405 0.011583613032218639 0.0)
(6.947684655601633 0.015360755278446004 0.0)
(7.6581413726647325 0.01917869405115793 0.0)
(8.265843992184253 0.022431813397926537 0.0)
(8.781432099632063 0.025209013153223644 0.0)
(9.205789693771594 0.027513753269767488 0.0)
(9.539342004679323 0.029323989995518877 0.0)
(9.782556170493324 0.03062508158973513 0.0)
(9.935962618146963 0.031408987950198294 0.0)
(10.000000000000004 0.031670546835268015 0.0)
(9.975148492964133 0.03140898795019664 0.0)
(9.86188827395113 0.030625081589731953 0.0)
(9.66065799532067 0.029323989995514613 0.0)
(9.37198808400617 0.027513753269761933 0.0)
(8.996345678145717 0.025209013153217632 0.0)
(8.534156007815726 0.02243181339791901 0.0)
(7.986303071779714 0.01917869405114976 0.0)
(7.363426455509509 0.015360755278438732 0.0)
(6.65760979764657 0.011583613032211384 0.0)
(5.834705016155104 0.009091090920982994 0.0)
(4.887279874575253 0.00751110794793971 0.0)
(3.822389045893295 0.005431860559803191 0.0)
(2.641086842959611 0.0027803434776226287 0.0)
(1.362422357075382 0.0007771920208382751 0.0)
(0.018193925179563416 5.9596374670805594e-05 0.0)
(-0.018219761268957718 5.955615064922745e-05 0.0)
(1.2152619172604402 0.0007765286990518082 0.0)
(2.336526287484915 0.002777087689842349 0.0)
(3.37750947800044 0.005422735554608754 0.0)
(4.357523705569982 0.007492796575563274 0.0)
(5.277449931727099 0.009061946296102526 0.0)
(6.143120060287162 0.01154663189257706 0.0)
(6.947366306601781 0.015323250348884864 0.0)
(7.657867092602476 0.019144429108875562 0.0)
(8.265815727408553 0.022400216513693224 0.0)
(8.781400101090618 0.02517984636936533 0.0)
(9.205770988976743 0.027486870553593376 0.0)
(9.539330140162175 0.02929902150088072 0.0)
(9.78254973012393 0.030601549955929317 0.0)
(9.935959540425266 0.03138634503382648 0.0)
(10.000000000000004 0.031648203432783684 0.0)
(9.975151570685828 0.031386345033824814 0.0)
(9.861894714320524 0.030601549955926118 0.0)
(9.66066985983782 0.02929902150087642 0.0)
(9.37200678880102 0.027486870553587773 0.0)
(8.996377676687162 0.025179846369359254 0.0)
(8.534184272591428 0.02240021651368562 0.0)
(7.986577351841971 0.0191444291088673 0.0)
(7.363744804509361 0.015323250348877491 0.0)
(6.656879939712846 0.011546631892569709 0.0)
(5.833661179384006 0.009061946296095198 0.0)
(4.88692073887448 0.007492796575559097 0.0)
(3.822490521999563 0.005422735554607295 0.0)
(2.641251490292874 0.0027770876898421085 0.0)
(1.3625158605173535 0.0007765286990516564 0.0)
(0.018219761268963106 5.955615064921282e-05 0.0)
(-0.01824567798022416 5.9506943276483435e-05 0.0)
(1.2151670005678752 0.0007757559287990336 0.0)
(2.336346645435159 0.0027734977642880536 0.0)
(3.3773460281857663 0.005413148266768811 0.0)
(4.35776356553945 0.007474158931053311 0.0)
(5.278451903836267 0.009032440724990456 0.0)
(6.14402185790807 0.011508418932257581 0.0)
(6.947208389602706 0.01528335651096873 0.0)
(7.657606169719346 0.01910739373823436 0.0)
(8.265793403753666 0.022365898522879877 0.0)
(8.781376939759246 0.02514803194122158 0.0)
(9.20575694207636 0.02745744094551604 0.0)
(9.539321208058562 0.029271607838233994 0.0)
(9.782544938956859 0.03057565815171229 0.0)
(9.935957205773335 0.0313613967062666 0.0)
(10.000000000000004 0.031623574031708596 0.0)
(9.975153905337761 0.03136139670626492 0.0)
(9.861899505487598 0.030575658151709064 0.0)
(9.660678791941432 0.02927160783822966 0.0)
(9.372020835701404 0.02745744094551039 0.0)
(8.996400838018534 0.025148031941215444 0.0)
(8.534206596246316 0.022365898522872196 0.0)
(7.986838274725102 0.019107393738226015 0.0)
(7.363902721508436 0.015283356510961259 0.0)
(6.655978142091934 0.011508418932250132 0.0)
(5.832659207274835 0.009032440724983055 0.0)
(4.886680878905011 0.007474158931049089 0.0)
(3.8226539718142374 0.005413148266767327 0.0)
(2.6414311323426305 0.0027734977642878025 0.0)
(1.3626107772099187 0.0007757559287988794 0.0)
(0.01824567798022961 5.9506943276468656e-05 0.0)
(-0.01827053658047765 5.9450914634524065e-05 0.0)
(1.2150748410905423 0.0007749076641912651 0.0)
(2.3361599018119295 0.0027697314357212448 0.0)
(3.37712778634852 0.0054035199441730365 0.0)
(4.357873610769367 0.007456013918417111 0.0)
(5.279367986462085 0.009003870628469777 0.0)
(6.145055971878495 0.011470653158828005 0.0)
(6.947217843188447 0.015242826626951927 0.0)
(7.65737006848948 0.019069215205666002 0.0)
(8.265778002080147 0.022330367295219842 0.0)
(8.781363633304478 0.025114967736562195 0.0)
(9.205748170265549 0.027426757528674454 0.0)
(9.539315600828772 0.029242953513763527 0.0)
(9.782542007507223 0.03054854381559362 0.0)
(9.935955716771499 0.03133523915138994 0.0)
(10.000000000000004 0.0315977408028678 0.0)
(9.975155394339597 0.031335239151388264 0.0)
(9.861902436937234 0.030548543815590374 0.0)
(9.660684399171222 0.029242953513759152 0.0)
(9.372029607512214 0.027426757528668754 0.0)
(8.996414144473302 0.025114967736555995 0.0)
(8.534221997919833 0.02233036729521209 0.0)
(7.987074375954968 0.019069215205657568 0.0)
(7.363893267922694 0.015242826626944364 0.0)
(6.654944028121506 0.011470653158820466 0.0)
(5.831743124649015 0.00900387062846231 0.0)
(4.886570833675093 0.007456013918412846 0.0)
(3.8228722136514848 0.005403519944171529 0.0)
(2.64161787596586 0.002769731435720985 0.0)
(1.3627029366872518 0.0007749076641911087 0.0)
(0.018270536580483162 5.945091463450912e-05 0.0)
(-0.01829324482830058 5.9390526519375556e-05 0.0)
(1.214989488147275 0.0007740211764235115 0.0)
(2.3359742617883943 0.0027659541897288474 0.0)
(3.3768643416357667 0.0053942736377017705 0.0)
(4.357849006073653 0.007439158796314543 0.0)
(5.280157928609901 0.008977491324314097 0.0)
(6.146176965122435 0.011434993931282294 0.0)
(6.947394251985742 0.01520344150579083 0.0)
(7.657169162768985 0.019031571006045887 0.0)
(8.265770199109356 0.02229518400785396 0.0)
(8.781360766387591 0.02508210653605064 0.0)
(9.20574505896163 0.027396168476270903 0.0)
(9.539313564844228 0.029214317546064933 0.0)
(9.782541064577558 0.03052139830189809 0.0)
(9.935955138843779 0.03130902168430391 0.0)
(10.000000000000004 0.03157183881107599 0.0)
(9.975155972267316 0.03130902168430222 0.0)
(9.861903379866897 0.030521398301894823 0.0)
(9.660686435155766 0.02921431754606053 0.0)
(9.372032718816133 0.027396168476265154 0.0)
(8.99641701139019 0.025082106536044386 0.0)
(8.534229800890623 0.022295184007846133 0.0)
(7.987275281675464 0.019031571006037376 0.0)
(7.363716859125398 0.015203441505783179 0.0)
(6.653823034877564 0.011434993931274682 0.0)
(5.830953182501198 0.008977491324306575 0.0)
(4.886595438370808 0.007439158796310242 0.0)
(3.823135658364239 0.005394273637700242 0.0)
(2.641803515989396 0.002765954189728578 0.0)
(1.3627882896305195 0.0007740211764233532 0.0)
(0.018293244828306136 5.939052651936045e-05 0.0)
(-0.01831280496482717 5.9328432274340575e-05 0.0)
(1.2149146919902511 0.0007731354161465048 0.0)
(2.3357978820475678 0.0027623319915894883 0.0)
(3.3765672693262268 0.0053858156131457195 0.0)
(4.3576908325376245 0.007424334147975222 0.0)
(5.280787021666898 0.008954461870888438 0.0)
(6.147335583247548 0.011403008050842095 0.0)
(6.947729864914768 0.015166931657656204 0.0)
(7.657012279987671 0.018996115156637208 0.0)
(8.265770337689554 0.022261894550063072 0.0)
(8.781368464975667 0.025050892200719536 0.0)
(9.205747744869605 0.027367017815306913 0.0)
(9.539315189562364 0.02918695814717088 0.0)
(9.782542151598468 0.030495414334836168 0.0)
(9.93595549738326 0.031283896252548765 0.0)
(10.000000000000004 0.03154700614246615 0.0)
(9.975155613727836 0.03128389625254706 0.0)
(9.861902292845986 0.03049541433483288 0.0)
(9.66068481043763 0.02918695814716644 0.0)
(9.372030032908159 0.02736701781530113 0.0)
(8.996409312802113 0.025050892200713232 0.0)
(8.534229662310425 0.02226189455005519 0.0)
(7.987432164456777 0.018996115156628635 0.0)
(7.36338124619637 0.015166931657648484 0.0)
(6.652664416752447 0.011403008050834421 0.0)
(5.8303240894442006 0.008954461870880878 0.0)
(4.886753611906838 0.007424334147970893 0.0)
(3.823432730673779 0.005385815613144176 0.0)
(2.6419798957302225 0.002762331991589212 0.0)
(1.3628630857875432 0.0007731354161463444 0.0)
(0.01831280496483276 5.932843227432531e-05 0.0)
(-0.018328357553442712 5.926736020694775e-05 0.0)
(1.214853739025775 0.0007722893020463637 0.0)
(2.3356385123925847 0.002759023994062789 0.0)
(3.376249622233703 0.00537851750063036 0.0)
(4.357406040017083 0.007412191341326247 0.0)
(5.2812276244350445 0.008935794140245135 0.0)
(6.148480918693051 0.011376100918577438 0.0)
(6.94820993575741 0.015134901258482212 0.0)
(7.6569063132879425 0.01896440552259834 0.0)
(8.26577841173178 0.022231961599721174 0.0)
(8.781386390806833 0.02502269623135832 0.0)
(9.205756109975592 0.027340586372495618 0.0)
(9.53932040359604 0.02916207743901615 0.0)
(9.782545220808245 0.03047173360238423 0.0)
(9.935956776636372 0.03126096682163014 0.0)
(10.000000000000004 0.03152433389906692 0.0)
(9.975154334474723 0.03126096682162843 0.0)
(9.861899223636211 0.030471733602380927 0.0)
(9.660679596403956 0.029162077439011693 0.0)
(9.372021667802173 0.0273405863724898 0.0)
(8.996391386970947 0.025022696231351973 0.0)
(8.534221588268199 0.02223196159971325 0.0)
(7.987538131156507 0.01896440552258971 0.0)
(7.362901175353727 0.015134901258474437 0.0)
(6.651519081306942 0.011376100918569722 0.0)
(5.829883486676053 0.008935794140237548 0.0)
(4.887038404427381 0.007412191341321901 0.0)
(3.823750377766304 0.0053785175006288025 0.0)
(2.642139265385206 0.0027590239940625057 0.0)
(1.3629240387520194 0.0007722893020462015 0.0)
(0.018328357553448322 5.926736020693235e-05 0.0)
(-0.01833921924185608 5.920999371211014e-05 0.0)
(1.2148093074155955 0.0007715200108287266 0.0)
(2.3355031552345267 0.002756175544508261 0.0)
(3.375925357190322 0.005372699965868095 0.0)
(4.357007141774369 0.00740326390907714 0.0)
(5.281460377634769 0.008922308358317005 0.0)
(6.149562647514799 0.011355454784654823 0.0)
(6.9488133710791065 0.015108757665410604 0.0)
(7.656855918652723 0.018937835367237813 0.0)
(8.26579406647739 0.022206700355905506 0.0)
(8.78141375625286 0.02499875750727764 0.0)
(9.205769786732136 0.02731803549707918 0.0)
(9.53932897785015 0.029140768634399107 0.0)
(9.782550137351423 0.030451396592603538 0.0)
(9.935958920395077 0.0312412408687944 0.0)
(10.000000000000004 0.03150481825777554 0.0)
(9.975152190716019 0.03124124086879268 0.0)
(9.861894307093031 0.030451396592600228 0.0)
(9.660671022149844 0.029140768634394635 0.0)
(9.372007991045628 0.02731803549707335 0.0)
(8.996364021524919 0.024998757507271274 0.0)
(8.534205933522589 0.022206700355897554 0.0)
(7.987588525791725 0.01893783536722915 0.0)
(7.362297740032028 0.01510875766540279 0.0)
(6.650437352485191 0.011355454784647083 0.0)
(5.8296507334763294 0.008922308358309407 0.0)
(4.8874373026700955 0.007403263909072787 0.0)
(3.824074642809686 0.00537269996586653 0.0)
(2.6422746225432645 0.0027561755445079735 0.0)
(1.3629684703621991 0.0007715200108285629 0.0)
(0.01833921924186169 5.9209993712094613e-05 0.0)
(-0.018344912787349295 5.915885336866187e-05 0.0)
(1.2147833494033782 0.0007708613437423178 0.0)
(2.3353977579192895 0.0027539117985882393 0.0)
(3.3756087218088635 0.005368618620693501 0.0)
(4.3565116646685045 0.00739794410626865 0.0)
(5.281475054516284 0.008914597065690429 0.0)
(6.1505332405273325 0.011341976802427775 0.0)
(6.949513657035777 0.015089649580092587 0.0)
(7.656863310330091 0.018917572134573447 0.0)
(8.265816614085502 0.022187220751455194 0.0)
(8.781449358926114 0.024980127852218967 0.0)
(9.205788174207576 0.027300356033267748 0.0)
(9.53934053558766 0.029123968003211265 0.0)
(9.782556685204092 0.03043529687649835 0.0)
(9.935961834466536 0.031225585116321522 0.0)
(10.000000000000004 0.031489316700167524 0.0)
(9.975149276644558 0.0312255851163198 0.0)
(9.861887759240362 0.030435296876495033 0.0)
(9.660659464412333 0.02912396800320678 0.0)
(9.371989603570187 0.0273003560332619 0.0)
(8.996328418851665 0.02498012785221258 0.0)
(8.534183385914478 0.02218722075144722 0.0)
(7.987581134114357 0.018917572134564763 0.0)
(7.361597454075356 0.01508964958008476 0.0)
(6.649466759472657 0.011341976802420032 0.0)
(5.829636056594815 0.008914597065682834 0.0)
(4.887932779775962 0.007397944106264299 0.0)
(3.824391278191145 0.005368618620691935 0.0)
(2.642380019858502 0.0027539117985879483 0.0)
(1.3629944283744164 0.000770861343742153 0.0)
(0.018344912787354898 5.9158853368646254e-05 0.0)
(-0.01834518802594943 5.911618618973546e-05 0.0)
(1.214777005536691 0.0007703422414139168 0.0)
(2.3353269514120854 0.0027523322211570438 0.0)
(3.375313628468721 0.00536645279194694 0.0)
(4.355941379057069 0.007396465675303878 0.0)
(5.281271010204269 0.008912999082456009 0.0)
(6.151350051649329 0.011336259169778077 0.0)
(6.9502800243436225 0.015078416576839782 0.0)
(7.656928163543265 0.018904506153977974 0.0)
(8.265845063855464 0.022174378684552843 0.0)
(8.781491634510266 0.024967625819143566 0.0)
(9.20581046448988 0.027288324784357526 0.0)
(9.539354568982727 0.02911241373445113 0.0)
(9.782564576665585 0.030424141846140725 0.0)
(9.935965390811782 0.031214687449333787 0.0)
(10.000000000000004 0.03147851033632487 0.0)
(9.975145720299313 0.031214687449332066 0.0)
(9.861879867778871 0.03042414184613741 0.0)
(9.660645431017269 0.029112413734446643 0.0)
(9.371967313287882 0.027288324784351673 0.0)
(8.996286143267513 0.024967625819137185 0.0)
(8.534154936144516 0.02217437868454487 0.0)
(7.9875162809011835 0.01890450615396929 0.0)
(7.360831086767509 0.01507841657683196 0.0)
(6.648649948350658 0.011336259169770354 0.0)
(5.829840100906832 0.008912999082448435 0.0)
(4.8885030653873995 0.007396465675299539 0.0)
(3.824686371531288 0.0053664527919453755 0.0)
(2.642450826365706 0.002752332221156752 0.0)
(1.3630007722411033 0.0007703422414137513 0.0)
(0.01834518802595501 5.911618618971976e-05 0.0)
(-0.01834003286417594 5.908386689311551e-05 0.0)
(1.214790554553431 0.0007699855122501627 0.0)
(2.3352938468213047 0.002751506215957246 0.0)
(3.3750530430314023 0.005366297642181263 0.0)
(4.355321342246523 0.007398893575734703 0.0)
(5.280857210032503 0.008917584621073633 0.0)
(6.151977191694404 0.011338553109024247 0.0)
(6.951078800225164 0.01507555221326492 0.0)
(7.657047628760703 0.01889921152073522 0.0)
(8.265878165756432 0.022168738412124255 0.0)
(8.781538725493489 0.024961800724512963 0.0)
(9.205835678184824 0.027282470381415076 0.0)
(9.539370461433641 0.029106613501550076 0.0)
(9.782573464999517 0.03041842163315703 0.0)
(9.935969433171511 0.03120902669138192 0.0)
(10.000000000000004 0.03147287397810511 0.0)
(9.975141677939584 0.0312090266913802 0.0)
(9.861870979444937 0.030418421633153715 0.0)
(9.660629538566353 0.029106613501545604 0.0)
(9.371942099592939 0.027282470381409237 0.0)
(8.996239052284292 0.02496180072450659 0.0)
(8.534121834243548 0.022168738412116296 0.0)
(7.987396815683744 0.018899211520726558 0.0)
(7.360032310885964 0.015075552213257128 0.0)
(6.6480228083055835 0.011338553109016563 0.0)
(5.8302539010786 0.008917584621066094 0.0)
(4.8891231021979475 0.007398893575730386 0.0)
(3.824946956968607 0.005366297642179707 0.0)
(2.642483930956486 0.002751506215956956 0.0)
(1.3629872232243634 0.000769985512249997 0.0)
(0.01834003286418148 5.908386689309977e-05 0.0)
(-0.01832967381040603 5.9063315529569026e-05 0.0)
(1.2148234011345895 0.0007698068302778933 0.0)
(2.3352998987021034 0.0027514700761461907 0.0)
(3.3748384151442954 0.005368159988393334 0.0)
(4.354678797519996 0.007405121130057911 0.0)
(5.280251835623508 0.00892815220136545 0.0)
(6.152387105276294 0.011348757828672453 0.0)
(6.951874887929487 0.015081182344263278 0.0)
(7.657216456899308 0.01890192087134363 0.0)
(8.265914465351434 0.02217054775742135 0.0)
(8.781588562784128 0.024962908512328505 0.0)
(9.205862707448778 0.02728305005619537 0.0)
(9.539387514655187 0.029106822156130564 0.0)
(9.78258295966876 0.030418387573240935 0.0)
(9.935973783931832 0.031208851565814252 0.0)
(10.000000000000004 0.03147265527677702 0.0)
(9.975137327179263 0.03120885156581253 0.0)
(9.861861484775696 0.030418387573237633 0.0)
(9.660612485344807 0.029106822156126103 0.0)
(9.371915070328985 0.027283050056189553 0.0)
(8.99618921499365 0.02496290851232216 0.0)
(8.534085534648545 0.02217054775741342 0.0)
(7.987227987545139 0.018901920871335 0.0)
(7.359236223181639 0.01508118234425553 0.0)
(6.647612894723692 0.011348757828664824 0.0)
(5.830859275487597 0.008928152201357963 0.0)
(4.889765646924476 0.007405121130053627 0.0)
(3.8251615848557146 0.005368159988391792 0.0)
(2.6424778790756878 0.002751470076145903 0.0)
(1.3629543766432048 0.0007698068302777278 0.0)
(0.01832967381041153 5.9063315529553284e-05 0.0)
(-0.018314566022511018 5.90554350884126e-05 0.0)
(1.2148741020614813 0.0007698140464560806 0.0)
(2.33534484114591 0.0027522253896410595 0.0)
(3.3746791751641094 0.005371958002497664 0.0)
(4.3540419771172685 0.007414874710929532 0.0)
(5.279481486021314 0.008944237503186282 0.0)
(6.15256178154213 0.011366424952010354 0.0)
(6.952633308819266 0.015095059592178816 0.0)
(7.657427229959531 0.018912515161894062 0.0)
(8.265952367702678 0.022179727221121878 0.0)
(8.78163895662281 0.024970900508420227 0.0)
(9.205890364665333 0.02729003833884905 0.0)
(9.53940497936001 0.029113030530292044 0.0)
(9.782592643494915 0.030424041162922844 0.0)
(9.935978251928294 0.031214169767327844 0.0)
(10.000000000000004 0.03147786384167686 0.0)
(9.975132859182802 0.031214169767326137 0.0)
(9.86185180094954 0.03042404116291955 0.0)
(9.660595020639985 0.0291130305302876 0.0)
(9.37188741311243 0.02729003833884325 0.0)
(8.996138821154968 0.024970900508413916 0.0)
(8.534047632297302 0.022179727221113988 0.0)
(7.987017214484916 0.01891251516188549 0.0)
(7.358477802291859 0.015095059592171134 0.0)
(6.647438218457858 0.011366424952002798 0.0)
(5.831629625089794 0.00894423750317886 0.0)
(4.890402467327204 0.007414874710925288 0.0)
(3.8253208248359005 0.005371958002496139 0.0)
(2.642432936631881 0.002752225389640778 0.0)
(1.3629036757163127 0.000769814046455916 0.0)
(0.018314566022516455 5.9055435088396886e-05 0.0)
(-0.018295373309052086 5.906057182181377e-05 0.0)
(1.2149404296281339 0.0007700068437190567 0.0)
(2.335426699463964 0.0027537389693486963 0.0)
(3.3745823198042526 0.005377524806702778 0.0)
(4.353438861761807 0.007427725763849738 0.0)
(5.278580008978127 0.00896513376780135 0.0)
(6.15249354553635 0.011390778217959573 0.0)
(6.953320739268094 0.015116574216125838 0.0)
(7.657670686958704 0.01893052889864146 0.0)
(8.265990207450187 0.022195873474384193 0.0)
(8.781687692796456 0.0249854255591008 0.0)
(9.20591743462699 0.027303128177020998 0.0)
(9.539422088180926 0.029124965839431756 0.0)
(9.78260209098838 0.03043513399381507 0.0)
(9.935982640845308 0.031224747623877572 0.0)
(10.000000000000004 0.0314882708179917 0.0)
(9.975128470265787 0.031224747623875875 0.0)
(9.861842353456076 0.030435133993811796 0.0)
(9.660577911819068 0.029124965839427346 0.0)
(9.371860343150773 0.027303128177015242 0.0)
(8.996090084981322 0.024985425559094537 0.0)
(8.534009792549792 0.02219587347437636 0.0)
(7.986773757485743 0.018930528898632948 0.0)
(7.357790371843031 0.015116574216118233 0.0)
(6.647506454463639 0.011390778217952103 0.0)
(5.832531102132983 0.008965133767793999 0.0)
(4.891005582682667 0.007427725763845538 0.0)
(3.8254176801957573 0.0053775248067012725 0.0)
(2.642351078313826 0.002753738969348421 0.0)
(1.36283734814966 0.0007700068437188932 0.0)
(0.018295373309057453 5.906057182179811e-05 0.0)
(-0.018272938962746538 5.907850003110428e-05 0.0)
(1.215019469522611 0.0007703767509077991 0.0)
(2.3355418769515253 0.0027559443113457623 0.0)
(3.374552104712045 0.005384615805816082 0.0)
(4.352895951238963 0.007443109637063551 0.0)
(5.277587013746019 0.008989922851572102 0.0)
(6.1521853954242145 0.011420747588567348 0.0)
(6.953906974839668 0.015144780902887999 0.0)
(7.657936130841675 0.01895517059094833 0.0)
(8.26602632198468 0.02221827708037868 0.0)
(8.781732629926758 0.02500584546021615 0.0)
(9.205942727929157 0.027321744427169135 0.0)
(9.539438089387646 0.02914210366790114 0.0)
(9.782610887043571 0.030451178667221992 0.0)
(9.93598675784189 0.03124012036379828 0.0)
(10.000000000000004 0.03150341894222132 0.0)
(9.975124353269205 0.031240120363796586 0.0)
(9.861833557400884 0.030451178667218737 0.0)
(9.660561910612348 0.029142103667896758 0.0)
(9.371835049848606 0.02732174442716342 0.0)
(8.996045147851023 0.025005845460209942 0.0)
(8.533973678015297 0.022218277080370916 0.0)
(7.98650831360277 0.018955170590939895 0.0)
(7.357204136271455 0.015144780902880487 0.0)
(6.647814604575776 0.011420747588559968 0.0)
(5.833524097365094 0.008989922851564826 0.0)
(4.891548493205512 0.007443109637059399 0.0)
(3.825447895287965 0.005384615805814602 0.0)
(2.6422359008262646 0.0027559443113454947 0.0)
(1.3627583082551824 0.0007703767509076371 0.0)
(0.018272938962751843 5.907850003108872e-05 0.0)
(-0.018248248707728565 5.910843198356664e-05 0.0)
(1.2151077488765492 0.0007709075149771603 0.0)
(2.335685312920502 0.0027587445169394657 0.0)
(3.3745898574833606 0.005392919434309157 0.0)
(4.352437100043883 0.007460350391325957 0.0)
(5.276546130718855 0.009017515567507996 0.0)
(6.151650870757906 0.011455016264516579 0.0)
(6.954366257415462 0.01517844030225165 0.0)
(7.658211898489843 0.01898535752793541 0.0)
(8.266059124499588 0.022245953665644188 0.0)
(8.781771793558416 0.025031262998668417 0.0)
(9.20596513323041 0.02734506912531942 0.0)
(9.53945227991642 0.02916369101087002 0.0)
(9.78261864517792 0.030471470209546988 0.0)
(9.935990422024743 0.031259612537021475 0.0)
(10.000000000000004 0.03152264263349977 0.0)
(9.975120689086353 0.031259612537019796 0.0)
(9.861825799266537 0.03047147020954376 0.0)
(9.660547720083574 0.02916369101086567 0.0)
(9.371812644547353 0.027345069125313756 0.0)
(8.996005984219362 0.025031262998662266 0.0)
(8.533940875500392 0.0222459536656365 0.0)
(7.986232545954602 0.018985357527927064 0.0)
(7.356744853695661 0.015178440302244236 0.0)
(6.648349129242088 0.0114550162645093 0.0)
(5.834564980392261 0.0090175155675008 0.0)
(4.892007344400594 0.007460350391321855 0.0)
(3.825410142516649 0.005392919434307701 0.0)
(2.642092464857287 0.0027587445169392076 0.0)
(1.3626700289012441 0.0007709075149770005 0.0)
(0.0182482487077338 5.9108431983551195e-05 0.0)
(-0.018222387388634118 5.914905252396861e-05 0.0)
(1.2152013888566384 0.0007715758151249384 0.0)
(2.3358507050568265 0.0027620165502188505 0.0)
(3.3746939193304955 0.005402070845937073 0.0)
(4.352082469258632 0.007478690499435734 0.0)
(5.275503094392607 0.00904669954215026 0.0)
(6.150913457573377 0.011492078542878833 0.0)
(6.954678406959327 0.01521607348178688 0.0)
(7.65848587317725 0.019019763350816937 0.0)
(8.266087173712409 0.02227768717165703 0.0)
(8.781803462913107 0.02506056137431808 0.0)
(9.205983666082803 0.02737207742690645 0.0)
(9.539464036261375 0.029188779359981265 0.0)
(9.782625024513193 0.030495117047542642 0.0)
(9.935993472396373 0.03128236769311567 0.0)
(10.000000000000004 0.03154509723800103 0.0)
(9.975117638714723 0.031282367693114 0.0)
(9.861819419931264 0.030495117047539436 0.0)
(9.660535963738619 0.029188779359976953 0.0)
(9.37179411169496 0.027372077426900832 0.0)
(8.995974314864673 0.025060561374311997 0.0)
(8.53391282628757 0.022277687171649418 0.0)
(7.985958571267194 0.019019763350808676 0.0)
(7.3564327041517945 0.015216073481779566 0.0)
(6.64908654242662 0.011492078542871651 0.0)
(5.835608016718511 0.009046699542143141 0.0)
(4.892361975185844 0.007478690499431684 0.0)
(3.8253060806695136 0.005402070845935642 0.0)
(2.6419270727209625 0.002762016550218602 0.0)
(1.3625763889211546 0.0007715758151247808 0.0)
(0.018222387388639277 5.9149052523953305e-05 0.0)
(-0.01819649130451225 5.919857686007811e-05 0.0)
(1.2152962750934635 0.0007723522874652605 0.0)
(2.336030786332604 0.002765616644027637 0.0)
(3.374859717966262 0.0054116679444149345 0.0)
(4.351847640711139 0.007497324130594819 0.0)
(5.27450373387527 0.009076192485043683 0.0)
(6.150005556456895 0.01153030597494639 0.0)
(6.95482970819137 0.015256026908432868 0.0)
(7.658746016957354 0.01905687633067916 0.0)
(8.26610923719205 0.022312083286217813 0.0)
(8.781826246497321 0.02509245327013896 0.0)
(9.205997512186704 0.027401582636568785 0.0)
(9.539472841870221 0.029216266379072764 0.0)
(9.782629744753068 0.030521080182408084 0.0)
(9.935995774929031 0.03130738601215145 0.0)
(10.000000000000004 0.031569796141482837 0.0)
(9.975115336182062 0.0313073860121498 0.0)
(9.861814699691386 0.0305210801824049 0.0)
(9.660527158129772 0.029216266379068493 0.0)
(9.37178026559106 0.027401582636563223 0.0)
(8.99595153128046 0.02509245327013294 0.0)
(8.53389076280793 0.02231208328621027 0.0)
(7.9856984274870895 0.01905687633067099 0.0)
(7.356281402919753 0.015256026908425655 0.0)
(6.649994443543104 0.01153030597493931 0.0)
(5.83660737723585 0.00907619248503664 0.0)
(4.892596803733339 0.007497324130590815 0.0)
(3.8251402820337463 0.005411667944413529 0.0)
(2.641746991445184 0.002765616644027398 0.0)
(1.3624815026843293 0.000772352287465105 0.0)
(0.018196491304517348 5.919857686006295e-05 0.0)
(-0.01817169828192374 5.925482898316869e-05 0.0)
(1.2153882384593677 0.0007732028152240086 0.0)
(2.336217644306027 0.002769386616830051 0.0)
(3.375079968501924 0.005421289050793021 0.0)
(4.351742932338171 0.007515432557139346 0.0)
(5.273591959239696 0.009104698530233341 0.0)
(6.148967058922562 0.011568018917289319 0.0)
(6.954813513212251 0.015296545101715518 0.0)
(7.658980899588376 0.019095065791083225 0.0)
(8.266124345509578 0.02234763070697864 0.0)
(8.781839143242049 0.025125537414573268 0.0)
(9.206006063169639 0.027432288349372128 0.0)
(9.539478309840614 0.02924494433881173 0.0)
(9.782632598498845 0.03054821884149554 0.0)
(9.935997228453648 0.03133356823496013 0.0)
(10.000000000000004 0.031595654119311575 0.0)
(9.975113882657446 0.031333568234958475 0.0)
(9.861811845945612 0.03054821884149238 0.0)
(9.66052169015938 0.029244944338807494 0.0)
(9.371771714608125 0.027432288349366608 0.0)
(8.99593863453573 0.025125537414567304 0.0)
(8.533875654490402 0.022347630706971173 0.0)
(7.985463544856067 0.019095065791075137 0.0)
(7.356297597898872 0.015296545101708399 0.0)
(6.65103294107744 0.011568018917282324 0.0)
(5.837519151871426 0.009104698530226364 0.0)
(4.8927015121063056 0.0075154325571353845 0.0)
(3.8249200314980834 0.00542128905079164 0.0)
(2.641560133471761 0.0027693866168298216 0.0)
(1.3623895393184249 0.0007732028152238553 0.0)
(0.018171698281928782 5.925482898315371e-05 0.0)
(-0.018149097680923564 5.931533727786212e-05 0.0)
(1.215473238252295 0.0007740900277674599 0.0)
(2.33640306877959 0.002773160822918126 0.0)
(3.3753449935318827 0.005430511431258397 0.0)
(4.35177294483408 0.0075322201279353785 0.0)
(5.27280783219533 0.009130965174243943 0.0)
(6.147843594652159 0.011603560332214944 0.0)
(6.954630533599725 0.015335847766347927 0.0)
(7.659180200757215 0.019132653757004608 0.0)
(8.266131834833162 0.02238276754530345 0.0)
(8.781841586487923 0.025158360150840282 0.0)
(9.206008943317062 0.027462845412470398 0.0)
(9.539480199919941 0.02927355318211207 0.0)
(9.782633460362153 0.03057534060177348 0.0)
(9.93599776910501 0.03135976396257048 0.0)
(10.000000000000004 0.031621535019247304 0.0)
(9.975113342006086 0.03135976396256884 0.0)
(9.861810984082304 0.030575340601770345 0.0)
(9.660519800080055 0.02927355318210786 0.0)
(9.3717688344607 0.02746284541246492 0.0)
(8.995936191289855 0.025158360150834374 0.0)
(8.533868165166817 0.022382767545296053 0.0)
(7.985264243687227 0.019132653756996597 0.0)
(7.356480577511399 0.015335847766340891 0.0)
(6.652156405347847 0.011603560332208026 0.0)
(5.838303278915794 0.009130965174237018 0.0)
(4.892671499610396 0.007532220127931454 0.0)
(3.824655006468124 0.005430511431257035 0.0)
(2.6413747089981974 0.0027731608229179055 0.0)
(1.3623045395254973 0.000774090027767309 0.0)
(0.018149097680928563 5.9315337277847284e-05 0.0)
(-0.018129682530573052 5.937744312038634e-05 0.0)
(1.2155475397368476 0.000774974942599565 0.0)
(2.3365789125411487 0.002776773430581067 0.0)
(3.37564314834117 0.005438929871285278 0.0)
(4.3519363595047 0.0075469492278341325 0.0)
(5.272185805849978 0.009153838308791122 0.0)
(6.1466845266104055 0.011635368594972618 0.0)
(6.954288809143215 0.015372208015148344 0.0)
(7.659335163535125 0.019167988681985968 0.0)
(8.266131376095624 0.022415949952797293 0.0)
(8.781833468883189 0.025189479307955932 0.0)
(9.206006026080566 0.027491911204413633 0.0)
(9.53947842906157 0.02930083588873756 0.0)
(9.782632292474293 0.030601253782713157 0.0)
(9.935997373127883 0.03138482220263507 0.0)
(10.000000000000004 0.031646301681894584 0.0)
(9.975113737983213 0.031384822202633444 0.0)
(9.861812151970163 0.030601253782710034 0.0)
(9.660521570938425 0.02930083588873338 0.0)
(9.371771751697198 0.027491911204408196 0.0)
(8.99594430889459 0.025189479307950072 0.0)
(8.533868623904356 0.022415949952789945 0.0)
(7.9851092809093185 0.01916798868197802 0.0)
(7.356822301967911 0.015372208015141378 0.0)
(6.653315473389602 0.011635368594965756 0.0)
(5.838925305261146 0.009153838308784239 0.0)
(4.892508084939775 0.007546949227830234 0.0)
(3.8243568516588358 0.005438929871283933 0.0)
(2.641198865236638 0.002776773430580854 0.0)
(1.3622302380409448 0.000774974942599416 0.0)
(0.018129682530578017 5.937744312037167e-05 0.0)
(-0.018114305897059577 5.9438417693640305e-05 0.0)
(1.2156078782417246 0.0007758186781815069 0.0)
(2.336737449337518 0.0027800657084472427 0.0)
(3.375961332552926 0.005446174480019988 0.0)
(4.3522259962083645 0.007558972687132182 0.0)
(5.2717532109032925 0.009172312930188095 0.0)
(6.145540782126604 0.011662046108688337 0.0)
(6.953803354590172 0.015404028245303672 0.0)
(7.659438979141138 0.019199518014067034 0.0)
(8.266122989453052 0.02244571995518037 0.0)
(8.781815147100547 0.02521752756708745 0.0)
(9.205997439638182 0.027518208627478204 0.0)
(9.539473075073781 0.029325593706471385 0.0)
(9.782629146150123 0.030624819806550897 0.0)
(9.935996057920779 0.03140764194192819 0.0)
(10.000000000000004 0.03166886590540603 0.0)
(9.975115053190315 0.031407641941926565 0.0)
(9.861815298294333 0.030624819806547795 0.0)
(9.660526924926213 0.029325593706467232 0.0)
(9.371780338139581 0.027518208627472802 0.0)
(8.995962630677232 0.025217527567081625 0.0)
(8.533877010546927 0.022445719955173072 0.0)
(7.9850054653033045 0.01919951801405915 0.0)
(7.357307756520956 0.01540402824529676 0.0)
(6.6544592178734066 0.01166204610868152 0.0)
(5.8393579002078315 0.00917231293018124 0.0)
(4.892218448236109 0.007558972687128302 0.0)
(3.824038667447079 0.005446174480018654 0.0)
(2.6410403284402686 0.002780065708447036 0.0)
(1.3621698995360678 0.0007758186781813594 0.0)
(0.01811430589706452 5.943841769362577e-05 0.0)
(-0.018103643401528972 5.9495581886425015e-05 0.0)
(1.2156516026034077 0.0007765841623153855 0.0)
(2.3368717133519 0.0027828929998502654 0.0)
(3.376285565734986 0.005451926942608358 0.0)
(4.352629128838189 0.007567762217024269 0.0)
(5.2715290547858205 0.009185577297369046 0.0)
(6.144462615240949 0.011682420712214566 0.0)
(6.953195499925544 0.01542991033411435 0.0)
(7.659487086107452 0.019225856412077465 0.0)
(8.26610704339918 0.022470769513010667 0.0)
(8.781787426165609 0.025241272539041425 0.0)
(9.205983561262482 0.027540582221004445 0.0)
(9.539464373201001 0.029346738822095465 0.0)
(9.782624159633372 0.030645003225312096 0.0)
(9.935993881271493 0.031427220522852836 0.0)
(10.000000000000004 0.03168823625908064 0.0)
(9.975117229839602 0.031427220522851226 0.0)
(9.861820284811085 0.030645003225309 0.0)
(9.660535626798993 0.029346738822091326 0.0)
(9.371794216515282 0.027540582220999057 0.0)
(8.995990351612171 0.025241272539035627 0.0)
(8.533892956600798 0.022470769513003395 0.0)
(7.98495735833699 0.019225856412069607 0.0)
(7.357915611185586 0.015429910334107474 0.0)
(6.6555373847590635 0.011682420712207769 0.0)
(5.839582056325304 0.009185577297362201 0.0)
(4.891815315606283 0.007567762217020396 0.0)
(3.823714434265018 0.0054519269426070325 0.0)
(2.640906064425886 0.002782892999850063 0.0)
(1.3621261751743845 0.0007765841623152396 0.0)
(0.018103643401533916 5.9495581886410616e-05 0.0)
(-0.018098163534528373 5.9546424008688486e-05 0.0)
(1.2156767916534363 0.0007772377610287719 0.0)
(2.336975805269132 0.00278513107877827 0.0)
(3.3766016016745 0.005455934506368088 0.0)
(4.353128044483929 0.007572931621646925 0.0)
(5.27152318650728 0.009193048598306514 0.0)
(6.143497398633947 0.011695597182746648 0.0)
(6.952491953171255 0.015448717069947984 0.0)
(7.659477370701978 0.019245846614993404 0.0)
(8.26608423857444 0.022489997994543976 0.0)
(8.781751524085541 0.02525967091319041 0.0)
(9.205965000743904 0.02755804893022413 0.0)
(9.539452705787602 0.029363342157913176 0.0)
(9.78261755202246 0.030660917216500907 0.0)
(9.935990938818012 0.03144269769838119 0.0)
(10.000000000000004 0.03170356164501502 0.0)
(9.975120172293083 0.03144269769837958 0.0)
(9.861826892421997 0.03066091721649782 0.0)
(9.660547294212392 0.029363342157909044 0.0)
(9.37181277703386 0.027558048930218754 0.0)
(8.99602625369224 0.025259670913184627 0.0)
(8.53391576142554 0.022489997994536725 0.0)
(7.984967073742465 0.019245846614985566 0.0)
(7.358619157939877 0.015448717069941121 0.0)
(6.656502601366068 0.011695597182739851 0.0)
(5.839587924603843 0.009193048598299662 0.0)
(4.891316399960541 0.007572931621643048 0.0)
(3.8233983983255038 0.005455934506366766 0.0)
(2.6408019725086542 0.00278513107877807 0.0)
(1.362100986124356 0.0007772377610286272 0.0)
(0.018098163534533317 5.954642400867418e-05 0.0)
(-0.01809810707138864 5.9588710150591475e-05 0.0)
(1.215682338631034 0.0007777507563899252 0.0)
(2.3370451514808015 0.0027866816081376098 0.0)
(3.3768955543304555 0.005458021086279209 0.0)
(4.353700821704852 0.00757425376681819 0.0)
(5.271735863909097 0.00919439855770567 0.0)
(6.142687542157495 0.01170099657027507 0.0)
(6.951723626884586 0.015459622119237992 0.0)
(7.659410259801858 0.01925861028986978 0.0)
(8.266055576981111 0.022502560535479246 0.0)
(8.78170901833206 0.025271914298633166 0.0)
(9.20594257359768 0.02756984129988859 0.0)
(9.539438585478383 0.02937467419372363 0.0)
(9.782609613643725 0.030671862548458325 0.0)
(9.935987359846358 0.03145339342973523 0.0)
(10.000000000000004 0.03171416869378818 0.0)
(9.975123751264737 0.03145339342973362 0.0)
(9.86183483080073 0.03067186254845523 0.0)
(9.660561414521611 0.0293746741937195 0.0)
(9.371835204180083 0.027569841299883217 0.0)
(8.99606875944572 0.02527191429862739 0.0)
(8.533944423018868 0.022502560535471994 0.0)
(7.985034184642585 0.019258610289861942 0.0)
(7.359387484226548 0.015459622119231122 0.0)
(6.6573124578425205 0.011700996570268256 0.0)
(5.8393752472020255 0.009194398557698796 0.0)
(4.890743622739617 0.0075742537668143 0.0)
(3.8231044456695473 0.005458021086277884 0.0)
(2.640732626296985 0.0027866816081374107 0.0)
(1.3620954391467583 0.000777750756389781 0.0)
(0.018098107071393612 5.958871015057724e-05 0.0)
)
