(
(-0.02856160221077557 -8.080772333005801e-06 0.0)
(1.1938138151976814 -0.00023743887106109654 0.0)
(2.333885027504712 -0.0017292796744480695 0.0)
(3.4217831117394515 -0.0062919552406712756 0.0)
(4.445321549456326 -0.015095637427567615 0.0)
(5.3785776442095194 -0.027518191235611413 0.0)
(6.221985985974189 -0.04110298663537392 0.0)
(6.994704415745856 -0.05330829278797578 0.0)
(7.6924168974225715 -0.06375958486030589 0.0)
(8.295949449660341 -0.07301731730888926 0.0)
(8.805610819364222 -0.08105263623916188 0.0)
(9.224489771627814 -0.08772921702439913 0.0)
(9.553003821385142 -0.0929772926360795 0.0)
(9.791487702236605 -0.0967511895932812 0.0)
(9.940375820014806 -0.09902410515520405 0.0)
(10.000000000000007 -0.09978315908462769 0.0)
(9.970735291096313 -0.09902410515520542 0.0)
(9.852956742207851 -0.09675118959328405 0.0)
(9.646996178614868 -0.09297729263608212 0.0)
(9.35328800614996 -0.08772921702440416 0.0)
(8.972166958413565 -0.08105263623916739 0.0)
(8.504050550339661 -0.07301731730889666 0.0)
(7.952027547021875 -0.06375958486031479 0.0)
(7.316406695365256 -0.0533082927879834 0.0)
(6.578014014025805 -0.04110298663538058 0.0)
(5.732533466901554 -0.027518191235618064 0.0)
(4.7991228949880735 -0.015095637427571662 0.0)
(3.7782168882605176 -0.006291955240672953 0.0)
(2.643892750273061 -0.0017292796744487876 0.0)
(1.3839639625801068 -0.0002374388710613616 0.0)
(0.02856160221076865 -8.080772333030318e-06 0.0)
(-0.028558245489001162 -8.125053551816337e-06 0.0)
(1.1938196955018057 -0.00023795283893930771 0.0)
(2.3338254837776997 -0.0017306674148032679 0.0)
(3.4214516886928896 -0.006293194280146546 0.0)
(4.444601981999558 -0.015094762545768577 0.0)
(5.378189833980883 -0.027515913712673788 0.0)
(6.222839418240273 -0.04110442168882745 0.0)
(6.995647999045707 -0.05331611772795156 0.0)
(7.69253197115849 -0.06377001961182968 0.0)
(8.295986820385101 -0.07302786957356079 0.0)
(8.805664926836085 -0.08106313602677105 0.0)
(9.22451856147395 -0.08773949028796439 0.0)
(9.553021959337094 -0.09298727944349165 0.0)
(9.791497868869934 -0.09676091308335653 0.0)
(9.940380426650623 -0.09903365355619567 0.0)
(10.000000000000007 -0.099792643124487 0.0)
(9.970730684460495 -0.09903365355619705 0.0)
(9.852946575574524 -0.09676091308335938 0.0)
(9.646978040662916 -0.0929872794434943 0.0)
(9.353259216303824 -0.08773949028796939 0.0)
(8.972112850941702 -0.08106313602677656 0.0)
(8.504013179614901 -0.07302786957356819 0.0)
(7.951912473285955 -0.06377001961183855 0.0)
(7.315463112065403 -0.053316117727959154 0.0)
(6.57716058175972 -0.04110442168883408 0.0)
(5.732921277130192 -0.027515913712680397 0.0)
(4.799842462444843 -0.0150947625457726 0.0)
(3.7785483113070804 -0.006293194280148215 0.0)
(2.6439522940000737 -0.0017306674148039852 0.0)
(1.3839580822759823 -0.00023795283893957326 0.0)
(0.02855824548899421 -8.125053551840921e-06 0.0)
(-0.02854851239853149 -8.155926858160238e-06 0.0)
(1.1938490932047545 -0.00023826090518544403 0.0)
(2.333812265278756 -0.0017311243202838657 0.0)
(3.421169537512251 -0.006292010800448665 0.0)
(4.443841088030585 -0.015089262649555794 0.0)
(5.377562134148985 -0.02750633717807029 0.0)
(6.223446054026356 -0.04109629108028915 0.0)
(6.996606720762153 -0.05331379371119902 0.0)
(7.692709152570569 -0.06377095115124501 0.0)
(8.296028797723169 -0.07302959321407014 0.0)
(8.805723419852328 -0.08106543282754326 0.0)
(9.224550114474262 -0.08774216106343506 0.0)
(9.5530418586535 -0.09299017381845025 0.0)
(9.791508969058496 -0.09676393039650154 0.0)
(9.94038549711564 -0.09903673554379958 0.0)
(10.000000000000007 -0.09979574193195549 0.0)
(9.970725613995478 -0.09903673554380095 0.0)
(9.852935475385962 -0.09676393039650436 0.0)
(9.64695814134651 -0.09299017381845287 0.0)
(9.353227663303514 -0.08774216106344003 0.0)
(8.97205435792546 -0.08106543282754874 0.0)
(8.503971202276833 -0.07302959321407754 0.0)
(7.951735291873876 -0.06377095115125385 0.0)
(7.314504390348954 -0.053313793711206585 0.0)
(6.576553945973637 -0.04109629108029573 0.0)
(5.733548976962092 -0.027506337178076844 0.0)
(4.800603356413818 -0.015089262649559785 0.0)
(3.7788304624877194 -0.00629201080045032 0.0)
(2.643965512499017 -0.0017311243202845804 0.0)
(1.3839286845730332 -0.00023826090518570941 0.0)
(0.028548512398524482 -8.155926858184843e-06 0.0)
(-0.02853283059355561 -8.172035735437869e-06 0.0)
(1.193900716625242 -0.00023834953393224136 0.0)
(2.333845952804541 -0.0017306303152989308 0.0)
(3.4209490554042326 -0.0062884568015104435 0.0)
(4.443072299838388 -0.015079379394307087 0.0)
(5.376722124696095 -0.02748988240721163 0.0)
(6.223779238865805 -0.04107895205382368 0.0)
(6.997538456416904 -0.05330142285076262 0.0)
(7.692940656631704 -0.0637623385484142 0.0)
(8.296073537267105 -0.07302241249680665 0.0)
(8.805783728336825 -0.08105942572425447 0.0)
(9.22458304424764 -0.087737112001823 0.0)
(9.553062644994801 -0.09298584858741464 0.0)
(9.791520515080313 -0.09676010895749658 0.0)
(9.940390808622901 -0.09903321570111878 0.0)
(10.000000000000007 -0.09979231935110207 0.0)
(9.970720302488216 -0.09903321570112013 0.0)
(9.852923929364145 -0.0967601089574994 0.0)
(9.646937355005209 -0.09298584858741724 0.0)
(9.353194733530136 -0.08773711200182795 0.0)
(8.971994049440964 -0.08105942572425992 0.0)
(8.503926462732897 -0.07302241249681399 0.0)
(7.95150378781274 -0.06376233854842296 0.0)
(7.313572654694202 -0.053301422850770115 0.0)
(6.576220761134189 -0.04107895205383017 0.0)
(5.734388986414985 -0.027489882407218114 0.0)
(4.8013721446060185 -0.015079379394311034 0.0)
(3.7790509445957383 -0.006288456801512082 0.0)
(2.6439318249732313 -0.0017306303152996403 0.0)
(1.3838770611525455 -0.0002383495339325061 0.0)
(0.028532830593548532 -8.172035735462457e-06 0.0)
(-0.0285118891038951 -8.172672389052011e-06 0.0)
(1.1939722975246143 -0.00023821483099470728 0.0)
(2.333925066186803 -0.0017292071055237444 0.0)
(3.4207999299492995 -0.006282688439543371 0.0)
(4.442329396569671 -0.015065547032177176 0.0)
(5.3757067141008195 -0.02746727239262618 0.0)
(6.223824333226319 -0.04105316645453306 0.0)
(6.998402267249852 -0.053279548699618075 0.0)
(7.6932163114769745 -0.0637445602253493 0.0)
(8.296119073243196 -0.0730066429293501 0.0)
(8.8058432024451 -0.08104537865803353 0.0)
(9.224615903920084 -0.08772456494965848 0.0)
(9.553083405047188 -0.0929744937931238 0.0)
(9.791531999624308 -0.09674961667338046 0.0)
(9.940396127794495 -0.0990232486836013 0.0)
(10.000000000000007 -0.09978252576386805 0.0)
(9.970714983316624 -0.09902324868360264 0.0)
(9.852912444820149 -0.09674961667338325 0.0)
(9.646916594952822 -0.09297449379312636 0.0)
(9.353161873857692 -0.0877245649496634 0.0)
(8.971934575332687 -0.0810453786580389 0.0)
(8.503880926756807 -0.07300664292935738 0.0)
(7.951228132967469 -0.063744560225358 0.0)
(7.312708843861252 -0.05327954869962547 0.0)
(6.5761756667736755 -0.04105316645453946 0.0)
(5.735404397010265 -0.027467272392632587 0.0)
(4.802115047874736 -0.01506554703218107 0.0)
(3.7792000700506714 -0.006282688439544986 0.0)
(2.643852711590969 -0.001729207105524447 0.0)
(1.383805480253173 -0.00023821483099497077 0.0)
(0.028511889103887952 -8.172672389076542e-06 0.0)
(-0.02848660806029428 -8.15780884560758e-06 0.0)
(1.1940606907691065 -0.0002378627149734849 0.0)
(2.3340461293282577 -0.0017269172241921396 0.0)
(3.4207287134471245 -0.006274959165819361 0.0)
(4.441645020034962 -0.015048373331852459 0.0)
(5.3745605176470725 -0.027439500576990978 0.0)
(6.223579355744196 -0.041020067254476704 0.0)
(6.9991601989932954 -0.053249132367949044 0.0)
(7.6935240053367755 -0.06371839732904128 0.0)
(8.29616340488396 -0.07298297739764494 0.0)
(8.80589922899364 -0.08102390883127177 0.0)
(9.224647249697703 -0.08770507120145939 0.0)
(9.553103226651936 -0.09295660834446583 0.0)
(9.791542918080632 -0.0967329145559221 0.0)
(9.940401220915751 -0.09900727242376273 0.0)
(10.000000000000007 -0.09976679148255956 0.0)
(9.970709890195367 -0.09900727242376405 0.0)
(9.852901526363826 -0.09673291455592489 0.0)
(9.646896773348073 -0.09295660834446837 0.0)
(9.353130528080072 -0.08770507120146424 0.0)
(8.971878548784147 -0.08102390883127708 0.0)
(8.503836595116043 -0.07298297739765214 0.0)
(7.9509204391076675 -0.0637183973290499 0.0)
(7.311950912117807 -0.053249132367956344 0.0)
(6.5764206442558 -0.04102006725448299 0.0)
(5.736550593464015 -0.027439500576997296 0.0)
(4.8027994244094465 -0.015048373331856298 0.0)
(3.779271286552846 -0.006274959165820948 0.0)
(2.643731648449514 -0.0017269172241928335 0.0)
(1.3837170870086803 -0.00023786271497374672 0.0)
(0.02848660806028705 -8.15780884563202e-06 0.0)
(-0.028458098265558597 -8.128098182011445e-06 0.0)
(1.1941620125212666 -0.00023730865720236874 0.0)
(2.334203822935949 -0.001723861284500608 0.0)
(3.420738535020526 -0.006265608590485537 0.0)
(4.441049240487162 -0.015028612874306804 0.0)
(5.373333897110125 -0.027407787203077936 0.0)
(6.223055070281825 -0.0409811087719518 0.0)
(6.999778949513025 -0.05321151029372396 0.0)
(7.693850218705816 -0.06368499940929026 0.0)
(8.296204584338202 -0.07295245572185942 0.0)
(8.805949346278402 -0.08099595958887916 0.0)
(9.224675704304374 -0.0876794872768588 0.0)
(9.553121238884 -0.09293297809533425 0.0)
(9.791552790712284 -0.096710736465607 0.0)
(9.94040586420424 -0.0989859888892326 0.0)
(10.000000000000007 -0.0997458078427123 0.0)
(9.970705246906878 -0.09898598888923392 0.0)
(9.852891653732172 -0.09671073646560976 0.0)
(9.64687876111601 -0.09293297809533677 0.0)
(9.3531020734734 -0.08767948727686363 0.0)
(8.971828431499386 -0.08099595958888442 0.0)
(8.5037954156618 -0.07295245572186654 0.0)
(7.950594225738626 -0.06368499940929877 0.0)
(7.311332161598077 -0.05321151029373115 0.0)
(6.576944929718173 -0.04098110877195798 0.0)
(5.737777214000966 -0.027407787203084157 0.0)
(4.803395203957247 -0.015028612874310584 0.0)
(3.779261464979444 -0.0062656085904870965 0.0)
(2.643573954841822 -0.001723861284501291 0.0)
(1.3836157652565202 -0.00023730865720262843 0.0)
(0.028458098265551283 -8.128098182035755e-06 0.0)
(-0.028427612387911555 -8.084845830467894e-06 0.0)
(1.1942718108886674 -0.00023657700196620153 0.0)
(2.3343912182412474 -0.0017201735588485108 0.0)
(3.4208289631275375 -0.006255047560715676 0.0)
(4.440568235389655 -0.015007133897894036 0.0)
(5.372080747952332 -0.027373525698518798 0.0)
(6.2222745129832715 -0.040938002771408 0.0)
(7.000231332043174 -0.053168335522056624 0.0)
(7.694180618365453 -0.0636458339095903 0.0)
(8.29624080225604 -0.07291641896858973 0.0)
(8.805991352237577 -0.08096275896943476 0.0)
(9.224700017496737 -0.08764893728669924 0.0)
(9.553136650318852 -0.09290464131564562 0.0)
(9.791561183733895 -0.09668405686714994 0.0)
(9.940409853642361 -0.09896033323958109 0.0)
(10.000000000000007 -0.09972049682707267 0.0)
(9.970701257468757 -0.09896033323958238 0.0)
(9.852883260710561 -0.09668405686715265 0.0)
(9.646863349681158 -0.09290464131564807 0.0)
(9.353077760281037 -0.08764893728670399 0.0)
(8.97178642554021 -0.08096275896943994 0.0)
(8.503759197743962 -0.07291641896859677 0.0)
(7.950263826078988 -0.0636458339095987 0.0)
(7.310879779067927 -0.05316833552206369 0.0)
(6.57772548701673 -0.04093800277141405 0.0)
(5.739030363158761 -0.027373525698524928 0.0)
(4.803876209054755 -0.015007133897897757 0.0)
(3.779171036872432 -0.006255047560717204 0.0)
(2.643386559536523 -0.001720173558849183 0.0)
(1.383505966889119 -0.00023657700196645878 0.0)
(0.028427612387904158 -8.084845830492048e-06 0.0)
(-0.02839648992104462 -8.029952220175808e-06 0.0)
(1.1943852615319157 -0.0002356998968575351 0.0)
(2.334600081437268 -0.0017160160791544986 0.0)
(3.42099602452257 -0.006243740108837006 0.0)
(4.440223139226451 -0.014984880149543054 0.0)
(5.370856131255115 -0.02733822145114426 0.0)
(6.221271980108244 -0.040892643251648965 0.0)
(7.000497469722979 -0.0531215050734281 0.0)
(7.69450068715909 -0.06360262169034697 0.0)
(8.296270467288423 -0.07287645052684717 0.0)
(8.806023401206167 -0.08092576574741815 0.0)
(9.224719120997598 -0.08761476354165863 0.0)
(9.553148783806238 -0.09287284307165876 0.0)
(9.791567728371449 -0.09665404801329815 0.0)
(9.9404130139415 -0.09893143273711816 0.0)
(10.000000000000007 -0.09969197055536265 0.0)
(9.970698097169619 -0.09893143273711945 0.0)
(9.852876716073009 -0.09665404801330085 0.0)
(9.646851216193772 -0.09287284307166119 0.0)
(9.353058656780176 -0.08761476354166332 0.0)
(8.97175437657162 -0.08092576574742327 0.0)
(8.50372953271158 -0.0728764505268541 0.0)
(7.949943757285351 -0.06360262169035528 0.0)
(7.310613641388122 -0.053121505073435056 0.0)
(6.578728019891761 -0.040892643251654905 0.0)
(5.740254979855981 -0.0273382214511503 0.0)
(4.804221305217959 -0.014984880149546716 0.0)
(3.7790039754773987 -0.006243740108838503 0.0)
(2.643177696340502 -0.0017160160791551595 0.0)
(1.3833925162458702 -0.00023569989685778974 0.0)
(0.02839648992103714 -8.029952220199789e-06 0.0)
(-0.02836609832921498 -7.965829275946404e-06 0.0)
(1.1944973796372995 -0.00023471588027022572 0.0)
(2.334821235457282 -0.001711571517470432 0.0)
(3.4212323788335555 -0.006232183063598678 0.0)
(4.440029114891625 -0.014962829418244318 0.0)
(5.369713854435777 -0.027303425664996658 0.0)
(6.2200915211171885 -0.04084702322699003 0.0)
(7.000565668949675 -0.05307307659207725 0.0)
(7.694796361849484 -0.06355726141741933 0.0)
(8.2962922760081 -0.07283430653684171 0.0)
(8.806044085011127 -0.08088660533732751 0.0)
(9.22473217543408 -0.087578467573575 0.0)
(9.553157106222923 -0.09283898052004123 0.0)
(9.791572137065543 -0.09662202843819025 0.0)
(9.940415206243895 -0.09890055721705004 0.0)
(10.000000000000007 -0.09966148241977384 0.0)
(9.970695904867222 -0.09890055721705134 0.0)
(9.852872307378915 -0.0966220284381929 0.0)
(9.646842893777087 -0.09283898052004358 0.0)
(9.353045602343695 -0.08757846757357964 0.0)
(8.97173369276666 -0.08088660533733255 0.0)
(8.503707723991903 -0.07283430653684855 0.0)
(7.9496480825949565 -0.06355726141742753 0.0)
(7.310545442161427 -0.05307307659208408 0.0)
(6.57990847888282 -0.040847023226995856 0.0)
(5.741397256675322 -0.027303425665002615 0.0)
(4.804415329552785 -0.014962829418247928 0.0)
(3.7787676211664123 -0.006232183063600146 0.0)
(2.6429565423204875 -0.0017115715174710812 0.0)
(1.3832803981404862 -0.00023471588027047766 0.0)
(0.02836609832920743 -7.965829275970195e-06 0.0)
(-0.028337772963367792 -7.895294442639509e-06 0.0)
(1.1946032389403825 -0.00023366818809291242 0.0)
(2.3350449631982393 -0.001707035159705613 0.0)
(3.421527641084468 -0.006220884220425447 0.0)
(4.439994687459493 -0.014941950572790422 0.0)
(5.368704107048023 -0.02727066720326223 0.0)
(6.218785003218583 -0.04080314715785522 0.0)
(7.000432933174007 -0.0530251779368772 0.0)
(7.69505465103166 -0.0635117461382155 0.0)
(8.296305270179822 -0.07279183872839391 0.0)
(8.806052494843904 -0.08084699837594035 0.0)
(9.224738607218123 -0.08754164416088432 0.0)
(9.553161251897142 -0.09280454151936128 0.0)
(9.791574216106225 -0.0965894050233783 0.0)
(9.94041633422379 -0.09886906329324344 0.0)
(10.000000000000007 -0.09963037201320758 0.0)
(9.970694776887328 -0.09886906329324467 0.0)
(9.852870228338233 -0.09658940502338093 0.0)
(9.646838748102867 -0.0928045415193636 0.0)
(9.35303917055965 -0.0875416441608889 0.0)
(8.971725282933884 -0.0808469983759453 0.0)
(8.50369472982018 -0.0727918387284007 0.0)
(7.949389793412779 -0.0635117461382236 0.0)
(7.3106781779370955 -0.05302517793688393 0.0)
(6.581214996781429 -0.04080314715786094 0.0)
(5.742407004063078 -0.02727066720326811 0.0)
(4.8044497569849165 -0.014941950572793987 0.0)
(3.778472358915499 -0.006220884220426889 0.0)
(2.6427328145795297 -0.0017070351597062515 0.0)
(1.383174538837403 -0.00023366818809316165 0.0)
(0.02833777296336018 -7.895294442663107e-06 0.0)
(-0.02831275838825858 -7.821446891790797e-06 0.0)
(1.194698188177051 -0.00023260285400316755 0.0)
(2.3352614344725016 -0.001702606325121196 0.0)
(3.421868837992169 -0.006210340029815696 0.0)
(4.4401213696084385 -0.014923160991453844 0.0)
(5.367871255544791 -0.027241385412819664 0.0)
(6.217409832418687 -0.040762942878453313 0.0)
(7.000105094563126 -0.05297991368710935 0.0)
(7.695264205951481 -0.06346807571083588 0.0)
(8.29630887886346 -0.07275091305931437 0.0)
(8.806048261191833 -0.08080868512068105 0.0)
(9.224738133748906 -0.0875059112569737 0.0)
(9.553161038675555 -0.09277103925630444 0.0)
(9.791573874144252 -0.09655761118202631 0.0)
(9.940416348319811 -0.09883833475109383 0.0)
(10.000000000000007 -0.09960000627001349 0.0)
(9.970694762791307 -0.09883833475109506 0.0)
(9.852870570300206 -0.09655761118202894 0.0)
(9.646838961324457 -0.09277103925630673 0.0)
(9.353039644028868 -0.08750591125697822 0.0)
(8.971729516585954 -0.08080868512068595 0.0)
(8.503691121136542 -0.07275091305932105 0.0)
(7.949180238492958 -0.06346807571084388 0.0)
(7.311006016547979 -0.052979913687115986 0.0)
(6.582590167581328 -0.04076294287845896 0.0)
(5.743239855566311 -0.02724138541282549 0.0)
(4.80432307483597 -0.014923160991457367 0.0)
(3.778131162007797 -0.006210340029817115 0.0)
(2.642516343305267 -0.0017026063251218244 0.0)
(1.3830795896007342 -0.00023260285400341423 0.0)
(0.028312758388250918 -7.821446891814202e-06 0.0)
(-0.02829215369855477 -7.747531349684282e-06 0.0)
(1.194778055451551 -0.00023156668683192093 0.0)
(2.3354611379283 -0.0016984796086064958 0.0)
(3.422240977988736 -0.006201013784214765 0.0)
(4.440403595156596 -0.014907286254063939 0.0)
(5.367251893897473 -0.02721686688197149 0.0)
(6.216026431206643 -0.0407281768912696 0.0)
(6.999596557745829 -0.052939272671099886 0.0)
(7.695415819149139 -0.06342816893396672 0.0)
(8.296302943500054 -0.07271332772863097 0.0)
(8.80603157007384 -0.08077334898589363 0.0)
(9.224730775829798 -0.08747283890026945 0.0)
(9.553156475926725 -0.09273994575901877 0.0)
(9.791571126204806 -0.0965280438773581 0.0)
(9.940415247912606 -0.09880972174652702 0.0)
(10.000000000000007 -0.09957171940539496 0.0)
(9.970695863198513 -0.09880972174652826 0.0)
(9.852873318239652 -0.09652804387736069 0.0)
(9.646843524073285 -0.09273994575902103 0.0)
(9.353047001947976 -0.08747283890027395 0.0)
(8.971746207703948 -0.0807733489858985 0.0)
(8.503697056499949 -0.07271332772863762 0.0)
(7.949028625295299 -0.06342816893397467 0.0)
(7.311514553365278 -0.05293927267110644 0.0)
(6.583973568793376 -0.04072817689127519 0.0)
(5.74385921721363 -0.027216866881977275 0.0)
(4.804040849287811 -0.014907286254067438 0.0)
(3.7777590220112285 -0.006201013784216167 0.0)
(2.642316639849468 -0.001698479608607116 0.0)
(1.3829997223262342 -0.00023156668683216533 0.0)
(0.02829215369854708 -7.747531349707511e-06 0.0)
(-0.028276864226626737 -7.676795530015468e-06 0.0)
(1.1948393315419539 -0.0002306052138690628 0.0)
(2.335635298961134 -0.0016948363305355548 0.0)
(3.422627709923532 -0.006193315261792475 0.0)
(4.440828963629696 -0.014895023867539613 0.0)
(5.366873235723763 -0.027198188910107793 0.0)
(6.214695583700847 -0.04070037675017834 0.0)
(6.998929666899526 -0.052905040580741615 0.0)
(7.695502829018099 -0.06339377923837627 0.0)
(8.296287724878615 -0.07268073416701358 0.0)
(8.806003154867115 -0.08074254257669501 0.0)
(9.224716856754306 -0.08744388022962103 0.0)
(9.553147764129491 -0.09271262721889105 0.0)
(9.79156609302732 -0.09650200224264892 0.0)
(9.940413081352053 -0.09878448148261765 0.0)
(10.000000000000007 -0.099546754292434 0.0)
(9.970698029759065 -0.09878448148261888 0.0)
(9.852878351417138 -0.09650200224265149 0.0)
(9.646852235870519 -0.09271262721889328 0.0)
(9.35306092102347 -0.0874438802296255 0.0)
(8.971774622910672 -0.08074254257669983 0.0)
(8.503712275121387 -0.07268073416702017 0.0)
(7.94894161542634 -0.06339377923838417 0.0)
(7.312181444211583 -0.052905040580748124 0.0)
(6.585304416299175 -0.04070037675018389 0.0)
(5.7442378753873395 -0.02719818891011356 0.0)
(4.8036154808147105 -0.014895023867543098 0.0)
(3.777372290076432 -0.0061933152617938666 0.0)
(2.6421424788166337 -0.001694836330536168 0.0)
(1.3829384462358314 -0.00023060521386930537 0.0)
(0.028276864226619035 -7.676795530038538e-06 0.0)
(-0.028267561763899704 -7.612347435293072e-06 0.0)
(1.1948793240889484 -0.00022976068047761623 0.0)
(2.33577626525384 -0.00169183656988162 0.0)
(3.4230120415028464 -0.006187582721540013 0.0)
(4.441378785115219 -0.014886912618711345 0.0)
(5.366751918571078 -0.02718617217314188 0.0)
(6.213475764905987 -0.040680763942520175 0.0)
(6.998133723987963 -0.052878721511459066 0.0)
(7.695521412503897 -0.06336641764437462 0.0)
(8.296263891677528 -0.0726545644759314 0.0)
(8.805964264083855 -0.08071761947034665 0.0)
(9.224696988101138 -0.08742030763603832 0.0)
(9.553135286064288 -0.09269028396259664 0.0)
(9.791558995760404 -0.09648063049968607 0.0)
(9.94040994383286 -0.09876372297038616 0.0)
(10.000000000000007 -0.09952620785252166 0.0)
(9.970701167278259 -0.0987637229703874 0.0)
(9.852885448684054 -0.09648063049968864 0.0)
(9.646864713935722 -0.09269028396259885 0.0)
(9.353080789676635 -0.08742030763604276 0.0)
(8.971813513693933 -0.08071761947035144 0.0)
(8.503736108322475 -0.07265456447593796 0.0)
(7.9489230319405415 -0.06336641764438249 0.0)
(7.312977387123149 -0.05287872151146555 0.0)
(6.586524235094037 -0.04068076394252571 0.0)
(5.744359192540023 -0.027186172173147644 0.0)
(4.803065659329184 -0.014886912618714826 0.0)
(3.7769879584971164 -0.006187582721541399 0.0)
(2.642001512523928 -0.0016918365698822292 0.0)
(1.382898453688837 -0.00022976068047785727 0.0)
(0.02826756176389201 -7.6123474353160095e-06 0.0)
(-0.028264655043567517 -7.557018796894741e-06 0.0)
(1.1948962758931843 -0.00022907019390977105 0.0)
(2.3358778430054064 -0.0016896121306399193 0.0)
(3.4233770859002 -0.006184068040788687 0.0)
(4.442028901462964 -0.014883308901013532 0.0)
(5.366893272893163 -0.027181344664512035 0.0)
(6.212420571428314 -0.040670200219182974 0.0)
(6.997243701286536 -0.05286147187500712 0.0)
(7.695470753082166 -0.06334728637034556 0.0)
(8.296232491084046 -0.07263596850373451 0.0)
(8.80591660651393 -0.08069967474254595 0.0)
(9.224672042862572 -0.0874031568561585 0.0)
(9.553119589994468 -0.09267389771194127 0.0)
(9.791550146244983 -0.09646486768375685 0.0)
(9.940405973211881 -0.09874835830088335 0.0)
(10.000000000000007 -0.09951098285863912 0.0)
(9.970705137899238 -0.09874835830088459 0.0)
(9.852894298199475 -0.09646486768375942 0.0)
(9.646880410005542 -0.09267389771194348 0.0)
(9.353105734915202 -0.08740315685616294 0.0)
(8.971861171263857 -0.08069967474255074 0.0)
(8.503767508915956 -0.07263596850374107 0.0)
(7.948973691362274 -0.06334728637035343 0.0)
(7.313867409824578 -0.05286147187501359 0.0)
(6.587579428571712 -0.040670200219188525 0.0)
(5.744217838217936 -0.02718134466451782 0.0)
(4.8024155429814375 -0.014883308901017024 0.0)
(3.776622914099762 -0.006184068040790073 0.0)
(2.6418999347723613 -0.0016896121306405264 0.0)
(1.382881501884601 -0.00022907019391001112 0.0)
(0.028264655043559843 -7.5570187969175804e-06 0.0)
(-0.028268271781603883 -7.513240653970815e-06 0.0)
(1.1948894421233958 -0.00022856409288210896 0.0)
(2.335935569075261 -0.001688260750601236 0.0)
(3.423706803732603 -0.006182925648180781 0.0)
(4.4427507477499635 -0.014884371055209008 0.0)
(5.367291087839708 -0.02718391849611578 0.0)
(6.211576366538815 -0.04066914973084441 0.0)
(6.996298704764496 -0.05285404958885415 0.0)
(7.695353076635217 -0.06333722600947028 0.0)
(8.296194902782801 -0.07262576332342084 0.0)
(8.805862276143776 -0.08068949685180353 0.0)
(9.224643117086751 -0.08739318146387302 0.0)
(9.553101365576627 -0.09266418844880096 0.0)
(9.791539933312574 -0.09645540638415591 0.0)
(9.940401343950935 -0.09873906256957835 0.0)
(10.000000000000007 -0.09950174826916418 0.0)
(9.970709767160184 -0.09873906256957958 0.0)
(9.852904511131884 -0.09645540638415848 0.0)
(9.646898634423383 -0.09266418844880317 0.0)
(9.353134660691023 -0.08739318146387746 0.0)
(8.971915501634012 -0.08068949685180835 0.0)
(8.503805097217201 -0.0726257633234274 0.0)
(7.949091367809223 -0.06333722600947815 0.0)
(7.31481240634662 -0.05285404958886065 0.0)
(6.588423633461212 -0.040669149730849986 0.0)
(5.74382002327139 -0.027183918496121597 0.0)
(4.801693696694436 -0.014884371055212522 0.0)
(3.7762931962673587 -0.006182925648182176 0.0)
(2.6418422087025064 -0.001688260750601844 0.0)
(1.3828883356543897 -0.0002285640928823486 0.0)
(0.028268271781596244 -7.51324065399359e-06 0.0)
(-0.028278253065156113 -7.482936538031521e-06 0.0)
(1.1948591230429253 -0.00022826461454789976 0.0)
(2.335946907085501 -0.0016878418069321904 0.0)
(3.4239867078017006 -0.006184205738357541 0.0)
(4.443512607370947 -0.014890052412185575 0.0)
(5.367927884149741 -0.027193780578501126 0.0)
(6.210980243055906 -0.04067765863404022 0.0)
(6.9953402558401985 -0.05285678077467506 0.0)
(7.6951735536508465 -0.06333667859560072 0.0)
(8.296152778334985 -0.07262439733194355 0.0)
(8.80580366015046 -0.0806875329960187 0.0)
(9.224611481719347 -0.08739081975966946 0.0)
(9.553081413558344 -0.0926615827804355 0.0)
(9.791528805700745 -0.0964526623130788 0.0)
(9.940396259451282 -0.0987362442138986 0.0)
(10.000000000000007 -0.0994989098350642 0.0)
(9.970714851659835 -0.09873624421389983 0.0)
(9.852915638743713 -0.09645266231308136 0.0)
(9.646918586441666 -0.09266158278043773 0.0)
(9.353166296058427 -0.08739081975967393 0.0)
(8.971974117627328 -0.08068753299602352 0.0)
(8.503847221665017 -0.07262439733195014 0.0)
(7.949270890793594 -0.06333667859560861 0.0)
(7.3157708552709195 -0.052856780774681596 0.0)
(6.589019756944121 -0.04067765863404587 0.0)
(5.743183226961354 -0.027193780578507 0.0)
(4.80093183707345 -0.014890052412189122 0.0)
(3.7760132921982605 -0.006184205738358949 0.0)
(2.641830870692267 -0.001687841806932801 0.0)
(1.3829186547348602 -0.00022826461454813956 0.0)
(0.02827825306514853 -7.4829365380542755e-06 0.0)
(-0.028294160334885167 -7.4674379564914205e-06 0.0)
(1.1948066508167017 -0.0002281849174372685 0.0)
(2.335911358864699 -0.0016883737072511636 0.0)
(3.424204499634767 -0.0061878520664984575 0.0)
(4.4442810056079525 -0.014900103343511432 0.0)
(5.368775682158387 -0.027210497589810246 0.0)
(6.210658393554848 -0.040695353063130636 0.0)
(6.994410467005945 -0.05286954542916141 0.0)
(7.69494007204056 -0.0633456681811008 0.0)
(8.29610796861177 -0.07263193054846913 0.0)
(8.805743334013496 -0.08069386946342184 0.0)
(9.224578526760528 -0.0873961755125099 0.0)
(9.5530606105948 -0.09266619519514592 0.0)
(9.7915172523364 -0.09645675603998845 0.0)
(9.940390943116533 -0.09874002706723664 0.0)
(10.000000000000007 -0.09950259227194076 0.0)
(9.970720167994584 -0.09874002706723788 0.0)
(9.852927192108059 -0.09645675603999104 0.0)
(9.64693938940521 -0.09266619519514815 0.0)
(9.353199251017246 -0.08739617551251437 0.0)
(8.972034443764292 -0.08069386946342669 0.0)
(8.503892031388233 -0.07263193054847578 0.0)
(7.949504372403881 -0.06334566818110877 0.0)
(7.316700644105175 -0.05286954542916802 0.0)
(6.589341606445179 -0.040695353063136354 0.0)
(5.742335428952705 -0.02721049758981619 0.0)
(4.800163438836443 -0.014900103343515025 0.0)
(3.7757955003651937 -0.006187852066499885 0.0)
(2.641866418913069 -0.0016883737072517795 0.0)
(1.3829711269610843 -0.000228184917437509 0.0)
(0.028294160334877645 -7.467437956514192e-06 0.0)
(-0.028315294654460678 -7.467425888669529e-06 0.0)
(1.1947343309783498 -0.00022832850329545455 0.0)
(2.3358304863366435 -0.0016898330808312251 0.0)
(3.4243506098570964 -0.006193704419615789 0.0)
(4.4450221804481895 -0.014914082229651782 0.0)
(5.369797231172147 -0.027233335015149112 0.0)
(6.21062495951391 -0.04072145555727242 0.0)
(6.993550191482112 -0.05289178269674736 0.0)
(7.6946628905591705 -0.06336379978002968 0.0)
(8.296062442470415 -0.07264803197724508 0.0)
(8.805683948352977 -0.08070822784122751 0.0)
(9.224545700190895 -0.08740901340041259 0.0)
(9.553039870730156 -0.09267782303186801 0.0)
(9.791505780853232 -0.09646750769401376 0.0)
(9.940385628536713 -0.09875024491793735 0.0)
(10.000000000000007 -0.09951263378025431 0.0)
(9.970725482574405 -0.09875024491793859 0.0)
(9.852938663591226 -0.09646750769401638 0.0)
(9.646960129269853 -0.0926778230318703 0.0)
(9.35323207758688 -0.08740901340041711 0.0)
(8.97209382942481 -0.08070822784123244 0.0)
(8.503937557529587 -0.07264803197725178 0.0)
(7.949781553885272 -0.06336379978003771 0.0)
(7.317560919629011 -0.05289178269675405 0.0)
(6.589375040486115 -0.04072145555727825 0.0)
(5.741313879938941 -0.02723333501515514 0.0)
(4.799422263996204 -0.014914082229655427 0.0)
(3.7756493901428643 -0.006193704419617239 0.0)
(2.641947291441125 -0.0016898330808318483 0.0)
(1.3830434467994364 -0.0002283285032956963 0.0)
(0.028315294654453232 -7.4674258886923585e-06 0.0)
(-0.028340727420544644 -7.482900864803864e-06 0.0)
(1.1946453411292615 -0.00022868906322253215 0.0)
(2.3357078428922646 -0.001692155805467115 0.0)
(3.4244186186528207 -0.0062015056560201344 0.0)
(4.44570356602512 -0.014931374863923267 0.0)
(5.37094764619623 -0.027261289419828232 0.0)
(6.210881409963687 -0.040754819220626175 0.0)
(6.992797228201386 -0.0529225155125771 0.0)
(7.6943541880538815 -0.06339027672310124 0.0)
(8.296018200246285 -0.07267199415094773 0.0)
(8.805628112466184 -0.08072997724858284 0.0)
(9.224514444349865 -0.08742876935006934 0.0)
(9.553020105236122 -0.09269595538472873 0.0)
(9.791494895287228 -0.09648444486714645 0.0)
(9.940380549224734 -0.09876644881233396 0.0)
(10.000000000000007 -0.09952859315450001 0.0)
(9.970730561886382 -0.09876644881233519 0.0)
(9.85294954915723 -0.09648444486714908 0.0)
(9.646979894763888 -0.09269595538473108 0.0)
(9.35326333342791 -0.08742876935007392 0.0)
(8.972149665311605 -0.08072997724858783 0.0)
(8.503981799753717 -0.07267199415095449 0.0)
(7.9500902563905615 -0.06339027672310936 0.0)
(7.318313882909737 -0.0529225155125839 0.0)
(6.589118590036337 -0.040754819220632114 0.0)
(5.740163464914856 -0.027261289419834342 0.0)
(4.798740878419273 -0.014931374863926967 0.0)
(3.7755813813471404 -0.006201505656021611 0.0)
(2.6420699348855043 -0.0016921558054677473 0.0)
(1.383132436648525 -0.00022868906322277564 0.0)
(0.02834072742053728 -7.4829008648267886e-06 0.0)
(-0.028369341163923263 -7.513182942753753e-06 0.0)
(1.1945435913206033 -0.0002292507548749312 0.0)
(2.335548817260139 -0.001695239824887637 0.0)
(3.4244055378398737 -0.0062109130036558475 0.0)
(4.446295223503053 -0.014951221439611976 0.0)
(5.3721763800991 -0.027293132538447135 0.0)
(6.211416476940577 -0.04079397811486123 0.0)
(6.992184660992817 -0.05296039353294719 0.0)
(7.694027528348019 -0.0634239356618751 0.0)
(8.295977185861771 -0.0727027642155021 0.0)
(8.805578279679834 -0.08075816205631807 0.0)
(9.224486132561909 -0.08745457532119473 0.0)
(9.553002182572346 -0.09271979555131561 0.0)
(9.79148507393024 -0.09650682337098475 0.0)
(9.940375928356275 -0.09878792678095086 0.0)
(10.000000000000007 -0.0995497691689703 0.0)
(9.970735182754844 -0.09878792678095212 0.0)
(9.852959370514219 -0.0965068233709874 0.0)
(9.646997817427664 -0.09271979555131799 0.0)
(9.353291645215865 -0.08745457532119937 0.0)
(8.972199498097954 -0.08075816205632311 0.0)
(8.504022814138233 -0.07270276421550895 0.0)
(7.950416916096424 -0.06342393566188333 0.0)
(7.318926450118307 -0.05296039353295411 0.0)
(6.5885835230594445 -0.04079397811486727 0.0)
(5.738934731011982 -0.027293132538453342 0.0)
(4.7981492209413386 -0.014951221439615739 0.0)
(3.7755944621600874 -0.006210913003657355 0.0)
(2.6422289605176306 -0.0016952398248882793 0.0)
(1.3832341864571833 -0.0002292507548751768 0.0)
(0.028369341163915984 -7.513182942776807e-06 0.0)
(-0.028399878649059844 -7.556941583413572e-06 0.0)
(1.1944335522528218 -0.00022998889854903117 0.0)
(2.335360396735613 -0.0016989496329215075 0.0)
(3.4243119421652466 -0.006221513120878072 0.0)
(4.4467711565348145 -0.014972749934490433 0.0)
(5.373429444560972 -0.027327465242629054 0.0)
(6.212206650580493 -0.040837211669804065 0.0)
(6.991739404938888 -0.05300375246693844 0.0)
(7.693697264271453 -0.06346329768415881 0.0)
(8.295941201413891 -0.07273899019056394 0.0)
(8.805536639555392 -0.08079154387554395 0.0)
(9.224462008795197 -0.08748529744662821 0.0)
(9.552986890227885 -0.09274829603832317 0.0)
(9.791476748314727 -0.0965336599350103 0.0)
(9.94037196896384 -0.09881373512113983 0.0)
(10.000000000000007 -0.09957523138832984 0.0)
(9.970739142147279 -0.09881373512114112 0.0)
(9.85296769612973 -0.09653365993501298 0.0)
(9.647013109772125 -0.09274829603832557 0.0)
(9.353315768982577 -0.0874852974466329 0.0)
(8.972241138222396 -0.08079154387554907 0.0)
(8.504058798586112 -0.0727389901905709 0.0)
(7.950747180172992 -0.06346329768416716 0.0)
(7.319371706172237 -0.05300375246694548 0.0)
(6.587793349419526 -0.040837211669810226 0.0)
(5.737681666550107 -0.02732746524263536 0.0)
(4.797673287909577 -0.014972749934494255 0.0)
(3.7756880578347154 -0.006221513120879609 0.0)
(2.642417381042157 -0.001698949632922161 0.0)
(1.383344225524965 -0.0002299888985492792 0.0)
(0.02839987864905265 -7.556941583436782e-06 0.0)
(-0.028430998114724236 -7.6122541121669006e-06 0.0)
(1.1943200588412446 -0.00023087106156218775 0.0)
(2.3351508601718285 -0.0017031222273906205 0.0)
(3.4241419440516534 -0.006232840257928428 0.0)
(4.447110453493684 -0.014995014425878951 0.0)
(5.3746517822218065 -0.02736277901616214 0.0)
(6.213217212099279 -0.04088262028214403 0.0)
(6.991481023776035 -0.0530506872023142 0.0)
(7.693377907023506 -0.06350663329470405 0.0)
(8.295911827993457 -0.07277908037306262 0.0)
(8.805505021683748 -0.080828655970194 0.0)
(9.224443133003906 -0.08751958585238274 0.0)
(9.552974900120377 -0.09278020458649243 0.0)
(9.791470284253005 -0.09656377540969592 0.0)
(9.94036884501589 -0.09884273986164807 0.0)
(10.000000000000007 -0.09960386104924175 0.0)
(9.970742266095229 -0.09884273986164936 0.0)
(9.852974160191451 -0.09656377540969863 0.0)
(9.647025099879633 -0.09278020458649489 0.0)
(9.35333464477387 -0.08751958585238749 0.0)
(8.97227275609404 -0.08082865597019917 0.0)
(8.504088172006545 -0.07277908037306963 0.0)
(7.951066537420939 -0.0635066332947125 0.0)
(7.3196300873350895 -0.05305068720232136 0.0)
(6.586782787900736 -0.04088262028215032 0.0)
(5.73645932888927 -0.027362779016168536 0.0)
(4.7973339909507065 -0.014995014425882828 0.0)
(3.775858055948309 -0.006232840257929994 0.0)
(2.6426269176059423 -0.0017031222273912853 0.0)
(1.3834577189365427 -0.0002308710615624384 0.0)
(0.028430998114717124 -7.612254112190286e-06 0.0)
(-0.028461332228526606 -7.676690197691727e-06 0.0)
(1.1942080977787457 -0.0002318584832854745 0.0)
(2.334929414222062 -0.001707574272127548 0.0)
(3.423903012905203 -0.006244396721127333 0.0)
(4.447298206292015 -0.015017036652757644 0.0)
(5.37578968580099 -0.02739752223644207 0.0)
(6.21440375927257 -0.04092820878052764 0.0)
(6.9914208702998595 -0.05309913551266674 0.0)
(7.693083488577406 -0.06355203840606369 0.0)
(8.295890356214825 -0.072821273273722 0.0)
(8.80548481529634 -0.08086786770272396 0.0)
(9.22443033455577 -0.08755593396863838 0.0)
(9.552966739073215 -0.0928141191925919 0.0)
(9.791465965764122 -0.09659584657617866 0.0)
(9.940366693772981 -0.09887366658724026 0.0)
(10.000000000000007 -0.09963440021678206 0.0)
(9.970744417338137 -0.09887366658724157 0.0)
(9.852978478680336 -0.0965958465761814 0.0)
(9.647033260926795 -0.09281411919259439 0.0)
(9.353347443222006 -0.08755593396864318 0.0)
(8.972292962481449 -0.08086786770272922 0.0)
(8.50410964378518 -0.07282127327372911 0.0)
(7.951360955867041 -0.06355203840607222 0.0)
(7.319690240811264 -0.05309913551267401 0.0)
(6.585596240727441 -0.04092820878053403 0.0)
(5.735321425310083 -0.027397522236448542 0.0)
(4.797146238152376 -0.01501703665276158 0.0)
(3.7760969870947605 -0.006244396721128929 0.0)
(2.642848363555709 -0.0017075742721282246 0.0)
(1.3835696799990418 -0.00023185848328572786 0.0)
(0.028461332228519556 -7.676690197715305e-06 0.0)
(-0.028489548165001155 -7.747418636272579e-06 0.0)
(1.1941025884295846 -0.00023290777821480718 0.0)
(2.3347057888162226 -0.0017121101524313362 0.0)
(3.423605646923358 -0.006255674740623783 0.0)
(4.447326165415333 -0.015037848998766 0.0)
(5.376793157896991 -0.02743016834993067 0.0)
(6.215714157388298 -0.040971974089737705 0.0)
(6.991561587544058 -0.053146968667872836 0.0)
(7.692826945141049 -0.0635975180007109 0.0)
(8.295877729508664 -0.07286371501367685 0.0)
(8.805476908224863 -0.08090745618134228 0.0)
(9.224424175791187 -0.08759274472566382 0.0)
(9.552962765667877 -0.09284854971087457 0.0)
(9.791463982594575 -0.09662846428607579 0.0)
(9.940365609756794 -0.09890515643417275 0.0)
(10.000000000000007 -0.09966550705579887 0.0)
(9.970745501354324 -0.09890515643417407 0.0)
(9.852980461849883 -0.09662846428607857 0.0)
(9.647037234332133 -0.09284854971087711 0.0)
(9.353353601986587 -0.08759274472566868 0.0)
(8.972300869552926 -0.08090745618134762 0.0)
(8.50412227049134 -0.07286371501368405 0.0)
(7.951617499303397 -0.06359751800071954 0.0)
(7.319549523567065 -0.053146968667880205 0.0)
(6.58428584261171 -0.0409719740897442 0.0)
(5.734317953214081 -0.027430168349937216 0.0)
(4.797118279029058 -0.015037848998769978 0.0)
(3.7763943530766064 -0.006255674740625405 0.0)
(2.6430719889615495 -0.0017121101524320236 0.0)
(1.383675189348203 -0.00023290777821506324 0.0)
(0.028489548164994168 -7.74741863629635e-06 0.0)
(-0.028514406167518803 -7.821331749712237e-06 0.0)
(1.1940081666815396 -0.00023397284225062172 0.0)
(2.334489809645531 -0.0017165305700195946 0.0)
(3.423262911823345 -0.0062661787808736555 0.0)
(4.44719310239091 -0.015056537007495513 0.0)
(5.37761810778171 -0.027459282946125627 0.0)
(6.217090829950563 -0.04101199324215391 0.0)
(6.991896992650354 -0.053192084966601015 0.0)
(7.692619548763699 -0.06364107378845946 0.0)
(8.295874502669344 -0.07290454078051854 0.0)
(8.80548164789157 -0.08094568196072359 0.0)
(9.224424927315006 -0.08762840072613874 0.0)
(9.552963154488525 -0.09288198332735599 0.0)
(9.791464421881207 -0.09666019537688685 0.0)
(9.940365640597015 -0.09893582579618035 0.0)
(10.000000000000007 -0.09969581478869412 0.0)
(9.970745470514103 -0.09893582579618167 0.0)
(9.852980022563251 -0.09666019537688963 0.0)
(9.647036845511485 -0.09288198332735856 0.0)
(9.353352850462768 -0.08762840072614365 0.0)
(8.972296129886217 -0.08094568196072899 0.0)
(8.504125497330659 -0.07290454078052583 0.0)
(7.951824895680748 -0.06364107378846816 0.0)
(7.319214118460767 -0.05319208496660848 0.0)
(6.58290917004944 -0.041011993242160476 0.0)
(5.733493003329361 -0.02745928294613223 0.0)
(4.797251342053483 -0.015056537007499529 0.0)
(3.7767370881766205 -0.0062661787808753 0.0)
(2.643287968132241 -0.001716530570020292 0.0)
(1.3837696110962483 -0.00023397284225088033 0.0)
(0.028514406167511865 -7.821331749736198e-06 0.0)
(-0.028534814020925343 -7.895181931026377e-06 0.0)
(1.19392898125348 -0.00023500687842766406 0.0)
(2.3342909664396254 -0.0017206412998304209 0.0)
(3.4228898667584424 -0.00627544731356497 0.0)
(4.446904863764606 -0.015072279562031356 0.0)
(5.378228288666415 -0.027483586782933788 0.0)
(6.218473288485532 -0.04104650786943206 0.0)
(6.992412348531984 -0.053232502081223106 0.0)
(7.692470412062753 -0.06368079200767873 0.0)
(8.295880817478283 -0.07294195676474068 0.0)
(8.80549882604418 -0.08098086547005394 0.0)
(9.224432556106647 -0.0876613353106331 0.0)
(9.552967888451093 -0.09291295103009299 0.0)
(9.791467264322568 -0.09668964564253198 0.0)
(9.940366784938583 -0.09896432711760447 0.0)
(10.000000000000007 -0.09972399174913084 0.0)
(9.970744326172536 -0.09896432711760582 0.0)
(9.85297718012189 -0.0966896456425348 0.0)
(9.647032111548919 -0.09291295103009559 0.0)
(9.353345221671127 -0.08766133531063804 0.0)
(8.972278951733607 -0.08098086547005937 0.0)
(8.50411918252172 -0.07294195676474802 0.0)
(7.951974032381694 -0.06368079200768752 0.0)
(7.318698762579135 -0.05323250208123064 0.0)
(6.581526711514469 -0.04104650786943869 0.0)
(5.7328828224446555 -0.027483586782940425 0.0)
(4.797539580679788 -0.0150722795620354 0.0)
(3.777110133241524 -0.00627544731356663 0.0)
(2.643486811338147 -0.0017206412998311265 0.0)
(1.3838487965243083 -0.0002350068784279249 0.0)
(0.02853481402091844 -7.895181931050515e-06 0.0)
(-0.02854987504147722 -7.965724338353148e-06 0.0)
(1.1938685114082488 -0.00023596445308803066 0.0)
(2.3341179960051996 -0.0017242617239162943 0.0)
(3.4225029026463356 -0.00628307309632757 0.0)
(4.446474114214343 -0.01508438496332742 0.0)
(5.3785968903193275 -0.027502011994228404 0.0)
(6.219800790294313 -0.041074001461992284 0.0)
(6.993085011394324 -0.05326644415766362 0.0)
(7.6923860878320145 -0.06371492751247868 0.0)
(8.295896396474328 -0.07297431897644714 0.0)
(8.805527687906094 -0.08101146081029974 0.0)
(9.22444672697096 -0.08769010139375631 0.0)
(9.552976759553923 -0.09294009215488115 0.0)
(9.791472385026983 -0.0967155210922165 0.0)
(9.94036899250122 -0.09898940810252344 0.0)
(10.000000000000007 -0.09974879989301573 0.0)
(9.970742118609898 -0.09898940810252478 0.0)
(9.852972059417473 -0.09671552109221931 0.0)
(9.647023240446087 -0.09294009215488377 0.0)
(9.353331050806815 -0.08769010139376131 0.0)
(8.972250089871695 -0.08101146081030522 0.0)
(8.504103603525675 -0.07297431897645454 0.0)
(7.952058356612433 -0.06371492751248752 0.0)
(7.318026099716792 -0.053266444157671226 0.0)
(6.580199209705685 -0.041074001461998945 0.0)
(5.732514220791743 -0.02750201199423507 0.0)
(4.7979703302300525 -0.015084384963331475 0.0)
(3.7774970973536317 -0.0062830730963292425 0.0)
(2.6436597817725733 -0.0017242617239170064 0.0)
(1.3839092663695394 -0.00023596445308829338 0.0)
(0.028549875041470323 -7.965724338377444e-06 0.0)
(-0.028558927475484726 -8.029859467368298e-06 0.0)
(1.1938294140802195 -0.00023680349215297826 0.0)
(2.3339784983467022 -0.0017272327674662609 0.0)
(3.4221190219821795 -0.006288721066217845 0.0)
(4.445919780087327 -0.015092321322196955 0.0)
(5.378707717058155 -0.027513749009933173 0.0)
(6.221015007376025 -0.04109326600167557 0.0)
(6.993885425661809 -0.05329241984317907 0.0)
(7.692370281123914 -0.0637419804512275 0.0)
(8.295920555144894 -0.07300020547926057 0.0)
(8.805566965339898 -0.08103612367818323 0.0)
(9.224466817266093 -0.08771343504644204 0.0)
(9.552989378016989 -0.09296221417035054 0.0)
(9.791479559000072 -0.09673668480601903 0.0)
(9.940372166288665 -0.09900996673834425 0.0)
(10.000000000000007 -0.09976914919589171 0.0)
(9.970738944822454 -0.09900996673834563 0.0)
(9.852964885444386 -0.09673668480602188 0.0)
(9.647010621983021 -0.09296221417035316 0.0)
(9.353310960511683 -0.08771343504644703 0.0)
(8.97221081243789 -0.08103612367818874 0.0)
(8.50407944485511 -0.07300020547926797 0.0)
(7.952074163320533 -0.06374198045123637 0.0)
(7.317225685449306 -0.05329241984318669 0.0)
(6.578984992623971 -0.04109326600168225 0.0)
(5.732403394052916 -0.027513749009939838 0.0)
(4.798524664357071 -0.01509232132220101 0.0)
(3.777880978017789 -0.006288721066219523 0.0)
(2.643799279431071 -0.0017272327674669773 0.0)
(1.3839483636975687 -0.00023680349215324245 0.0)
(0.02855892747547783 -8.029859467392726e-06 0.0)
(-0.028561573575558538 -8.084769337834804e-06 0.0)
(1.1938134071344588 -0.00023748712978097176 0.0)
(2.333878602736043 -0.0017294238882621055 0.0)
(3.4217550917800676 -0.006292143061771483 0.0)
(4.445266217810972 -0.015095739929550392 0.0)
(5.378555899358747 -0.02751828212705029 0.0)
(6.2220625892534445 -0.04110345503985174 0.0)
(6.994778422595838 -0.05330928781366904 0.0)
(7.692423686456289 -0.06376076216728854 0.0)
(8.295952232002191 -0.0730184788676053 0.0)
(8.805614932567009 -0.08105377043240901 0.0)
(9.22449194426123 -0.08773031103067895 0.0)
(9.553005189408108 -0.09297834507561255 0.0)
(9.791488471030577 -0.09675220688907303 0.0)
(9.940376166850502 -0.09902509971621995 0.0)
(10.000000000000007 -0.0997841455466184 0.0)
(9.970734944260615 -0.0990250997162213 0.0)
(9.85295597341388 -0.09675220688907588 0.0)
(9.646994810591902 -0.09297834507561517 0.0)
(9.353285833516546 -0.08773031103068395 0.0)
(8.972162845210779 -0.08105377043241452 0.0)
(8.504047767997811 -0.07301847886761273 0.0)
(7.952020757988158 -0.06376076216729744 0.0)
(7.316332688515274 -0.05330928781367667 0.0)
(6.577937410746549 -0.0411034550398584 0.0)
(5.7325552117523255 -0.027518282127056932 0.0)
(4.799178226633428 -0.015095739929554439 0.0)
(3.778244908219902 -0.006292143061773159 0.0)
(2.64389917504173 -0.0017294238882628237 0.0)
(1.3839643706433291 -0.00023748712978123693 0.0)
(0.02856157357555162 -8.084769337859328e-06 0.0)
)
