(
(-0.021042471088896172 5.218278602327009e-05 0.0)
(1.2072409442170762 0.0006587649505384823 0.0)
(2.326786902452713 0.0022116419413881383 0.0)
(3.370504269269659 0.003839859863396819 0.0)
(4.352408283887582 0.004251841224959526 0.0)
(5.270595623794814 0.0036089331502191604 0.0)
(6.136703253136753 0.0035697040197288305 0.0)
(6.944179383935067 0.004883137288752666 0.0)
(7.65436381226217 0.006518644281105655 0.0)
(8.26224233251824 0.007854906756206639 0.0)
(8.778620829587366 0.008972834678869971 0.0)
(9.203578114072585 0.009898260618673781 0.0)
(9.537719418903588 0.010624057997126572 0.0)
(9.781487593536704 0.011145203093188331 0.0)
(9.935434212000162 0.011459258409882265 0.0)
(10.000000000000004 0.011563926232105653 0.0)
(9.975676899110937 0.01145925840988061 0.0)
(9.862956850907752 0.011145203093185105 0.0)
(9.662280581096407 0.01062405799712245 0.0)
(9.37419966370518 0.00989826061866816 0.0)
(8.999156948190416 0.008972834678863915 0.0)
(8.537757667481742 0.007854906756198958 0.0)
(7.9900806321822735 0.006518644281097208 0.0)
(7.366931727176069 0.0048831372887452925 0.0)
(6.663296746863265 0.0035697040197216422 0.0)
(5.840515487316299 0.0036089331502118954 0.0)
(4.892036160556873 0.004251841224955373 0.0)
(3.8294957307303363 0.003839859863395362 0.0)
(2.6509908753250717 0.0022116419413878486 0.0)
(1.3705368335607164 0.0006587649505383113 0.0)
(0.021042471088899443 5.218278602325344e-05 0.0)
(-0.021058408918359157 5.218961939500137e-05 0.0)
(1.2071872703314463 0.0006587393963003535 0.0)
(2.326737071232594 0.0022107909973689654 0.0)
(3.3706619559919875 0.0038357806976480617 0.0)
(4.35305997532132 0.004241506801223515 0.0)
(5.271400758100884 0.0035919189873654888 0.0)
(6.13654732832023 0.0035508797019064287 0.0)
(6.943406266548696 0.004868118005500139 0.0)
(7.654143833879256 0.006507022888706946 0.0)
(8.26220335518542 0.007844784773012101 0.0)
(8.778569160315005 0.008963976411869563 0.0)
(9.203549725360133 0.009890476853971156 0.0)
(9.537701490820302 0.010617112988804803 0.0)
(9.781477656587269 0.011138856802771158 0.0)
(9.935429624288384 0.011453274620491704 0.0)
(10.000000000000004 0.011558061190339825 0.0)
(9.975681486822713 0.011453274620490042 0.0)
(9.86296678785719 0.011138856802767917 0.0)
(9.662298509179696 0.010617112988800664 0.0)
(9.374228052417632 0.009890476853965508 0.0)
(8.999208617462777 0.008963976411863469 0.0)
(8.537796644814563 0.007844784773004373 0.0)
(7.990300610565188 0.006507022888698443 0.0)
(7.367704844562441 0.004868118005492698 0.0)
(6.663452671679787 0.003550879701899164 0.0)
(5.839710353010227 0.0035919189873581587 0.0)
(4.8913844691231345 0.004241506801219321 0.0)
(3.829338044008008 0.0038357806976465863 0.0)
(2.6510407065451904 0.0022107909973686705 0.0)
(1.3705905074463465 0.0006587393963001819 0.0)
(0.021058408918362498 5.2189619394984695e-05 0.0)
(-0.0210784657946874 5.2183086351961516e-05 0.0)
(1.207117808826822 0.0006585237952775523 0.0)
(2.326649622594115 0.0022091666566963664 0.0)
(3.3707550628830534 0.0038299061883685513 0.0)
(4.353674411164279 0.004228041724860205 0.0)
(5.272336890000256 0.00357004634479579 0.0)
(6.136640951486826 0.0035252830791854426 0.0)
(6.942709115610982 0.004845335865407735 0.0)
(7.6538912844627625 0.006487847756109381 0.0)
(8.262164604687515 0.0078275666004117 0.0)
(8.778519405213403 0.008948461102167285 0.0)
(9.203522056863974 0.009876473692045928 0.0)
(9.53768400221982 0.01060432893281888 0.0)
(9.781468003269461 0.011126963747671737 0.0)
(9.935425136753219 0.011441926564196835 0.0)
(10.000000000000004 0.011546894138571483 0.0)
(9.975685974357878 0.011441926564195166 0.0)
(9.862976441174995 0.011126963747668476 0.0)
(9.662315997780176 0.01060432893281471 0.0)
(9.37425572091379 0.009876473692040238 0.0)
(8.999258372564379 0.008948461102161145 0.0)
(8.537835395312467 0.007827566600403913 0.0)
(7.990553159981682 0.006487847756100811 0.0)
(7.3684019955001565 0.004845335865400211 0.0)
(6.66335904851319 0.0035252830791780896 0.0)
(5.838774221110852 0.003570046344788386 0.0)
(4.890770033280173 0.0042280417248559635 0.0)
(3.829244937116942 0.0038299061883670543 0.0)
(2.65112815518367 0.0022091666566960645 0.0)
(1.370659968950971 0.0006585237952773792 0.0)
(0.021078465794690804 5.218308635194477e-05 0.0)
(-0.021101760455428043 5.2163473944109844e-05 0.0)
(1.2070356117146401 0.0006581276205845894 0.0)
(2.326528398870467 0.0022068402899278494 0.0)
(3.370779498996398 0.0038224944507489205 0.0)
(4.3542245942296 0.004212037626691336 0.0)
(5.273362887569876 0.003544276266409708 0.0)
(6.136980009005878 0.003494038820340532 0.0)
(6.942118562658726 0.004815791874032368 0.0)
(7.653617260572023 0.006461961403559386 0.0)
(8.262127783650511 0.007804008773409745 0.0)
(8.778473750430702 0.008926970464086999 0.0)
(9.20349632428721 0.009856866406215022 0.0)
(9.537667721519254 0.010586267537201047 0.0)
(9.781459057732407 0.011110046486973408 0.0)
(9.935420946568751 0.011425712853830575 0.0)
(10.000000000000004 0.011530915736625777 0.0)
(9.975690164542348 0.011425712853828892 0.0)
(9.86298538671205 0.01111004648697013 0.0)
(9.662332278480743 0.010586267537196846 0.0)
(9.374281453490555 0.00985686640620929 0.0)
(8.99930402734708 0.008926970464080801 0.0)
(8.537872216349472 0.00780400877340189 0.0)
(7.9908271838724225 0.006461961403550736 0.0)
(7.368992548452415 0.00481579187402475 0.0)
(6.663019990994136 0.003494038820333082 0.0)
(5.8377482235412295 0.0035442762664022243 0.0)
(4.8902198502148515 0.004212037626687044 0.0)
(3.829220501003597 0.003822494450747399 0.0)
(2.6512493789073184 0.0022068402899275397 0.0)
(1.3707421660631531 0.0006581276205844147 0.0)
(0.021101760455431516 5.2163473944093005e-05 0.0)
(-0.021127269375804527 5.2131643904767463e-05 0.0)
(1.2069442905856347 0.0006575682794126924 0.0)
(2.326378726410295 0.0022039141133632545 0.0)
(3.3707341906539057 0.003813871142980783 0.0)
(4.354686350479925 0.004194197697511781 0.0)
(5.2744336703535435 0.003515741042306501 0.0)
(6.137549603310288 0.0034585197409455898 0.0)
(6.941660555508262 0.0047807841403058665 0.0)
(7.653333802315486 0.006430501230030262 0.0)
(8.262094509923411 0.007775146379826873 0.0)
(8.77843420195453 0.008900448756949937 0.0)
(9.203473658272188 0.009832516504747334 0.0)
(9.537653364062802 0.01056372238663237 0.0)
(9.78145121302664 0.011088848334162005 0.0)
(9.93541723784402 0.011405345890164271 0.0)
(10.000000000000004 0.01151082804625254 0.0)
(9.975693873267078 0.011405345890162578 0.0)
(9.862993231417816 0.011088848334158703 0.0)
(9.662346635937196 0.01056372238662813 0.0)
(9.374304119505577 0.009832516504741554 0.0)
(8.999343575823252 0.008900448756943676 0.0)
(8.53790549007657 0.007775146379818943 0.0)
(7.991110642128961 0.0064305012300215235 0.0)
(7.369450555602878 0.004780784140298148 0.0)
(6.6624503966897235 0.0034585197409380372 0.0)
(5.836677440757558 0.0035157410422989367 0.0)
(4.8897580939645255 0.004194197697507437 0.0)
(3.8292658093460905 0.0038138711429792365 0.0)
(2.6513990513674908 0.0022039141133629353 0.0)
(1.3708334871921586 0.0006575682794125158 0.0)
(0.021127269375808076 5.21316439047505e-05 0.0)
(-0.021153871740522762 5.2088994787631664e-05 0.0)
(1.206847857923147 0.000656870348189669 0.0)
(2.3262071815476806 0.002200516697847542 0.0)
(3.3706211286212557 0.003804415157431577 0.0)
(4.355039391190372 0.00417530579117246 0.0)
(5.275502190114688 0.003485694458029547 0.0)
(6.138324707468363 0.0034202864843689076 0.0)
(6.941355218155882 0.004741850840003332 0.0)
(7.653053364330369 0.006394849537992117 0.0)
(8.262066245492914 0.007742247580434857 0.0)
(8.778402497472579 0.008870061296047614 0.0)
(9.20345505472214 0.009804493877766475 0.0)
(9.537641560690833 0.010537684073783641 0.0)
(9.781444813834181 0.011064300697291137 0.0)
(9.935414173533605 0.011381720560321112 0.0)
(10.000000000000004 0.01148751368381739 0.0)
(9.975696937577492 0.011381720560319405 0.0)
(9.862999630610277 0.011064300697287806 0.0)
(9.662358439309163 0.010537684073779367 0.0)
(9.374322723055624 0.009804493877760643 0.0)
(8.999375280305204 0.00887006129604129 0.0)
(8.537933754507069 0.0077422475804268505 0.0)
(7.991391080114077 0.006394849537983288 0.0)
(7.369755892955258 0.004741850839995511 0.0)
(6.661675292531646 0.0034202864843612536 0.0)
(5.835608920996412 0.003485694458021902 0.0)
(4.8894050532540785 0.004175305791168066 0.0)
(3.829378871378741 0.0038044151574300037 0.0)
(2.6515705962301057 0.002200516697847213 0.0)
(1.3709299198546467 0.0006568703481894902 0.0)
(0.02115387174052638 5.208899478761457e-05 0.0)
(-0.021180398690344677 5.203740051688505e-05 0.0)
(1.206750550801948 0.0006560644927366296 0.0)
(2.326021301650055 0.0021967973196030757 0.0)
(3.370445280637322 0.003794541972807097 0.0)
(4.355268204397995 0.0041561919834761565 0.0)
(5.276521498049805 0.0034554567055233025 0.0)
(6.13927126482141 0.0033810189499586998 0.0)
(6.9412159665662525 0.0047007026311136025 0.0)
(7.652788268548694 0.006356572797570181 0.0)
(8.262044232246383 0.007706757888292334 0.0)
(8.778380030021783 0.008837143250819789 0.0)
(9.203441331043024 0.009774029788236029 0.0)
(9.53763283002192 0.010509296674485694 0.0)
(9.781440141323836 0.011037482154616272 0.0)
(9.935411888277702 0.01135587491807309 0.0)
(10.000000000000004 0.011461997039753296 0.0)
(9.975699222833395 0.011355874918071369 0.0)
(9.863004303120622 0.011037482154612917 0.0)
(9.662367169978076 0.010509296674481378 0.0)
(9.374336446734741 0.009774029788230144 0.0)
(8.999397747756 0.0088371432508134 0.0)
(8.5379557677536 0.007706757888284249 0.0)
(7.991656175895754 0.006356572797561262 0.0)
(7.369895144544888 0.0047007026311056774 0.0)
(6.660728735178596 0.0033810189499509486 0.0)
(5.834589613061293 0.003455456705515584 0.0)
(4.889176240046456 0.004156191983471714 0.0)
(3.8295547193626756 0.0037945419728054983 0.0)
(2.6517564761277317 0.0021967973196027365 0.0)
(1.371027226975846 0.0006560644927364487 0.0)
(0.021180398690348365 5.203740051686779e-05 0.0)
(-0.021205684679624786 5.1979128050395176e-05 0.0)
(1.2066566447189249 0.0006551861208679101 0.0)
(2.325829253940062 0.002192919401305508 0.0)
(3.370214373140813 0.003784685398777262 0.0)
(4.355362736469052 0.004137696100165324 0.0)
(5.277446807632996 0.003426356376314488 0.0)
(6.140347685371015 0.003342442481339026 0.0)
(6.941248919199466 0.0046591474906567685 0.0)
(7.652550162794126 0.006317352818713276 0.0)
(8.262029437405603 0.007670236655545486 0.0)
(8.778367786780827 0.008803140979951907 0.0)
(9.20343309022819 0.009742462772517491 0.0)
(9.537627555665681 0.010479807479130396 0.0)
(9.781437400797163 0.011009571063839409 0.0)
(9.935410482486272 0.011328944573657311 0.0)
(10.000000000000004 0.01143539926871906 0.0)
(9.975700628624825 0.011328944573655584 0.0)
(9.863007043647293 0.01100957106383603 0.0)
(9.662372444334315 0.010479807479126042 0.0)
(9.374344687549574 0.009742462772511559 0.0)
(8.999409990996956 0.008803140979945456 0.0)
(8.53797056259438 0.007670236655537327 0.0)
(7.991894281650322 0.00631735281870427 0.0)
(7.369862191911673 0.004659147490648748 0.0)
(6.659652314628988 0.0033424424813311864 0.0)
(5.833664303478099 0.0034263563763067026 0.0)
(4.889081707975398 0.004137696100160838 0.0)
(3.8297856268591848 0.003784685398775639 0.0)
(2.6519485238377256 0.0021929194013051586 0.0)
(1.3711211330588693 0.0006551861208677265 0.0)
(0.021205684679628523 5.197912805037774e-05 0.0)
(-0.021228618688253518 5.191673777373313e-05 0.0)
(1.2065702657355692 0.0006542738266364856 0.0)
(2.325639476642737 0.002189053331590382 0.0)
(3.3699385517846934 0.00377527851517285 0.0)
(4.355318833837284 0.004120630816515376 0.0)
(5.278237462453984 0.00339967208563099 0.0)
(6.141506673167482 0.0033062520579673817 0.0)
(6.941452628177105 0.004619011275481523 0.0)
(7.652349508997921 0.006278912855541451 0.0)
(8.262022511028809 0.007634288558347505 0.0)
(8.77836630569532 0.008769548481020512 0.0)
(9.203430694363968 0.009711179827531308 0.0)
(9.537625969367681 0.0104505121890127 0.0)
(9.78143671266789 0.010981793787227388 0.0)
(9.935410017927222 0.011302112797139741 0.0)
(10.000000000000004 0.01140888902811468 0.0)
(9.975701093183877 0.011302112797138 0.0)
(9.863007731776566 0.010981793787223987 0.0)
(9.662374030632314 0.010450512189008318 0.0)
(9.374347083413795 0.00971117982752533 0.0)
(8.999411472082462 0.008769548481014005 0.0)
(8.537977488971174 0.007634288558339278 0.0)
(7.992094935446527 0.006278912855532367 0.0)
(7.369658482934033 0.004619011275473418 0.0)
(6.658493326832517 0.0033062520579594658 0.0)
(5.83287364865711 0.00339967208562315 0.0)
(4.889125610607167 0.004120630816510856 0.0)
(3.8300614482153055 0.0037752785151712064 0.0)
(2.6521383011350506 0.002189053331590024 0.0)
(1.3712075120422251 0.0006542738266362999 0.0)
(0.021228618688257303 5.191673777371553e-05 0.0)
(-0.021248193037848317 5.1852971001515654e-05 0.0)
(1.206495209186384 0.0006533676945818903 0.0)
(2.3254603082253373 0.002185368978488206 0.0)
(3.3696299356547494 0.0037667346432500325 0.0)
(4.355138425504012 0.004105745949869842 0.0)
(5.278858722586395 0.0033765762923879112 0.0)
(6.142697304407346 0.0032740378208382078 0.0)
(6.9418181428993675 0.0045820574974555365 0.0)
(7.652195123520797 0.006242941889712552 0.0)
(8.262023757448326 0.007600493090324081 0.0)
(8.77837565184145 0.008737841746972905 0.0)
(9.20343424872025 0.009681555468649645 0.0)
(9.537628140826952 0.010422697985586163 0.0)
(9.781438107171162 0.010955370807497446 0.0)
(9.935410515012421 0.011276558527693206 0.0)
(10.000000000000004 0.011383631129413194 0.0)
(9.975700596098676 0.011276558527691454 0.0)
(9.863006337273296 0.010955370807494026 0.0)
(9.662371859173044 0.01042269798558175 0.0)
(9.374343529057516 0.009681555468643629 0.0)
(8.999402125936331 0.00873784174696635 0.0)
(8.537976242551656 0.007600493090315799 0.0)
(7.992249320923652 0.0062429418897034005 0.0)
(7.369292968211769 0.00458205749744736 0.0)
(6.6573026955926515 0.003274037820830232 0.0)
(5.832252388524699 0.0033765762923800304 0.0)
(4.889306018940441 0.004105745949865293 0.0)
(3.8303700643452507 0.0037667346432483724 0.0)
(2.6523174695524507 0.00218536897848784 0.0)
(1.3712825685914103 0.0006533676945817025 0.0)
(0.021248193037852137 5.185297100149791e-05 0.0)
(-0.02126354766729825 5.1790629529056e-05 0.0)
(1.2064347729188285 0.0006525075384888811 0.0)
(2.325299621020344 0.002182028225733956 0.0)
(3.3693020847791333 0.0037594291851105253 0.0)
(4.354829438281351 0.004093695514038029 0.0)
(5.279283290996575 0.0033580837834877946 0.0)
(6.143867264932122 0.0032472152045966776 0.0)
(6.9423294033180465 0.004549909837980243 0.0)
(7.652093789778179 0.006211020419658077 0.0)
(8.262033121898762 0.007570335162513108 0.0)
(8.778395414566656 0.00870941391369731 0.0)
(9.203443597125121 0.009654891336005528 0.0)
(9.537633974633545 0.010397586974064697 0.0)
(9.78144152303505 0.010931463102039445 0.0)
(9.93541195190086 0.011253404573166976 0.0)
(10.000000000000004 0.011360735358475527 0.0)
(9.975699159210237 0.011253404573165217 0.0)
(9.863002921409405 0.01093146310203601 0.0)
(9.66236602536645 0.010397586974060263 0.0)
(9.374334180652644 0.009654891335999484 0.0)
(8.999382363211126 0.008709413913690716 0.0)
(8.537966878101221 0.007570335162504779 0.0)
(7.99235065466627 0.006211020419648873 0.0)
(7.3687817077930875 0.004549909837972014 0.0)
(6.656132735067873 0.003247215204588661 0.0)
(5.831827820114519 0.003358083783479887 0.0)
(4.889615006163102 0.004093695514033463 0.0)
(3.8306979152208678 0.003759429185108853 0.0)
(2.6524781567574447 0.002182028225733584 0.0)
(1.371343004858966 0.0006525075384886914 0.0)
(0.02126354766730209 5.179062952903809e-05 0.0)
(-0.021274007922275785 5.17324525266035e-05 0.0)
(1.2063916123919336 0.0006517311520425737 0.0)
(2.3251644753295753 0.0021791778598919203 0.0)
(3.3689694043255334 0.0037536831292200212 0.0)
(4.354405448502591 0.004085008983124737 0.0)
(5.279492512925305 0.003345007085940621 0.0)
(6.144965148816734 0.003226962745929856 0.0)
(6.942963945585671 0.004523980806400508 0.0)
(7.652049960189332 0.00618455101637354 0.0)
(8.262050192923295 0.007545139859090225 0.0)
(8.778424725532945 0.008685514048180605 0.0)
(9.203458328826773 0.009632359002806689 0.0)
(9.537643214460672 0.010376282486355262 0.0)
(9.781446810172751 0.010911121131693298 0.0)
(9.93541426545829 0.011233668275963967 0.0)
(10.000000000000004 0.01134120771359005 0.0)
(9.97569684565281 0.011233668275962205 0.0)
(9.862997634271707 0.010911121131689853 0.0)
(9.662356785539323 0.010376282486350811 0.0)
(9.374319448950992 0.009632359002800624 0.0)
(8.999353052244837 0.008685514048173987 0.0)
(8.537949807076687 0.007545139859081867 0.0)
(7.992394484255116 0.006184551016364303 0.0)
(7.368147165525461 0.004523980806392245 0.0)
(6.655034851183257 0.0032269627459218186 0.0)
(5.831618598185789 0.0033450070859327046 0.0)
(4.890038995941864 0.004085008983120166 0.0)
(3.831030595674468 0.003753683129218341 0.0)
(2.6526133024482137 0.002179177859891544 0.0)
(1.371386165385861 0.0006517311520423826 0.0)
(0.021274007922279625 5.1732452526585484e-05 0.0)
(-0.02127911419831371 5.168099618521414e-05 0.0)
(1.2063676240002914 0.00065107264824306 0.0)
(2.3250608092074416 0.0021769431208225995 0.0)
(3.3686465116644597 0.0037497489467622357 0.0)
(4.353885085502943 0.004080068027406741 0.0)
(5.2794771955438 0.0033379207659134714 0.0)
(6.145942717051817 0.003214170300820737 0.0)
(6.943693889075863 0.004505409676928122 0.0)
(7.652065560546208 0.0061646966970148615 0.0)
(8.26207422045234 0.007526014215594332 0.0)
(8.778462296870082 0.008667192266790023 0.0)
(9.203477796541188 0.009614948498552146 0.0)
(9.537655454327233 0.010359720602672349 0.0)
(9.7814537362771 0.01089523868542143 0.0)
(9.935417354031225 0.01121821681287675 0.0)
(10.000000000000004 0.011325906203748216 0.0)
(9.975693757079872 0.011218216812874984 0.0)
(9.862990708167356 0.01089523868541798 0.0)
(9.662344545672763 0.01035972060266789 0.0)
(9.374299981236575 0.009614948498546067 0.0)
(8.999315480907699 0.008667192266783391 0.0)
(8.537925779547644 0.007526014215585957 0.0)
(7.99237888389824 0.006164696697005606 0.0)
(7.367417222035267 0.004505409676919845 0.0)
(6.654057282948173 0.0032141703008126995 0.0)
(5.831633915567295 0.0033379207659055624 0.0)
(4.890559358941514 0.004080068027402172 0.0)
(3.8313534883355427 0.0037497489467605547 0.0)
(2.6527169685703473 0.0021769431208222205 0.0)
(1.371410153777503 0.000651072648242868 0.0)
(0.021279114198317538 5.168099618519601e-05 0.0)
(-0.021278642134984576 5.163852140239183e-05 0.0)
(1.2063638617499453 0.0006505609605425921 0.0)
(2.3249931775536976 0.0021754221988723615 0.0)
(3.368347594108724 0.003747799498516982 0.0)
(4.353291213080633 0.004079089743439061 0.0)
(5.279238011869779 0.003337136183344282 0.0)
(6.146757017077529 0.0032093999459042975 0.0)
(6.944487161407057 0.004495012431017181 0.0)
(7.652139905397664 0.006152329824052208 0.0)
(8.262104148760223 0.007513798577811261 0.0)
(8.778506477762248 0.00865525359508112 0.0)
(9.203501144892611 0.009603424808947224 0.0)
(9.537670156435883 0.010348629021885873 0.0)
(9.78146199702775 0.010884513608856911 0.0)
(9.935421081913425 0.01120772909292572 0.0)
(10.000000000000004 0.011315503149299154 0.0)
(9.975690029197672 0.011207729092923955 0.0)
(9.862982447416709 0.010884513608853463 0.0)
(9.662329843564113 0.010348629021881415 0.0)
(9.374276632885154 0.009603424808941146 0.0)
(8.999271300015533 0.008655253595074488 0.0)
(8.537895851239758 0.007513798577802887 0.0)
(7.992304539046784 0.006152329824042956 0.0)
(7.366623949704071 0.004495012431008912 0.0)
(6.6532429829224595 0.003209399945896282 0.0)
(5.831873099241317 0.003337136183336398 0.0)
(4.891153231363826 0.004079089743434509 0.0)
(3.831652405891279 0.0037477994985153037 0.0)
(2.6527846002240913 0.0021754221988719816 0.0)
(1.3714139160278493 0.0006505609605423996 0.0)
(0.021278642134988382 5.163852140237364e-05 0.0)
(-0.021272612473887457 5.1606894442388374e-05 0.0)
(1.2063804909472922 0.0006502185715626224 0.0)
(2.32496455197948 0.00217468192056925 0.0)
(3.3680857855488715 0.0037479204396737406 0.0)
(4.352649924903439 0.004082117115229522 0.0)
(5.278785471196305 0.0033426878113557907 0.0)
(6.147372270040461 0.003212861281848449 0.0)
(6.9453089076442724 0.004493245904631785 0.0)
(7.652269728166938 0.006147993775259007 0.0)
(8.262138662851854 0.007509029678517323 0.0)
(8.778555326981868 0.008650222596447597 0.0)
(9.203527347997191 0.009598294263831169 0.0)
(9.537686674802865 0.01034349508776412 0.0)
(9.781471229462422 0.010879417142243018 0.0)
(9.935425285308565 0.011202665927338784 0.0)
(10.000000000000004 0.011310455641423505 0.0)
(9.975685825802532 0.011202665927337022 0.0)
(9.862973214982034 0.010879417142239573 0.0)
(9.66231332519713 0.010343495087759669 0.0)
(9.374250429780574 0.009598294263825104 0.0)
(8.999222450795912 0.008650222596440979 0.0)
(8.53786133714813 0.0075090296785089656 0.0)
(7.99217471627751 0.006147993775249776 0.0)
(7.3658022034668535 0.004493245904623548 0.0)
(6.652627729959527 0.003212861281840475 0.0)
(5.832325639914794 0.003342687811347947 0.0)
(4.891794519541022 0.004082117115224994 0.0)
(3.831914214451132 0.003747920439672072 0.0)
(2.6528132257983086 0.002174681920568872 0.0)
(1.3713972868305022 0.0006502185715624297 0.0)
(0.02127261247389122 5.160689444237015e-05 0.0)
(-0.02126129014730001 5.158750493596644e-05 0.0)
(1.2064167809358233 0.0006500605252485477 0.0)
(2.3249761902401516 0.0021747548123876048 0.0)
(3.3678725893740564 0.0037501064562993395 0.0)
(4.351989398000664 0.004089017125600069 0.0)
(5.278139457332671 0.0033543317215695887 0.0)
(6.147761442850996 0.00322440222388414 0.0)
(6.946123021761188 0.004500187715709542 0.0)
(7.6524493246790515 0.006151879068686653 0.0)
(8.262176246241184 0.007511917054423037 0.0)
(8.7786066981836 0.008652320323765462 0.0)
(9.203555254538454 0.009599782289970316 0.0)
(9.537704283641354 0.010344544375980137 0.0)
(9.781481027924833 0.01088017321499904 0.0)
(9.935429779527151 0.011203249782349036 0.0)
(10.000000000000004 0.01131098545838317 0.0)
(9.975681331583946 0.011203249782347277 0.0)
(9.862963416519623 0.010880173214995605 0.0)
(9.662295716358644 0.0103445443759757 0.0)
(9.374222523239311 0.009599782289964272 0.0)
(8.999171079594182 0.008652320323758872 0.0)
(8.537823753758797 0.007511917054414715 0.0)
(7.991995119765395 0.006151879068677459 0.0)
(7.364988089349937 0.004500187715701357 0.0)
(6.652238557148992 0.0032244022238762265 0.0)
(5.83297165377843 0.003354331721561799 0.0)
(4.892455046443798 0.004089017125595576 0.0)
(3.8321274106259473 0.0037501064562976845 0.0)
(2.652801587537637 0.00217475481238723 0.0)
(1.3713609968419709 0.0006500605252483553 0.0)
(0.02126129014730372 5.15875049359482e-05 0.0)
(-0.021245172637538865 5.158120482256608e-05 0.0)
(1.2064711371998331 0.0006500937658662707 0.0)
(2.3250275809718297 0.0021756376715942774 0.0)
(3.3677173730341687 0.0037542614988224543 0.0)
(4.351338654716015 0.004099486600718233 0.0)
(5.277328354946195 0.0033715563018728123 0.0)
(6.147907435967809 0.0032435156841318794 0.0)
(6.946893733072884 0.00451553285377138 0.0)
(7.652670803791826 0.006163814991649877 0.0)
(8.262215247582844 0.0075223338395134145 0.0)
(8.778658334210817 0.00866145460673405 0.0)
(9.203583638354027 0.009607823506218378 0.0)
(9.537722209251198 0.010351730782729322 0.0)
(9.78149096188847 0.010886748606671274 0.0)
(9.935434367101443 0.011209455004435454 0.0)
(10.000000000000004 0.011317069320990216 0.0)
(9.975676744009656 0.011209455004433702 0.0)
(9.862953482555987 0.010886748606667853 0.0)
(9.662277790748798 0.01035173078272491 0.0)
(9.374194139423736 0.009607823506212365 0.0)
(8.999119443566963 0.008661454606727497 0.0)
(8.537784752417137 0.007522333839505137 0.0)
(7.99177364065262 0.006163814991640741 0.0)
(7.364217378038238 0.004515532853763262 0.0)
(6.65209256403218 0.0032435156841240423 0.0)
(5.833782756164909 0.0033715563018650876 0.0)
(4.893105789728449 0.00409948660071378 0.0)
(3.832282626965835 0.0037542614988208176 0.0)
(2.652750196805959 0.002175637671593908 0.0)
(1.3713066405779608 0.0006500937658660793 0.0)
(0.02124517263754252 5.1581204822547885e-05 0.0)
(-0.02122496811849679 5.15882709176444e-05 0.0)
(1.206541171424523 0.0006503168328838611 0.0)
(2.3251164661597805 0.0021772917069708734 0.0)
(3.367626956451223 0.003760203002276054 0.0)
(4.350726287518919 0.004113065531000685 0.0)
(5.27638780239187 0.003393604735718417 0.0)
(6.147803834720436 0.0032693618521154686 0.0)
(6.947587177934304 0.0045386070815239985 0.0)
(7.652924434118229 0.006183277101529832 0.0)
(8.262253953229235 0.00753982233930855 0.0)
(8.778707966270954 0.008677224101670421 0.0)
(9.203611252310985 0.009622064596244404 0.0)
(9.537739664013898 0.010364738550446284 0.0)
(9.78150059487314 0.010898854406578982 0.0)
(9.935438846461818 0.011221008947491696 0.0)
(10.000000000000004 0.0113284399154518 0.0)
(9.975672264649281 0.011221008947489954 0.0)
(9.862943849571316 0.010898854406575582 0.0)
(9.662260335986097 0.010364738550441899 0.0)
(9.37416652546678 0.009622064596238426 0.0)
(8.999069811506827 0.008677224101663918 0.0)
(8.537746046770748 0.007539822339300333 0.0)
(7.991520010326217 0.006183277101520764 0.0)
(7.363523933176817 0.0045386070815159624 0.0)
(6.6521961652795545 0.003269361852107721 0.0)
(5.834723308719237 0.0033936047357107668 0.0)
(4.893718156925546 0.004113065530996279 0.0)
(3.83237304354878 0.00376020300227444 0.0)
(2.652661311618007 0.002177291706970511 0.0)
(1.3712366063532706 0.0006503168328836711 0.0)
(0.021224968118500373 5.158827091762627e-05 0.0)
(-0.02120156433977736 5.160839274991071e-05 0.0)
(1.206623806434184 0.0006507199251446553 0.0)
(2.3252389403514573 0.0021796442432289154 0.0)
(3.367605312364462 0.003767669907868063 0.0)
(4.350179202703722 0.004129157283092764 0.0)
(5.27535912582824 0.0034195082552596965 0.0)
(6.147455191158151 0.003300805094497937 0.0)
(6.948172887646857 0.004568396559613052 0.0)
(7.653199071605723 0.006209410268823315 0.0)
(8.26229066252506 0.007563614141121756 0.0)
(8.778753413622084 0.008698935925816548 0.0)
(9.203636883102572 0.009641879832605987 0.0)
(9.537755880999113 0.010382996141614573 0.0)
(9.781509503623125 0.010915958708021152 0.0)
(9.935443020793373 0.011237403952397208 0.0)
(10.000000000000004 0.011344597638649194 0.0)
(9.975668090317724 0.011237403952395477 0.0)
(9.862934940821333 0.010915958708017773 0.0)
(9.662244119000883 0.010382996141610222 0.0)
(9.374140894675191 0.009641879832600054 0.0)
(8.999024364155696 0.0086989359258101 0.0)
(8.53770933747492 0.0075636141411136075 0.0)
(7.991245372838721 0.006209410268814328 0.0)
(7.362938223464263 0.004568396559605111 0.0)
(6.65254480884184 0.0033008050944902862 0.0)
(5.83575198528287 0.003419508255252126 0.0)
(4.894265241740745 0.004129157283088408 0.0)
(3.8323946876355413 0.003767669907866473 0.0)
(2.65253883742633 0.0021796442432285615 0.0)
(1.3711539713436094 0.0006507199251444668 0.0)
(0.021201564339780876 5.160839274989268e-05 0.0)
(-0.02117598962060151 5.164068620286708e-05 0.0)
(1.2067154113976684 0.0006512853315121504 0.0)
(2.3253896222549373 0.0021825919142290707 0.0)
(3.3676533917754603 0.0037763341334270833 0.0)
(4.34972143817634 0.004147054814846575 0.0)
(5.2742875234216005 0.003448128707237158 0.0)
(6.146876824041258 0.003336463852732785 0.0)
(6.9486251271973 0.00460359239286962 0.0)
(7.653482649185543 0.006241066249968728 0.0)
(8.262323762531022 0.007592663876707227 0.0)
(8.778792679390744 0.008725636101340107 0.0)
(9.203659404558701 0.009666398570068346 0.0)
(9.53777014766218 0.010405701351079575 0.0)
(9.781517296704244 0.010937309979283851 0.0)
(9.935446706683623 0.011257919652630262 0.0)
(10.000000000000004 0.011364832549784824 0.0)
(9.975664404427476 0.011257919652628541 0.0)
(9.862927147740212 0.010937309979280496 0.0)
(9.662229852337818 0.010405701351075262 0.0)
(9.374118373219064 0.009666398570062466 0.0)
(8.998985098387038 0.008725636101333721 0.0)
(8.53767623746896 0.007592663876699153 0.0)
(7.990961795258901 0.00624106624995983 0.0)
(7.36248598391382 0.004603592392861781 0.0)
(6.653123175958736 0.003336463852725236 0.0)
(5.836823587689511 0.0034481287072296684 0.0)
(4.894723006268126 0.004147054814842271 0.0)
(3.8323466082245425 0.0037763341334255194 0.0)
(2.6523881555228495 0.0021825919142287264 0.0)
(1.371062366380125 0.0006512853315119639 0.0)
(0.02117598962060495 5.164068620284918e-05 0.0)
(-0.0211493676673422 5.1683732361269807e-05 0.0)
(1.2068119613604669 0.0006519882090649404 0.0)
(2.325561891183047 0.002186005204700203 0.0)
(3.367769082162858 0.0037858149887328063 0.0)
(4.349373107272651 0.004165971741459461 0.0)
(5.273220079421259 0.003478208561350548 0.0)
(6.146094145762779 0.003374771346219027 0.0)
(6.948924026007134 0.004642648140769365 0.0)
(7.653762706977622 0.006276854139067523 0.0)
(8.262351798893413 0.00762569515382833 0.0)
(8.77882403831089 0.008756151471375184 0.0)
(9.203677827127787 0.009694543500163154 0.0)
(9.537781837152023 0.010431856553475408 0.0)
(9.781523631702775 0.010961970084568846 0.0)
(9.935449742181286 0.011281654625855028 0.0)
(10.000000000000004 0.011388255563882111 0.0)
(9.975661368929812 0.011281654625853321 0.0)
(9.862920812741683 0.010961970084565516 0.0)
(9.662218162847974 0.01043185655347113 0.0)
(9.374099950649976 0.009694543500157325 0.0)
(8.99895373946689 0.008756151471368864 0.0)
(8.53764820110657 0.007625695153820334 0.0)
(7.990681737466822 0.006276854139058717 0.0)
(7.362187085103986 0.004642648140761629 0.0)
(6.653905854237218 0.00337477134621158 0.0)
(5.837891031689856 0.003478208561343138 0.0)
(4.895071337171816 0.004165971741455209 0.0)
(3.8322309178371445 0.0037858149887312694 0.0)
(2.6522158865947394 0.002186005204699868 0.0)
(1.3709658164173262 0.000651988209064756 0.0)
(0.02114936766734557 5.1683732361252046e-05 0.0)
(-0.021122868199922148 5.17356398556694e-05 0.0)
(1.2069092140938473 0.000652797674649234 0.0)
(2.3257481779542415 0.0021897341409034495 0.0)
(3.3679473003026823 0.003795695902347833 0.0)
(4.349149515015308 0.004185076887783594 0.0)
(5.272203695363755 0.003508426163839662 0.0)
(6.145141545774402 0.003414044413774458 0.0)
(6.949056451009476 0.0046838477652000445 0.0)
(7.654026939754926 0.006315201481744793 0.0)
(8.262373539745758 0.007661256638597376 0.0)
(8.778846112528946 0.008789141246388727 0.0)
(9.203691341355851 0.009725077986151739 0.0)
(9.537790435853845 0.010460312537058383 0.0)
(9.781528230270467 0.010988855503964296 0.0)
(9.935451993912153 0.011307566000769915 0.0)
(10.000000000000004 0.011413837516552821 0.0)
(9.975659117198946 0.011307566000768219 0.0)
(9.86291621417399 0.010988855503960993 0.0)
(9.662209564146151 0.010460312537054144 0.0)
(9.374086436421912 0.009725077986145959 0.0)
(8.998931665248834 0.008789141246382474 0.0)
(8.537626460254224 0.0076612566385894565 0.0)
(7.990417504689517 0.006315201481736077 0.0)
(7.362054660101645 0.004683847765192411 0.0)
(6.654858454225598 0.0034140444137671076 0.0)
(5.838907415747362 0.003508426163832326 0.0)
(4.895294929429159 0.004185076887779389 0.0)
(3.8320526996973197 0.0037956959023463205 0.0)
(2.6520295998235444 0.0021897341409031243 0.0)
(1.3708685636839455 0.000652797674649052 0.0)
(0.021122868199925454 5.1735639855651785e-05 0.0)
(-0.021097655556460402 5.1794127965724e-05 0.0)
(1.2070028964906239 0.0006536781618281326 0.0)
(2.325940297468597 0.0021936148802039345 0.0)
(3.3681802156159097 0.003805542725004538 0.0)
(4.34906048563905 0.004203530808641368 0.0)
(5.271283029305155 0.0035374538085326695 0.0)
(6.144060879576883 0.003452557468658738 0.0)
(6.9490165836919875 0.004725381030036756 0.0)
(7.654263737612622 0.006354423365917778 0.0)
(8.262388029834781 0.007697785824431511 0.0)
(8.77885793214415 0.008823155916019737 0.0)
(9.203699353452436 0.009756660398581023 0.0)
(9.537795565956419 0.010489818997968619 0.0)
(9.781530890354672 0.011016784941327455 0.0)
(9.935453362939286 0.011334515278964683 0.0)
(10.000000000000004 0.011440454383597455 0.0)
(9.97565774817181 0.011334515278963 0.0)
(9.862913554089786 0.011016784941324173 0.0)
(9.662204434043577 0.010489818997964414 0.0)
(9.37407842432533 0.009756660398575291 0.0)
(8.99891984563363 0.008823155916013545 0.0)
(8.537611970165202 0.007697785824423666 0.0)
(7.99018070683182 0.006354423365909149 0.0)
(7.362094527419134 0.004725381030029218 0.0)
(6.65593912042312 0.003452557468651476 0.0)
(5.839828081805964 0.0035374538085254 0.0)
(4.895383958805417 0.0042035308086372045 0.0)
(3.8318197843840913 0.0038055427250030496 0.0)
(2.6518374803091884 0.0021936148802036196 0.0)
(1.3707748812871685 0.0006536781618279529 0.0)
(0.021097655556463646 5.1794127965706566e-05 0.0)
(-0.021074837534385427 5.185662683087881e-05 0.0)
(1.2070888923176695 0.0006545909836058013 0.0)
(2.3261298083461255 0.0021974769100164084 0.0)
(3.3684575942297843 0.003814922805329641 0.0)
(4.349109930931793 0.004220522672510786 0.0)
(5.270498533627762 0.003564016073826336 0.0)
(6.1428996296659175 0.003488618317697894 0.0)
(6.948806175751663 0.0047654230396055345 0.0)
(7.654462696086052 0.006392796453750328 0.0)
(8.262394632492478 0.00773367768573344 0.0)
(8.778858977824237 0.0088567009379127 0.0)
(9.203701511380672 0.009787903064027253 0.0)
(9.537797002052422 0.010519079476294262 0.0)
(9.781531495076154 0.011044531228276047 0.0)
(9.935453789110142 0.011361318358457767 0.0)
(10.000000000000004 0.01146693666857226 0.0)
(9.975657322000957 0.011361318358456095 0.0)
(9.862912949368305 0.011044531228272786 0.0)
(9.662202997947574 0.010519079476290091 0.0)
(9.374076266397093 0.009787903064021566 0.0)
(8.998918799953545 0.008856700937906564 0.0)
(8.537605367507503 0.007733677685725661 0.0)
(7.989981748358391 0.006392796453741775 0.0)
(7.362304935359459 0.004765423039598081 0.0)
(6.6571003703340885 0.0034886183176907073 0.0)
(5.840612577483357 0.0035640160738191202 0.0)
(4.8953345135126725 0.004220522672506659 0.0)
(3.8315424057702154 0.0038149228053281727 0.0)
(2.6516479694316595 0.0021974769100161023 0.0)
(1.370688885460123 0.0006545909836056238 0.0)
(0.02107483753438863 5.1856626830861535e-05 0.0)
(-0.02105541671584282 5.1920390365337356e-05 0.0)
(1.2071634230756683 0.0006554960322632894 0.0)
(2.3263083838255687 0.0022011505398162935 0.0)
(3.368767248635462 0.003823423999754027 0.0)
(4.349295678357834 0.004235305887979162 0.0)
(5.269884677636447 0.0035869458623779475 0.0)
(6.141708819238149 0.003520642513156604 0.0)
(6.948434472128471 0.0048022144212607155 0.0)
(7.6546150733038765 0.006428634701964657 0.0)
(8.26239305761015 0.007767355199779859 0.0)
(8.778849203623933 0.008888302405174521 0.0)
(9.203697720325142 0.009817433236927565 0.0)
(9.537794681042424 0.010546808320148218 0.0)
(9.781530017864558 0.011070875243721946 0.0)
(9.935453253699547 0.011386797560971088 0.0)
(10.000000000000004 0.011492120788323412 0.0)
(9.975657857411552 0.011386797560969426 0.0)
(9.862914426579898 0.011070875243718702 0.0)
(9.662205318957572 0.010546808320144076 0.0)
(9.374080057452623 0.009817433236921917 0.0)
(8.998928574153847 0.00888830240516843 0.0)
(8.53760694238983 0.007767355199772139 0.0)
(7.989829371140566 0.00642863470195617 0.0)
(7.362676638982653 0.004802214421253332 0.0)
(6.658291180761862 0.0035206425131494765 0.0)
(5.841226433474674 0.0035869458623707727 0.0)
(4.895148766086631 0.0042353058879750615 0.0)
(3.8312327513645372 0.0038234239997525757 0.0)
(2.651469393952216 0.002201150539815995 0.0)
(1.370614354702124 0.000655496032263114 0.0)
(0.021055416715845987 5.1920390365320246e-05 0.0)
(-0.021040246416069944 5.198261691604761e-05 0.0)
(1.2072232140194643 0.0006563535416183268 0.0)
(2.326468177627054 0.0022044743570308997 0.0)
(3.369095573184854 0.0038306727813471847 0.0)
(4.349609566515086 0.004247230907603946 0.0)
(5.2694684330404495 0.003605235681227409 0.0)
(6.140540770325244 0.003547222970473023 0.0)
(6.947917804799602 0.004834138629000301 0.0)
(7.6547141740899125 0.006460363443498455 0.0)
(8.262383374385248 0.007797338638214843 0.0)
(8.77882903900372 0.00891657180714697 0.0)
(9.20368814685789 0.009843953415508644 0.0)
(9.537788704907358 0.010571787174860032 0.0)
(9.78152652362586 0.011094659479821474 0.0)
(9.935451780232468 0.011409833376959095 0.0)
(10.000000000000004 0.011514900198702088 0.0)
(9.97565933087863 0.011409833376957437 0.0)
(9.862917920818596 0.011094659479818244 0.0)
(9.662211295092638 0.01057178717485591 0.0)
(9.374089630919874 0.009843953415503023 0.0)
(8.998948738774061 0.008916571807140918 0.0)
(8.537616625614735 0.007797338638207166 0.0)
(7.98973027035453 0.006460363443490018 0.0)
(7.363193306311524 0.0048341386289929705 0.0)
(6.659459229674768 0.0035472229704659364 0.0)
(5.841642678070671 0.0036052356812202595 0.0)
(4.894834877929378 0.004247230907599863 0.0)
(3.8309044268151444 0.0038306727813457457 0.0)
(2.65130960015073 0.0022044743570306074 0.0)
(1.3705545637583278 0.0006563535416181532 0.0)
(0.021040246416073098 5.198261691603065e-05 0.0)
(-0.02102999319028555 5.204057236221164e-05 0.0)
(1.2072656380443714 0.0006571258342786221 0.0)
(2.3266021687032796 0.002207302319212568 0.0)
(3.3694281418979126 0.003836350651907183 0.0)
(4.350037803732161 0.004255773767839029 0.0)
(5.269268088865821 0.003618081909194754 0.0)
(6.139446804859554 0.0035671917929802404 0.0)
(6.94727887518227 0.0048597929715399 0.0)
(7.65475564413692 0.006486588575494815 0.0)
(8.262366008280953 0.007822310583606705 0.0)
(8.778799369960119 0.008940267038024788 0.0)
(9.203673211619554 0.00986629835164093 0.0)
(9.537779336227665 0.010592918515251185 0.0)
(9.781521165890515 0.011114838900752447 0.0)
(9.93544943345035 0.011429413654810107 0.0)
(10.000000000000004 0.011534274014090008 0.0)
(9.975661677660748 0.011429413654808459 0.0)
(9.862923278553941 0.011114838900749227 0.0)
(9.662220663772331 0.010592918515247081 0.0)
(9.37410456615821 0.009866298351635334 0.0)
(8.998978407817662 0.00894026703801876 0.0)
(8.537633991719028 0.007822310583599059 0.0)
(7.989688800307523 0.006486588575486413 0.0)
(7.363832235928858 0.0048597929715326026 0.0)
(6.660553195140461 0.0035671917929731736 0.0)
(5.8418430222453 0.003618081909187613 0.0)
(4.894406640712301 0.004255773767834951 0.0)
(3.8305718581020844 0.00383635065190575 0.0)
(2.6511756090745044 0.0022073023192122807 0.0)
(1.3705121397334208 0.0006571258342784499 0.0)
(0.0210299931902887 5.2040572362194786e-05 0.0)
(-0.021025107546472865 5.2091710247551466e-05 0.0)
(1.2072888311163479 0.0006577789771175514 0.0)
(2.326704469731485 0.002209510170876647 0.0)
(3.3697503423138038 0.0038402081361889845 0.0)
(4.350561574049181 0.0042605591110344045 0.0)
(5.2692924478690735 0.0036249201065246066 0.0)
(6.138474989682286 0.003579671587149216 0.0)
(6.946545756674971 0.004878050244001615 0.0)
(7.654737661326901 0.00650615781363134 0.0)
(8.262341722332122 0.007841173814359812 0.0)
(8.778761500096628 0.008958346972712401 0.0)
(9.203653570837183 0.00988348624970968 0.0)
(9.537766986645993 0.010609273868883589 0.0)
(9.781514180067614 0.011130526859676367 0.0)
(9.935446316466507 0.01144467807293646 0.0)
(10.000000000000004 0.011549390984482412 0.0)
(9.97566479464459 0.011444678072934812 0.0)
(9.862930264376843 0.011130526859673154 0.0)
(9.662233013354005 0.010609273868879492 0.0)
(9.37412420694058 0.009883486249704095 0.0)
(8.999016277681152 0.008958346972706387 0.0)
(8.537658277667859 0.007841173814352181 0.0)
(7.9897067831175415 0.006506157813622955 0.0)
(7.3645653544361585 0.00487805024399433 0.0)
(6.661525010317731 0.0035796715871421483 0.0)
(5.841818663242045 0.003624920106517457 0.0)
(4.893882870395279 0.004260559111030323 0.0)
(3.830249657686193 0.0038402081361875533 0.0)
(2.6510733080462985 0.0022095101708763617 0.0)
(1.3704889466614443 0.0006577789771173802 0.0)
(0.021025107546476025 5.209171024753472e-05 0.0)
(-0.02102580415088297 5.2133783666939396e-05 0.0)
(1.2072917741742415 0.0006582842722336633 0.0)
(2.326770585791646 0.0022110009030601673 0.0)
(3.370048017535702 0.0038420757433903154 0.0)
(4.351157863956626 0.004261376677964605 0.0)
(5.26954043976017 0.0036254498153364214 0.0)
(6.1376680245744435 0.0035841140136553045 0.0)
(6.945750661163714 0.004888108255234217 0.0)
(7.654661015791629 0.006518211321385222 0.0)
(8.262311583618915 0.007853099514624177 0.0)
(8.77871709334577 0.008970017211955937 0.0)
(9.203630087490822 0.009894761904918122 0.0)
(9.537752198780366 0.010620134611439905 0.0)
(9.781505873101434 0.011141034056378424 0.0)
(9.935442566235508 0.011454955940731143 0.0)
(10.000000000000004 0.01155958689785598 0.0)
(9.97566854487559 0.011454955940729495 0.0)
(9.862938571343024 0.011141034056375211 0.0)
(9.662247801219632 0.010620134611435812 0.0)
(9.374147690286943 0.009894761904912536 0.0)
(8.99906068443201 0.008970017211949923 0.0)
(8.537688416381066 0.007853099514616544 0.0)
(7.989783428652814 0.0065182113213768334 0.0)
(7.365360449947417 0.004888108255226922 0.0)
(6.662331975425574 0.0035841140136482143 0.0)
(5.841570671350948 0.0036254498153292466 0.0)
(4.893286580487833 0.004261376677960508 0.0)
(3.8299519824642942 0.0038420757433888808 0.0)
(2.651007191986138 0.002211000903059883 0.0)
(1.3704860036035509 0.0006582842722334926 0.0)
(0.02102580415088616 5.213378366692272e-05 0.0)
(-0.021032052395992495 5.216494399129867e-05 0.0)
(1.2072743379054724 0.000658619517883967 0.0)
(2.3267976118650346 0.0022117090157182033 0.0)
(3.370308088258938 0.0038418714142674404 0.0)
(4.351800473566843 0.004258190546234414 0.0)
(5.2700011682291015 0.0036196477611940823 0.0)
(6.137061366106566 0.003580323880405017 0.0)
(6.944928523690679 0.004889525074624756 0.0)
(7.654529075195705 0.006522219489677024 0.0)
(8.262276916381255 0.007857563690947637 0.0)
(8.778668100858937 0.008974764986793142 0.0)
(9.20360379339575 0.009899629885604624 0.0)
(9.537735622382545 0.010625023541761383 0.0)
(9.78149660998487 0.011145898823857907 0.0)
(9.935438347535639 0.011459795667486087 0.0)
(10.000000000000004 0.011564413764429973 0.0)
(9.975672763575458 0.011459795667484436 0.0)
(9.862947834459586 0.01114589882385469 0.0)
(9.662264377617452 0.010625023541757279 0.0)
(9.374173984382015 0.009899629885599025 0.0)
(8.999109676918845 0.008974764986787113 0.0)
(8.537723083618728 0.007857563690939985 0.0)
(7.989915369248738 0.006522219489668615 0.0)
(7.366182587420456 0.004889525074617427 0.0)
(6.662938633893453 0.0035803238803978833 0.0)
(5.841109942882014 0.0036196477611868667 0.0)
(4.8926439708776135 0.00425819054623029 0.0)
(3.8296919117410577 0.0038418714142659962 0.0)
(2.6509801659127494 0.002211709015717917 0.0)
(1.37050343987232 0.0006586195178837964 0.0)
(0.021032052395995725 5.216494399128202e-05 0.0)
(-0.021043577745342167 5.218382209298313e-05 0.0)
(1.207237288427792 0.0006587699839879026 0.0)
(2.326784360475429 0.0022116033956760144 0.0)
(3.3705191274517197 0.0038396041266682093 0.0)
(4.352461167789182 0.0042511407086431915 0.0)
(5.270654389709825 0.003607768875742045 0.0)
(6.136681669741879 0.003568467718919518 0.0)
(6.944115467472371 0.004882238449721206 0.0)
(7.654347636767536 0.006518006206924743 0.0)
(8.26223924383414 0.007854370195589518 0.0)
(8.778616675276368 0.008972381688683475 0.0)
(9.203575843866398 0.009897876301603544 0.0)
(9.537717985789127 0.010623725849193737 0.0)
(9.78148679772232 0.011144907413131604 0.0)
(9.935433845728857 0.011458984604461707 0.0)
(10.000000000000004 0.011563659500517631 0.0)
(9.97567726538224 0.011458984604460052 0.0)
(9.862957646722137 0.011144907413128378 0.0)
(9.66228201421087 0.010623725849189615 0.0)
(9.374201933911367 0.009897876301597924 0.0)
(8.999161102501413 0.008972381688677415 0.0)
(8.537760756165842 0.007854370195581831 0.0)
(7.990096807676908 0.006518006206916292 0.0)
(7.366995643638765 0.004882238449713829 0.0)
(6.663318330258139 0.003568467718912324 0.0)
(5.840456721401289 0.003607768875734776 0.0)
(4.8919832766552735 0.004251140708639035 0.0)
(3.8294808725482756 0.0038396041266667512 0.0)
(2.6509934173023555 0.0022116033956757247 0.0)
(1.3705404893500004 0.0006587699839877318 0.0)
(0.021043577745345446 5.218382209296648e-05 0.0)
)
