(
(0.004292026713935656 -8.019543157930085e-05 0.0)
(1.319715956713516 -0.0011331009759822342 0.0)
(2.580975289060724 -0.004635600582636733 0.0)
(3.7686226019070928 -0.010984165920371946 0.0)
(4.8482099172405295 -0.019414444133294084 0.0)
(5.792371776876468 -0.02958486849657565 0.0)
(6.595846711324025 -0.04163381040016084 0.0)
(7.303421972542265 -0.05440319901185483 0.0)
(7.944482916648704 -0.06612755312779243 0.0)
(8.501098147163326 -0.0763742145119983 0.0)
(8.969671725409635 -0.08521140895898549 0.0)
(9.351485669923331 -0.09255399864646889 0.0)
(9.645725302487367 -0.09832563012697941 0.0)
(9.852135446331438 -0.1024761324348478 0.0)
(9.970336445362154 -0.10497653866482835 0.0)
(10.0 -0.10581135194942877 0.0)
(9.940774665748982 -0.10497653866482712 0.0)
(9.792308998112999 -0.10247613243484559 0.0)
(9.554274697512648 -0.09832563012697562 0.0)
(9.226292107854462 -0.09255399864646502 0.0)
(8.80810605236815 -0.08521140895898127 0.0)
(8.298901852836703 -0.07637421451199343 0.0)
(7.699961527795745 -0.06612755312778767 0.0)
(7.007689138568838 -0.054403199011850444 0.0)
(6.204153288675981 -0.04163381040015599 0.0)
(5.318739334234609 -0.02958486849657092 0.0)
(4.396234527203841 -0.019414444133291558 0.0)
(3.431377398092873 -0.0109841659203712 0.0)
(2.3968024887170354 -0.004635600582636874 0.0)
(1.258061821064248 -0.0011331009759822047 0.0)
(-0.004292026713946852 -8.01954315792973e-05 0.0)
(0.004253323433895735 -8.028823940539177e-05 0.0)
(1.3195717643854623 -0.001134489250290481 0.0)
(2.5806754272708368 -0.004641668417976227 0.0)
(3.768244008703784 -0.010999429634748637 0.0)
(4.8483054782956 -0.019442864158798336 0.0)
(5.7937696621399715 -0.02962952027000597 0.0)
(6.597563540106206 -0.04169331196684445 0.0)
(7.3035382855704025 -0.054467731319000394 0.0)
(7.944124266968459 -0.06618867100411972 0.0)
(8.501077962326711 -0.07643118489956738 0.0)
(8.969656632707084 -0.0852644968850503 0.0)
(9.351474980982832 -0.09260332091176175 0.0)
(9.645718441221721 -0.0983717329614547 0.0)
(9.852131932835569 -0.10251978693209093 0.0)
(9.970334600781134 -0.10501867079595238 0.0)
(10.0 -0.10585296749602167 0.0)
(9.940776510330002 -0.10501867079595117 0.0)
(9.79231251160887 -0.10251978693208876 0.0)
(9.554281558778294 -0.09837173296145096 0.0)
(9.226302796794961 -0.09260332091175796 0.0)
(8.8081211450707 -0.0852644968850462 0.0)
(8.298922037673318 -0.07643118489956262 0.0)
(7.700320177475991 -0.06618867100411507 0.0)
(7.007572825540699 -0.05446773131899615 0.0)
(6.202436459893795 -0.04169331196683972 0.0)
(5.317341448971103 -0.029629520270001337 0.0)
(4.396138966148771 -0.019442864158795873 0.0)
(3.431755991296183 -0.010999429634747926 0.0)
(2.397102350506923 -0.004641668417976383 0.0)
(1.258206013392302 -0.001134489250290455 0.0)
(-0.004253323433906846 -8.028823940538849e-05 0.0)
(0.004218684946674487 -8.038645629123249e-05 0.0)
(1.3194407968955433 -0.0011359154514168793 0.0)
(2.5803822807781844 -0.0046476533231949784 0.0)
(3.7677996790244865 -0.011013832550351536 0.0)
(4.84818499930743 -0.019468759881091192 0.0)
(5.7949435294396165 -0.029669944495466533 0.0)
(6.599390359519493 -0.04174847465764757 0.0)
(7.303918589160208 -0.05452937343259014 0.0)
(7.943827603513859 -0.06624792738340725 0.0)
(8.501070213837847 -0.0764866592318992 0.0)
(8.969658416830729 -0.08531638378725803 0.0)
(9.351473484385206 -0.09265167744332965 0.0)
(9.64571738139976 -0.09841704434776936 0.0)
(9.852131644590948 -0.1025627693536853 0.0)
(9.97033423778575 -0.10506020178680099 0.0)
(10.0 -0.105894004539737 0.0)
(9.940776873325387 -0.10506020178679981 0.0)
(9.792312799853491 -0.10256276935368315 0.0)
(9.554282618600258 -0.09841704434776571 0.0)
(9.226304293392587 -0.09265167744332592 0.0)
(8.808119360947055 -0.08531638378725401 0.0)
(8.298929786162182 -0.07648665923189453 0.0)
(7.700616840930591 -0.06624792738340274 0.0)
(7.007192521950891 -0.054529373432586035 0.0)
(6.200609640480503 -0.041748474657642955 0.0)
(5.316167581671456 -0.029669944495461984 0.0)
(4.396259445136942 -0.019468759881088784 0.0)
(3.4322003209754812 -0.011013832550350856 0.0)
(2.397395496999576 -0.0046476533231951484 0.0)
(1.2583369808822213 -0.0011359154514168572 0.0)
(-0.004218684946685532 -8.038645629122945e-05 0.0)
(0.004189633204031092 -8.048576676654186e-05 0.0)
(1.3193288087156678 -0.0011373169146930969 0.0)
(2.5801087299033574 -0.004653292332506752 0.0)
(3.767309135902431 -0.011026741829418443 0.0)
(4.84785377390235 -0.019490993489509983 0.0)
(5.795841801193787 -0.029704365006444633 0.0)
(6.601246902460938 -0.04179687472485359 0.0)
(7.304546173467689 -0.05458541691092402 0.0)
(7.94360596113437 -0.06630271864875566 0.0)
(8.501075242151162 -0.07653820006831852 0.0)
(8.969676999389439 -0.08536478985005005 0.0)
(9.351481245888216 -0.09269694354364123 0.0)
(9.645722169588117 -0.09845957338650362 0.0)
(9.852134594262518 -0.1026031911306601 0.0)
(9.970335372325353 -0.10509930684161513 0.0)
(10.0 -0.10593265998794905 0.0)
(9.940775738785783 -0.10509930684161395 0.0)
(9.79230985018192 -0.10260319113065798 0.0)
(9.554277830411898 -0.0984595733865 0.0)
(9.226296531889577 -0.09269694354363756 0.0)
(8.808100778388345 -0.08536478985004611 0.0)
(8.298924757848868 -0.07653820006831392 0.0)
(7.70083848331008 -0.06630271864875123 0.0)
(7.006564937643407 -0.054585416910920025 0.0)
(6.198753097539054 -0.041796874724849074 0.0)
(5.3152693099172845 -0.02970436500644014 0.0)
(4.396590670542024 -0.019490993489507617 0.0)
(3.4326908640975384 -0.011026741829417791 0.0)
(2.3976690478744036 -0.004653292332506932 0.0)
(1.258448969062097 -0.0011373169146930778 0.0)
(-0.00418963320404209 -8.048576676653907e-05 0.0)
(0.00416744468638864 -8.058180731071819e-05 0.0)
(1.3192407204015828 -0.0011386320623866812 0.0)
(2.5798667939713487 -0.004658337678158662 0.0)
(3.766793932904977 -0.011037590261844019 0.0)
(4.847326355518698 -0.01950858807997603 0.0)
(5.796425008984945 -0.02973126942865844 0.0)
(6.603051595830142 -0.041836385558054925 0.0)
(7.305393463586509 -0.054633399306092685 0.0)
(7.943469078390662 -0.0663506373722033 0.0)
(8.501092826331764 -0.07658354279876436 0.0)
(8.96971156389958 -0.08540758819958369 0.0)
(9.351497924465617 -0.09273713030306081 0.0)
(9.64573259540256 -0.09849745142950016 0.0)
(9.852140652247105 -0.10263927620408467 0.0)
(9.970337954550349 -0.10513426775582689 0.0)
(10.0 -0.10596723539098156 0.0)
(9.940773156560788 -0.10513426775582571 0.0)
(9.792303792197334 -0.10263927620408257 0.0)
(9.554267404597455 -0.09849745142949656 0.0)
(9.226279853312175 -0.09273713030305716 0.0)
(8.808066213878204 -0.08540758819957978 0.0)
(8.298907173668265 -0.07658354279875983 0.0)
(7.700975366053788 -0.06635063737219896 0.0)
(7.005717647524585 -0.05463339930608876 0.0)
(6.196948404169845 -0.041836385558050464 0.0)
(5.314686102126125 -0.02973126942865398 0.0)
(4.397118088925679 -0.019508588079973684 0.0)
(3.4332060670949938 -0.01103759026184338 0.0)
(2.3979109838064128 -0.004658337678158851 0.0)
(1.258537057376182 -0.0011386320623866647 0.0)
(-0.0041674446863996135 -8.058180731071564e-05 0.0)
(0.004153094316619591 -8.067035807795158e-05 0.0)
(1.3191804023926563 -0.0011398031093139708 0.0)
(2.579667103204401 -0.004662567676892962 0.0)
(3.7662767071092955 -0.011045901187354122 0.0)
(4.846625917955367 -0.019520770578372645 0.0)
(5.796667527729698 -0.02974947563101612 0.0)
(6.604725144702058 -0.041865271123523715 0.0)
(7.306423231138921 -0.05467121235943372 0.0)
(7.943422969660076 -0.0663895780927067 0.0)
(8.501122193762928 -0.07662069514661313 0.0)
(8.96976059165981 -0.08544289835467778 0.0)
(9.351522787291234 -0.09277047198889911 0.0)
(9.645748200751873 -0.0985290141848456 0.0)
(9.85214955236795 -0.10266943906184844 0.0)
(9.970341871002496 -0.10516354841082505 0.0)
(10.0 -0.10599621156887913 0.0)
(9.94076924010864 -0.10516354841082387 0.0)
(9.79229489207649 -0.10266943906184638 0.0)
(9.554251799248142 -0.09852901418484203 0.0)
(9.22625499048656 -0.09277047198889549 0.0)
(8.808017186117974 -0.08544289835467392 0.0)
(8.298877806237101 -0.07662069514660864 0.0)
(7.701021474784374 -0.0663895780927024 0.0)
(7.0046878799721695 -0.05467121235942984 0.0)
(6.195274855297926 -0.04186527112351928 0.0)
(5.314443583381374 -0.029749475631011667 0.0)
(4.3978185264890115 -0.019520770578370306 0.0)
(3.4337232928906767 -0.011045901187353494 0.0)
(2.3981106745733607 -0.00466256767689316 0.0)
(1.2585973753851087 -0.0011398031093139565 0.0)
(-0.004153094316630565 -8.06703580779492e-05 0.0)
(0.004147212623718343 -8.074752830952886e-05 0.0)
(1.3191505049518517 -0.0011407786018153507 0.0)
(2.5795184316494906 -0.004665796470303835 0.0)
(3.7657801844706107 -0.011051309439086256 0.0)
(4.845783237157478 -0.01952700570800753 0.0)
(5.796558701598076 -0.02975818366629339 0.0)
(6.606194016400924 -0.04188226224235793 0.0)
(7.307590230022577 -0.05469719463456036 0.0)
(7.943469660875878 -0.06641782982624701 0.0)
(8.501162054093456 -0.07664802470566864 0.0)
(8.969821928480037 -0.0854691688517156 0.0)
(9.351554741937992 -0.09279550362847726 0.0)
(9.64576829996556 -0.09855287484281251 0.0)
(9.852160903570024 -0.10269235440316271 0.0)
(9.970346949600051 -0.10518586226819636 0.0)
(10.0 -0.10601831536139543 0.0)
(9.940764161511085 -0.10518586226819521 0.0)
(9.792283540874413 -0.10269235440316064 0.0)
(9.554231700034457 -0.09855287484280895 0.0)
(9.226223035839801 -0.09279550362847364 0.0)
(8.807955849297745 -0.08546916885171177 0.0)
(8.298837945906573 -0.07664802470566419 0.0)
(7.700974783568572 -0.06641782982624272 0.0)
(7.00352088108851 -0.05469719463455649 0.0)
(6.193805983599058 -0.04188226224235348 0.0)
(5.314552409512999 -0.029758183666288924 0.0)
(4.398661207286904 -0.01952700570800518 0.0)
(3.4342198155293624 -0.011051309439085628 0.0)
(2.3982593461282717 -0.004665796470304034 0.0)
(1.2586272728259131 -0.0011407786018153376 0.0)
(-0.00414721262372934 -8.074752830952661e-05 0.0)
(0.004150058038510719 -8.080992728665342e-05 0.0)
(1.3191523417180224 -0.001141515678534923 0.0)
(2.579427311662753 -0.004667882191115713 0.0)
(3.765326181285304 -0.01105357738835342 0.0)
(4.844835338977646 -0.019527019508691377 0.0)
(5.796103312211209 -0.029757010919351068 0.0)
(6.607393671391515 -0.04188661235588033 0.0)
(7.308843184441495 -0.054710204517836765 0.0)
(7.943607100511466 -0.0664341512433375 0.0)
(8.501210655933345 -0.07666433066510403 0.0)
(8.969892879332598 -0.08548524541311783 0.0)
(9.35159238437717 -0.09281112537734627 0.0)
(9.645792009920939 -0.09856798500974166 0.0)
(9.852174207102276 -0.10270701536985258 0.0)
(9.97035296719873 -0.10520022889787005 0.0)
(10.0 -0.10603257556832497 0.0)
(9.940758143912406 -0.10520022889786887 0.0)
(9.792270237342162 -0.10270701536985048 0.0)
(9.554207990079078 -0.0985679850097381 0.0)
(9.226185393400621 -0.09281112537734268 0.0)
(8.807884898445186 -0.08548524541311397 0.0)
(8.298789344066684 -0.07666433066509955 0.0)
(7.700837343932983 -0.06643415124333324 0.0)
(7.002267926669589 -0.054710204517832865 0.0)
(6.192606328608465 -0.04188661235587585 0.0)
(5.315007798899868 -0.029757010919346554 0.0)
(4.399609105466738 -0.019527019508688997 0.0)
(3.43467381871467 -0.011053577388352786 0.0)
(2.3983504661150095 -0.004667882191115914 0.0)
(1.2586254360597424 -0.0011415156785349104 0.0)
(-0.004150058038521762 -8.080992728665128e-05 0.0)
(0.0041615055386762835 -8.085481331242618e-05 0.0)
(1.3191858319870229 -0.001141981953670073 0.0)
(2.579397746889706 -0.004668733196571843 0.0)
(3.7649346456227626 -0.01105260538561392 0.0)
(4.843823872327763 -0.019520811374047386 0.0)
(5.795321368545647 -0.029746008918544314 0.0)
(6.6082713990282524 -0.04187813032806109 0.0)
(7.310127041870722 -0.05470967037879267 0.0)
(7.94382924972069 -0.06643782521077048 0.0)
(8.501265863806667 -0.0766688965708926 0.0)
(8.969970326766825 -0.08549042166418772 0.0)
(9.35163406066886 -0.09281665084444006 0.0)
(9.645818288845946 -0.09857368077254146 0.0)
(9.852188878431837 -0.1027127777858631 0.0)
(9.970359659396253 -0.1052060170564212 0.0)
(10.0 -0.10603836562226365 0.0)
(9.940751451714883 -0.10520601705642002 0.0)
(9.792255566012601 -0.10271277778586103 0.0)
(9.554181711154069 -0.09857368077253789 0.0)
(9.226143717108933 -0.09281665084443644 0.0)
(8.807807451010957 -0.08549042166418383 0.0)
(8.298734136193362 -0.07666889657088809 0.0)
(7.700615194723758 -0.06643782521076616 0.0)
(7.000984069240359 -0.05470967037878872 0.0)
(6.191728600971726 -0.04187813032805653 0.0)
(5.315789742565434 -0.02974600891853973 0.0)
(4.400620572116623 -0.019520811374044964 0.0)
(3.4350653543772123 -0.011052605385613267 0.0)
(2.398380030888056 -0.00466873319657204 0.0)
(1.2585919457907417 -0.001141981953670061 0.0)
(-0.004161505538687394 -8.085481331242409e-05 0.0)
(0.004181052142000373 -8.088021417699129e-05 0.0)
(1.3192495042577022 -0.0011421569399443895 0.0)
(2.5794310363523905 -0.004668312095049352 0.0)
(3.7646227808437036 -0.011048436138889891 0.0)
(4.842793279202001 -0.019508654078154355 0.0)
(5.794247227775528 -0.02972566107166099 0.0)
(6.6087886335645365 -0.041857188843685125 0.0)
(7.311385391963569 -0.0546956156865205 0.0)
(7.944126347673709 -0.0664286903011382 0.0)
(8.501325251980468 -0.07666152180548708 0.0)
(8.97005086788415 -0.08548447016992289 0.0)
(9.351677939633047 -0.09281183725084306 0.0)
(9.645845982092695 -0.0985697118698146 0.0)
(9.852204272927326 -0.10270938846117689 0.0)
(9.970366732149708 -0.10520297242275227 0.0)
(10.0 -0.10603543111883397 0.0)
(9.940744378961428 -0.10520297242275109 0.0)
(9.792240171517113 -0.10270938846117479 0.0)
(9.55415401790732 -0.09856971186981098 0.0)
(9.226099838144744 -0.09281183725083941 0.0)
(8.807726909893633 -0.08548447016991895 0.0)
(8.298674748019561 -0.07666152180548251 0.0)
(7.700318096770738 -0.06642869030113382 0.0)
(6.99972571914751 -0.054695615686516465 0.0)
(6.191211366435443 -0.04185718884368047 0.0)
(5.316863883335556 -0.029725661071656317 0.0)
(4.401651165242388 -0.019508654078151878 0.0)
(3.4353772191562713 -0.011048436138889214 0.0)
(2.398346741425371 -0.004668312095049543 0.0)
(1.2585282735200622 -0.0011421569399443765 0.0)
(-0.004181052142011567 -8.08802141769892e-05 0.0)
(0.004207839006492423 -8.088501381282936e-05 0.0)
(1.3193405608869715 -0.0011420329487811067 0.0)
(2.579525717372717 -0.004666637388978756 0.0)
(3.7644042897159795 -0.011041252837254972 0.0)
(4.8417888419768875 -0.019491081790352673 0.0)
(5.792928085681205 -0.02969686142586781 0.0)
(6.608922648661095 -0.041824708033264574 0.0)
(7.3125629451190415 -0.054668657978486364 0.0)
(7.944485340429991 -0.06640714788565812 0.0)
(8.501386211047036 -0.07664253040258764 0.0)
(8.970130963855222 -0.0854676524280934 0.0)
(9.35172209330832 -0.09279689609705173 0.0)
(9.645873872870586 -0.09855625268788597 0.0)
(9.852219714182773 -0.10269699631652005 0.0)
(9.970373874695245 -0.1051912287724966 0.0)
(10.0 -0.10602390099474811 0.0)
(9.940737236415893 -0.10519122877249543 0.0)
(9.792224730261664 -0.1026969963165179 0.0)
(9.554126127129429 -0.09855625268788232 0.0)
(9.226055684469472 -0.092796896097048 0.0)
(8.807646813922561 -0.0854676524280894 0.0)
(8.298613788952993 -0.07664253040258302 0.0)
(7.6999591040144555 -0.06640714788565363 0.0)
(6.998548165992035 -0.054668657978482214 0.0)
(6.191077351338886 -0.04182470803325979 0.0)
(5.3181830254298825 -0.029696861425863034 0.0)
(4.4026556024675045 -0.01949108179035013 0.0)
(3.435595710283996 -0.011041252837254264 0.0)
(2.398252060405044 -0.004666637388978938 0.0)
(1.2584372168907925 -0.0011420329487810924 0.0)
(-0.004207839006503716 -8.088501381282719e-05 0.0)
(0.0042406891663318395 -8.086900133272235e-05 0.0)
(1.3194550010131243 -0.001141615428125104 0.0)
(2.5796776298398667 -0.004663782661881009 0.0)
(3.7642887723400236 -0.011031371101841516 0.0)
(4.840854693786527 -0.01946886660482076 0.0)
(5.791421902953003 -0.029660875384913472 0.0)
(6.6086675559397605 -0.04178211504418734 0.0)
(7.313607961805762 -0.05462998172706355 0.0)
(7.944890454504584 -0.06637414449865565 0.0)
(8.50144606257651 -0.07661275680969393 0.0)
(8.970207095409602 -0.08544070737950807 0.0)
(9.351764581662964 -0.09277248387002955 0.0)
(9.645900735709862 -0.09853389459858665 0.0)
(9.852234523737666 -0.10267614584005796 0.0)
(9.970380773202479 -0.10517130210016211 0.0)
(10.0 -0.10600428186256462 0.0)
(9.940730337908658 -0.1051713021001609 0.0)
(9.792209920706773 -0.10267614584005581 0.0)
(9.554099264290153 -0.09853389459858297 0.0)
(9.22601319611483 -0.09277248387002576 0.0)
(8.80757068236818 -0.08544070737950399 0.0)
(8.298553937423518 -0.0766127568096892 0.0)
(7.699553989939861 -0.06637414449865106 0.0)
(6.997503149305312 -0.05462998172705926 0.0)
(6.191332444060223 -0.04178211504418242 0.0)
(5.319689208158089 -0.029660875384908577 0.0)
(4.403589750657866 -0.019468866604818138 0.0)
(3.4357112276599517 -0.011031371101840777 0.0)
(2.3981001479378934 -0.004663782661881179 0.0)
(1.2583227767646392 -0.0011416154281250876 0.0)
(-0.004240689166343238 -8.086900133272007e-05 0.0)
(0.004278159245592945 -8.083288029575213e-05 0.0)
(1.3195877963463798 -0.0011409227230701738 0.0)
(2.5798800989979496 -0.004659873345242209 0.0)
(3.764281304338002 -0.011019225118025475 0.0)
(4.840031879393431 -0.01944298461616935 0.0)
(5.789794858504514 -0.0296192841096029 0.0)
(6.608034563708028 -0.04173128133447182 0.0)
(7.31447452590232 -0.05458128629598336 0.0)
(7.945323889926187 -0.06633113024857772 0.0)
(8.50150217680218 -0.07657350922400838 0.0)
(8.97027591746607 -0.08540481894030716 0.0)
(9.351803537836405 -0.092739673198371 0.0)
(9.645925390306513 -0.0985036199754575 0.0)
(9.852248050887253 -0.10264775316358155 0.0)
(9.970387124563624 -0.1051440679472763 0.0)
(10.0 -0.10597743575105949 0.0)
(9.940723986547514 -0.10514406794727507 0.0)
(9.792196393557184 -0.10264775316357937 0.0)
(9.554074609693503 -0.09850361997545373 0.0)
(9.225974239941387 -0.09273967319836715 0.0)
(8.807501860311712 -0.085404818940303 0.0)
(8.298497823197849 -0.07657350922400356 0.0)
(7.699120554518258 -0.06633113024857298 0.0)
(6.996636585208753 -0.05458128629597892 0.0)
(6.191965436291959 -0.041731281334466734 0.0)
(5.321316252606583 -0.02961928410959788 0.0)
(4.404412565050965 -0.019442984616166652 0.0)
(3.4357186956619725 -0.011019225118024695 0.0)
(2.39789767877981 -0.004659873345242367 0.0)
(1.2581899814313833 -0.0011409227230701547 0.0)
(-0.004278159245604459 -8.08328802957497e-05 0.0)
(0.004318602877542583 -8.077823779420163e-05 0.0)
(1.319733112102737 -0.0011399852698091618 0.0)
(2.580124228722565 -0.004655081207283573 0.0)
(3.764382213840262 -0.011005348558115271 0.0)
(4.839356551756732 -0.019414573031630033 0.0)
(5.788118441692212 -0.02957391504448416 0.0)
(6.607051484486534 -0.04167444044432525 0.0)
(7.315124562167647 -0.0545247112734017 0.0)
(7.94576660233532 -0.06627999510288039 0.0)
(8.501552088167628 -0.07652651211264466 0.0)
(8.970334406109373 -0.0853615639828531 0.0)
(9.351837250165651 -0.09269990572296331 0.0)
(9.645946753382661 -0.0984667590300529 0.0)
(9.852259701273331 -0.10261306580935226 0.0)
(9.97039264971149 -0.10511072293269351 0.0)
(10.0 -0.10594454222925866 0.0)
(9.940718461399646 -0.10511072293269225 0.0)
(9.792184743171108 -0.10261306580935002 0.0)
(9.554053246617354 -0.09846675903004912 0.0)
(9.22594052761214 -0.09269990572295939 0.0)
(8.807443371668409 -0.08536156398284883 0.0)
(8.298447911832401 -0.07652651211263971 0.0)
(7.698677842109123 -0.06627999510287552 0.0)
(6.995986548943426 -0.05452471127339711 0.0)
(6.192948515513457 -0.04167444044432 0.0)
(5.32299266941889 -0.029573915044479013 0.0)
(4.405087892687663 -0.01941457303162725 0.0)
(3.4356177861597117 -0.011005348558114452 0.0)
(2.397653549055194 -0.0046550812072837155 0.0)
(1.258044665675026 -0.0011399852698091388 0.0)
(-0.004318602877554209 -8.0778237794199e-05 0.0)
(0.004360243042982418 -8.070747471962334e-05 0.0)
(1.3198845633737089 -0.0011388442583233338 0.0)
(2.5803992924002372 -0.004649616805780034 0.0)
(3.7645870670678825 -0.010990351132766911 0.0)
(4.838858383537313 -0.019384880204249933 0.0)
(5.78646631120391 -0.0295267616232782 0.0)
(6.605761512977778 -0.0416140898584732 0.0)
(7.31552950919745 -0.054462742462309734 0.0)
(7.946199139758647 -0.06622298584631651 0.0)
(8.501593603658767 -0.07647383044269726 0.0)
(8.970379991455523 -0.08531284305084372 0.0)
(9.351864237392633 -0.09265492875392335 0.0)
(9.645963886283827 -0.0984249313648788 0.0)
(9.852268962999247 -0.10257360787625616 0.0)
(9.970397105881188 -0.10507273217535153 0.0)
(10.0 -0.10590704657833304 0.0)
(9.940714005229948 -0.10507273217535026 0.0)
(9.79217548144519 -0.1025736078762539 0.0)
(9.554036113716188 -0.09842493136487496 0.0)
(9.22591354038516 -0.09265492875391934 0.0)
(8.807397786322259 -0.08531284305083936 0.0)
(8.298406396341262 -0.0764738304426922 0.0)
(7.698245304685795 -0.0662229858463115 0.0)
(6.995581601913622 -0.054462742462304974 0.0)
(6.194238487022218 -0.04161408985846781 0.0)
(5.324644799907196 -0.029526761623272932 0.0)
(4.405586060907083 -0.019384880204247074 0.0)
(3.4354129329320906 -0.01099035113276605 0.0)
(2.3973784853775206 -0.004649616805780161 0.0)
(1.2578932144040536 -0.0011388442583233078 0.0)
(-0.004360243042994151 -8.070747471962046e-05 0.0)
(0.004401250149221551 -8.062370027205684e-05 0.0)
(1.3200354956675215 -0.0011375498225699562 0.0)
(2.5806932042361836 -0.004643720236536819 0.0)
(3.7648868631448105 -0.010974891801413186 0.0)
(4.838559263335361 -0.019355210782542643 0.0)
(5.784911058630777 -0.029479895681048078 0.0)
(6.604221328169919 -0.04155288127124976 0.0)
(7.315671574360072 -0.054398102658898086 0.0)
(7.946602497293092 -0.06616260736132402 0.0)
(8.501624899160865 -0.07641777895036528 0.0)
(8.97041067056781 -0.08526079685289911 0.0)
(9.351883313747964 -0.09260671849698772 0.0)
(9.645976036221676 -0.09837997481102138 0.0)
(9.852275429121711 -0.10253111307368729 0.0)
(9.970400297276775 -0.10503176491962583 0.0)
(10.0 -0.10586659628858801 0.0)
(9.940710813834361 -0.10503176491962454 0.0)
(9.792169015322727 -0.102531113073685 0.0)
(9.55402396377834 -0.09837997481101746 0.0)
(9.225894464029828 -0.09260671849698365 0.0)
(8.807367107209974 -0.08526079685289464 0.0)
(8.298375100839165 -0.0764177789503601 0.0)
(7.69784194715135 -0.06616260736131888 0.0)
(6.995439536751 -0.05439810265889317 0.0)
(6.195778671830081 -0.041552881271244214 0.0)
(5.326200052480331 -0.02947989568104269 0.0)
(4.405885181109036 -0.019355210782539715 0.0)
(3.4351131368551613 -0.010974891801412284 0.0)
(2.3970845735415733 -0.00464372023653693 0.0)
(1.2577422821102404 -0.0011375498225699267 0.0)
(-0.004401250149233383 -8.06237002720537e-05 0.0)
(0.004439822419032218 -8.053059534746718e-05 0.0)
(1.3201792772953076 -0.0011361588376879296 0.0)
(2.5809930502820295 -0.004637650584019006 0.0)
(3.765268429579887 -0.01095964981879173 0.0)
(4.838472333945324 -0.019326868386619313 0.0)
(5.783521018925624 -0.029435376421556553 0.0)
(6.602498602965725 -0.041493504075999554 0.0)
(7.315544515572168 -0.054333632017873494 0.0)
(7.946958952146512 -0.06610151256807413 0.0)
(8.501644599606813 -0.07636082043567852 0.0)
(8.970425095462161 -0.08520771220374107 0.0)
(9.351893641051493 -0.09255739322264799 0.0)
(9.645982669350166 -0.09833386467721143 0.0)
(9.852278815531129 -0.10248744854552846 0.0)
(9.970402083674168 -0.10498962119178555 0.0)
(10.0 -0.10582496867175321 0.0)
(9.94070902743697 -0.10498962119178426 0.0)
(9.79216562891331 -0.10248744854552612 0.0)
(9.554017330649849 -0.09833386467720745 0.0)
(9.2258841367263 -0.09255739322264384 0.0)
(8.80735268231562 -0.08520771220373652 0.0)
(8.298355400393215 -0.0763608204356732 0.0)
(7.697485492297929 -0.06610151256806884 0.0)
(6.995566595538906 -0.05433363201786844 0.0)
(6.19750139703428 -0.04149350407599387 0.0)
(5.3275900921854875 -0.029435376421551075 0.0)
(4.4059721104990714 -0.019326868386616316 0.0)
(3.4347315704200834 -0.010959649818790797 0.0)
(2.396784727495727 -0.004637650584019101 0.0)
(1.2575985004824541 -0.0011361588376878962 0.0)
(-0.004439822419044134 -8.05305953474638e-05 0.0)
(0.0044742650574449115 -8.04322508059102e-05 0.0)
(1.320309590755383 -0.001134732421008234 0.0)
(2.581285655851073 -0.00463167453765411 0.0)
(3.7657150010420106 -0.010945294889734516 0.0)
(4.838601414885568 -0.01930109832950586 0.0)
(5.782357267890088 -0.02939515993962001 0.0)
(6.6006690307590326 -0.04143856719805439 0.0)
(7.31515391556443 -0.05427216326125688 0.0)
(7.947252842344764 -0.0660423858600125 0.0)
(8.50165183939506 -0.07630545755156959 0.0)
(8.970422632335113 -0.08515592154573806 0.0)
(9.351894765540395 -0.09250912019322062 0.0)
(9.645983494221769 -0.09828862695837247 0.0)
(9.852278973434867 -0.102444532831265 0.0)
(9.97040238658233 -0.1049481527101322 0.0)
(10.0 -0.10578399276915677 0.0)
(9.940708724528807 -0.10494815271013089 0.0)
(9.79216547100957 -0.1024445328312626 0.0)
(9.554016505778247 -0.09828862695836843 0.0)
(9.225883012237398 -0.09250912019321639 0.0)
(8.807355145442669 -0.08515592154573343 0.0)
(8.298348160604968 -0.07630545755156419 0.0)
(7.697191602099676 -0.0660423858600071 0.0)
(6.995957195546647 -0.05427216326125169 0.0)
(6.199330969240977 -0.041438567198048594 0.0)
(5.328753843221025 -0.02939515993961445 0.0)
(4.405843029558826 -0.019301098329502813 0.0)
(3.4342849989579585 -0.010945294889733552 0.0)
(2.396492121926683 -0.004631674537654193 0.0)
(1.2574681870223783 -0.0011347324210081975 0.0)
(-0.004474265057456893 -8.043225080590657e-05 0.0)
(0.004503064717938803 -8.033298772662564e-05 0.0)
(1.3204207103127141 -0.0011333332466702207 0.0)
(2.581558164389917 -0.00462605467398654 0.0)
(3.7662069559981157 -0.010932457743562718 0.0)
(4.838940834575727 -0.019279032900366862 0.0)
(5.781470938615649 -0.029361013273880757 0.0)
(6.598812999605496 -0.04139048446332698 0.0)
(7.314516936586616 -0.05421639721376007 0.0)
(7.9474712548901945 -0.06598782515652211 0.0)
(8.501646300422554 -0.07625412284188277 0.0)
(8.97040338941196 -0.08510770046565433 0.0)
(9.351886637806686 -0.0924640204373056 0.0)
(9.645978474593132 -0.09824624931711019 0.0)
(9.852275895894925 -0.10240425156886951 0.0)
(9.970401192692034 -0.10490918152388519 0.0)
(10.0 -0.10574546898699554 0.0)
(9.940709918419104 -0.10490918152388384 0.0)
(9.792168548549514 -0.10240425156886711 0.0)
(9.554021525406883 -0.09824624931710613 0.0)
(9.225891139971107 -0.09246402043730131 0.0)
(8.807374388365822 -0.08510770046564961 0.0)
(8.298353699577476 -0.07625412284187726 0.0)
(7.696973189554246 -0.06598782515651663 0.0)
(6.996594174524464 -0.054216397213754784 0.0)
(6.201187000394519 -0.0413904844633211 0.0)
(5.329640172495465 -0.02936101327387514 0.0)
(4.405503609868666 -0.019279032900363775 0.0)
(3.433793044001852 -0.010932457743561726 0.0)
(2.396219613387838 -0.004626054673986611 0.0)
(1.2573570674650472 -0.0011333332466701813 0.0)
(-0.00450306471795083 -8.033298772662174e-05 0.0)
(0.0045249559961192815 -8.02371675477206e-05 0.0)
(1.320507753577239 -0.001132022791834585 0.0)
(2.5817986023719053 -0.004621037919544597 0.0)
(3.7667226788474366 -0.01092170242099422 0.0)
(4.839475679535563 -0.01926164161379113 0.0)
(5.780900974789131 -0.029334436766361827 0.0)
(6.597012060118487 -0.04135136853921638 0.0)
(7.31366156632969 -0.05416878413348896 0.0)
(7.9476045931351305 -0.06594022775509835 0.0)
(8.501628226061612 -0.07620907185984743 0.0)
(8.97036821219154 -0.08506516770953082 0.0)
(9.351869614968116 -0.09242407555567018 0.0)
(9.645967831017556 -0.09820859374945397 0.0)
(9.852269718132776 -0.10236837464331922 0.0)
(9.970398554460633 -0.10487441995567244 0.0)
(10.0 -0.10571108998978036 0.0)
(9.940712556650505 -0.1048744199556711 0.0)
(9.792174726311663 -0.10236837464331679 0.0)
(9.55403216898246 -0.09820859374944987 0.0)
(9.225908162809677 -0.09242407555566587 0.0)
(8.807409565586243 -0.08506516770952607 0.0)
(8.298371773938417 -0.07620907185984187 0.0)
(7.69683985130931 -0.06594022775509278 0.0)
(6.997449544781393 -0.05416878413348359 0.0)
(6.202987939881531 -0.04135136853921045 0.0)
(5.330210136321982 -0.029334436766356175 0.0)
(4.404968764908827 -0.01926164161378802 0.0)
(3.43327732115253 -0.010921702420993214 0.0)
(2.3959791754058495 -0.00462103791954466 0.0)
(1.2572700242005221 -0.0011320227918345425 0.0)
(-0.004524955996131333 -8.02371675477165e-05 0.0)
(0.004538977029272058 -8.014900043255812e-05 0.0)
(1.3205668960271557 -0.0011308586354893946 0.0)
(2.581996405391978 -0.0046168447013405665 0.0)
(3.767239509671463 -0.010913501491226385 0.0)
(4.840182449656015 -0.019249688611094332 0.0)
(5.780672419578354 -0.029316598140183253 0.0)
(6.595345342284341 -0.04132293810786744 0.0)
(7.312625388197886 -0.054131416052085 0.0)
(7.947646998441026 -0.06590168499848277 0.0)
(8.50159841046659 -0.07617228406319584 0.0)
(8.970318646296565 -0.08503019208886015 0.0)
(9.351844444977067 -0.09239104065333635 0.0)
(9.64595203115428 -0.09817731477215773 0.0)
(9.852260711587988 -0.10233847842108779 0.0)
(9.970394587807188 -0.10484539536520672 0.0)
(10.0 -0.10568236632775431 0.0)
(9.940716523303948 -0.10484539536520537 0.0)
(9.79218373285645 -0.10233847842108536 0.0)
(9.554047968845735 -0.0981773147721536 0.0)
(9.225933332800725 -0.09239104065333201 0.0)
(8.807459131481217 -0.08503019208885534 0.0)
(8.298401589533439 -0.07617228406319022 0.0)
(7.696797446003415 -0.06590168499847715 0.0)
(6.998485722913199 -0.054131416052079585 0.0)
(6.20465465771568 -0.041322938107861494 0.0)
(5.330438691532759 -0.029316598140177594 0.0)
(4.404261994788373 -0.019249688611091224 0.0)
(3.4327604903285023 -0.010913501491225368 0.0)
(2.395781372385777 -0.004616844701340624 0.0)
(1.2572108817506054 -0.00113085863548935 0.0)
(-0.004538977029284108 -8.014900043255381e-05 0.0)
(0.004544511758851155 -8.007236028288122e-05 0.0)
(1.320595539051413 -0.0011298919285346939 0.0)
(2.5821428823473034 -0.004613659261711061 0.0)
(3.7677347398693017 -0.010908215288110028 0.0)
(4.841030090750988 -0.019243699085347576 0.0)
(5.780795315281148 -0.029308281191944473 0.0)
(6.593886078635516 -0.04130644235042165 0.0)
(7.311453929962682 -0.054105934854682104 0.0)
(7.947596607596317 -0.0658738903848891 0.0)
(8.501558163680185 -0.07614537584041145 0.0)
(8.970256869561783 -0.08500431036842843 0.0)
(9.3518122337569 -0.092366367223477 0.0)
(9.645931769220391 -0.09815378672626056 0.0)
(9.85224927199166 -0.1023158764874865 0.0)
(9.9703894670192 -0.10482338303989412 0.0)
(10.0 -0.10566056006607831 0.0)
(9.940721644091937 -0.10482338303989278 0.0)
(9.792195172452777 -0.10231587648748404 0.0)
(9.554068230779624 -0.09815378672625644 0.0)
(9.225965544020891 -0.09236636722347263 0.0)
(8.807520908216 -0.0850043103684236 0.0)
(8.298441836319844 -0.07614537584040583 0.0)
(7.696847836848124 -0.06587389038488345 0.0)
(6.9996571811484065 -0.05410593485467669 0.0)
(6.206113921364508 -0.0413064423504157 0.0)
(5.330315795829963 -0.029308281191938835 0.0)
(4.403414353693397 -0.019243699085344474 0.0)
(3.4322652601306625 -0.010908215288109011 0.0)
(2.3956348954304514 -0.004613659261711113 0.0)
(1.2571822387263483 -0.0011298919285346479 0.0)
(-0.00454451175886318 -8.007236028287678e-05 0.0)
(0.004541316998964366 -8.001061452665754e-05 0.0)
(1.3205924241279259 -0.0011291651463055318 0.0)
(2.5822315973084367 -0.0046116215630458 0.0)
(3.768186609932058 -0.010906076077739253 0.0)
(4.841981359021486 -0.019243936205354643 0.0)
(5.7812642620851635 -0.02930985135313567 0.0)
(6.592698386547093 -0.04130260606028302 0.0)
(7.310198663355811 -0.054093460138477635 0.0)
(7.947455634682534 -0.06585806515878982 0.0)
(8.501509254072564 -0.07612952948957621 0.0)
(8.970185596343901 -0.0849886597436822 0.0)
(9.351774396609702 -0.09235113937146137 0.0)
(9.645907935488196 -0.09813904339105585 0.0)
(9.85223590197873 -0.10230156193012868 0.0)
(9.970383417094718 -0.10480935016103847 0.0)
(10.0 -0.10564662933199705 0.0)
(9.940727694016418 -0.10480935016103712 0.0)
(9.792208542465708 -0.10230156193012625 0.0)
(9.554092064511819 -0.09813904339105173 0.0)
(9.22600338116809 -0.092351139371457 0.0)
(8.807592181433883 -0.08498865974367739 0.0)
(8.298490745927465 -0.0761295294895706 0.0)
(7.6969888097619075 -0.0658580651587842 0.0)
(7.000912447755281 -0.05409346013847224 0.0)
(6.207301613452932 -0.041302606060277115 0.0)
(5.3298468490259445 -0.029309851353130075 0.0)
(4.402463085422897 -0.01924393620535157 0.0)
(3.431813390067905 -0.010906076077738244 0.0)
(2.395546180469318 -0.004611621563045852 0.0)
(1.2571853536498354 -0.001129165146305485 0.0)
(-0.0045413169989763445 -8.001061452665301e-05 0.0)
(0.004529533121516473 -7.99664761594549e-05 0.0)
(1.3205576881207337 -0.0011287102222834469 0.0)
(2.582258652302285 -0.0046108211380962725 0.0)
(3.7685752655158473 -0.010907177853104171 0.0)
(4.842994457479998 -0.01925038955249622 0.0)
(5.782058655325747 -0.029321239633746644 0.0)
(6.591834451036617 -0.041311597797021954 0.0)
(7.308914742495532 -0.05409454001967975 0.0)
(7.947230273791605 -0.06585490465166828 0.0)
(8.501453830642406 -0.07612544127035575 0.0)
(8.970107958257723 -0.08498392787444078 0.0)
(9.3517325960305 -0.09234602618124847 0.0)
(9.645881577168286 -0.09813373256172032 0.0)
(9.852221189003103 -0.10229616370447697 0.0)
(9.97037670385636 -0.10480391330766424 0.0)
(10.0 -0.10564118621648043 0.0)
(9.940734407254778 -0.1048039133076629 0.0)
(9.792223255441334 -0.10229616370447452 0.0)
(9.55411842283173 -0.0981337325617162 0.0)
(9.226045181747294 -0.09234602618124413 0.0)
(8.807669819520061 -0.08498392787443601 0.0)
(8.298546169357621 -0.07612544127035016 0.0)
(7.697214170652837 -0.06585490465166272 0.0)
(7.002196368615563 -0.05409454001967442 0.0)
(6.208165548963408 -0.04131159779701613 0.0)
(5.329052455785358 -0.029321239633741118 0.0)
(4.401449986964383 -0.019250389552493193 0.0)
(3.431424734484115 -0.010907177853103179 0.0)
(2.3955191254754697 -0.004610821138096328 0.0)
(1.2572200896570278 -0.0011287102222834005 0.0)
(-0.004529533121528383 -7.996647615945032e-05 0.0)
(0.004509677888524539 -7.994188454037926e-05 0.0)
(1.320492857266445 -0.0011285471449977104 0.0)
(2.5822228585819142 -0.004611293156070424 0.0)
(3.7688836298053436 -0.010911472204210893 0.0)
(4.8440248724336685 -0.019262775578504972 0.0)
(5.7831435908172075 -0.029341945653561602 0.0)
(6.5913322318498935 -0.04133302248017606 0.0)
(7.30765858051558 -0.05410912705028403 0.0)
(7.946930426868791 -0.06586454773042548 0.0)
(8.501394328593841 -0.07613329081162343 0.0)
(8.97002736657872 -0.08499032267038198 0.0)
(9.351688668660268 -0.09235125231706194 0.0)
(9.645853852397014 -0.09813808758637911 0.0)
(9.852205779526015 -0.10229991899869065 0.0)
(9.970369622271535 -0.10480731136516226 0.0)
(10.0 -0.10564446988006639 0.0)
(9.9407414888396 -0.10480731136516092 0.0)
(9.792238664918424 -0.10229991899868822 0.0)
(9.554146147603001 -0.09813808758637502 0.0)
(9.226089109117526 -0.09235125231705762 0.0)
(8.807750411199065 -0.08499032267037726 0.0)
(8.298605671406188 -0.07613329081161792 0.0)
(7.697514017575652 -0.06586454773041997 0.0)
(7.003452530595518 -0.05410912705027878 0.0)
(6.208667768150132 -0.04133302248017034 0.0)
(5.327967520293893 -0.029341945653556172 0.0)
(4.400419572010709 -0.019262775578502 0.0)
(3.431116370194619 -0.010911472204209925 0.0)
(2.3955549191958405 -0.004611293156070486 0.0)
(1.257284920511317 -0.0011285471449976644 0.0)
(-0.004509677888536364 -7.99418845403747e-05 0.0)
(0.0044826237026021065 -7.993792018018378e-05 0.0)
(1.3204007801141922 -0.0011286830797659156 0.0)
(2.5821257888579154 -0.004613016877362004 0.0)
(3.7690981538378026 -0.010918770445128078 0.0)
(4.845027329334524 -0.019280550064057673 0.0)
(5.7844713984788845 -0.02937105962795048 0.0)
(6.591213795579201 -0.04136593874836292 0.0)
(7.30648537087527 -0.054136580302851935 0.0)
(7.946569268639327 -0.06588657069582228 0.0)
(8.501333362338025 -0.07615273321889626 0.0)
(8.96994736235783 -0.08500756315587105 0.0)
(9.351644544587293 -0.09236658815205508 0.0)
(9.645825979350112 -0.09815191711321598 0.0)
(9.852190350611695 -0.10231266281201212 0.0)
(9.970362483492128 -0.10481939502910263 0.0)
(10.0 -0.10565633604458423 0.0)
(9.940748627619008 -0.10481939502910131 0.0)
(9.792254093832742 -0.10231266281200972 0.0)
(9.554174020649903 -0.09815191711321192 0.0)
(9.2261332331905 -0.09236658815205082 0.0)
(8.807830415419954 -0.08500756315586638 0.0)
(8.298666637662004 -0.07615273321889084 0.0)
(7.697875175805117 -0.06588657069581685 0.0)
(7.00462574023583 -0.054136580302846786 0.0)
(6.208786204420823 -0.041365938748357305 0.0)
(5.326639712632212 -0.029371059627945156 0.0)
(4.399417115109851 -0.019280550064054765 0.0)
(3.4309018461621594 -0.010918770445127141 0.0)
(2.39565198891984 -0.0046130168773620755 0.0)
(1.25737699766357 -0.0011286830797658713 0.0)
(-0.004482623702613833 -7.993792018017928e-05 0.0)
(0.004449559275184376 -7.99547572656028e-05 0.0)
(1.320285502365595 -0.001129112053863033 0.0)
(2.581971708196376 -0.004615916564810919 0.0)
(3.7692094118196984 -0.010928751904501585 0.0)
(4.845957782060284 -0.01930293203077663 0.0)
(5.7859837368712785 -0.029407302342141145 0.0)
(6.5914843460976025 -0.041408900320976966 0.0)
(7.305446662259871 -0.05417569353168993 0.0)
(7.946162667735096 -0.06592000589904905 0.0)
(8.501273610620705 -0.07618291422836757 0.0)
(8.969871460834154 -0.08503489181551616 0.0)
(9.351602162542621 -0.09239135985769438 0.0)
(9.645799182718266 -0.09817461349812213 0.0)
(9.852175580178413 -0.10233383520459821 0.0)
(9.970355601183043 -0.10483963336539827 0.0)
(10.0 -0.10567626333247361 0.0)
(9.940755509928094 -0.10483963336539698 0.0)
(9.792268864266024 -0.10233383520459584 0.0)
(9.55420081728175 -0.09817461349811812 0.0)
(9.226175615235173 -0.0923913598576902 0.0)
(8.80790631694363 -0.08503489181551158 0.0)
(8.298726389379324 -0.07618291422836225 0.0)
(7.69828177670935 -0.06592000589904376 0.0)
(7.005664448851231 -0.05417569353168492 0.0)
(6.2085156539024196 -0.041408900320971505 0.0)
(5.3251273742398135 -0.02940730234213593 0.0)
(4.398486662384088 -0.01930293203077379 0.0)
(3.430790588180264 -0.010928751904500683 0.0)
(2.39580606958138 -0.004615916564811002 0.0)
(1.2574922754121673 -0.001129112053862991 0.0)
(-0.004449559275195995 -7.995475726559844e-05 0.0)
(0.00441193739672242 -7.999165600590563e-05 0.0)
(1.3201520891140324 -0.0011298152189520218 0.0)
(2.581767386619682 -0.00461986481145549 0.0)
(3.7692125152788476 -0.010940978015267104 0.0)
(4.846775348220396 -0.019328938055990865 0.0)
(5.7876141566121735 -0.02944908135757622 0.0)
(6.592131995910276 -0.04146001954511355 0.0)
(7.30458809362568 -0.05422474817307852 0.0)
(7.9457284894559725 -0.06596338425844399 0.0)
(8.501217698823027 -0.07622250774169578 0.0)
(8.969802996981787 -0.08507110787800892 0.0)
(9.351563384715757 -0.09242447901055266 0.0)
(9.645774639896459 -0.09820517950346665 0.0)
(9.852162117211988 -0.10236250590025242 0.0)
(9.970349277740352 -0.10486713713857733 0.0)
(10.0 -0.10570337617516058 0.0)
(9.940761833370784 -0.10486713713857604 0.0)
(9.792282327232451 -0.1023625059002501 0.0)
(9.554225360103558 -0.09820517950346269 0.0)
(9.226214393062037 -0.09242447901054854 0.0)
(8.807974780795996 -0.08507110787800443 0.0)
(8.298782301177003 -0.07622250774169055 0.0)
(7.698715954988474 -0.06596338425843881 0.0)
(7.0065230174854225 -0.05422474817307366 0.0)
(6.207868004089742 -0.041460019545108244 0.0)
(5.323496954498914 -0.02944908135757113 0.0)
(4.397669096223976 -0.01932893805598811 0.0)
(3.4307874847211153 -0.01094097801526624 0.0)
(2.396010391158075 -0.004619864811455587 0.0)
(1.2576256886637305 -0.0011298152189519824 0.0)
(-0.004411937396733926 -7.999165600590143e-05 0.0)
(0.0043714111037285765 -8.004699513794768e-05 0.0)
(1.320006402293705 -0.0011307616792452754 0.0)
(2.5815218016441177 -0.004624688138561271 0.0)
(3.769107327854933 -0.010954911584484632 0.0)
(4.847444105453476 -0.01935742548252915 0.0)
(5.789291020040923 -0.02949456098075004 0.0)
(6.5931282884692965 -0.041517050335584074 0.0)
(7.303947388907777 -0.05428158885581801 0.0)
(7.945285810801235 -0.06601479980825371 0.0)
(8.501168083607093 -0.07626977409233957 0.0)
(8.969744978977149 -0.08511462007581877 0.0)
(9.351529914933472 -0.09246449041564307 0.0)
(9.645753429251377 -0.0982422721148936 0.0)
(9.85215055325053 -0.10239741516105932 0.0)
(9.97034379100456 -0.10490069788316304 0.0)
(10.0 -0.10573648328393902 0.0)
(9.940767320106577 -0.10490069788316178 0.0)
(9.792293891193907 -0.10239741516105703 0.0)
(9.554246570748639 -0.09824227211488973 0.0)
(9.226247862844321 -0.09246449041563903 0.0)
(8.808032798800635 -0.08511462007581438 0.0)
(8.298831916392936 -0.07626977409233444 0.0)
(7.699158633643212 -0.06601479980824868 0.0)
(7.007163722203327 -0.05428158885581331 0.0)
(6.206871711530718 -0.04151705033557893 0.0)
(5.32182009107016 -0.029494560980745082 0.0)
(4.397000338990894 -0.019357425482526478 0.0)
(3.430892672145031 -0.01095491158448381 0.0)
(2.3962559761336397 -0.004624688138561382 0.0)
(1.2577713754840583 -0.0011307616792452394 0.0)
(-0.004371411103739968 -8.004699513794367e-05 0.0)
(0.0043297610473762346 -8.011834316150713e-05 0.0)
(1.3198548431169717 -0.0011319098490090087 0.0)
(2.5812457438242244 -0.00463017461795926 0.0)
(3.768898471290926 -0.0109699403966135 0.0)
(4.8479346697901615 -0.01938714262498566 0.0)
(5.7909406488462025 -0.029541742920222963 0.0)
(6.594429448502285 -0.04157748686379016 0.0)
(7.303552699499329 -0.05434371810429591 0.0)
(7.9448540822611164 -0.06607199344328173 0.0)
(8.501126944974722 -0.07632263648332294 0.0)
(8.969699956025222 -0.08516351656257731 0.0)
(9.351503223796767 -0.09250963604502475 0.0)
(9.645736482739965 -0.09828426155091595 0.0)
(9.852141396393353 -0.10243702913796374 0.0)
(9.970339382052797 -0.10493884100143598 0.0)
(10.0 -0.10577412999301695 0.0)
(9.940771729058339 -0.10493884100143472 0.0)
(9.792303048051084 -0.10243702913796147 0.0)
(9.55426351726005 -0.09828426155091213 0.0)
(9.226274553981025 -0.09250963604502077 0.0)
(8.808077821752562 -0.08516351656257301 0.0)
(8.29887305502531 -0.07632263648331793 0.0)
(7.699590362183332 -0.06607199344327683 0.0)
(7.007558411611774 -0.05434371810429139 0.0)
(6.2055705514977255 -0.04157748686378517 0.0)
(5.320170462264877 -0.02954174292021813 0.0)
(4.396509774654209 -0.019387142624983065 0.0)
(3.4311015287090387 -0.01096994039661272 0.0)
(2.3965320339535343 -0.004630174617959387 0.0)
(1.257922934660792 -0.0011319098490089761 0.0)
(-0.004329761047387521 -8.011834316150333e-05 0.0)
(0.004288817254944895 -8.020256517495622e-05 0.0)
(1.3197040708167884 -0.001133209279764321 0.0)
(2.580951342635574 -0.004636083183781939 0.0)
(3.7685951223621568 -0.0109854041131432 0.0)
(4.84822548673096 -0.019416783766486836 0.0)
(5.792490561356218 -0.029588554087891475 0.0)
(6.595978305417797 -0.04163867365924792 0.0)
(7.303421367330881 -0.05440840607299637 0.0)
(7.944452273197843 -0.06613245217983764 0.0)
(8.501096090482159 -0.0763787722378951 0.0)
(8.969669906352149 -0.08521564891610992 0.0)
(9.351484484065361 -0.09255793228233423 0.0)
(9.645724544960931 -0.09832930287253235 0.0)
(9.85213504897601 -0.10247960726529215 0.0)
(9.970336244606338 -0.10497989055456007 0.0)
(10.0 -0.10581466217487025 0.0)
(9.940774866504798 -0.10497989055455881 0.0)
(9.792309395468427 -0.10247960726528994 0.0)
(9.554275455039084 -0.09832930287252858 0.0)
(9.22629329371243 -0.09255793228233036 0.0)
(8.808107871425635 -0.0852156489161057 0.0)
(8.29890390951787 -0.07637877223789023 0.0)
(7.699992171246605 -0.06613245217983288 0.0)
(7.0076897437802215 -0.05440840607299199 0.0)
(6.204021694582208 -0.04163867365924307 0.0)
(5.318620549754858 -0.029588554087886753 0.0)
(4.39621895771341 -0.019416783766484317 0.0)
(3.4314048776378088 -0.010985404113142458 0.0)
(2.3968264351421853 -0.004636083183782082 0.0)
(1.2580737069609758 -0.0011332092797642914 0.0)
(-0.004288817254956084 -8.02025651749527e-05 0.0)
)
