(
(-0.023481284378274955 -4.5305793266445676e-05 0.0)
(1.218542693118743 -0.0007495739217240514 0.0)
(2.3935100241274805 -0.0037394507295305983 0.0)
(3.517533945811169 -0.010809948229858406 0.0)
(4.562703494938909 -0.022643990348052638 0.0)
(5.500078357315984 -0.03855008121807769 0.0)
(6.335345444905068 -0.05644347405582363 0.0)
(7.089762171282156 -0.07349599835215918 0.0)
(7.765659419433309 -0.08846862579816427 0.0)
(8.354711026009678 -0.10164792154331824 0.0)
(8.852812499943742 -0.11305970365536519 0.0)
(9.260919952975051 -0.12254164563929544 0.0)
(9.579579041293178 -0.12999466147557975 0.0)
(9.808852189131096 -0.1353540620640043 0.0)
(9.948951619207277 -0.13858219545326964 0.0)
(10.000000000000007 -0.13966011873139053 0.0)
(9.962159491903853 -0.1385821954532702 0.0)
(9.835592255313358 -0.13535406206400566 0.0)
(9.620420958706838 -0.12999466147558011 0.0)
(9.31685782480273 -0.12254164563929781 0.0)
(8.924965277834048 -0.11305970365536777 0.0)
(8.445288973990339 -0.10164792154332213 0.0)
(7.8787850250111315 -0.08846862579816944 0.0)
(7.221348939828933 -0.07349599835216329 0.0)
(6.464654555094936 -0.05644347405582653 0.0)
(5.611032753795105 -0.038550081218080734 0.0)
(4.681740949505478 -0.022643990348054657 0.0)
(3.6824660541887893 -0.010809948229859373 0.0)
(2.584267753650282 -0.0037394507295312584 0.0)
(1.3592350846590353 -0.000749573921724268 0.0)
(0.023481284378262787 -4.530579326646581e-05 0.0)
(-0.02344736473959012 -4.524036040597644e-05 0.0)
(1.218667050000301 -0.0007485500318982008 0.0)
(2.393746823328239 -0.0037347145637715642 0.0)
(3.5177550412940586 -0.010797349973874187 0.0)
(4.56240357483784 -0.022619566197580494 0.0)
(5.49877223173451 -0.03851143308836006 0.0)
(6.334145438597561 -0.05639333127191293 0.0)
(7.089950071494936 -0.07344352121735488 0.0)
(7.765999260178779 -0.08841984424522033 0.0)
(8.354739541611542 -0.10160270125063038 0.0)
(8.852841773598072 -0.11301776767525529 0.0)
(9.260937788773882 -0.12250284179015723 0.0)
(9.579590386106172 -0.12995850722376795 0.0)
(9.808858265571919 -0.13531990897869628 0.0)
(9.948954587218047 -0.13854928323281326 0.0)
(10.000000000000007 -0.13962762606980503 0.0)
(9.962156523893082 -0.13854928323281382 0.0)
(9.835586178872534 -0.13531990897869764 0.0)
(9.620409613893843 -0.12995850722376825 0.0)
(9.3168399890039 -0.12250284179015955 0.0)
(8.924936004179717 -0.11301776767525779 0.0)
(8.445260458388475 -0.10160270125063418 0.0)
(7.878445184265661 -0.08841984424522537 0.0)
(7.2211610396161525 -0.07344352121735882 0.0)
(6.465854561402446 -0.0563933312719157 0.0)
(5.612338879376583 -0.03851143308836302 0.0)
(4.682040869606547 -0.02261956619758245 0.0)
(3.682244958705899 -0.010797349973875122 0.0)
(2.5840309544495224 -0.003734714563772212 0.0)
(1.3591107277774774 -0.0007485500318984144 0.0)
(0.023447364739577876 -4.524036040599637e-05 0.0)
(-0.023414962462560193 -4.516625471186637e-05 0.0)
(1.2187873125396773 -0.0007474313255447964 0.0)
(2.393991993275266 -0.003729765995343223 0.0)
(3.518046990218435 -0.010784747188673394 0.0)
(4.562274738332324 -0.022595882192522024 0.0)
(5.497583624557102 -0.03847416026204018 0.0)
(6.332776929730415 -0.05634396955057719 0.0)
(7.089918169067395 -0.07339041642869464 0.0)
(7.766305285535643 -0.08836975685460909 0.0)
(8.35475888580628 -0.10155606949782732 0.0)
(8.852858034058638 -0.11297435958756219 0.0)
(9.260948650451692 -0.12246254832857718 0.0)
(9.579597334748764 -0.12992087022396448 0.0)
(9.808861884132442 -0.13528428906332635 0.0)
(9.948956436782288 -0.1385149167524439 0.0)
(10.000000000000007 -0.13959368457784763 0.0)
(9.962154674328842 -0.1385149167524444 0.0)
(9.83558256031201 -0.1352842890633276 0.0)
(9.620402665251254 -0.12992087022396479 0.0)
(9.31682912732609 -0.12246254832857945 0.0)
(8.924919743719151 -0.1129743595875646 0.0)
(8.445241114193735 -0.10155606949783101 0.0)
(7.8781391589087955 -0.08836975685461404 0.0)
(7.221192942043695 -0.07339041642869847 0.0)
(6.467223070269596 -0.05634396955057985 0.0)
(5.613527486553994 -0.03847416026204306 0.0)
(4.682169706112063 -0.022595882192523925 0.0)
(3.6819530097815214 -0.010784747188674297 0.0)
(2.5837857845024947 -0.003729765995343859 0.0)
(1.3589904652381006 -0.0007474313255450072 0.0)
(0.023414962462547873 -4.5166254711886085e-05 0.0)
(-0.023385501243959567 -4.5086732252742127e-05 0.0)
(1.2188981966209063 -0.0007462669565743915 0.0)
(2.3942347616496136 -0.0037248224552891666 0.0)
(3.518396964882667 -0.0107726936175816 0.0)
(4.562322646262713 -0.02257397896473083 0.0)
(5.49656476100864 -0.038439900438917866 0.0)
(6.331300048079637 -0.05629755775554718 0.0)
(7.089667865733833 -0.07333901731343977 0.0)
(7.766564049309579 -0.08832056437464174 0.0)
(8.354768208645368 -0.10151007519881684 0.0)
(8.852860566870548 -0.11293138666424629 0.0)
(9.26095206076623 -0.1224225356755423 0.0)
(9.579599581910305 -0.12988340417708588 0.0)
(9.808862885819737 -0.13524876739181096 0.0)
(9.948957086633529 -0.13848060601243725 0.0)
(10.000000000000007 -0.13955978558258073 0.0)
(9.9621540244776 -0.13848060601243775 0.0)
(9.835581558624716 -0.1352487673918122 0.0)
(9.62040041808971 -0.12988340417708613 0.0)
(9.31682571701155 -0.12242253567554451 0.0)
(8.92491721090724 -0.11293138666424865 0.0)
(8.445231791354647 -0.10151007519882045 0.0)
(7.877880395134859 -0.08832056437464658 0.0)
(7.221443245377259 -0.07333901731344351 0.0)
(6.468699951920378 -0.056297557755549746 0.0)
(5.614546350102456 -0.03843990043892066 0.0)
(4.682121798181673 -0.022573978964732684 0.0)
(3.681603035117288 -0.010772693617582476 0.0)
(2.5835430161281465 -0.0037248224552897903 0.0)
(1.3588795811568715 -0.0007462669565745995 0.0)
(0.023385501243947185 -4.5086732252761635e-05 0.0)
(-0.023360275555835777 -4.500528709997541e-05 0.0)
(1.2189948302003155 -0.0007451080852293927 0.0)
(2.3944644616530466 -0.003720101153715418 0.0)
(3.518789588040269 -0.010761718872461197 0.0)
(4.56254519364219 -0.022554818901965243 0.0)
(5.495760408089487 -0.03841015893294449 0.0)
(6.329779685123082 -0.056256135136188545 0.0)
(7.08921015936481 -0.07329158225468256 0.0)
(7.766764181893755 -0.08827442823289298 0.0)
(8.35476710050031 -0.10146673925895326 0.0)
(8.852849260746684 -0.11289073705694133 0.0)
(9.260947869874519 -0.12238456191382587 0.0)
(9.579597028854632 -0.1298477552726897 0.0)
(9.808861226621497 -0.13521490472141146 0.0)
(9.948956508218497 -0.13844785856393946 0.0)
(10.000000000000007 -0.1395274185438399 0.0)
(9.962154602892632 -0.13844785856393996 0.0)
(9.835583217822958 -0.1352149047214127 0.0)
(9.620402971145385 -0.1298477552726899 0.0)
(9.316829907903264 -0.12238456191382802 0.0)
(8.924928517031105 -0.11289073705694364 0.0)
(8.445232899499706 -0.10146673925895679 0.0)
(7.877680262550683 -0.08827442823289774 0.0)
(7.221900951746283 -0.07329158225468617 0.0)
(6.470220314876937 -0.05625613513619104 0.0)
(5.615350703021611 -0.03841015893294725 0.0)
(4.681899250802194 -0.02255481890196706 0.0)
(3.6812104119596856 -0.010761718872462052 0.0)
(2.583313316124713 -0.003720101153716031 0.0)
(1.358782947577462 -0.0007451080852295981 0.0)
(0.02336027555582336 -4.5005287099994705e-05 0.0)
(-0.023340393768775895 -4.492549780457908e-05 0.0)
(1.2190729673752116 -0.0007440056301966042 0.0)
(2.3946710006876373 -0.0037158095359757504 0.0)
(3.519207608547979 -0.010752305163535047 0.0)
(4.562932602146042 -0.022539243862330832 0.0)
(5.495205907595388 -0.038386242531482005 0.0)
(6.328282642827636 -0.056221521726615376 0.0)
(7.088565160740831 -0.07325019546212476 0.0)
(7.766896889828555 -0.08823337556702752 0.0)
(8.35475561006097 -0.10142796578015333 0.0)
(8.852824612457441 -0.11285419683502598 0.0)
(9.260936261916667 -0.12235029554104666 0.0)
(9.579589787758339 -0.12981548985841734 0.0)
(9.808856979439854 -0.13518418891591527 0.0)
(9.94895472695169 -0.13841811326992784 0.0)
(10.000000000000005 -0.1394980056100936 0.0)
(9.962156384159439 -0.13841811326992834 0.0)
(9.835587465004599 -0.13518418891591652 0.0)
(9.620410212241678 -0.12981548985841754 0.0)
(9.316841515861116 -0.12235029554104876 0.0)
(8.924953165320348 -0.1128541968350282 0.0)
(8.445244389939045 -0.1014279657801568 0.0)
(7.877547554615884 -0.08823337556703223 0.0)
(7.2225459503702645 -0.07325019546212834 0.0)
(6.471717357172386 -0.056221521726617804 0.0)
(5.615905203515711 -0.03838624253148472 0.0)
(4.681511842298341 -0.02253924386233263 0.0)
(3.6807923914519742 -0.010752305163535885 0.0)
(2.583106777090122 -0.003715809535976356 0.0)
(1.3587048104025659 -0.0007440056301968071 0.0)
(0.02334039376876345 -4.4925497804598196e-05 0.0)
(-0.023326729452130626 -4.485087016222247e-05 0.0)
(1.2191291749410778 -0.000743008031333282 0.0)
(2.3948453038060586 -0.003712136167902353 0.0)
(3.5196326593494356 -0.010744866111951468 0.0)
(4.563467849753352 -0.0225279381845754 0.0)
(5.494925623263622 -0.038369202077456845 0.0)
(6.326874698493 -0.056195238376720844 0.0)
(7.087761209921442 -0.07321667539571643 0.0)
(7.766956342170105 -0.0881992101560798 0.0)
(8.354734242196235 -0.10139545839814144 0.0)
(8.852787705003557 -0.1128233715090027 0.0)
(9.26091774692511 -0.12232124215893604 0.0)
(9.57957817678195 -0.12978802561754404 0.0)
(9.808850330888204 -0.13515796957162285 0.0)
(9.948951821098714 -0.1383926770842037 0.0)
(10.000000000000005 -0.1394728391318412 0.0)
(9.962159290012416 -0.1383926770842042 0.0)
(9.835594113556251 -0.1351579695716241 0.0)
(9.620421823218066 -0.12978802561754418 0.0)
(9.316860030852673 -0.12232124215893814 0.0)
(8.924990072774232 -0.1128233715090049 0.0)
(8.44526575780378 -0.10139545839814489 0.0)
(7.8774881022743335 -0.08819921015608442 0.0)
(7.223349901189655 -0.07321667539571992 0.0)
(6.473125301507025 -0.05619523837672326 0.0)
(5.616185487847475 -0.03836920207745956 0.0)
(4.680976594691029 -0.02252793818457719 0.0)
(3.6803673406505166 -0.010744866111952299 0.0)
(2.5829324739717 -0.0037121361679029524 0.0)
(1.3586486028366995 -0.0007430080313334832 0.0)
(0.02332672945211818 -4.485087016224142e-05 0.0)
(-0.023319882990975208 -4.478468317498332e-05 0.0)
(1.2191609832402988 -0.0007421591213084252 0.0)
(2.394979712448166 -0.003709242450568133 0.0)
(3.5200460644900313 -0.010739728576027684 0.0)
(4.564127418663463 -0.022521398619496376 0.0)
(5.494931870274963 -0.03835978629724426 0.0)
(6.325617714617477 -0.05617843992881531 0.0)
(7.086833631034861 -0.07319249486585226 0.0)
(7.7669399266912835 -0.08817343316570296 0.0)
(8.354703935770988 -0.10137064542781264 0.0)
(8.852740160031034 -0.11279961548730363 0.0)
(9.260893138414703 -0.12229867831995232 0.0)
(9.579562706090526 -0.12976656927856928 0.0)
(9.808841573091739 -0.1351373987185555 0.0)
(9.948947918337431 -0.1383726676262336 0.0)
(10.000000000000005 -0.13945302487809627 0.0)
(9.962163192773698 -0.1383726676262341 0.0)
(9.835602871352716 -0.1351373987185567 0.0)
(9.62043729390949 -0.12976656927856942 0.0)
(9.31688463936308 -0.12229867831995436 0.0)
(8.925037617746755 -0.11279961548730583 0.0)
(8.445296064229026 -0.10137064542781606 0.0)
(7.877504517753155 -0.08817343316570758 0.0)
(7.224277480076239 -0.07319249486585576 0.0)
(6.474382285382551 -0.056178439928817714 0.0)
(5.616179240836133 -0.03835978629724697 0.0)
(4.680317025780916 -0.022521398619498173 0.0)
(3.6799539355099196 -0.010739728576028512 0.0)
(2.5827980653295928 -0.0037092424505687288 0.0)
(1.3586167945374787 -0.0007421591213086249 0.0)
(0.02331988299096277 -4.4784683175002135e-05 0.0)
(-0.023320155206287562 -4.4729844977995225e-05 0.0)
(1.2191669946743982 -0.0007414961996754889 0.0)
(2.3950683209441186 -0.0037072555286188514 0.0)
(3.5204296597041917 -0.010737118289693332 0.0)
(4.564882328625112 -0.022519912503619538 0.0)
(5.495224374147161 -0.03835840890300108 0.0)
(6.324566920772969 -0.05617186447596785 0.0)
(7.085823180200407 -0.07317871632077748 0.0)
(7.766848364658197 -0.08815717718969653 0.0)
(8.354666022394113 -0.10135461710568909 0.0)
(8.852684066578988 -0.11278397256606185 0.0)
(9.260863517638374 -0.122283595437901 0.0)
(9.579544055437946 -0.1297520635937744 0.0)
(9.808831090852015 -0.1351233802023637 0.0)
(9.948943190148032 -0.13835896407499446 0.0)
(10.000000000000005 -0.13943943345091933 0.0)
(9.962167920963097 -0.13835896407499496 0.0)
(9.835613353592437 -0.1351233802023649 0.0)
(9.620455944562071 -0.12975206359377453 0.0)
(9.31691426013941 -0.12228359543790307 0.0)
(8.925093711198802 -0.11278397256606404 0.0)
(8.445333977605904 -0.1013546171056925 0.0)
(7.877596079786241 -0.08815717718970115 0.0)
(7.225287930910697 -0.073178716320781 0.0)
(6.47543307922706 -0.05617186447597028 0.0)
(5.615886736963933 -0.03835840890300382 0.0)
(4.679562115819265 -0.02251991250362135 0.0)
(3.6795703402957587 -0.010737118289694167 0.0)
(2.58270945683364 -0.0037072555286194464 0.0)
(1.3586107831033796 -0.0007414961996756878 0.0)
(0.02332015520627516 -4.472984497801396e-05 0.0)
(-0.023327534137424864 -4.4688765061310226e-05 0.0)
(1.2191469451119592 -0.0007410483939982433 0.0)
(2.395107235998709 -0.003706262703769987 0.0)
(3.520766590519974 -0.010737149944154558 0.0)
(4.565699410275652 -0.022523545134157733 0.0)
(5.495790282795192 -0.038365130414910485 0.0)
(6.323768486918632 -0.056175800931547115 0.0)
(7.084774254779177 -0.07317594516455557 0.0)
(7.766685679139074 -0.08815115648590673 0.0)
(8.354622167910026 -0.10134807768692193 0.0)
(8.852621889291076 -0.11277713006661874 0.0)
(9.260830186078845 -0.12227665622702612 0.0)
(9.579523044299762 -0.1297451459164119 0.0)
(9.80881934473947 -0.13511652997100276 0.0)
(9.94893784427851 -0.13835216853945784 0.0)
(10.000000000000005 -0.13943266203275564 0.0)
(9.96217326683262 -0.13835216853945834 0.0)
(9.835625099704982 -0.13511652997100396 0.0)
(9.620476955700253 -0.12974514591641204 0.0)
(9.316947591698938 -0.12227665622702821 0.0)
(8.925155888486714 -0.11277713006662096 0.0)
(8.44537783208999 -0.10134807768692537 0.0)
(7.877758765305366 -0.08815115648591137 0.0)
(7.226336856331929 -0.0731759451645591 0.0)
(6.476231513081398 -0.0561758009315496 0.0)
(5.6153208283159 -0.03836513041491328 0.0)
(4.678745034168722 -0.02252354513415957 0.0)
(3.6792334094799757 -0.010737149944155403 0.0)
(2.5826705417790503 -0.0037062627037705836 0.0)
(1.3586308326658185 -0.0007410483939984422 0.0)
(0.02332753413741251 -4.468876506132891e-05 0.0)
(-0.023341695567652313 -4.466324840131385e-05 0.0)
(1.2191017154940762 -0.0007408353800389096 0.0)
(2.395094747755631 -0.003706307598929077 0.0)
(3.5210420528137303 -0.010739822148572248 0.0)
(4.566542762542169 -0.02253213689997082 0.0)
(5.496604731228362 -0.03837965550203586 0.0)
(6.323257494777331 -0.056190076334896505 0.0)
(7.083732942635225 -0.07318430315672118 0.0)
(7.766459018237997 -0.08815563559304355 0.0)
(8.354574299204529 -0.1013513145016083 0.0)
(8.852556360123582 -0.11277938863588191 0.0)
(9.260794608263863 -0.1222781655835586 0.0)
(9.57950059586695 -0.1297461201965695 0.0)
(9.8088068508568 -0.1351171490111065 0.0)
(9.948932115616591 -0.13835257960302313 0.0)
(10.000000000000005 -0.13943300814733137 0.0)
(9.962178995494538 -0.13835257960302358 0.0)
(9.835637593587652 -0.1351171490111077 0.0)
(9.620499404133065 -0.12974612019656964 0.0)
(9.316983169513918 -0.1222781655835607 0.0)
(8.925221417654207 -0.11277938863588413 0.0)
(8.445425700795486 -0.10135131450161176 0.0)
(7.877985426206443 -0.08815563559304826 0.0)
(7.227378168475883 -0.07318430315672479 0.0)
(6.476742505222699 -0.05619007633489907 0.0)
(5.614506379882727 -0.038379655502038715 0.0)
(4.6779016819022035 -0.02253213689997271 0.0)
(3.678957947186219 -0.010739822148573107 0.0)
(2.582683030022128 -0.0037063075989296783 0.0)
(1.3586760622837017 -0.0007408353800391089 0.0)
(0.023341695567640028 -4.4663248401332546e-05 0.0)
(-0.023362017269633325 -4.465441615336496e-05 0.0)
(1.2190332931274135 -0.0007408665172411626 0.0)
(2.3950314049254398 -0.0037073882414849664 0.0)
(3.521243943276217 -0.010745017491172942 0.0)
(4.5673753300689395 -0.02254531029458718 0.0)
(5.497631934072508 -0.03840134595862179 0.0)
(6.323056396408922 -0.05621406345090897 0.0)
(7.082744997119131 -0.0732034230623891 0.0)
(7.766178341020297 -0.08817041770733368 0.0)
(8.35452451954097 -0.1013641853300324 0.0)
(8.852490358308243 -0.11279064903644981 0.0)
(9.260758347417532 -0.12228805718913364 0.0)
(9.579477696482577 -0.12975494362615952 0.0)
(9.808794158162353 -0.1351252101231853 0.0)
(9.9489262558692 -0.13836017920430924 0.0)
(10.000000000000005 -0.13944045658700524 0.0)
(9.96218485524193 -0.13836017920430974 0.0)
(9.8356502862821 -0.13512521012318654 0.0)
(9.620522303517438 -0.12975494362615972 0.0)
(9.31701943036025 -0.12228805718913577 0.0)
(8.925287419469546 -0.11279064903645208 0.0)
(8.445475480459045 -0.10136418533003592 0.0)
(7.878266103424144 -0.08817041770733847 0.0)
(7.228366113991979 -0.07320342306239279 0.0)
(6.476943603591107 -0.05621406345091162 0.0)
(5.613479177038577 -0.038401345958624725 0.0)
(4.677069114375431 -0.022545310294589116 0.0)
(3.6787560567237323 -0.010745017491173825 0.0)
(2.58274637285232 -0.0037073882414855744 0.0)
(1.3587444846503647 -0.000740866517241363 0.0)
(0.023362017269621116 -4.465441615338368e-05 0.0)
(-0.023387606344960354 -4.466265639028026e-05 0.0)
(1.218944684365587 -0.0007411404374932993 0.0)
(2.394919990676211 -0.003709457149980727 0.0)
(3.5213633912098605 -0.010752507698107382 0.0)
(4.568160531361977 -0.0225624865031474 0.0)
(5.498826757913875 -0.03842924874568745 0.0)
(6.323174027707813 -0.056246708329590084 0.0)
(7.081853826749477 -0.07323246478788316 0.0)
(7.765855979929435 -0.08819485332971834 0.0)
(8.354475016146695 -0.10138612465153983 0.0)
(8.852426783844079 -0.1128104165069218 0.0)
(9.260722996775101 -0.12230589642469848 0.0)
(9.5794553523037 -0.12977122851982775 0.0)
(9.808781824349902 -0.1351403591167218 0.0)
(9.948920522502917 -0.13837463343073872 0.0)
(10.000000000000005 -0.1394546800809646 0.0)
(9.962190588608212 -0.13837463343073927 0.0)
(9.835662620094551 -0.13514035911672304 0.0)
(9.620544647696315 -0.129771228519828 0.0)
(9.317054781002682 -0.12230589642470066 0.0)
(8.925350993933712 -0.11281041650692417 0.0)
(8.445524983853321 -0.10138612465154344 0.0)
(7.8785884645150075 -0.08819485332972318 0.0)
(7.229257284361635 -0.07323246478788696 0.0)
(6.476825972292214 -0.05624670832959286 0.0)
(5.612284353197206 -0.038429248745690495 0.0)
(4.676283913082392 -0.022562486503149397 0.0)
(3.6786366087900886 -0.010752507698108293 0.0)
(2.582857787101549 -0.0037094571499813444 0.0)
(1.3588330934121915 -0.0007411404374935012 0.0)
(0.023387606344948228 -4.466265639029906e-05 0.0)
(-0.023417338456477418 -4.468760705112479e-05 0.0)
(1.2188397825154862 -0.0007416451052405639 0.0)
(2.3947654003462295 -0.003712423420362017 0.0)
(3.5213951482909804 -0.010761963663385814 0.0)
(4.5688638661129515 -0.02258291083447033 0.0)
(5.50013670437874 -0.038462137865815905 0.0)
(6.323605220169932 -0.05628657661469273 0.0)
(7.081098587921954 -0.07327015229291546 0.0)
(7.765506098922 -0.08822786880365362 0.0)
(8.354427964110286 -0.1014161684924804 0.0)
(8.852368430076737 -0.11283782250080898 0.0)
(9.260690109579127 -0.12233089946687838 0.0)
(9.579434545092662 -0.12979425934913885 0.0)
(9.8087703913446 -0.13516193037265423 0.0)
(9.948915167431368 -0.13839530719004564 0.0)
(10.000000000000005 -0.1394750536749059 0.0)
(9.962195943679761 -0.13839530719004614 0.0)
(9.835674053099853 -0.13516193037265553 0.0)
(9.620565454907354 -0.1297942593491391 0.0)
(9.317087668198656 -0.12233089946688061 0.0)
(8.925409347701054 -0.1128378225008114 0.0)
(8.44557203588973 -0.1014161684924841 0.0)
(7.878938345522444 -0.08822786880365857 0.0)
(7.23001252318916 -0.0732701522929194 0.0)
(6.476394779830093 -0.05628657661469563 0.0)
(5.610974406732338 -0.03846213786581905 0.0)
(4.675580578331416 -0.02258291083447239 0.0)
(3.678604851708969 -0.010761963663386756 0.0)
(2.583012377431531 -0.003712423420362645 0.0)
(1.3589379952622926 -0.0007416451052407679 0.0)
(0.02341733845646539 -4.4687607051143715e-05 0.0)
(-0.023449907229597822 -4.4728171849506985e-05 0.0)
(1.218723196772492 -0.0007423583463054047 0.0)
(2.394574426351779 -0.0037161567201349213 0.0)
(3.5213378191715305 -0.010772969909193103 0.0)
(4.569454431079619 -0.02260568588080291 0.0)
(5.501504216815916 -0.038498568231237644 0.0)
(6.324331027987337 -0.05633191656670648 0.0)
(7.080512464448973 -0.07331482965746226 0.0)
(7.765144071129368 -0.08826801348961492 0.0)
(8.35438543081214 -0.10145299678144683 0.0)
(8.852317860964 -0.11287166284887773 0.0)
(9.260661130832835 -0.1223619677277417 0.0)
(9.57941618908025 -0.12982302418158653 0.0)
(9.808760361491787 -0.13518897608946057 0.0)
(9.948910425946599 -0.1384212921150675 0.0)
(10.000000000000005 -0.1395006821903839 0.0)
(9.96220068516453 -0.13842129211506807 0.0)
(9.835684082952666 -0.13518897608946187 0.0)
(9.620583810919767 -0.12982302418158684 0.0)
(9.317116646944948 -0.12236196772774402 0.0)
(8.92545991681379 -0.11287166284888023 0.0)
(8.445614569187875 -0.10145299678145063 0.0)
(7.8793003733150755 -0.08826801348961999 0.0)
(7.230598646662141 -0.07331482965746632 0.0)
(6.475668972012684 -0.05633191656670951 0.0)
(5.609606894295158 -0.038498568231240884 0.0)
(4.674990013364748 -0.022605685880805033 0.0)
(3.6786621808284194 -0.010772969909194076 0.0)
(2.583203351425982 -0.0037161567201355605 0.0)
(1.359054581005287 -0.0007423583463056114 0.0)
(0.023449907229585884 -4.4728171849526074e-05 0.0)
(-0.023483881652013542 -4.478256844239713e-05 0.0)
(1.2186000497008642 -0.0007432488221802709 0.0)
(2.3943554597407997 -0.003720493014937297 0.0)
(3.521193922788138 -0.010785042841223832 0.0)
(4.5699062779177515 -0.022629810948275042 0.0)
(5.502869209230708 -0.038536939158343504 0.0)
(6.3253195604923595 -0.056380736031086925 0.0)
(7.080121209523655 -0.07336453383986029 0.0)
(7.76478580339044 -0.08831352350354375 0.0)
(8.35434928508757 -0.10149499135079741 0.0)
(8.852277298420168 -0.11291045066814309 0.0)
(9.260637333809322 -0.1223977361247439 0.0)
(9.579401090796066 -0.12985625914305682 0.0)
(9.808752175484845 -0.13522030792782297 0.0)
(9.948906506380776 -0.138451446475737 0.0)
(10.000000000000005 -0.13953043955731445 0.0)
(9.962204604730353 -0.13845144647573757 0.0)
(9.835692268959608 -0.13522030792782433 0.0)
(9.62059890920395 -0.12985625914305718 0.0)
(9.31714044396846 -0.12239773612474628 0.0)
(8.925500479357622 -0.11291045066814567 0.0)
(8.445650714912446 -0.1014949913508013 0.0)
(7.879658641054005 -0.08831352350354893 0.0)
(7.230989901587459 -0.07336453383986448 0.0)
(6.474680439507658 -0.056380736031090076 0.0)
(5.608241901880364 -0.038536939158346856 0.0)
(4.674538166526614 -0.022629810948277235 0.0)
(3.6788060772118127 -0.010785042841224843 0.0)
(2.583422318036962 -0.0037204930149379485 0.0)
(1.359177728076915 -0.0007432488221804801 0.0)
(0.023483881652001694 -4.478256844241641e-05 0.0)
(-0.023517768949758083 -4.48484067430194e-05 0.0)
(1.2184757521576388 -0.0007442774069842998 0.0)
(2.394118121505589 -0.003725241775908554 0.0)
(3.5209697816846393 -0.01079765199693138 0.0)
(4.5701995533039135 -0.02265422602555757 0.0)
(5.504171706353592 -0.03857556469879408 0.0)
(6.326527383375199 -0.05643088996988188 0.0)
(7.079942014171638 -0.07341708092926617 0.0)
(7.764447037334229 -0.08836239921868629 0.0)
(8.354321115113583 -0.10154030703598173 0.0)
(8.85224852468921 -0.11295248169278688 0.0)
(9.260619764106266 -0.12243663305995713 0.0)
(9.579389913631099 -0.12989250395014434 0.0)
(9.808746193001943 -0.1352545492240838 0.0)
(9.948903580952454 -0.1384844453446121 0.0)
(10.000000000000005 -0.13956301829143428 0.0)
(9.962207530158675 -0.13848444534461266 0.0)
(9.83569825144251 -0.13525454922408522 0.0)
(9.620610086368918 -0.12989250395014476 0.0)
(9.317158013671516 -0.12243663305995958 0.0)
(8.92552925308858 -0.11295248169278954 0.0)
(8.445678884886433 -0.10154030703598572 0.0)
(7.879997407110217 -0.08836239921869157 0.0)
(7.2311690969394755 -0.0734170809292705 0.0)
(6.473472616624815 -0.056430889969885156 0.0)
(5.606939404757476 -0.038575564698797526 0.0)
(4.674244891140453 -0.022654226025559825 0.0)
(3.6790302183153125 -0.010797651996932422 0.0)
(2.583659656272174 -0.0037252417759092186 0.0)
(1.359302025620141 -0.0007442774069845121 0.0)
(0.02351776894974631 -4.484840674303887e-05 0.0)
(-0.023550080176963594 -4.49227939368922e-05 0.0)
(1.2183557655494692 -0.0007453989065829454 0.0)
(2.393872839854004 -0.00373019435117923 0.0)
(3.5206752442110667 -0.010810243353081752 0.0)
(4.570321371254168 -0.022677858358820822 0.0)
(5.50535447884384 -0.03861274771700541 0.0)
(6.3279014271080305 -0.05648017471077474 0.0)
(7.079982751908861 -0.07347016210270367 0.0)
(7.764142657721491 -0.08841249312553472 0.0)
(8.354302158627302 -0.10158695274869552 0.0)
(8.852232804036225 -0.11299590915647978 0.0)
(9.260609193704278 -0.12247694947320807 0.0)
(9.579383148689526 -0.12993016607233376 0.0)
(9.808742676902435 -0.1352901954783281 0.0)
(9.948901778199598 -0.13851883881176422 0.0)
(10.000000000000005 -0.1395969869427672 0.0)
(9.96220933291153 -0.13851883881176477 0.0)
(9.83570176754202 -0.13529019547832952 0.0)
(9.62061685131049 -0.12993016607233424 0.0)
(9.317168584073505 -0.12247694947321056 0.0)
(8.925544973741566 -0.11299590915648253 0.0)
(8.445697841372713 -0.1015869527486996 0.0)
(7.8803017867229554 -0.08841249312554014 0.0)
(7.231128359202252 -0.07347016210270811 0.0)
(6.47209857289198 -0.056480174710778125 0.0)
(5.605756632267226 -0.03861274771700894 0.0)
(4.674123073190199 -0.022677858358823133 0.0)
(3.679324755788886 -0.010810243353082822 0.0)
(2.583904937923759 -0.0037301943511799064 0.0)
(1.3594220122283107 -0.0007453989065831607 0.0)
(0.0235500801769519 -4.492279393691189e-05 0.0)
(-0.023579395637418402 -4.5002461586804295e-05 0.0)
(1.218245361868409 -0.000746564044335569 0.0)
(2.393630392013086 -0.0037351331336524093 0.0)
(3.520323251805168 -0.010822263668520939 0.0)
(4.570266379310641 -0.02269966958657535 0.0)
(5.506365557842052 -0.038646854459181694 0.0)
(6.329381318722977 -0.056526424772414555 0.0)
(7.080241632793677 -0.07352144507052115 0.0)
(7.763886038435563 -0.0884616041894664 0.0)
(8.354293248542055 -0.10163287896165803 0.0)
(8.852230827197943 -0.11303882493591547 0.0)
(9.26060608704748 -0.12251691393505522 0.0)
(9.579381093210506 -0.1299675907048769 0.0)
(9.8087417816773 -0.13532568045935722 0.0)
(9.948901177331873 -0.1385531156911677 0.0)
(10.000000000000005 -0.13963085299091757 0.0)
(9.962209933779256 -0.13855311569116832 0.0)
(9.835702662767153 -0.1353256804593587 0.0)
(9.62061890678951 -0.12996759070487737 0.0)
(9.317171690730301 -0.12251691393505779 0.0)
(8.925546950579847 -0.1130388249359183 0.0)
(8.445706751457962 -0.10163287896166222 0.0)
(7.880558406008884 -0.08846160418947191 0.0)
(7.230869478317434 -0.0735214450705257 0.0)
(6.470618681277029 -0.05652642477241804 0.0)
(5.604745553269012 -0.03864685445918528 0.0)
(4.674178065133726 -0.022699669586577702 0.0)
(3.679676748194786 -0.010822263668522037 0.0)
(2.5841473857646777 -0.003735133133653098 0.0)
(1.3595324159093711 -0.0007465640443357871 0.0)
(0.02357939563740677 -4.50024615868242e-05 0.0)
(-0.023604427263421237 -4.5083909241966395e-05 0.0)
(1.2181493920502262 -0.000747721626220879 0.0)
(2.393401430697418 -0.00373984112226147 0.0)
(3.519929270369307 -0.010833184792579085 0.0)
(4.570036993718726 -0.022718701363376115 0.0)
(5.507160518386763 -0.03867638633746822 0.0)
(6.330902034489863 -0.05656760801170496 0.0)
(7.080707282073617 -0.07356867655293224 0.0)
(7.763688454858396 -0.08850757456017831 0.0)
(8.354294776350686 -0.10167606776109135 0.0)
(8.852242681033024 -0.11307934339025774 0.0)
(9.26061058063669 -0.12255477048015799 0.0)
(9.579383837508026 -0.13000313347788622 0.0)
(9.808743546661097 -0.1353594450220228 0.0)
(9.948901804750305 -0.13858576991944935 0.0)
(10.000000000000005 -0.13966312842368586 0.0)
(9.962209306360824 -0.13858576991944996 0.0)
(9.835700897783356 -0.13535944502202427 0.0)
(9.62061616249199 -0.13000313347788675 0.0)
(9.31716719714109 -0.12255477048016059 0.0)
(8.925535096744767 -0.11307934339026063 0.0)
(8.44570522364933 -0.1016760677610956 0.0)
(7.880755989586051 -0.0885075745601839 0.0)
(7.230403829037492 -0.07356867655293688 0.0)
(6.469097965510139 -0.05656760801170853 0.0)
(5.6039505927243 -0.03867638633747186 0.0)
(4.674407450725643 -0.022718701363378502 0.0)
(3.680070729630648 -0.010833184792580204 0.0)
(2.584376347080346 -0.003739841122262168 0.0)
(1.3596283857275542 -0.0007477216262210997 0.0)
(0.023604427263409646 -4.50839092419865e-05 0.0)
(-0.0236240752111196 -4.516355824141495e-05 0.0)
(1.21807207283316 -0.0007488207902085716 0.0)
(2.3931960160483388 -0.0037441114565999493 0.0)
(3.5195106107270058 -0.01084252687104471 0.0)
(4.569643293261683 -0.022734117467768163 0.0)
(5.507704431365977 -0.038700045775160126 0.0)
(6.332396756939962 -0.05660191491245414 0.0)
(7.081359239971202 -0.0736097812850074 0.0)
(7.763558588450904 -0.08854838438368175 0.0)
(8.354306674924079 -0.10171462151016004 0.0)
(8.852267844705638 -0.1131156842127492 0.0)
(9.26062247703182 -0.1225888557611811 0.0)
(9.579391261002675 -0.13003523270693945 0.0)
(9.80874789430366 -0.1353900056132118 0.0)
(9.948903632887278 -0.13861536672955774 0.0)
(10.000000000000005 -0.13969239511760242 0.0)
(9.962207478223851 -0.13861536672955835 0.0)
(9.835696550140792 -0.13539000561321327 0.0)
(9.620608738997342 -0.13003523270694003 0.0)
(9.317155300745961 -0.12258885576118375 0.0)
(8.925509933072151 -0.11311568421275214 0.0)
(8.445693325075938 -0.10171462151016435 0.0)
(7.880885855993544 -0.08854838438368742 0.0)
(7.2297518711399045 -0.0736097812850121 0.0)
(6.4676032430600365 -0.056601914912457765 0.0)
(5.603406679745086 -0.03870004577516381 0.0)
(4.674801151182688 -0.02273411746777057 0.0)
(3.6804893892729504 -0.010842526871045846 0.0)
(2.5845817617294258 -0.003744111456600656 0.0)
(1.3597057049446204 -0.0007488207902087948 0.0)
(0.023624075211108028 -4.516355824143523e-05 0.0)
(-0.02363747618563652 -4.52379089538279e-05 0.0)
(1.2180168014821566 -0.000749813241043891 0.0)
(2.3930231736097327 -0.0037477565059893725 0.0)
(3.519085668017032 -0.01084987943008088 0.0)
(4.569102576417339 -0.022745240544327458 0.0)
(5.50797339823845 -0.038716793219848965 0.0)
(6.333799810703335 -0.05662783809220591 0.0)
(7.082168860649135 -0.0736429532000182 0.0)
(7.763502145305446 -0.08858224055099147 0.0)
(8.354328421460686 -0.10174684622766213 0.0)
(8.852305212570048 -0.11314625065413325 0.0)
(9.26064125352703 -0.1226176721332337 0.0)
(9.579403037519675 -0.1300624780106358 0.0)
(9.808754633577536 -0.13541601945645632 0.0)
(9.948906581417797 -0.1386406056918025 0.0)
(10.000000000000005 -0.1397173671476785 0.0)
(9.962204529693333 -0.13864060569180311 0.0)
(9.835689810866917 -0.13541601945645784 0.0)
(9.62059696248034 -0.1300624780106364 0.0)
(9.317136524250751 -0.12261767213323638 0.0)
(8.925472565207741 -0.1131462506541362 0.0)
(8.44567157853933 -0.10174684622766648 0.0)
(7.880942299139002 -0.08858224055099717 0.0)
(7.2289422504619685 -0.07364295320002294 0.0)
(6.466200189296662 -0.056627838092209545 0.0)
(5.603137712872614 -0.03871679321985265 0.0)
(4.675341868027034 -0.022745240544329873 0.0)
(3.680914331982925 -0.010849879430082027 0.0)
(2.584754604168032 -0.0037477565059900846 0.0)
(1.3597609762956238 -0.0007498132410441159 0.0)
(0.023637476185624957 -4.523790895384835e-05 0.0)
(-0.023644041372668127 -4.5303694544922636e-05 0.0)
(1.2179860065192634 -0.000750655372252771 0.0)
(2.392890497762146 -0.003750616113627997 0.0)
(3.5186731134446503 -0.01085491941169468 0.0)
(4.568438601294621 -0.022751581865419084 0.0)
(5.507955601091864 -0.03872589281945366 0.0)
(6.335049548164432 -0.05664423853386705 0.0)
(7.083100570855987 -0.07366673478470535 0.0)
(7.763521605430574 -0.08860765548405398 0.0)
(8.354359060457474 -0.10177132601846402 0.0)
(8.852353142750653 -0.11316969968089516 0.0)
(9.260666085117473 -0.12263995345764585 0.0)
(9.579418649620418 -0.13008367228017476 0.0)
(9.808763468371355 -0.1354363435510753 0.0)
(9.948910520788825 -0.138660377852356 0.0)
(10.000000000000005 -0.13973694728859756 0.0)
(9.962200590322304 -0.1386603778523566 0.0)
(9.8356809760731 -0.13543634355107684 0.0)
(9.620581350379599 -0.13008367228017534 0.0)
(9.317111692660308 -0.12263995345764853 0.0)
(8.925424635027136 -0.11316969968089813 0.0)
(8.44564093954254 -0.10177132601846837 0.0)
(7.880922839013873 -0.08860765548405972 0.0)
(7.228010540255114 -0.07366673478471013 0.0)
(6.464950451835562 -0.0566442385338707 0.0)
(5.603155510019201 -0.03872589281945735 0.0)
(4.6760058431497535 -0.022751581865421498 0.0)
(3.6813268865553077 -0.010854919411695826 0.0)
(2.584887280015619 -0.0037506161136287124 0.0)
(1.3597917712585172 -0.0007506553722529971 0.0)
(0.02364404137265655 -4.5303694544943215e-05 0.0)
(-0.023643482309906916 -4.535802451617777e-05 0.0)
(1.2179810410188117 -0.0007513101821305286 0.0)
(2.392803818039598 -0.003752564633587685 0.0)
(3.5182910739030246 -0.01085742536831438 0.0)
(4.567680541745714 -0.022752862804995395 0.0)
(5.507651821900282 -0.03872694475421486 0.0)
(6.336091058145543 -0.05665039563203475 0.0)
(7.084113432949785 -0.07368008111974493 0.0)
(7.763616113783992 -0.08862351249720583 0.0)
(8.354397245692978 -0.10178698528534237 0.0)
(8.852409529283005 -0.11318500098569781 0.0)
(9.260695880748491 -0.1226547207337854 0.0)
(9.579437411337757 -0.13009788427812657 0.0)
(9.80877401050044 -0.135450084893533 0.0)
(9.948915277911606 -0.1386738144586556 0.0)
(10.000000000000005 -0.13975027522478847 0.0)
(9.962195833199523 -0.13867381445865626 0.0)
(9.835670433944014 -0.13545008489353452 0.0)
(9.62056258866226 -0.13009788427812716 0.0)
(9.317081897029292 -0.12265472073378808 0.0)
(8.925368248494784 -0.11318500098570078 0.0)
(8.445602754307037 -0.10178698528534673 0.0)
(7.880828330660454 -0.08862351249721154 0.0)
(7.226997678161314 -0.07368008111974968 0.0)
(6.463908941854449 -0.05665039563203837 0.0)
(5.603459289210784 -0.03872694475421852 0.0)
(4.676763902698663 -0.02275286280499779 0.0)
(3.6817089260969342 -0.010857425368315519 0.0)
(2.584973959738167 -0.0037525646335884013 0.0)
(1.3597967367589687 -0.0007513101821307556 0.0)
(0.023643482309895304 -4.535802451619843e-05 0.0)
(-0.02363582356154784 -4.5398511708050235e-05 0.0)
(1.2180021231558074 -0.000751748899529076 0.0)
(2.3927669429905216 -0.003753516451466126 0.0)
(3.517956335510692 -0.010857287192790624 0.0)
(4.566861705520366 -0.02274902708091482 0.0)
(5.507075408165635 -0.0387199028040436 0.0)
(6.336878578603487 -0.056646038855079614 0.0)
(7.085162943623105 -0.07368240579159167 0.0)
(7.763781517841549 -0.0886291148622987 0.0)
(8.354441299377806 -0.10179313598875837 0.0)
(8.852471894646026 -0.11319148225720113 0.0)
(9.260729331254568 -0.12266132511455476 0.0)
(9.579458498316155 -0.1301044895553014 0.0)
(9.808785796762926 -0.13545663971438093 0.0)
(9.948920643766868 -0.1386803251308021 0.0)
(10.000000000000005 -0.13975676535111783 0.0)
(9.96219046734426 -0.13868032513080278 0.0)
(9.835658647681527 -0.1354566397143824 0.0)
(9.62054150168386 -0.130104489555302 0.0)
(9.317048446523215 -0.12266132511455743 0.0)
(8.925305883131763 -0.1131914822572041 0.0)
(8.445558700622211 -0.10179313598876273 0.0)
(7.880662926602897 -0.08862911486230438 0.0)
(7.225948167487991 -0.07368240579159639 0.0)
(6.463121421396504 -0.05664603885508318 0.0)
(5.604035702945435 -0.038719902804047204 0.0)
(4.677582738924013 -0.022749027080917188 0.0)
(3.6820436644892673 -0.010857287192791757 0.0)
(2.5850108347872434 -0.0037535164514668398 0.0)
(1.3597756546219728 -0.0007517488995293033 0.0)
(0.02363582356153618 -4.539851170807094e-05 0.0)
(-0.02362140163898251 -4.542337718739836e-05 0.0)
(1.2180483266197195 -0.0007519522480085321 0.0)
(2.392781492837112 -0.003753429746127041 0.0)
(3.517683606060225 -0.010854510956303149 0.0)
(4.5660180707843 -0.022740243227876204 0.0)
(5.506251686452902 -0.038705076379347524 0.0)
(6.337377507330071 -0.056631359631810554 0.0)
(7.0862029892969876 -0.07367360665841753 0.0)
(7.7640105500515535 -0.08862421642165964 0.0)
(8.354489285873639 -0.10178950787805637 0.0)
(8.852537498619762 -0.11318885872019241 0.0)
(9.260764966881663 -0.12265947641554527 0.0)
(9.579480984032362 -0.13010319788790414 0.0)
(9.808798309292003 -0.1354557200067827 0.0)
(9.948926382588748 -0.13867962380177243 0.0)
(10.000000000000005 -0.13975613250330807 0.0)
(9.96218472852238 -0.13867962380177304 0.0)
(9.835646135152452 -0.13545572000678416 0.0)
(9.620519015967655 -0.13010319788790473 0.0)
(9.31701281089612 -0.12265947641554792 0.0)
(8.925240279158027 -0.11318885872019532 0.0)
(8.445510714126376 -0.10178950787806064 0.0)
(7.880433894392891 -0.08862421642166529 0.0)
(7.224908121814106 -0.0736736066584222 0.0)
(6.4626224926699205 -0.05663135963181404 0.0)
(5.60485942465817 -0.038705076379351055 0.0)
(4.6784263736600815 -0.022740243227878522 0.0)
(3.6823163939397348 -0.010854510956304264 0.0)
(2.5849962849406527 -0.0037534297461277516 0.0)
(1.3597294511580604 -0.0007519522480087587 0.0)
(0.02362140163897078 -4.542337718741908e-05 0.0)
(-0.023600850215104285 -4.543152841054973e-05 0.0)
(1.2181176213148708 -0.000751911292808725 0.0)
(2.392846828285728 -0.003752308327244408 0.0)
(3.5174848687847327 -0.010849218641604232 0.0)
(4.565186705304432 -0.022726897192312454 0.0)
(5.505216849587186 -0.03868311692610361 0.0)
(6.337565922309812 -0.05660700294044313 0.0)
(7.087187872267233 -0.07365407033803663 0.0)
(7.764293147157701 -0.0886090324038089 0.0)
(8.354539096741643 -0.10177626036578309 0.0)
(8.852603458685623 -0.11317724564808818 0.0)
(9.260801221865513 -0.12264925586520935 0.0)
(9.579503880505138 -0.13009406602943724 0.0)
(9.808810998310031 -0.1354473661810076 0.0)
(9.948932242223911 -0.13867174128668094 0.0)
(10.000000000000007 -0.1397484044875341 0.0)
(9.962178868887218 -0.13867174128668155 0.0)
(9.835633446134421 -0.13544736618100908 0.0)
(9.620496119494877 -0.13009406602943777 0.0)
(9.31697655591227 -0.12264925586521194 0.0)
(8.925174319092166 -0.11317724564809106 0.0)
(8.445460903258374 -0.10177626036578731 0.0)
(7.880151297286743 -0.08860903240381449 0.0)
(7.223923238843859 -0.07365407033804118 0.0)
(6.4624340776901805 -0.056607002940446516 0.0)
(5.60589426152389 -0.038683116926107056 0.0)
(4.679257739139951 -0.022726897192314723 0.0)
(3.6825151312152276 -0.01084921864160532 0.0)
(2.584930949492036 -0.0037523083272451114 0.0)
(1.359660156462909 -0.0007519112928089506 0.0)
(0.023600850215092478 -4.543152841057039e-05 0.0)
(-0.023575072281880615 -4.542260722767128e-05 0.0)
(1.2182069625591272 -0.0007516278334262086 0.0)
(2.3929600786162855 -0.003750201467912352 0.0)
(3.5173688558365206 -0.010841642783319724 0.0)
(4.564404137759008 -0.02270957537461036 0.0)
(5.504016366407186 -0.0386549893025137 0.0)
(6.337435544933196 -0.05657403896943672 0.0)
(7.08807431857792 -0.07362465522062576 0.0)
(7.764616892360143 -0.08858422996671246 0.0)
(8.3545885433834 -0.10175397552339223 0.0)
(8.852666876678988 -0.1131571532980312 0.0)
(9.260836503228456 -0.12263111253583077 0.0)
(9.579526181705363 -0.13007749521705542 0.0)
(9.808823306284776 -0.13543194528887736 0.0)
(9.948937965210709 -0.1386570239288202 0.0)
(10.000000000000007 -0.13973392085867112 0.0)
(9.96217314590042 -0.13865702392882082 0.0)
(9.835621138159677 -0.13543194528887884 0.0)
(9.620473818294652 -0.13007749521705594 0.0)
(9.316941274549325 -0.12263111253583331 0.0)
(8.925110901098801 -0.11315715329803402 0.0)
(8.445411456616615 -0.10175397552339639 0.0)
(7.8798275520843 -0.08858422996671797 0.0)
(7.22303679253317 -0.07362465522063023 0.0)
(6.462564455066799 -0.056574038969439994 0.0)
(5.607094744703893 -0.038654989302517054 0.0)
(4.680040306685376 -0.022709575374612566 0.0)
(3.682631144163439 -0.010841642783320784 0.0)
(2.584817699161478 -0.003750201467913046 0.0)
(1.3595708152186523 -0.0007516278334264324 0.0)
(0.02357507228186872 -4.542260722769186e-05 0.0)
(-0.023545200474537935 -4.539700561921788e-05 0.0)
(1.2183124248616612 -0.0007511143245476767 0.0)
(2.3931162678164455 -0.003747201739675532 0.0)
(3.5173406646122936 -0.010832116250803006 0.0)
(4.563704752734308 -0.02268903886375038 0.0)
(5.502702983947608 -0.0386219293849003 0.0)
(6.336992103743631 -0.056533916095371464 0.0)
(7.088823379399865 -0.07358665375263061 0.0)
(7.764967560886961 -0.08855089888408159 0.0)
(8.354635453203935 -0.10172363250608944 0.0)
(8.852724966129248 -0.11312946449112504 0.0)
(9.26086926077195 -0.12260584361211012 0.0)
(9.579546907759097 -0.13005421354193936 0.0)
(9.808834692426343 -0.13541013489618048 0.0)
(9.94894330009157 -0.1386361183819699 0.0)
(10.000000000000007 -0.13971331800087425 0.0)
(9.96216781101956 -0.1386361183819705 0.0)
(9.835609752018112 -0.1354101348961819 0.0)
(9.62045309224092 -0.13005421354193977 0.0)
(9.316908517005832 -0.1226058436121126 0.0)
(8.925052811648541 -0.11312946449112779 0.0)
(8.445364546796082 -0.10172363250609352 0.0)
(7.879476883557481 -0.08855089888408696 0.0)
(7.222287731711224 -0.07358665375263494 0.0)
(6.463007896256365 -0.056533916095374614 0.0)
(5.608408127163475 -0.03862192938490355 0.0)
(4.6807396917100785 -0.022689038863752523 0.0)
(3.682659335387666 -0.010832116250804038 0.0)
(2.5846615099613177 -0.0037472017396762156 0.0)
(1.359465352916118 -0.0007511143245478983 0.0)
(0.023545200474525955 -4.539700561923834e-05 0.0)
(-0.023512547305641975 -4.535584847302813e-05 0.0)
(1.2184293744018375 -0.0007503933288138137 0.0)
(2.393308533218493 -0.0037434409451048275 0.0)
(3.5174015337828695 -0.010821057622464568 0.0)
(4.563119279928826 -0.022666189996449218 0.0)
(5.501334409830962 -0.03858538976556195 0.0)
(6.336255082735737 -0.056488397243931066 0.0)
(7.08940214237092 -0.07354173564903309 0.0)
(7.765329745004616 -0.08851050366270953 0.0)
(8.35467776507155 -0.10168656453054407 0.0)
(8.85277517469223 -0.11309539582288994 0.0)
(9.260898055189461 -0.12257455936432753 0.0)
(9.579565148001453 -0.13002524395830095 0.0)
(9.8088446564485 -0.13538289331167097 0.0)
(9.948948012461589 -0.13860994319761313 0.0)
(10.000000000000007 -0.13968750116602327 0.0)
(9.96216309864954 -0.1386099431976137 0.0)
(9.835599787995955 -0.1353828933116724 0.0)
(9.620434851998562 -0.13002524395830137 0.0)
(9.31687972258832 -0.12257455936432995 0.0)
(8.92500260308556 -0.1130953958228926 0.0)
(8.445322234928467 -0.10168656453054807 0.0)
(7.879114699439825 -0.08851050366271482 0.0)
(7.2217089687401685 -0.07354173564903728 0.0)
(6.463744917264263 -0.05648839724393408 0.0)
(5.609776701280125 -0.038585389765565095 0.0)
(4.6813251645155605 -0.022666189996451293 0.0)
(3.6825984662170894 -0.010821057622465562 0.0)
(2.5844692445592696 -0.0037434409451054997 0.0)
(1.3593484033759413 -0.0007503933288140329 0.0)
(0.023512547305629898 -4.535584847304843e-05 0.0)
(-0.023478547495696726 -4.530094415881074e-05 0.0)
(1.2185526726308138 -0.0007494965254581415 0.0)
(2.3935284270324013 -0.0037390843266334956 0.0)
(3.517548788868251 -0.010808952794202405 0.0)
(4.5626734439465455 -0.02264203271013527 0.0)
(5.499970776700197 -0.03854697592852501 0.0)
(6.335256865264257 -0.056439482430173424 0.0)
(7.089785177704953 -0.07349187452912993 0.0)
(7.765687531005574 -0.08846481919472247 0.0)
(8.35471361988019 -0.10164440029578763 0.0)
(8.85281529629553 -0.11305644420828126 0.0)
(9.260921621306963 -0.12253863436509764 0.0)
(9.579580100989554 -0.12999185933664698 0.0)
(9.808852760550343 -0.1353514174807352 0.0)
(9.948951895267848 -0.13857964846546425 0.0)
(10.000000000000007 -0.13965760469861097 0.0)
(9.96215921584328 -0.1385796484654648 0.0)
(9.83559168389411 -0.13535141748073656 0.0)
(9.62041989901046 -0.12999185933664734 0.0)
(9.31685615647082 -0.12253863436510001 0.0)
(8.92496248148226 -0.11305644420828384 0.0)
(8.445286380119825 -0.10164440029579151 0.0)
(7.878756913438866 -0.08846481919472765 0.0)
(7.221325933406135 -0.07349187452913401 0.0)
(6.4647431347357465 -0.05643948243017631 0.0)
(5.611140334410893 -0.03854697592852806 0.0)
(4.681771000497842 -0.022642032710137282 0.0)
(3.682451211131707 -0.010808952794203368 0.0)
(2.5842493507453606 -0.0037390843266341548 0.0)
(1.3592251051469648 -0.0007494965254583579 0.0)
(0.02347854749568456 -4.530094415883086e-05 0.0)
)
