(
(-0.004098323425482502 -7.909641984064881e-05 0.0)
(1.2911908737763855 -0.0011531607874813291 0.0)
(2.532897638058013 -0.0049368120575180455 0.0)
(3.7101039349608076 -0.012333671783355258 0.0)
(4.784048084701082 -0.022954367689622335 0.0)
(5.722366592004647 -0.03630119645290449 0.0)
(6.5299367877854095 -0.05182022820379434 0.0)
(7.252861127311064 -0.06768313375399941 0.0)
(7.903560671612728 -0.08205399938370343 0.0)
(8.466631383425506 -0.09464832666397922 0.0)
(8.942171271847482 -0.10552630780661813 0.0)
(9.330163380814552 -0.11456668067847796 0.0)
(9.630148412647925 -0.12167376470891453 0.0)
(9.841937195237756 -0.12678505684807628 0.0)
(9.965298359979608 -0.12986427674350495 0.0)
(10.000000000000002 -0.13089241718847291 0.0)
(9.94581275113153 -0.12986427674350406 0.0)
(9.802507249206686 -0.1267850568480748 0.0)
(9.569851587352094 -0.1216737647089114 0.0)
(9.24761439696324 -0.11456668067847534 0.0)
(8.835606505930306 -0.10552630780661526 0.0)
(8.333368616574523 -0.09464832666397614 0.0)
(7.740883772831716 -0.08205399938370077 0.0)
(7.058249983800038 -0.06768313375399664 0.0)
(6.270063212214615 -0.05182022820379085 0.0)
(5.3887445191064405 -0.03630119645290127 0.0)
(4.460396359743282 -0.0229543676896207 0.0)
(3.489896065039146 -0.012333671783354833 0.0)
(2.444880139719742 -0.004936812057518316 0.0)
(1.2865869040013802 -0.001153160787481362 0.0)
(0.004098323425469145 -7.909641984065156e-05 0.0)
(-0.004132453381680486 -7.912395270716561e-05 0.0)
(1.2910705956313349 -0.0011537266671217397 0.0)
(2.532721993409215 -0.004940176546084686 0.0)
(3.710148104607851 -0.012344472151171739 0.0)
(4.784870518971917 -0.02297777942263387 0.0)
(5.7238759462042195 -0.03633891660338175 0.0)
(6.530410530399513 -0.05186585393370739 0.0)
(7.25197397754718 -0.0677261115495451 0.0)
(7.9031572592343196 -0.08209156507659139 0.0)
(8.466576617202563 -0.09468248630270955 0.0)
(8.94210316834278 -0.10555744766293558 0.0)
(9.33012503893772 -0.11459507386427954 0.0)
(9.630124156156645 -0.12169990594203597 0.0)
(9.84192386223121 -0.12680953268883371 0.0)
(9.96529211862647 -0.12988772883888375 0.0)
(10.000000000000002 -0.13091552703149226 0.0)
(9.945818992484668 -0.12988772883888292 0.0)
(9.802520582213232 -0.12680953268883224 0.0)
(9.569875843843372 -0.12169990594203291 0.0)
(9.247652738840072 -0.11459507386427698 0.0)
(8.835674609435006 -0.10555744766293276 0.0)
(8.333423382797466 -0.09468248630270655 0.0)
(7.741287185210125 -0.08209156507658887 0.0)
(7.059137133563923 -0.06772611154954246 0.0)
(6.2695894696005094 -0.05186585393370404 0.0)
(5.387235164906864 -0.03633891660337866 0.0)
(4.459573925472446 -0.02297777942263231 0.0)
(3.489851895392103 -0.012344472151171352 0.0)
(2.4450557843685403 -0.004940176546084971 0.0)
(1.2867071821464313 -0.0011537266671217752 0.0)
(0.004132453381667237 -7.91239527071685e-05 0.0)
(-0.004169982108179382 -7.916968333737353e-05 0.0)
(1.2909363829571572 -0.001154536262780071 0.0)
(2.5325035898520913 -0.00494444138764561 0.0)
(3.710089087961655 -0.012357105001870252 0.0)
(4.785564775222925 -0.02300399217571919 0.0)
(5.725456873798918 -0.03638086416788388 0.0)
(6.531227491829398 -0.05191797125227822 0.0)
(7.251280152359529 -0.06777733338410911 0.0)
(7.902738474027762 -0.08213751920649327 0.0)
(8.466526917693974 -0.09472462365899746 0.0)
(8.942043877074202 -0.10559614956528739 0.0)
(9.330091108220113 -0.11463059220857273 0.0)
(9.63010266547079 -0.12173278100271226 0.0)
(9.841912114227409 -0.1268404360241246 0.0)
(9.965286569073392 -0.12991741577109292 0.0)
(10.000000000000002 -0.13094480538672545 0.0)
(9.945824542037746 -0.1299174157710921 0.0)
(9.802532330217034 -0.12684043602412318 0.0)
(9.569897334529227 -0.12173278100270925 0.0)
(9.247686669557678 -0.11463059220857025 0.0)
(8.835733900703586 -0.10559614956528468 0.0)
(8.333473082306055 -0.09472462365899458 0.0)
(7.741705970416684 -0.08213751920649086 0.0)
(7.059830958751575 -0.06777733338410662 0.0)
(6.268772508170621 -0.05191797125227502 0.0)
(5.385654237312162 -0.036380864167880896 0.0)
(4.458879669221437 -0.02300399217571771 0.0)
(3.4899109120383 -0.0123571050018699 0.0)
(2.4452741879256648 -0.004944441387645907 0.0)
(1.2868413948206094 -0.0011545362627801096 0.0)
(0.004169982108166239 -7.91696833373766e-05 0.0)
(-0.004209260661393692 -7.923160241104311e-05 0.0)
(1.2907941328132204 -0.001155554002304209 0.0)
(2.532252023639384 -0.004949419192864933 0.0)
(3.709929478105684 -0.012371015271102246 0.0)
(4.786100349104544 -0.023031854208462592 0.0)
(5.727039911722457 -0.036425196047167534 0.0)
(6.532351776284424 -0.05197429021987475 0.0)
(7.25081013715754 -0.0678345486639884 0.0)
(7.902322716648885 -0.08218984263301189 0.0)
(8.466484468605227 -0.0947728872944958 0.0)
(8.941996003191619 -0.10564071302288737 0.0)
(9.330063079515389 -0.11467167510028826 0.0)
(9.63008488485178 -0.12177094542092048 0.0)
(9.841902467412147 -0.12687640901793235 0.0)
(9.965281955157579 -0.12995203315064183 0.0)
(10.000000000000002 -0.13097896581680665 0.0)
(9.945829155953557 -0.129952033150641 0.0)
(9.802541977032295 -0.12687640901793093 0.0)
(9.56991511514824 -0.12177094542091753 0.0)
(9.247714698262403 -0.11467167510028586 0.0)
(8.835781774586167 -0.10564071302288475 0.0)
(8.3335155313948 -0.09477288729449303 0.0)
(7.742121727795562 -0.08218984263300962 0.0)
(7.060300973953565 -0.06783454866398604 0.0)
(6.26764822371559 -0.051974290219871704 0.0)
(5.384071199388618 -0.036425196047164675 0.0)
(4.458344095339817 -0.023031854208461187 0.0)
(3.490070521894271 -0.012371015271101935 0.0)
(2.445525754138373 -0.0049494191928652455 0.0)
(1.2869836449645466 -0.0011555540023042506 0.0)
(0.004209260661380653 -7.923160241104638e-05 0.0)
(-0.004248563213553258 -7.930698931735502e-05 0.0)
(1.29065009541061 -0.0011567351680813651 0.0)
(2.531978348130252 -0.004954891246087959 0.0)
(3.709676288005013 -0.01238559176708579 0.0)
(4.78645370848022 -0.02306014131411748 0.0)
(5.728555504184563 -0.0364699643795599 0.0)
(6.533733984762458 -0.05203233628409343 0.0)
(7.250584583549318 -0.06789524345445745 0.0)
(7.90192825471631 -0.08224623636050903 0.0)
(8.466451135071623 -0.09482515659335662 0.0)
(8.94196165018585 -0.10568917999893508 0.0)
(9.330042184353555 -0.11471651743232318 0.0)
(9.630071595547482 -0.12181272232194443 0.0)
(9.84189534564884 -0.1269158710827198 0.0)
(9.965278479606056 -0.12999005995320387 0.0)
(10.000000000000002 -0.1310165073749329 0.0)
(9.945832631505082 -0.12999005995320304 0.0)
(9.802549098795602 -0.12691587108271837 0.0)
(9.569928404452535 -0.12181272232194153 0.0)
(9.247735593424236 -0.11471651743232084 0.0)
(8.835816127591936 -0.10568917999893257 0.0)
(8.333548864928407 -0.09482515659335396 0.0)
(7.742516189728137 -0.08224623636050686 0.0)
(7.060526527561786 -0.06789524345445526 0.0)
(6.2662660152375524 -0.05203233628409052 0.0)
(5.38255560692651 -0.03646996437955715 0.0)
(4.457990735964141 -0.023060141314116153 0.0)
(3.4903237119949435 -0.012385591767085515 0.0)
(2.445799429647506 -0.004954891246088287 0.0)
(1.2871276823671574 -0.0011567351680814102 0.0)
(0.004248563213540316 -7.93069893173585e-05 0.0)
(-0.004286162882418179 -7.939253169356235e-05 0.0)
(1.2905105994892876 -0.001158027861848173 0.0)
(2.5316945881258905 -0.004960617115306906 0.0)
(3.7093406423694666 -0.01240019402525431 0.0)
(4.786609327385439 -0.023087610609011183 0.0)
(5.729937058825147 -0.03651320212643699 0.0)
(6.535313385551653 -0.05208955900706476 0.0)
(7.2506134019477715 -0.06795675093746105 0.0)
(7.9015724201657065 -0.08230422255176782 0.0)
(8.466428381707644 -0.09487913493821194 0.0)
(8.941942327465119 -0.10573942094317086 0.0)
(9.330029340829798 -0.1147631489146446 0.0)
(9.63006338146562 -0.12185627610518177 0.0)
(9.841891061854737 -0.12695708832755387 0.0)
(9.965276295128193 -0.13002982535064242 0.0)
(10.000000000000002 -0.13105578055372044 0.0)
(9.945834815982943 -0.13002982535064164 0.0)
(9.802553382589705 -0.12695708832755256 0.0)
(9.569936618534399 -0.12185627610517892 0.0)
(9.247748436947994 -0.11476314891464234 0.0)
(8.835835450312667 -0.1057394209431684 0.0)
(8.333571618292385 -0.09487913493820939 0.0)
(7.742872024278742 -0.08230422255176582 0.0)
(7.0604977091633305 -0.067956750937459 0.0)
(6.264686614448352 -0.05208955900706199 0.0)
(5.381174052285923 -0.03651320212643434 0.0)
(4.457835117058923 -0.023087610609009917 0.0)
(3.490659357630491 -0.012400194025254073 0.0)
(2.4460831896518678 -0.004960617115307248 0.0)
(1.28726717828848 -0.001158027861848221 0.0)
(0.004286162882405322 -7.93925316935661e-05 0.0)
(-0.004320407607325181 -7.948447096414992e-05 0.0)
(1.2903817742448356 -0.0011593752850054349 0.0)
(2.531413211521768 -0.004966345216303473 0.0)
(3.7089372888542247 -0.012414180449097962 0.0)
(4.786560368210202 -0.023113055142579726 0.0)
(5.7311238726607865 -0.03655300950030225 0.0)
(6.537020582670766 -0.0521434441270274 0.0)
(7.250895326125193 -0.06801636858672076 0.0)
(7.901270847716248 -0.08236125339962715 0.0)
(8.466417208254477 -0.0949324506193394 0.0)
(8.941938884034428 -0.10578922836041817 0.0)
(9.330025113265055 -0.11480952064522919 0.0)
(9.630060603517919 -0.12189969309707643 0.0)
(9.841889804251915 -0.12699824974210155 0.0)
(9.965275497705957 -0.1300695821241429 0.0)
(10.000000000000002 -0.13109505976154165 0.0)
(9.94583561340518 -0.13006958212414213 0.0)
(9.802554640192527 -0.12699824974210025 0.0)
(9.569939396482098 -0.12189969309707364 0.0)
(9.247752664512737 -0.11480952064522701 0.0)
(8.83583889374336 -0.10578922836041582 0.0)
(8.33358279174555 -0.09493245061933696 0.0)
(7.743173596728201 -0.08236125339962526 0.0)
(7.060215784985908 -0.06801636858671885 0.0)
(6.262979417329235 -0.05214344412702474 0.0)
(5.379987238450281 -0.03655300950029967 0.0)
(4.45788407623416 -0.02311305514257851 0.0)
(3.491062711145734 -0.012414180449097752 0.0)
(2.446364566255991 -0.004966345216303829 0.0)
(1.2873960035329322 -0.0011593752850054865 0.0)
(0.004320407607312393 -7.948447096415392e-05 0.0)
(-0.004349792737710801 -7.957876748576628e-05 0.0)
(1.2902692800228162 -0.0011607182342446621 0.0)
(2.531146581491105 -0.004971823866799139 0.0)
(3.708483950074832 -0.012426936500740489 0.0)
(4.786308982131101 -0.023135356928567552 0.0)
(5.732063799262757 -0.03658763743797356 0.0)
(6.53878056500161 -0.052191624030390224 0.0)
(7.251417968848993 -0.06807147691179553 0.0)
(7.901036787909652 -0.08241482307296706 0.0)
(8.466418105653215 -0.09498276104324856 0.0)
(8.94195147119182 -0.10583641380388327 0.0)
(9.330029687410784 -0.11485359513506978 0.0)
(9.630063383762321 -0.12194106563443374 0.0)
(9.841891628097141 -0.12703754676911017 0.0)
(9.965276122376618 -0.1301075834338106 0.0)
(10.000000000000002 -0.13113261914186405 0.0)
(9.94583498873452 -0.13010758343380982 0.0)
(9.802552816347301 -0.12703754676910886 0.0)
(9.569936616237696 -0.12194106563443098 0.0)
(9.247748090367008 -0.11485359513506763 0.0)
(8.835826306585966 -0.10583641380388098 0.0)
(8.333581894346812 -0.0949827610432462 0.0)
(7.743407656534798 -0.08241482307296526 0.0)
(7.059693142262105 -0.06807147691179373 0.0)
(6.261219434998386 -0.052191624030387664 0.0)
(5.379047311848309 -0.03658763743797105 0.0)
(4.458135462313263 -0.023135356928566383 0.0)
(3.4915160499251283 -0.012426936500740306 0.0)
(2.4466311962866545 -0.004971823866799505 0.0)
(1.2875084977549518 -0.0011607182342447168 0.0)
(0.004349792737698064 -7.95787674857705e-05 0.0)
(-0.004373027144704473 -7.967127804176218e-05 0.0)
(1.2901780596135424 -0.0011619977028331395 0.0)
(2.5309064132696633 -0.004976812344914028 0.0)
(3.708000544907896 -0.012437901702609262 0.0)
(4.785866214592553 -0.023153536067298336 0.0)
(5.732715539975716 -0.03661556445121968 0.0)
(6.540516002140366 -0.052231981780342135 0.0)
(7.252158366154036 -0.06811965455369944 0.0)
(7.900880524905618 -0.08246257781834392 0.0)
(8.4664310344738 -0.09502785566195314 0.0)
(8.941979535880627 -0.10587890403150362 0.0)
(9.330042862287392 -0.11489343583171473 0.0)
(9.630071600039974 -0.12197857588365113 0.0)
(9.841896453253993 -0.12707325276910492 0.0)
(9.965278141693291 -0.13014215957162015 0.0)
(10.000000000000002 -0.1311668084042293 0.0)
(9.945832969417847 -0.13014215957161937 0.0)
(9.80254799119045 -0.1270732527691036 0.0)
(9.569928399960043 -0.12197857588364842 0.0)
(9.2477349154904 -0.11489343583171263 0.0)
(8.835798241897159 -0.10587890403150138 0.0)
(8.33356896552623 -0.09502785566195084 0.0)
(7.743563919538831 -0.0824625778183422 0.0)
(7.05895274495706 -0.06811965455369769 0.0)
(6.259483997859626 -0.05223198178033963 0.0)
(5.37839557113535 -0.03661556445121721 0.0)
(4.458578229851812 -0.023153536067297188 0.0)
(3.4919994550920657 -0.012437901702609097 0.0)
(2.446871364508097 -0.004976812344914404 0.0)
(1.2875997181642258 -0.0011619977028331967 0.0)
(0.004373027144691765 -7.967127804176662e-05 0.0)
(-0.004389089950969043 -7.975793788755043e-05 0.0)
(1.2901121210749147 -0.0011631574732618101 0.0)
(2.5307032594097176 -0.004981091466045937 0.0)
(3.7075083132920863 -0.01244659426379443 0.0)
(4.785251519990182 -0.02316679380067404 0.0)
(5.733050458505062 -0.03663556347816962 0.0)
(6.5421506421540485 -0.052262744131182634 0.0)
(7.253083986337255 -0.06815878467498566 0.0)
(7.9008089246146715 -0.08250241937961071 0.0)
(8.466455426647505 -0.09506575310040556 0.0)
(8.942021844989766 -0.10591483210041124 0.0)
(9.330064059014903 -0.11492729220784 0.0)
(9.630084891342669 -0.12201057571300103 0.0)
(9.841904067713905 -0.12710379888576823 0.0)
(9.965281466930897 -0.13017179132533144 0.0)
(10.000000000000002 -0.13119612533499656 0.0)
(9.945829644180241 -0.13017179132533072 0.0)
(9.802540376730537 -0.12710379888576698 0.0)
(9.56991510865735 -0.12201057571299835 0.0)
(9.247713718762888 -0.11492729220783793 0.0)
(8.83575593278802 -0.10591483210040906 0.0)
(8.333544573352524 -0.09506575310040331 0.0)
(7.743635519829777 -0.08250241937960905 0.0)
(7.0580271247738375 -0.068158784674984 0.0)
(6.257849357845941 -0.05226274413118017 0.0)
(5.378060652606005 -0.03663556347816716 0.0)
(4.459192924454186 -0.023166793800672898 0.0)
(3.4924916867078766 -0.012446594263794276 0.0)
(2.4470745183680425 -0.0049810914660463204 0.0)
(1.2876656567028535 -0.00116315747326187 0.0)
(0.004389089950956344 -7.975793788755508e-05 0.0)
(-0.004397275386183318 -7.983493934804686e-05 0.0)
(1.2900743616256893 -0.0011641465873397793 0.0)
(2.5305460461202145 -0.00498447321344076 0.0)
(3.7070288829840896 -0.012452632249060113 0.0)
(4.784491906880265 -0.023174547608144462 0.0)
(5.73305383914333 -0.036646755798166335 0.0)
(6.543612661950945 -0.05228255944149393 0.0)
(7.254154159341176 -0.06818714796971147 0.0)
(7.9008251330226065 -0.08253259719145346 0.0)
(8.466490210426844 -0.09509478821449165 0.0)
(8.942076539534384 -0.10594261939698692 0.0)
(9.330092346247888 -0.1149536766762171 0.0)
(9.63010267367488 -0.12203565910852388 0.0)
(9.841914136911441 -0.1271278429786165 0.0)
(9.965285951984576 -0.1301951767298962 0.0)
(10.000000000000002 -0.13121928180186168 0.0)
(9.945825159126562 -0.13019517672989542 0.0)
(9.802530307533 -0.12712784297861532 0.0)
(9.569897326325139 -0.12203565910852117 0.0)
(9.247685431529904 -0.11495367667621506 0.0)
(8.835701238243402 -0.10594261939698477 0.0)
(8.333509789573185 -0.0950947882144894 0.0)
(7.743619311421843 -0.08253259719145183 0.0)
(7.056956951769914 -0.06818714796970983 0.0)
(6.256387338049041 -0.05228255944149147 0.0)
(5.378057271967738 -0.03664675579816388 0.0)
(4.459952537564106 -0.02317454760814332 0.0)
(3.492971117015874 -0.012452632249059965 0.0)
(2.447231731657546 -0.004984473213441147 0.0)
(1.2877034161520788 -0.0011641465873398404 0.0)
(0.004397275386170603 -7.983493934805165e-05 0.0)
(-0.004397223797298812 -7.989889911994737e-05 0.0)
(1.2900664403469864 -0.0011649215852039935 0.0)
(2.530441681065481 -0.004986808999304703 0.0)
(3.7065833192745465 -0.012455750360379917 0.0)
(4.783620751273178 -0.023176456801594553 0.0)
(5.732725533351461 -0.03664864964114498 0.0)
(6.544837823055872 -0.05229055706279204 0.0)
(7.255321863721831 -0.06820349820659578 0.0)
(7.900928437961629 -0.08255178529602854 0.0)
(8.466533857476186 -0.09511368525441664 0.0)
(8.94214121633625 -0.10596104499825452 0.0)
(9.33012648109708 -0.11497142995157457 0.0)
(9.630124165713461 -0.1220527239517091 0.0)
(9.84192621842448 -0.1271443285941975 0.0)
(9.965291399789278 -0.13021128827342018 0.0)
(10.000000000000002 -0.13123526035203417 0.0)
(9.94581971132186 -0.13021128827341946 0.0)
(9.802518226019963 -0.12714432859419625 0.0)
(9.569875834286556 -0.12205272395170642 0.0)
(9.247651296680711 -0.11497142995157253 0.0)
(8.835636561441536 -0.10596104499825237 0.0)
(8.333466142523841 -0.0951136852544144 0.0)
(7.743516006482818 -0.0825517852960269 0.0)
(7.055789247389256 -0.06820349820659412 0.0)
(6.255162176944113 -0.052290557062789546 0.0)
(5.37838557775961 -0.0366486496411425 0.0)
(4.4608236931711955 -0.02317645680159339 0.0)
(3.493416680725418 -0.012455750360379762 0.0)
(2.4473360967122795 -0.0049868089993050915 0.0)
(1.2877113374307818 -0.0011649215852040555 0.0)
(0.0043972237972860605 -7.989889911995226e-05 0.0)
(-0.004388937451036733 -7.994700692788584e-05 0.0)
(1.2900887052853003 -0.0011654484148661175 0.0)
(2.530394749855092 -0.004987996193480101 0.0)
(3.706191199417719 -0.012455811593646874 0.0)
(4.782676330152562 -0.02317243749455688 0.0)
(5.732079966285331 -0.03664116179510977 0.0)
(6.545772294131245 -0.05228638559422835 0.0)
(7.25653579268499 -0.0682071169861418 0.0)
(7.901114300401712 -0.08255914060312454 0.0)
(8.466584450024035 -0.09512161391881742 0.0)
(8.942213033615015 -0.10596929931700304 0.0)
(9.330164963739655 -0.1149797719874719 0.0)
(9.630148423137559 -0.12206102044456646 0.0)
(9.841939781413442 -0.127152531384722 0.0)
(9.965297570978429 -0.13021941804415624 0.0)
(10.000000000000002 -0.1312433589172514 0.0)
(9.94581354013271 -0.13021941804415552 0.0)
(9.802504663031 -0.12715253138472074 0.0)
(9.56985157686246 -0.12206102044456375 0.0)
(9.247612814038137 -0.11497977198746986 0.0)
(8.83556474416277 -0.10596929931700086 0.0)
(8.333415549975992 -0.09512161391881517 0.0)
(7.743330144042735 -0.08255914060312287 0.0)
(7.054575318426093 -0.06820711698614008 0.0)
(6.254227705868739 -0.05228638559422579 0.0)
(5.379031144825743 -0.036641161795107215 0.0)
(4.4617681142918135 -0.02317243749455568 0.0)
(3.4938088005822467 -0.012455811593646709 0.0)
(2.447383027922668 -0.004987996193480486 0.0)
(1.2876890724924677 -0.00116544841486618 0.0)
(0.004388937451023924 -7.994700692789078e-05 0.0)
(-0.004372780434292394 -7.99771490027921e-05 0.0)
(1.290140178159974 -0.0011657039283946057 0.0)
(2.5304073145605734 -0.004987982632826797 0.0)
(3.7058697524427515 -0.012452813258383258 0.0)
(4.781700139654688 -0.023162666288029564 0.0)
(5.731145502980793 -0.036624621262316824 0.0)
(6.5463750162275804 -0.05227022832250007 0.0)
(7.257742608412832 -0.06819784530579666 0.0)
(7.901374553887263 -0.08255433993400386 0.0)
(8.466639765126395 -0.09511822583668532 0.0)
(8.942288835850835 -0.10596701967356749 0.0)
(9.330206103318698 -0.11497833625011313 0.0)
(9.630174380120332 -0.12206018405437777 0.0)
(9.841954229945406 -0.12715209093458107 0.0)
(9.965304194401266 -0.1302192088348512 0.0)
(10.000000000000002 -0.13124322166137362 0.0)
(9.945806916709872 -0.13021920883485047 0.0)
(9.802490214499036 -0.12715209093457983 0.0)
(9.569825619879685 -0.12206018405437506 0.0)
(9.247571674459094 -0.11497833625011103 0.0)
(8.835488941926952 -0.10596701967356528 0.0)
(8.333360234873634 -0.09511822583668302 0.0)
(7.743069890557184 -0.08255433993400214 0.0)
(7.053368502698249 -0.06819784530579488 0.0)
(6.253624983772403 -0.052270228322497427 0.0)
(5.379965608130284 -0.03662462126231419 0.0)
(4.46274430478969 -0.02316266628802832 0.0)
(3.4941302475572145 -0.012452813258383068 0.0)
(2.4473704632171867 -0.004987982632827179 0.0)
(1.2876375996177936 -0.0011657039283946677 0.0)
(0.00437278043427951 -7.997714900279705e-05 0.0)
(-0.004349462656823114 -7.998800095703821e-05 0.0)
(1.2902185973470617 -0.0011656768989924651 0.0)
(2.530478823111753 -0.004986768913175091 0.0)
(3.705633102141655 -0.01244688709595525 0.0)
(4.780735071804141 -0.02314757251095151 0.0)
(5.729963202045896 -0.036599754803517036 0.0)
(6.546619506838614 -0.05224279516856803 0.0)
(7.258889285630082 -0.06817609054623265 0.0)
(7.901697763356246 -0.08253759422128505 0.0)
(8.466697372338862 -0.09510366987415085 0.0)
(8.942365292432143 -0.10595430623130998 0.0)
(9.33024809223637 -0.11496718582317113 0.0)
(9.630200896159447 -0.12205025153059781 0.0)
(9.841968929178309 -0.12714302659634807 0.0)
(9.96531097903671 -0.1302106698377792 0.0)
(10.000000000000002 -0.131234854615173 0.0)
(9.945800132074428 -0.13021066983777843 0.0)
(9.802475515266133 -0.12714302659634677 0.0)
(9.56979910384057 -0.12205025153059505 0.0)
(9.247529685541421 -0.11496718582316898 0.0)
(8.835412485345643 -0.1059543062313077 0.0)
(8.333302627661167 -0.09510366987414849 0.0)
(7.7427466810881995 -0.08253759422128328 0.0)
(7.052221825480996 -0.06817609054623079 0.0)
(6.25338049316137 -0.052242795168565274 0.0)
(5.381147909065184 -0.036599754803514316 0.0)
(4.463709372640238 -0.0231475725109502 0.0)
(3.494366897858311 -0.012446887095955036 0.0)
(2.4472989546660067 -0.004986768913175464 0.0)
(1.2875591804307056 -0.0011656768989925259 0.0)
(0.004349462656810141 -7.998800095704313e-05 0.0)
(-0.004320008659112226 -7.997908597560767e-05 0.0)
(1.2903205172509462 -0.0011653685142821763 0.0)
(2.530606133553713 -0.004984408363146041 0.0)
(3.7054916464957195 -0.01243829349109833 0.0)
(4.779823529916735 -0.023127819356274226 0.0)
(5.728585011620764 -0.03656765500541818 0.0)
(6.546495023494179 -0.05220529149502849 0.0)
(7.259925441437601 -0.06814280857178583 0.0)
(7.90206972757589 -0.0825096392409496 0.0)
(8.46675474050591 -0.09507858559357847 0.0)
(8.942439043996632 -0.10593171759562468 0.0)
(9.330289085576444 -0.11494681063600663 0.0)
(9.630226806188656 -0.12203165929015042 0.0)
(9.841983233254748 -0.12712573664046223 0.0)
(9.965317626780289 -0.13019417624084992 0.0)
(10.000000000000002 -0.13121862541135257 0.0)
(9.945793484330848 -0.13019417624084914 0.0)
(9.802461211189694 -0.12712573664046087 0.0)
(9.569773193811361 -0.12203165929014763 0.0)
(9.247488692201348 -0.11494681063600443 0.0)
(8.835338733781153 -0.10593171759562234 0.0)
(8.333245259494117 -0.095078585593576 0.0)
(7.742374716868555 -0.08250963924094769 0.0)
(7.051185669673475 -0.06814280857178383 0.0)
(6.253504976505807 -0.0522052914950256 0.0)
(5.382526099490322 -0.036567655005415346 0.0)
(4.464620914527647 -0.02312781935627285 0.0)
(3.4945083535042465 -0.012438293491098082 0.0)
(2.447171644224046 -0.004984408363146404 0.0)
(1.2874572605268209 -0.0011653685142822352 0.0)
(0.004320008659099152 -7.997908597561248e-05 0.0)
(-0.004285712595934579 -7.9950795766475e-05 0.0)
(1.2904414596975082 -0.001164792324123736 0.0)
(2.530783652098542 -0.004981004700989417 0.0)
(3.705451600807242 -0.012427410031088356 0.0)
(4.779005565475382 -0.02310427474147686 0.0)
(5.7270714868713455 -0.03652973227442378 0.0)
(6.546007035764696 -0.052159365144685735 0.0)
(7.2608055490448 -0.06809946173152572 0.0)
(7.902474103118873 -0.08247170328369123 0.0)
(8.466809348975234 -0.09504407515236606 0.0)
(8.942506850035482 -0.10590024626983889 0.0)
(9.330327282166554 -0.11491810593706829 0.0)
(9.630250971768673 -0.1220052242420673 0.0)
(9.841996513679776 -0.12710098075595405 0.0)
(9.965323845542315 -0.13017045274253822 0.0)
(10.000000000000002 -0.13119524713143763 0.0)
(9.945787265568823 -0.13017045274253744 0.0)
(9.802447930764666 -0.1271009807559527 0.0)
(9.569749028231344 -0.12200522424206449 0.0)
(9.247450495611238 -0.11491810593706603 0.0)
(8.835270927742304 -0.10590024626983646 0.0)
(8.333190651024793 -0.0950440751523635 0.0)
(7.74197034132557 -0.0824717032836892 0.0)
(7.050305562066274 -0.06809946173152358 0.0)
(6.2539929642352945 -0.0521593651446827 0.0)
(5.384039624239744 -0.03652973227442082 0.0)
(4.465438878969002 -0.023104274741475413 0.0)
(3.4945483991927238 -0.012427410031088073 0.0)
(2.4469941256792165 -0.004981004700989768 0.0)
(1.2873363180802584 -0.0011647923241237925 0.0)
(0.0042857125959214 -7.995079576647968e-05 0.0)
(-0.004248081373563326 -7.990437334967407e-05 0.0)
(1.2905761106969038 -0.0011639736452585961 0.0)
(2.5310035789061405 -0.00497670747739356 0.0)
(3.7055147246105125 -0.012414714915247435 0.0)
(4.778317118341211 -0.023077973173859963 0.0)
(5.725489129306216 -0.03648765286595606 0.0)
(6.545176984938247 -0.052107034037353936 0.0)
(7.261490938133531 -0.06804795460631254 0.0)
(7.902893122463621 -0.08242545318606999 0.0)
(8.466858798350593 -0.09500165487616548 0.0)
(8.942565731275392 -0.10586127504643246 0.0)
(9.330361003718407 -0.1148823329583137 0.0)
(9.630272331108126 -0.12197210789399973 0.0)
(9.84200818693581 -0.12706984667109927 0.0)
(9.965329362081757 -0.13014054170995906 0.0)
(10.000000000000002 -0.13116574697427832 0.0)
(9.945781749029381 -0.13014054170995829 0.0)
(9.802436257508631 -0.1270698466710979 0.0)
(9.569727668891893 -0.12197210789399683 0.0)
(9.247416774059385 -0.11488233295831138 0.0)
(8.835212046502393 -0.10586127504642995 0.0)
(8.333141201649434 -0.09500165487616281 0.0)
(7.741551321980821 -0.08242545318606782 0.0)
(7.049620172977543 -0.06804795460631026 0.0)
(6.254823015061746 -0.05210703403735075 0.0)
(5.385621981804877 -0.03648765286595298 0.0)
(4.466127326103174 -0.02307797317385844 0.0)
(3.4944852753894526 -0.012414714915247118 0.0)
(2.4467741988716174 -0.0049767074773938965 0.0)
(1.2872016670808624 -0.0011639736452586495 0.0)
(0.004248081373550039 -7.990437334967855e-05 0.0)
(-0.004208768439065084 -7.984185844127166e-05 0.0)
(1.2907185539305566 -0.0011629484489383596 0.0)
(2.5312562507949274 -0.004971705504501722 0.0)
(3.7056782443610965 -0.012400765943740568 0.0)
(4.777788437621821 -0.02305007029618726 0.0)
(5.723907464821947 -0.036443265672240995 0.0)
(6.544041341929614 -0.052050597506152194 0.0)
(7.261951493961117 -0.06799055032499855 0.0)
(7.903308374666699 -0.08237292109276322 0.0)
(8.4669009159169 -0.09495318863430725 0.0)
(8.942613100582404 -0.10581651624966602 0.0)
(9.330388768568707 -0.1148410634989845 0.0)
(9.63028994571671 -0.12193376531769709 0.0)
(9.842017740121339 -0.12703370236062822 0.0)
(9.96533393401197 -0.13010575737916327 0.0)
(10.000000000000002 -0.1311314211228112 0.0)
(9.945777177099169 -0.13010575737916244 0.0)
(9.802426704323103 -0.1270337023606268 0.0)
(9.569710054283307 -0.12193376531769413 0.0)
(9.247389009209083 -0.1148410634989821 0.0)
(8.835164677195381 -0.1058165162496634 0.0)
(8.333099084083129 -0.09495318863430448 0.0)
(7.741136069777742 -0.08237292109276091 0.0)
(7.049159617149956 -0.06799055032499611 0.0)
(6.255958658070383 -0.05205059750614887 0.0)
(5.387203646289151 -0.0364432656722378 0.0)
(4.466656006822565 -0.023050070296185655 0.0)
(3.4943217556388677 -0.012400765943740209 0.0)
(2.446521526982829 -0.004971705504502045 0.0)
(1.2870592238472094 -0.00116294844893841 0.0)
(0.0042087684390516925 -7.984185844127596e-05 0.0)
(-0.004169501130860723 -7.976599783197523e-05 0.0)
(1.290862530703372 -0.0011617617804137947 0.0)
(2.5315305658243608 -0.004966218559851921 0.0)
(3.705934975300305 -0.012386176008856836 0.0)
(4.777442752580825 -0.02302179210985681 0.0)
(5.722395988862402 -0.03639852098536634 0.0)
(6.542650004814995 -0.05199253526901382 0.0)
(7.262166980547059 -0.06792977112668654 0.0)
(7.903701614305987 -0.08231641516784603 0.0)
(8.466933851105342 -0.09490080594479215 0.0)
(8.942646876635825 -0.10576793649918563 0.0)
(9.330409356780727 -0.1147961108636233 0.0)
(9.630303041640753 -0.12189188121581637 0.0)
(9.842024753486863 -0.12699413593941877 0.0)
(9.965337360450699 -0.13006762811000985 0.0)
(10.000000000000002 -0.1310937777921524 0.0)
(9.94577375066044 -0.13006762811000896 0.0)
(9.80241969095758 -0.12699413593941736 0.0)
(9.569696958359264 -0.12189188121581336 0.0)
(9.247368420997063 -0.11479611086362085 0.0)
(8.83513090114196 -0.1057679364991829 0.0)
(8.333066148894687 -0.09490080594478927 0.0)
(7.740742830138453 -0.08231641516784362 0.0)
(7.048944130564015 -0.06792977112668393 0.0)
(6.257349995185007 -0.051992535269010355 0.0)
(5.388715122248698 -0.03639852098536304 0.0)
(4.46700169186356 -0.023021792109855135 0.0)
(3.494065024699658 -0.012386176008856439 0.0)
(2.446247211953396 -0.004966218559852228 0.0)
(1.2869152470743934 -0.0011617617804138415 0.0)
(0.004169501130847235 -7.976599783197928e-05 0.0)
(-0.004132004782635233 -7.968012469817415e-05 0.0)
(1.2910017149393513 -0.0011604657797289215 0.0)
(2.531814471093891 -0.004960487729753985 0.0)
(3.7062736371403453 -0.012371586165643505 0.0)
(4.777295251986514 -0.0229943811066425 0.0)
(5.721021112916079 -0.036355384805015274 0.0)
(6.541064106401827 -0.051935398474416805 0.0)
(7.262127929804992 -0.06786828753815789 0.0)
(7.904055563151147 -0.08225841817828468 0.0)
(8.466956156803992 -0.09484680840716607 0.0)
(8.94266557537766 -0.10571767030035319 0.0)
(9.330421863746096 -0.11474945018878936 0.0)
(9.630311043469309 -0.12184829589916943 0.0)
(9.842028918877935 -0.12695288588363424 0.0)
(9.965339490846496 -0.13002782923282988 0.0)
(10.000000000000002 -0.13105447096138448 0.0)
(9.945771620264642 -0.130027829232829 0.0)
(9.802415525566508 -0.12695288588363277 0.0)
(9.569688956530708 -0.12184829589916636 0.0)
(9.247355914031694 -0.1147494501887868 0.0)
(8.835112202400126 -0.10571767030035037 0.0)
(8.333043843196037 -0.09484680840716304 0.0)
(7.740388881293294 -0.08225841817828212 0.0)
(7.048983181306085 -0.06786828753815517 0.0)
(6.25893589359818 -0.05193539847441319 0.0)
(5.390089998195025 -0.036355384805011874 0.0)
(4.467149192457871 -0.022994381106640763 0.0)
(3.4937263628596167 -0.012371586165643073 0.0)
(2.4459633066838644 -0.004960487729754278 0.0)
(1.286776062838414 -0.0011604657797289648 0.0)
(0.004132004782621662 -7.968012469817795e-05 0.0)
(-0.004097926915332014 -7.958801214826719e-05 0.0)
(1.2911299911377954 -0.0011591173907828673 0.0)
(2.5320954923253653 -0.004954764816398162 0.0)
(3.7066793496995296 -0.012357637465119998 0.0)
(4.777352416745157 -0.02296904167587855 0.0)
(5.719843246516792 -0.03631575245603703 0.0)
(6.539353328165066 -0.05188169760858691 0.0)
(7.261836057553079 -0.06780880103581154 0.0)
(7.904354669337451 -0.08220147840569796 0.0)
(8.466966852941258 -0.09479356857444655 0.0)
(8.942668375219402 -0.10566792625798603 0.0)
(9.330425739931638 -0.11470313165917155 0.0)
(9.630313599616672 -0.12180492442683263 0.0)
(9.842030053274891 -0.12691176464526088 0.0)
(9.96534023159367 -0.12998810943747666 0.0)
(10.000000000000002 -0.13101522770074162 0.0)
(9.945770879517468 -0.12998810943747577 0.0)
(9.80241439116955 -0.12691176464525936 0.0)
(9.569686400383345 -0.12180492442682951 0.0)
(9.247352037846154 -0.11470313165916893 0.0)
(8.835109402558384 -0.10566792625798313 0.0)
(8.333033147058769 -0.09479356857444345 0.0)
(7.740089775106989 -0.08220147840569529 0.0)
(7.049275053557999 -0.06780880103580868 0.0)
(6.260646671834945 -0.051881697608583195 0.0)
(5.3912678645943135 -0.036315752456033544 0.0)
(4.467092027699227 -0.022969041675876763 0.0)
(3.4933206503004315 -0.012357637465119538 0.0)
(2.4456822854523894 -0.004954764816398443 0.0)
(1.2866477866399697 -0.0011591173907829072 0.0)
(0.004097926915318373 -7.958801214827075e-05 0.0)
(-0.004068764848096671 -7.949370743918214e-05 0.0)
(1.2912417230772193 -0.001157775859319114 0.0)
(2.532361281959987 -0.004949301274127534 0.0)
(3.7071342867102377 -0.012344942787668898 0.0)
(4.777611735141838 -0.02294688718579555 0.0)
(5.718914142959282 -0.03628136531134037 0.0)
(6.537592838570654 -0.05183379218932577 0.0)
(7.2613041881241065 -0.0677539253477331 0.0)
(7.904585790686275 -0.08214809767952495 0.0)
(8.46696546954844 -0.0947434257074838 0.0)
(8.942655153141125 -0.1056208900343016 0.0)
(9.330420815024848 -0.11465919042622395 0.0)
(9.630310597770402 -0.1217636724619546 0.0)
(9.842028106834404 -0.12687257901628368 0.0)
(9.965339550145142 -0.1299502139390927 0.0)
(10.000000000000002 -0.13097777228730292 0.0)
(9.945771560965996 -0.1299502139390918 0.0)
(9.802416337610039 -0.1268725790162821 0.0)
(9.569689402229617 -0.12176367246195142 0.0)
(9.247356962752944 -0.11465919042622127 0.0)
(8.83512262463666 -0.10562089003429864 0.0)
(8.333034530451588 -0.09474342570748061 0.0)
(7.739858653758165 -0.08214809767952218 0.0)
(7.049806922986973 -0.06775392534773013 0.0)
(6.262407161429362 -0.05183379218932196 0.0)
(5.392196968151826 -0.03628136531133682 0.0)
(4.466832709302544 -0.022946887185793723 0.0)
(3.4928657132897216 -0.01234494278766841 0.0)
(2.445416495817767 -0.004949301274127801 0.0)
(1.2865360547005453 -0.0011577758593191508 0.0)
(0.004068764848082981 -7.949370743918546e-05 0.0)
(-0.00404579990881303 -7.940135414731057e-05 0.0)
(1.2913320014606127 -0.0011565001297759161 0.0)
(2.5326001616874594 -0.0049443371609942015 0.0)
(3.707618459072503 -0.012334059914193148 0.0)
(4.778061813200617 -0.022928891064157263 0.0)
(5.718274625354117 -0.036253734279153745 0.0)
(6.535859990310645 -0.05179378709311522 0.0)
(7.260555690887754 -0.0677060716112645 0.0)
(7.904738772148375 -0.08210062145121642 0.0)
(8.466952067409284 -0.09469858299211835 0.0)
(8.94262649009676 -0.10557862831491825 0.0)
(9.330407305417122 -0.11461955718733403 0.0)
(9.63030216982613 -0.12172635254040373 0.0)
(9.842023165079507 -0.12683705074155177 0.0)
(9.965337476442516 -0.12991580779654918 0.0)
(10.000000000000002 -0.1309437504434122 0.0)
(9.94577363466862 -0.1299158077965483 0.0)
(9.802421279364935 -0.1268370507415502 0.0)
(9.569697830173887 -0.12172635254040053 0.0)
(9.24737047236067 -0.11461955718733133 0.0)
(8.835151287681025 -0.10557862831491521 0.0)
(8.333047932590745 -0.0946985829921151 0.0)
(7.739705672296065 -0.08210062145121359 0.0)
(7.050555420223328 -0.06770607161126145 0.0)
(6.264140009689374 -0.05179378709311134 0.0)
(5.392836485756989 -0.036253734279150164 0.0)
(4.466382631243763 -0.022928891064155407 0.0)
(3.492381540927455 -0.01233405991419264 0.0)
(2.4451776160902945 -0.00494433716099446 0.0)
(1.2864457763171517 -0.0011565001297759504 0.0)
(0.004045799908799313 -7.94013541473137e-05 0.0)
(-0.004030041134900048 -7.93150101073418e-05 0.0)
(1.291396859620969 -0.0011553462553755209 0.0)
(2.5328016355695744 -0.0049400905910476555 0.0)
(3.7081105931384966 -0.012325467018243613 0.0)
(4.778682875314987 -0.022915844027625483 0.0)
(5.717952792934906 -0.03623407341648192 0.0)
(6.534230921567429 -0.051763440070695485 0.0)
(7.259623453443251 -0.06766734243204024 0.0)
(7.904806891998177 -0.08206113573938899 0.0)
(8.466927235389267 -0.09466101073522597 0.0)
(8.94258364548804 -0.10554299800247004 0.0)
(9.330385804695908 -0.11458597335451172 0.0)
(9.630288686092314 -0.1216946044312581 0.0)
(9.842015445141872 -0.12680674086845978 0.0)
(9.96533410160049 -0.1298864027528052 0.0)
(10.000000000000002 -0.1309146570266487 0.0)
(9.945777009510646 -0.12988640275280425 0.0)
(9.80242899930257 -0.1268067408684582 0.0)
(9.569711313907703 -0.12169460443125489 0.0)
(9.247391973081882 -0.11458597335450896 0.0)
(8.835194132289745 -0.105542998002467 0.0)
(8.333072764610762 -0.09466101073522266 0.0)
(7.739637552446262 -0.08206113573938607 0.0)
(7.051487657667834 -0.06766734243203713 0.0)
(6.265769078432594 -0.05176344007069159 0.0)
(5.393158318176201 -0.03623407341647832 0.0)
(4.465761569129391 -0.022915844027623613 0.0)
(3.4918894068614605 -0.012325467018243098 0.0)
(2.444976142208179 -0.004940090591047907 0.0)
(1.2863809181567956 -0.001155346255375553 0.0)
(0.004030041134886322 -7.931501010734471e-05 0.0)
(-0.004022180938053598 -7.923846911843003e-05 0.0)
(1.2914334478093767 -0.0011543649352481282 0.0)
(2.5329568512125387 -0.004936748150802468 0.0)
(3.708589065437691 -0.012319541655948065 0.0)
(4.779447633151841 -0.02290831933911655 0.0)
(5.717962786429371 -0.03622324658566214 0.0)
(6.532777210641283 -0.05174408451471341 0.0)
(7.258548436598429 -0.06763943949934238 0.0)
(7.904787157174105 -0.08203137547398322 0.0)
(8.46689206456192 -0.09463235979303798 0.0)
(8.94252850182869 -0.10551556462770216 0.0)
(9.330357257563563 -0.11455991453993127 0.0)
(9.630270739019545 -0.12166982308835206 0.0)
(9.842005286221433 -0.12678298115738101 0.0)
(9.96532957390345 -0.12986329081168776 0.0)
(10.000000000000002 -0.13089177034852015 0.0)
(9.945781537207687 -0.12986329081168682 0.0)
(9.80243915822301 -0.12678298115737943 0.0)
(9.569729260980472 -0.12166982308834885 0.0)
(9.247420520214227 -0.1145599145399285 0.0)
(8.835249275949096 -0.1055155646276991 0.0)
(8.333107935438107 -0.09463235979303468 0.0)
(7.739657287270336 -0.0820313754739803 0.0)
(7.052562674512659 -0.06763943949933927 0.0)
(6.267222789358742 -0.0517440845147095 0.0)
(5.393148324681733 -0.03622324658565854 0.0)
(4.464996811292534 -0.022908319339114688 0.0)
(3.491410934562265 -0.012319541655947546 0.0)
(2.4448209265652143 -0.004936748150802716 0.0)
(1.2863443299683879 -0.0011543649352481586 0.0)
(0.004022180938039889 -7.923846911843281e-05 0.0)
(-0.004022564680943288 -7.917509425160033e-05 0.0)
(1.2914401584077735 -0.0011535992868048606 0.0)
(2.5330589887249593 -0.004934456700968191 0.0)
(3.709032852772601 -0.012316544176885625 0.0)
(4.780322484650916 -0.022906647619677513 0.0)
(5.7183041667416505 -0.0362217294978335 0.0)
(6.5315627309308155 -0.051736570872888826 0.0)
(7.257377874626761 -0.06762358881698673 0.0)
(7.904680434788222 -0.08201264826661621 0.0)
(8.466848100269054 -0.09461388903553873 0.0)
(8.942463482030218 -0.10549753356291396 0.0)
(9.330322918328857 -0.11454252572023214 0.0)
(9.630249117169372 -0.12165309735855673 0.0)
(9.84199313468257 -0.12676681556655311 0.0)
(9.965324092290121 -0.12984748746960753 0.0)
(10.000000000000002 -0.13087609600779357 0.0)
(9.945787018821017 -0.12984748746960664 0.0)
(9.802451309761873 -0.12676681556655153 0.0)
(9.569750882830645 -0.1216530973585535 0.0)
(9.247454859448935 -0.11454252572022935 0.0)
(8.835314295747569 -0.10549753356291089 0.0)
(8.333151899730975 -0.0946138890355354 0.0)
(7.739764009656218 -0.0820126482666133 0.0)
(7.053733236484331 -0.06762358881698362 0.0)
(6.268437269069211 -0.05173657087288495 0.0)
(5.392806944369451 -0.036221729497829945 0.0)
(4.464121959793458 -0.022906647619675678 0.0)
(3.490967147227354 -0.01231654417688511 0.0)
(2.4447187890527937 -0.004934456700968437 0.0)
(1.2863376193699914 -0.0011535992868048905 0.0)
(0.004022564680929616 -7.9175094251603e-05 0.0)
(-0.004031175502608584 -7.912767008256012e-05 0.0)
(1.2914166965647422 -0.0011530829512376019 0.0)
(2.5331035603713956 -0.004933316923658453 0.0)
(3.7094224559396163 -0.012316606284802559 0.0)
(4.781268990437835 -0.022910902321602207 0.0)
(5.718961934245359 -0.036229588811059775 0.0)
(6.530640844452676 -0.05174122928089771 0.0)
(7.2561631998798 -0.06762048683495796 0.0)
(7.904491414026923 -0.08200577695651919 0.0)
(8.466797274221266 -0.09460641003402141 0.0)
(8.94239144294362 -0.10548969706010532 0.0)
(9.33028429579494 -0.11453457092833992 0.0)
(9.63022477056633 -0.12164516213984039 0.0)
(9.841979524441669 -0.12675895438246287 0.0)
(9.965317897612561 -0.12983968709650415 0.0)
(10.000000000000002 -0.13086832270632506 0.0)
(9.945793213498575 -0.12983968709650326 0.0)
(9.802464920002773 -0.1267589543824613 0.0)
(9.569775229433686 -0.12164516213983718 0.0)
(9.247493481982852 -0.11453457092833719 0.0)
(8.835386334834167 -0.10548969706010228 0.0)
(8.333202725778763 -0.09460641003401811 0.0)
(7.739953030417518 -0.0820057769565163 0.0)
(7.054947911231295 -0.0676204868349549 0.0)
(6.2693591555473525 -0.051741229280893884 0.0)
(5.392149176865741 -0.03622958881105628 0.0)
(4.463175454006536 -0.0229109023216004 0.0)
(3.4905775440603377 -0.012316606284802054 0.0)
(2.444674217406358 -0.004933316923658701 0.0)
(1.2863610812130226 -0.0011530829512376314 0.0)
(0.0040311755025949705 -7.912767008256274e-05 0.0)
(-0.004047635059298564 -7.909828034253694e-05 0.0)
(1.2913640931507435 -0.0011528386153865674 0.0)
(2.533088607755245 -0.00493337889860308 0.0)
(3.7097407564883373 -0.01231972525079062 0.0)
(4.782245562779905 -0.022920896501071805 0.0)
(5.719907187839734 -0.03624647920149599 0.0)
(6.53005205721217 -0.05175785505681445 0.0)
(7.254957782943741 -0.06763026984867153 0.0)
(7.904228400116654 -0.08201106345648713 0.0)
(8.466741819622111 -0.09461025140213027 0.0)
(8.942315549834568 -0.1054923994408732 0.0)
(9.330243086965293 -0.11453639968325753 0.0)
(9.630198768955623 -0.12164636609119645 0.0)
(9.841965053507817 -0.12675974301115772 0.0)
(9.965311262053573 -0.12984023242650136 0.0)
(10.000000000000002 -0.1308687919887603 0.0)
(9.945799849057565 -0.12984023242650047 0.0)
(9.802479390936625 -0.12675974301115614 0.0)
(9.569801231044396 -0.12164636609119324 0.0)
(9.247534690812499 -0.11453639968325482 0.0)
(8.835462227943218 -0.10549239944087019 0.0)
(8.333258180377916 -0.09461025140212702 0.0)
(7.740216044327788 -0.0820110634564843 0.0)
(7.0561533281673565 -0.06763026984866853 0.0)
(6.269947942787859 -0.05175785505681072 0.0)
(5.3912039232713616 -0.036246479201492564 0.0)
(4.462198881664463 -0.022920896501070053 0.0)
(3.490259243511616 -0.012319725250790139 0.0)
(2.4446891700225084 -0.004933378898603334 0.0)
(1.2864136846270215 -0.0011528386153865978 0.0)
(0.004047635059285027 -7.909828034253955e-05 0.0)
(-0.004071220148204183 -7.908821636294045e-05 0.0)
(1.2912846594635536 -0.0011528770149220524 0.0)
(2.533014787867106 -0.004934639902736386 0.0)
(3.7099737688749674 -0.012325764033190285 0.0)
(4.783209292875005 -0.022936191032124256 0.0)
(5.721098394811134 -0.03627165853628648 0.0)
(6.529822239443488 -0.05178571769446126 0.0)
(7.253814587633509 -0.06765250801040233 0.0)
(7.903902949407463 -0.08202827548738283 0.0)
(8.466684173045229 -0.09462524435717816 0.0)
(8.942239137307432 -0.10550552196755049 0.0)
(9.330201102480503 -0.11454793163283948 0.0)
(9.63017225480045 -0.12165665631320483 0.0)
(9.841950357707374 -0.12676914680173546 0.0)
(9.965304477167479 -0.12984909949879678 0.0)
(10.000000000000002 -0.13087748323568762 0.0)
(9.94580663394366 -0.1298490994987959 0.0)
(9.802494086737068 -0.12676914680173387 0.0)
(9.569827745199568 -0.12165665631320167 0.0)
(9.247576675297289 -0.1145479316328368 0.0)
(8.835538640470354 -0.10550552196754753 0.0)
(8.3333158269548 -0.09462524435717497 0.0)
(7.740541495036979 -0.08202827548738008 0.0)
(7.05729652347759 -0.06765250801039945 0.0)
(6.270177760556538 -0.05178571769445766 0.0)
(5.3900127162999585 -0.03627165853628316 0.0)
(4.461235151569361 -0.022936191032122567 0.0)
(3.490026231124986 -0.012325764033189832 0.0)
(2.444762989910648 -0.004934639902736648 0.0)
(1.2864931183142119 -0.001152877014922084 0.0)
(0.004071220148190734 -7.908821636294312e-05 0.0)
(-0.004100894483666624 -7.909792033662256e-05 0.0)
(1.2911818856740676 -0.0011531964626387173 0.0)
(2.5328853442178136 -0.004937044529843694 0.0)
(3.7101112549615225 -0.01233445729895055 0.0)
(4.7841178361858505 -0.02295611390104567 0.0)
(5.722483215704485 -0.03630402048152485 0.0)
(6.529961488918949 -0.051823592960513226 0.0)
(7.252783843859618 -0.06768622421600755 0.0)
(7.903529361608117 -0.08205665678405723 0.0)
(8.466626867375743 -0.09465073013614915 0.0)
(8.942165562788862 -0.10552848806032201 0.0)
(9.330160187062024 -0.11456866008431822 0.0)
(9.630146393084285 -0.12167558067233591 0.0)
(9.841936082746924 -0.12678675256884187 0.0)
(9.965297841069757 -0.12986589871045554 0.0)
(10.000000000000002 -0.13089401456961716 0.0)
(9.945813270041379 -0.12986589871045465 0.0)
(9.802508361697518 -0.12678675256884034 0.0)
(9.569853606915732 -0.12167558067233282 0.0)
(9.247617590715768 -0.1145686600843156 0.0)
(8.835612214988924 -0.10552848806031911 0.0)
(8.333373132624287 -0.09465073013614604 0.0)
(7.7409150828363265 -0.08205665678405459 0.0)
(7.058327267251483 -0.06768622421600477 0.0)
(6.270038511081076 -0.05182359296050975 0.0)
(5.388627895406603 -0.03630402048152164 0.0)
(4.460326608258513 -0.02295611390104405 0.0)
(3.489888745038431 -0.012334457298950129 0.0)
(2.444892433559941 -0.004937044529843966 0.0)
(1.2865958921036984 -0.0011531964626387507 0.0)
(0.004100894483653276 -7.909792033662531e-05 0.0)
)
