(
(-0.027441619364080353 2.1960637266680943e-05 0.0)
(1.1916484294529885 0.00019781480466304126 0.0)
(2.3158032218653855 0.00011739479789516981 0.0)
(3.379879699915541 -0.001725465105006915 0.0)
(4.3837059434482475 -0.00667578707273689 0.0)
(5.308521885731379 -0.014278654079046178 0.0)
(6.159469738876846 -0.022237302361732228 0.0)
(6.950832415025014 -0.02868935310152504 0.0)
(7.66037122571536 -0.033961506056525766 0.0)
(8.268870201114865 -0.03869562404572086 0.0)
(8.783853839706088 -0.0428263957866003 0.0)
(9.20768679982721 -0.04626089745386894 0.0)
(9.540738947935782 -0.04896167733640779 0.0)
(9.783470161266825 -0.050904359633473194 0.0)
(9.936415968994774 -0.05207433265692076 0.0)
(10.000000000000005 -0.05246517763501018 0.0)
(9.974695142116333 -0.052074332656922406 0.0)
(9.860974283177633 -0.05090435963347652 0.0)
(9.659261052064222 -0.04896167733641147 0.0)
(9.370090977950559 -0.04626089745387478 0.0)
(8.993923938071697 -0.04282639578660665 0.0)
(8.531129798885129 -0.038695624045729175 0.0)
(7.984073218729087 -0.03396150605653532 0.0)
(7.360278696086118 -0.02868935310153337 0.0)
(6.640530261123162 -0.022237302361739927 0.0)
(5.802589225379704 -0.01427865407905391 0.0)
(4.86073850099617 -0.006675787072741461 0.0)
(3.820120300084437 -0.0017254651050086693 0.0)
(2.6619745559123933 0.00011739479789459765 0.0)
(1.3861293483248034 0.00019781480466279978 0.0)
(0.027441619364078112 2.1960637266658276e-05 0.0)
(-0.02746733405216618 2.1893787536978995e-05 0.0)
(1.1915519704185804 0.00019682953987379203 0.0)
(2.315595511043139 0.00011317355183502159 0.0)
(3.379592050397875 -0.0017358604702446378 0.0)
(4.383698923632807 -0.006694827124620434 0.0)
(5.30942422291602 -0.014308479109029892 0.0)
(6.160709774096278 -0.022277489395225926 0.0)
(6.951004234199199 -0.028733559289311816 0.0)
(7.660141260749992 -0.03400367303784586 0.0)
(8.268860321311378 -0.03873501140130708 0.0)
(8.783849046088552 -0.042863165029156464 0.0)
(9.207682460149881 -0.04629510993694695 0.0)
(9.540736128345287 -0.04899369473353079 0.0)
(9.78346880451832 -0.05093470318726825 0.0)
(9.936415184253814 -0.05210363429565889 0.0)
(10.000000000000005 -0.05249412523016341 0.0)
(9.974695926857294 -0.052103634295660534 0.0)
(9.86097563992614 -0.0509347031872716 0.0)
(9.659263871654717 -0.04899369473353451 0.0)
(9.37009531762789 -0.04629510993695285 0.0)
(8.993928731689234 -0.04286316502916287 0.0)
(8.531139678688614 -0.03873501140131546 0.0)
(7.984303183694456 -0.034003673037855495 0.0)
(7.3601068769119316 -0.028733559289320237 0.0)
(6.639290225903726 -0.022277489395233715 0.0)
(5.801686888195061 -0.014308479109037686 0.0)
(4.86074552081161 -0.006694827124625045 0.0)
(3.820407949602104 -0.0017358604702464155 0.0)
(2.66218226673464 0.00011317355183443945 0.0)
(1.3862258073592115 0.00019682953987354806 0.0)
(0.027467334052163988 2.1893787536956145e-05 0.0)
(-0.027489681012325688 2.182462665449105e-05 0.0)
(1.1914667430949577 0.00019583916180763669 0.0)
(2.315396911991362 0.00010910039434252558 0.0)
(3.3792650444501366 -0.0017454363635775415 0.0)
(4.383542411262011 -0.006711709820433188 0.0)
(5.310152014254988 -0.014334735412068065 0.0)
(6.161999367781145 -0.02231380807822806 0.0)
(6.951355220703548 -0.028774814271468295 0.0)
(7.6599591696513 -0.03404364514455296 0.0)
(8.268859267882135 -0.0387725166997635 0.0)
(8.783856045388346 -0.04289831279298016 0.0)
(9.2076845808723 -0.046327918821552044 0.0)
(9.540737387756703 -0.04902447639026227 0.0)
(9.7834697109217 -0.050963929629411854 0.0)
(9.936415442606119 -0.05213189033094969 0.0)
(10.000000000000005 -0.05252205050462277 0.0)
(9.974695668504989 -0.05213189033095135 0.0)
(9.860974733522758 -0.05096392962941522 0.0)
(9.659262612243301 -0.04902447639026602 0.0)
(9.37009319690547 -0.046327918821557984 0.0)
(8.99392173238944 -0.04289831279298662 0.0)
(8.531140732117857 -0.03877251669977195 0.0)
(7.984485274793148 -0.03404364514456268 0.0)
(7.35975589040758 -0.0287748142714768 0.0)
(6.638000632218856 -0.02231380807823592 0.0)
(5.800959096856093 -0.014334735412075911 0.0)
(4.860902033182408 -0.006711709820437832 0.0)
(3.820734955549843 -0.0017454363635793387 0.0)
(2.6623808657864174 0.0001091003943419346 0.0)
(1.3863110346828345 0.00019583916180739038 0.0)
(0.027489681012323536 2.182462665446802e-05 0.0)
(-0.027507678360012073 2.175619342186736e-05 0.0)
(1.1913964922148008 0.00019488718586495654 0.0)
(2.315216150789063 0.00010535429250627098 0.0)
(3.3789130501154285 -0.0017537720377711799 0.0)
(4.3832432832031 -0.006725693365407159 0.0)
(5.310673281928303 -0.014356269334239755 0.0)
(6.163281857544178 -0.02234466263425066 0.0)
(6.951869952833172 -0.028811305379552385 0.0)
(7.659832953169034 -0.03407966607540528 0.0)
(8.26886708711289 -0.03880649202688997 0.0)
(8.783874530069044 -0.042930294749630005 0.0)
(9.207693068813805 -0.04635788254531681 0.0)
(9.540742670833797 -0.04905266981691891 0.0)
(9.783472840651264 -0.05099075480350445 0.0)
(9.936416732700161 -0.05215785924429545 0.0)
(10.000000000000005 -0.05254772647291637 0.0)
(9.974694378410947 -0.052157859244297125 0.0)
(9.860971603793196 -0.05099075480350784 0.0)
(9.659257329166207 -0.04905266981692268 0.0)
(9.370084708963965 -0.046357882545322776 0.0)
(8.99390324770874 -0.042930294749636506 0.0)
(8.531132912887104 -0.038806492026898474 0.0)
(7.984611491275413 -0.03407966607541506 0.0)
(7.359241158277955 -0.02881130537956095 0.0)
(6.636718142455821 -0.022344662634258567 0.0)
(5.800437829182776 -0.014356269334247633 0.0)
(4.86120116124132 -0.006725693365411825 0.0)
(3.821086949884552 -0.001753772037772992 0.0)
(2.662561626988717 0.00010535429250567263 0.0)
(1.3863812855629916 0.00019488718586470823 0.0)
(0.02750767836000995 2.175619342184417e-05 0.0)
(-0.027520535324693212 2.169149467015435e-05 0.0)
(1.1913443044732637 0.00019401544012708226 0.0)
(2.3150611697527776 0.00010209984318764317 0.0)
(3.3785515333808624 -0.0017605012385511702 0.0)
(4.382814682595744 -0.006736163348158365 0.0)
(5.310965122388035 -0.014372134714399937 0.0)
(6.164500893131438 -0.02236869737054891 0.0)
(6.952525814199969 -0.02884142926103346 0.0)
(7.659768157024519 -0.03411015313659962 0.0)
(8.268883435440944 -0.03883544456896864 0.0)
(8.783903687947593 -0.04295770567044012 0.0)
(9.207707551029774 -0.046383684557036106 0.0)
(9.540751745447826 -0.049077036245911844 0.0)
(9.783478056192417 -0.05101400006047171 0.0)
(9.936418997851568 -0.05218040000915255 0.0)
(10.000000000000005 -0.05257002497997023 0.0)
(9.97469211325954 -0.05218040000915422 0.0)
(9.860966388252043 -0.051014000060475115 0.0)
(9.659248254552178 -0.04907703624591563 0.0)
(9.370070226747995 -0.0463836845570421 0.0)
(8.993874089830191 -0.04295770567044666 0.0)
(8.531116564559047 -0.038835444568977175 0.0)
(7.984676287419928 -0.034110153136609436 0.0)
(7.358585296911156 -0.028841429261042068 0.0)
(6.635499106868558 -0.022368697370556846 0.0)
(5.800145988723044 -0.014372134714407828 0.0)
(4.861629761848678 -0.006736163348163042 0.0)
(3.821448466619119 -0.0017605012385529912 0.0)
(2.662716608025003 0.00010209984318703933 0.0)
(1.3864334733045285 0.00019401544012683227 0.0)
(0.027520535324691103 2.169149467013102e-05 0.0)
(-0.027527686994862178 2.1633373144139273e-05 0.0)
(1.1913124729042348 0.0001932622275069223 0.0)
(2.3149387784657103 9.948004093585597e-05 0.0)
(3.3781963786303795 -0.0017653282971459635 0.0)
(4.382275441366526 -0.006742659736799009 0.0)
(5.311014712698289 -0.014381634456769255 0.0)
(6.1656029123493825 -0.022384856244780177 0.0)
(6.953293987455348 -0.028863862327669326 0.0)
(7.659767628241804 -0.03413376678244157 0.0)
(8.268907594550678 -0.03885810220426777 0.0)
(8.783942237880153 -0.042979341169697 0.0)
(9.207727391198132 -0.046404191163518446 0.0)
(9.540764212876852 -0.04909650506092821 0.0)
(9.783485128383822 -0.05103264404624847 0.0)
(9.936422138533734 -0.052198522225550305 0.0)
(10.000000000000005 -0.0525879662701784 0.0)
(9.974688972577376 -0.05219852222555198 0.0)
(9.860959316060637 -0.05103264404625188 0.0)
(9.659235787123153 -0.049096505060932015 0.0)
(9.370050386579637 -0.046404191163524455 0.0)
(8.993835539897633 -0.042979341169703554 0.0)
(8.531092405449316 -0.03885810220427633 0.0)
(7.984676816202643 -0.034133766782451405 0.0)
(7.3578171236557735 -0.028863862327677955 0.0)
(6.634397087650611 -0.02238485624478812 0.0)
(5.8000963984127925 -0.014381634456777146 0.0)
(4.862169003077898 -0.006742659736803684 0.0)
(3.821803621369603 -0.0017653282971477884 0.0)
(2.6628389993120702 9.948004093524863e-05 0.0)
(1.3864653048735576 0.00019326222750667106 0.0)
(0.027527686994860055 2.1633373144115824e-05 0.0)
(-0.027528819139215347 2.1584382597344904e-05 0.0)
(1.191302396128623 0.00019266064278904296 0.0)
(2.3148543545771063 9.760999506906009e-05 0.0)
(3.377863190713978 -0.00176804112143176 0.0)
(4.381649252788545 -0.00674489709189703 0.0)
(5.310819873951555 -0.014384351160047302 0.0)
(6.166539494489664 -0.022392429265572555 0.0)
(6.954140720471801 -0.028877618911552147 0.0)
(7.6598313900546335 -0.034149469472532785 0.0)
(8.268938502935 -0.03887346939774327 0.0)
(8.78398848605321 -0.0429942506231443 0.0)
(9.207751717578178 -0.046418501341990756 0.0)
(9.54077952532485 -0.04911022083785343 0.0)
(9.783493746486329 -0.0510458675782079 0.0)
(9.936426016750826 -0.05221142963645387 0.0)
(10.000000000000005 -0.05260076203607176 0.0)
(9.974685094360282 -0.05221142963645556 0.0)
(9.86095069795813 -0.05104586757821132 0.0)
(9.659220474675154 -0.04911022083785723 0.0)
(9.370026060199592 -0.046418501341996765 0.0)
(8.993789291724577 -0.042994250623150855 0.0)
(8.531061497064991 -0.03887346939775183 0.0)
(7.984613054389813 -0.03414946947254263 0.0)
(7.356970390639319 -0.02887761891156077 0.0)
(6.633460505510328 -0.022392429265580483 0.0)
(5.800291237159528 -0.014384351160055165 0.0)
(4.86279519165588 -0.006744897091901691 0.0)
(3.8221368092860053 -0.0017680411214335823 0.0)
(2.662923423200674 9.760999506845151e-05 0.0)
(1.3864753816491693 0.0001926606427887909 0.0)
(0.027528819139213196 2.158438259732137e-05 0.0)
(-0.02752388201340104 2.154667558477171e-05 0.0)
(1.1913145169015138 0.0001922371185053796 0.0)
(2.314811607518182 9.657187198149032e-05 0.0)
(3.377566609299155 -0.0017685205148724123 0.0)
(4.380963630442339 -0.006742777108162542 0.0)
(5.3103891670059165 -0.014380165457262097 0.0)
(6.167269487846466 -0.02239108368824689 0.0)
(6.955028809349639 -0.028882094573553056 0.0)
(7.659956640885601 -0.03415657125939794 0.0)
(8.268974802536055 -0.03888087094302733 0.0)
(8.78404040040665 -0.04300177893667363 0.0)
(9.207779461313276 -0.04642598632939071 0.0)
(9.540797009990872 -0.04911758093054167 0.0)
(9.78350353183628 -0.051053089638547496 0.0)
(9.936430462101082 -0.052218555113841596 0.0)
(10.000000000000005 -0.05260785005510616 0.0)
(9.974680649010025 -0.05221855511384327 0.0)
(9.860940912608179 -0.0510530896385509 0.0)
(9.659202990009133 -0.049117580930545475 0.0)
(9.369998316464493 -0.04642598632939671 0.0)
(8.993737377371136 -0.043001778936680175 0.0)
(8.531025197463936 -0.038880870943035876 0.0)
(7.984487803558845 -0.03415657125940777 0.0)
(7.356082301761479 -0.028882094573561657 0.0)
(6.632730512153526 -0.022391083688254775 0.0)
(5.800721944105168 -0.014380165457269925 0.0)
(4.863480814002089 -0.00674277710816718 0.0)
(3.8224333907008288 -0.0017685205148742264 0.0)
(2.6629661702595984 9.657187198088277e-05 0.0)
(1.3864632608762784 0.00019223711850512734 0.0)
(0.027523882013398854 2.1546675584748134e-05 0.0)
(-0.02751309254569533 2.1521908883569137e-05 0.0)
(1.1913483026583205 0.00019201026353814075 0.0)
(2.314812415516503 9.641128490242198e-05 0.0)
(3.377319665630697 -0.0017667454137971644 0.0)
(4.380248699319488 -0.006736392933802442 0.0)
(5.309741516336611 -0.014369261260536503 0.0)
(6.167760817847175 -0.02238087863500919 0.0)
(6.955919233088283 -0.02887709266127174 0.0)
(7.660137877442334 -0.0341547601035145 0.0)
(8.269014898415778 -0.0388799816297609 0.0)
(8.784095699918756 -0.04300159532996117 0.0)
(9.207809403394462 -0.046426317249065346 0.0)
(9.540815898630676 -0.04911826194998515 0.0)
(9.783514054483298 -0.051053992903148306 0.0)
(9.936435279263945 -0.052219585577272735 0.0)
(10.000000000000005 -0.052608918892692404 0.0)
(9.974675831847163 -0.05221958557727442 0.0)
(9.86093038996116 -0.0510539929031517 0.0)
(9.659184101369327 -0.049118261949988924 0.0)
(9.369968374383307 -0.04642631724907133 0.0)
(8.99368207785903 -0.0430015953299677 0.0)
(8.530985101584214 -0.03887998162976942 0.0)
(7.984306567002112 -0.03415476010352429 0.0)
(7.355191878022833 -0.02887709266128029 0.0)
(6.632239182152817 -0.022380878635017015 0.0)
(5.801369594774477 -0.014369261260544273 0.0)
(4.864195745124943 -0.006736392933807045 0.0)
(3.822680334369287 -0.0017667454137989646 0.0)
(2.6629653622612772 9.641128490181767e-05 0.0)
(1.3864294751194715 0.00019201026353788875 0.0)
(0.027513092545693087 2.152190888354555e-05 0.0)
(-0.027496924805570425 2.151117069727862e-05 0.0)
(1.1914022689146984 0.0001919900454795674 0.0)
(2.3148567430701013 9.713528973432355e-05 0.0)
(3.377133209961626 -0.0017627938128998066 0.0)
(4.3795358721856 -0.006726025077758595 0.0)
(5.308905378529202 -0.014352117680325974 0.0)
(6.167991896350424 -0.022362262497229113 0.0)
(6.95677286809764 -0.028862832949583098 0.0)
(7.660367136522091 -0.03414411558375859 0.0)
(8.269057028834567 -0.03887084053274196 0.0)
(8.784151954830136 -0.04299370787034998 0.0)
(9.207840228221466 -0.04641947956100956 0.0)
(9.540835361311988 -0.049112233973435386 0.0)
(9.783524852081525 -0.05104853768421624 0.0)
(9.936440256582092 -0.05221447575006933 0.0)
(10.000000000000005 -0.05260392158606233 0.0)
(9.974670854529018 -0.052214475750071 0.0)
(9.860919592362933 -0.051048537684219616 0.0)
(9.659164638688015 -0.04911223397343915 0.0)
(9.369937549556303 -0.04641947956101551 0.0)
(8.99362582294765 -0.042993707870356467 0.0)
(8.530942971165425 -0.03887084053275044 0.0)
(7.9840773079223535 -0.03414411558376833 0.0)
(7.3543382430134745 -0.028862832949591574 0.0)
(6.632008103649568 -0.02236226249723686 0.0)
(5.802205732581888 -0.014352117680333678 0.0)
(4.864908572258831 -0.006726025077763155 0.0)
(3.822866790038358 -0.0017627938129015882 0.0)
(2.662921034707679 9.713528973372459e-05 0.0)
(1.3863755088630934 0.00019199004547931615 0.0)
(0.02749692480556812 2.151117069725506e-05 0.0)
(-0.027476089173949367 2.1514932842160804e-05 0.0)
(1.1914740444920708 0.00019217735267416534 0.0)
(2.3149426425073663 9.871207502941069e-05 0.0)
(3.3770154348129298 -0.0017568393382945198 0.0)
(4.3788564693608585 -0.006712129084658109 0.0)
(5.307917491949277 -0.014329487974181668 0.0)
(6.167952570189526 -0.022336053233943456 0.0)
(6.95755220721708 -0.028839941984131312 0.0)
(7.660634344900327 -0.03412510540085469 0.0)
(8.269099342658896 -0.03885384929505036 0.0)
(8.784206693402899 -0.04297846311838566 0.0)
(9.207870581407782 -0.04640577370072731 0.0)
(9.540854542880197 -0.04909976185915412 0.0)
(9.78353545020425 -0.05103696367409114 0.0)
(9.936445175361266 -0.05220345014869051 0.0)
(10.000000000000005 -0.05259307770772694 0.0)
(9.974665935749842 -0.05220345014869217 0.0)
(9.860908994240209 -0.05103696367409451 0.0)
(9.659145457119807 -0.049099761859157855 0.0)
(9.369907196369986 -0.04640577370073323 0.0)
(8.993571084374887 -0.04297846311839209 0.0)
(8.530900657341096 -0.03885384929505877 0.0)
(7.983810099544117 -0.03412510540086436 0.0)
(7.353558903894032 -0.028839941984139705 0.0)
(6.632047429810467 -0.022336053233951114 0.0)
(5.803193619161816 -0.014329487974189295 0.0)
(4.8655879750835735 -0.00671212908466262 0.0)
(3.8229845651870544 -0.0017568393382962789 0.0)
(2.6628351352704134 9.871207502881893e-05 0.0)
(1.3863037332857207 0.00019217735267391535 0.0)
(0.027476089173946994 2.1514932842137304e-05 0.0)
(-0.027451501130367883 2.153303001645223e-05 0.0)
(1.1915604757028777 0.00019256395518647276 0.0)
(2.315066339564173 0.00010107235972646446 0.0)
(3.376971515009178 -0.0017491436187020567 0.0)
(4.378240342562451 -0.006695315519015822 0.0)
(5.306821262525871 -0.01430236644999169 0.0)
(6.167644567284046 -0.0223034024322325 0.0)
(6.958223007711457 -0.028809425552060508 0.0)
(7.660927761929745 -0.034098564827461424 0.0)
(8.269139980696735 -0.03882975448058567 0.0)
(8.784257510524297 -0.042956530900580034 0.0)
(9.207899129289933 -0.04638580187864527 0.0)
(9.540872600532285 -0.04908139360902578 0.0)
(9.783545383189345 -0.051019779413603854 0.0)
(9.936449819479312 -0.0521869932178901 0.0)
(10.000000000000005 -0.05257686371786199 0.0)
(9.974661291631797 -0.05218699321789175 0.0)
(9.860899061255113 -0.05101977941360719 0.0)
(9.65912739946772 -0.049081393609029474 0.0)
(9.369878648487836 -0.04638580187865113 0.0)
(8.993520267253487 -0.04295653090058641 0.0)
(8.530860019303256 -0.03882975448059401 0.0)
(7.983516682514698 -0.034098564827471006 0.0)
(7.352888103399654 -0.028809425552068803 0.0)
(6.63235543271595 -0.022303402432240046 0.0)
(5.804289848585225 -0.014302366449999231 0.0)
(4.866204101881983 -0.0066953155190202784 0.0)
(3.8230284849908056 -0.0017491436187037897 0.0)
(2.6627114382136057 0.00010107235972588143 0.0)
(1.3862173020749133 0.00019256395518622456 0.0)
(0.027451501130365426 2.1533030016428825e-05 0.0)
(-0.027424241028478378 2.1564667063422358e-05 0.0)
(1.1916577649178377 0.00019313286640936823 0.0)
(2.3152223992181438 0.00010411243723391514 0.0)
(3.3770033803061996 -0.0017400447899623887 0.0)
(4.377714563274727 -0.0066763231381465026 0.0)
(5.305664856574353 -0.014271944777911522 0.0)
(6.1670814207181746 -0.02226574470859046 0.0)
(6.958755795834241 -0.028772624489567633 0.0)
(7.661234495402865 -0.03406566000781911 0.0)
(8.269177157387048 -0.038799614771415254 0.0)
(8.784302173382985 -0.04292887487845963 0.0)
(9.207924617526205 -0.046360441620088275 0.0)
(9.540888740848057 -0.04905793629035724 0.0)
(9.783554214599622 -0.05099773994772248 0.0)
(9.936453984882178 -0.05216582804510037 0.0)
(10.000000000000005 -0.05255599202951947 0.0)
(9.97465712622893 -0.052165828045102 0.0)
(9.860890229844836 -0.05099773994772579 0.0)
(9.659111259151947 -0.04905793629036089 0.0)
(9.369853160251566 -0.04636044162009409 0.0)
(8.9934756043948 -0.04292887487846595 0.0)
(8.530822842612944 -0.03879961477142351 0.0)
(7.983209949041578 -0.034065660007828596 0.0)
(7.35235531527687 -0.028772624489575824 0.0)
(6.6329185792818235 -0.022265744708597903 0.0)
(5.805446254536746 -0.014271944777918972 0.0)
(4.866729881169707 -0.0066763231381509035 0.0)
(3.822996619693784 -0.001740044789964094 0.0)
(2.6625553785596345 0.00010411243723334198 0.0)
(1.3861200128599533 0.0001931328664091221 0.0)
(0.027424241028475852 2.156466706339908e-05 0.0)
(-0.02739550662728694 2.160845390910568e-05 0.0)
(1.1917616374268307 0.00019385908942451142 0.0)
(2.3154039644935853 0.00010769873210774992 0.0)
(3.377109630601138 -0.0017299426379645004 0.0)
(4.377302233277703 -0.006655986432519974 0.0)
(5.304499084456648 -0.014239559630557487 0.0)
(6.166287874121769 -0.02222473467450132 0.0)
(6.959127161850026 -0.028731155768012988 0.0)
(7.6615410680120295 -0.03402783671950515 0.0)
(8.269209239254073 -0.038764754451221024 0.0)
(8.784338719574661 -0.04289671020704117 0.0)
(9.207945926210122 -0.04633080720842206 0.0)
(9.540902254651566 -0.049030420574816845 0.0)
(9.783561556399066 -0.05097181365025776 0.0)
(9.936457488549683 -0.052140884589293106 0.0)
(10.000000000000005 -0.05253137970650149 0.0)
(9.974653622561425 -0.052140884589294736 0.0)
(9.860882888045392 -0.050971813650261044 0.0)
(9.659097745348438 -0.04903042057482045 0.0)
(9.369831851567646 -0.04633080720842782 0.0)
(8.993439058203125 -0.042896710207047405 0.0)
(8.53079076074592 -0.0387647544512292 0.0)
(7.982903376432413 -0.03402783671951454 0.0)
(7.351983949261084 -0.028731155768021068 0.0)
(6.6337121258782314 -0.022224734674508643 0.0)
(5.806612026654455 -0.014239559630564851 0.0)
(4.867142211166732 -0.006655986432524319 0.0)
(3.822890369398845 -0.001729942637966177 0.0)
(2.6623738132841925 0.00010769873210718734 0.0)
(1.3860161403509599 0.00019385908942426755 0.0)
(0.027395506627284332 2.1608453909082552e-05 0.0)
(-0.027366560463813815 2.1662466639608627e-05 0.0)
(1.1918675292618413 0.0001947107153212043 0.0)
(2.3156030577444593 0.0001116736691121536 0.0)
(3.377285597450414 -0.0017192810327858142 0.0)
(4.3770214695971115 -0.006635198959776514 0.0)
(5.3033751680668875 -0.01420663395205737 0.0)
(6.165298794480523 -0.02218217423583721 0.0)
(6.959320788615474 -0.02868684144715681 0.0)
(7.661834009517651 -0.03398675684861232 0.0)
(8.269234816679267 -0.038726705218697165 0.0)
(8.78436554332652 -0.042861450143143145 0.0)
(9.2079621190771 -0.04629820072548062 0.0)
(9.540912548171008 -0.04900005545260685 0.0)
(9.783567086002442 -0.050943139675289496 0.0)
(9.936460176537087 -0.05211325882028373 0.0)
(10.000000000000005 -0.0525041081692545 0.0)
(9.974650934574022 -0.052113258820285335 0.0)
(9.860877358442016 -0.05094313967529275 0.0)
(9.659087451828997 -0.04900005545261043 0.0)
(9.369815658700668 -0.04629820072548631 0.0)
(8.993412234451265 -0.042861450143149314 0.0)
(8.530765183320725 -0.038726705218705255 0.0)
(7.98261043492679 -0.03398675684862161 0.0)
(7.351790322495637 -0.02868684144716477 0.0)
(6.634701205519481 -0.02218217423584443 0.0)
(5.807735943044217 -0.014206633952064654 0.0)
(4.867422974847324 -0.006635198959780804 0.0)
(3.8227144025495683 -0.0017192810327874627 0.0)
(2.662174720033318 0.00011167366911160185 0.0)
(1.385910248515949 0.00019471071532096293 0.0)
(0.027366560463811137 2.166246663958567e-05 0.0)
(-0.027338674379526504 2.1724332034366406e-05 0.0)
(1.1919707877293628 0.00019565032521555177 0.0)
(2.315810931177553 0.00011586259678709436 0.0)
(3.3775235491925923 -0.0017085284258530262 0.0)
(4.376884608475435 -0.00661487408343886 0.0)
(5.302342490235091 -0.014174614436488642 0.0)
(6.164157640144403 -0.022139933420410915 0.0)
(6.959328168524741 -0.02864162861718674 0.0)
(7.662100448605895 -0.03394422536951414 0.0)
(8.26925276583736 -0.038687138887511664 0.0)
(8.78438146605198 -0.042824643949466806 0.0)
(9.207972484642188 -0.046264054840472496 0.0)
(9.54091916912797 -0.04896817511164576 0.0)
(9.783570560449096 -0.050912977904820224 0.0)
(9.936461930739139 -0.05208416456382258 0.0)
(10.000000000000005 -0.05247537567923324 0.0)
(9.97464918037197 -0.05208416456382417 0.0)
(9.860873883995362 -0.050912977904823464 0.0)
(9.659080830872036 -0.0489681751116493 0.0)
(9.369805293135583 -0.046264054840478144 0.0)
(8.993396311725805 -0.042824643949472906 0.0)
(8.530747234162632 -0.03868713888751967 0.0)
(7.982343995838546 -0.03394422536952334 0.0)
(7.351782942586371 -0.0286416286171946 0.0)
(6.635842359855604 -0.022139933420418038 0.0)
(5.808768620876015 -0.01417461443649585 0.0)
(4.867559835969 -0.006614874083443103 0.0)
(3.822476450807389 -0.0017085284258546486 0.0)
(2.6619668466002238 0.00011586259678655324 0.0)
(1.3858069900484273 0.00019565032521531294 0.0)
(0.027338674379523763 2.1724332034343624e-05 0.0)
(-0.027313073637952445 2.1791331841112896e-05 0.0)
(1.192066875841238 0.00019663663436776392 0.0)
(2.3160184512145103 0.00012008146131396194 0.0)
(3.3778130306634417 -0.0016981572670434245 0.0)
(4.37689766333998 -0.006595904841389982 0.0)
(5.301446424935958 -0.014144907962787341 0.0)
(6.162914551347255 -0.022099868212374876 0.0)
(6.959148977318114 -0.02859750384713715 0.0)
(7.66232867843066 -0.03390211103759306 0.0)
(8.269262298075178 -0.038647793929872255 0.0)
(8.784385788135614 -0.042787908822827236 0.0)
(9.207976567461415 -0.04622986986111684 0.0)
(9.540921826609715 -0.048936180315791965 0.0)
(9.783571827078195 -0.05088265359186498 0.0)
(9.936462674079412 -0.05205488016831212 0.0)
(10.000000000000005 -0.05244644468948465 0.0)
(9.974648437031696 -0.05205488016831371 0.0)
(9.860872617366264 -0.05088265359186819 0.0)
(9.65907817339029 -0.04893618031579546 0.0)
(9.369801210316353 -0.04622986986112243 0.0)
(8.993391989642172 -0.04278790882283328 0.0)
(8.530737701924814 -0.03864779392988019 0.0)
(7.982115766013781 -0.03390211103760217 0.0)
(7.351962133792998 -0.028597503847144917 0.0)
(6.637085448652756 -0.022099868212381916 0.0)
(5.80966468617515 -0.014144907962794486 0.0)
(4.867546781104454 -0.006595904841394185 0.0)
(3.8221869693365385 -0.0016981572670450235 0.0)
(2.661759326563266 0.00012008146131343076 0.0)
(1.3857109019365519 0.0001966366343675276 0.0)
(0.027313073637949648 2.1791331841090297e-05 0.0)
(-0.027290883088841162 2.1860522210912344e-05 0.0)
(1.1921515716616196 0.00019762630615809422 0.0)
(2.316216499804554 0.0001241448935036403 0.0)
(3.378141322576725 -0.0016886232461016044 0.0)
(4.377060060583881 -0.006579124707422257 0.0)
(5.300726343639425 -0.014118819779061448 0.0)
(6.161624147136658 -0.022063739003672977 0.0)
(6.958791088329393 -0.02855640589868002 0.0)
(7.662508670990979 -0.03386226427954767 0.0)
(8.269262994563636 -0.038610399091238055 0.0)
(8.784378319672973 -0.042752858837483976 0.0)
(9.207974188143178 -0.04619714781286688 0.0)
(9.540920403851358 -0.048905476857842446 0.0)
(9.783570830236375 -0.050853499131258244 0.0)
(9.936462373896894 -0.05202669233651681 0.0)
(10.000000000000005 -0.052418586374770544 0.0)
(9.974648737214215 -0.05202669233651838 0.0)
(9.860873614208083 -0.05085349913126143 0.0)
(9.659079596148647 -0.048905476857845916 0.0)
(9.369803589634591 -0.04619714781287243 0.0)
(8.993399458104811 -0.042752858837489964 0.0)
(8.530737005436356 -0.038610399091245924 0.0)
(7.981935773453461 -0.033862264279556714 0.0)
(7.352320022781721 -0.028556405898687704 0.0)
(6.638375852863355 -0.022063739003679948 0.0)
(5.8103847674716835 -0.014118819779068545 0.0)
(4.867384383860552 -0.006579124707426429 0.0)
(3.821858677423254 -0.0016886232461031838 0.0)
(2.661561277973222 0.0001241448935031179 0.0)
(1.3856262061161702 0.0001976263061578601 0.0)
(0.027290883088838324 2.186052221088992e-05 0.0)
(-0.027273077744324147 2.1928863045495957e-05 0.0)
(1.1922211538111065 0.0001985758562186288 0.0)
(2.3163963750549574 0.00012787435357955405 0.0)
(3.378494000386366 -0.0016803452704657505 0.0)
(4.37736466476934 -0.006565270969923842 0.0)
(5.3002138854003125 -0.014097496152376893 0.0)
(6.160343125512901 -0.022033133245639054 0.0)
(6.958270226546001 -0.02852014054048399 0.0)
(7.662632517743041 -0.03382643588902894 0.0)
(8.269254824700303 -0.03857659743240672 0.0)
(8.784359388814643 -0.04272103402567087 0.0)
(9.207965451230365 -0.04616732644265942 0.0)
(9.540914963366298 -0.04887741379156913 0.0)
(9.783567613723044 -0.05082679551666249 0.0)
(9.936461043381055 -0.052000839590197544 0.0)
(10.000000000000005 -0.052393024778474094 0.0)
(9.974650067730053 -0.052000839590199105 0.0)
(9.860876830721416 -0.050826795516665677 0.0)
(9.659085036633707 -0.04887741379157257 0.0)
(9.369812326547404 -0.04616732644266494 0.0)
(8.993418388963143 -0.042721034025676806 0.0)
(8.530745175299689 -0.03857659743241453 0.0)
(7.9818119267014 -0.0338264358890379 0.0)
(7.352840884565115 -0.028520140540491613 0.0)
(6.639656874487117 -0.02203313324564597 0.0)
(5.8108972257107965 -0.014097496152383959 0.0)
(4.867079779675092 -0.006565270969927992 0.0)
(3.821505999613613 -0.0016803452704673156 0.0)
(2.661381402722818 0.00012787435357903895 0.0)
(1.385556623966683 0.00019857585621839676 0.0)
(0.02727307774432128 2.1928863045473704e-05 0.0)
(-0.027260439938665514 2.1993351573618167e-05 0.0)
(1.1922725649773473 0.00019944356305686057 0.0)
(2.3165501735762906 0.00013110597588882194 0.0)
(3.3788555680746137 -0.0016736870592411743 0.0)
(4.377798092145704 -0.0065549523367757195 0.0)
(5.29993156669613 -0.014081874003879724 0.0)
(6.159127772222565 -0.02200939569928946 0.0)
(6.957609277681812 -0.028490301206042595 0.0)
(7.66269477708713 -0.03379620009997004 0.0)
(8.269238147454026 -0.03854787413642891 0.0)
(8.784329827347905 -0.04269383271139714 0.0)
(9.207950740606941 -0.046141716046944725 0.0)
(9.540905744199495 -0.04885322415676412 0.0)
(9.78356231886591 -0.0508037160560502 0.0)
(9.936458740992327 -0.05197845785173132 0.0)
(10.000000000000005 -0.052370883030372954 0.0)
(9.974652370118783 -0.051978457851732884 0.0)
(9.86088212557855 -0.050803716056053355 0.0)
(9.65909425580051 -0.04885322415676754 0.0)
(9.369827037170827 -0.04614171604695022 0.0)
(8.99344795042988 -0.04269383271140304 0.0)
(8.530761852545966 -0.038547874136436684 0.0)
(7.9817496673573105 -0.03379620009997897 0.0)
(7.3535018334293065 -0.02849030120605017 0.0)
(6.640872227777455 -0.022009395699296355 0.0)
(5.811179544414979 -0.014081874003886776 0.0)
(4.866646352298726 -0.00655495233677986 0.0)
(3.8211444319253642 -0.0016736870592427304 0.0)
(2.6612276042014846 0.00013110597588831228 0.0)
(1.3855052128004421 0.0001994435630566302 0.0)
(0.02726043993866265 2.199335157359605e-05 0.0)
(-0.0272535249539257 2.205115428733171e-05 0.0)
(1.1923035462477516 0.0002001913012217425 0.0)
(2.316671137742892 0.00013369776885926066 0.0)
(3.3792101390187166 -0.0016689411620482307 0.0)
(4.378341298706989 -0.006548622189841013 0.0)
(5.299891792094252 -0.014072639742194994 0.0)
(6.158031487665804 -0.021993569348984193 0.0)
(6.956837282620746 -0.02846819898112167 0.0)
(7.662692713461567 -0.033772885417627414 0.0)
(8.269213695592498 -0.0385254912523821 0.0)
(8.784290934149528 -0.04267245007064856 0.0)
(9.20793070263079 -0.0461214418996576 0.0)
(9.540893151424275 -0.04883397080172707 0.0)
(9.783555178311309 -0.05078527481869797 0.0)
(9.936455567893459 -0.05196053053376013 0.0)
(10.000000000000005 -0.052353133998371514 0.0)
(9.97465554321765 -0.05196053053376169 0.0)
(9.86088926613315 -0.050785274818701126 0.0)
(9.65910684857573 -0.048833970801730485 0.0)
(9.36984707514698 -0.04612144189966308 0.0)
(8.993486843628258 -0.04267245007065445 0.0)
(8.530786304407494 -0.03852549125238986 0.0)
(7.981751730982873 -0.03377288541763633 0.0)
(7.354273828490375 -0.02846819898112923 0.0)
(6.641968512334217 -0.02199356934899108 0.0)
(5.811219319016856 -0.01407263974220205 0.0)
(4.86610314573744 -0.006548622189845156 0.0)
(3.8207898609812605 -0.0016689411620497833 0.0)
(2.661106640034883 0.0001336977688587544 0.0)
(1.3854742315300381 0.00020019130122151332 0.0)
(0.02725352495392284 2.2051154287309707e-05 0.0)
(-0.027252636621883566 2.2099731441143076e-05 0.0)
(1.192312736361976 0.00020078621646625784 0.0)
(2.3167539526105796 0.00013553585384930037 0.0)
(3.3795421340200598 -0.001666316104927204 0.0)
(4.37897041695066 -0.006546558664195358 0.0)
(5.30009630921792 -0.014070199103887526 0.0)
(6.157102440580446 -0.021986349575602172 0.0)
(6.955988161413461 -0.02845480499704936 0.0)
(7.662626417538285 -0.03375751624649021 0.0)
(8.26918254348578 -0.038510432243243 0.0)
(8.784244418115494 -0.04265782561754121 0.0)
(9.207906217733921 -0.04610739480973934 0.0)
(9.540877738344138 -0.048820499683655295 0.0)
(9.783546505802148 -0.05077228207883778 0.0)
(9.93645166350461 -0.05194784532983852 0.0)
(10.000000000000005 -0.05234055754246498 0.0)
(9.974659447606498 -0.05194784532984008 0.0)
(9.86089793864231 -0.050772282078840936 0.0)
(9.659122261655865 -0.04882049968365871 0.0)
(9.369871560043848 -0.04610739480974482 0.0)
(8.99353335966229 -0.0426578256175471 0.0)
(8.530817456514212 -0.03851043224325076 0.0)
(7.981818026906155 -0.033757516246499114 0.0)
(7.3551229496976624 -0.02845480499705692 0.0)
(6.642897559419578 -0.02198634957560908 0.0)
(5.811014801893187 -0.014070199103894602 0.0)
(4.865474027493767 -0.006546558664199512 0.0)
(3.8204578659799164 -0.0016663161049287592 0.0)
(2.6610238251671956 0.00013553585384879527 0.0)
(1.3854650414158136 0.00020078621646602943 0.0)
(0.027252636621880728 2.2099731441121155e-05 0.0)
(-0.027257813974223877 2.21369486437832e-05 0.0)
(1.192299731523215 0.00020120216930292936 0.0)
(2.316794979445572 0.00013653946876716018 0.0)
(3.3798369658256524 -0.0016659272280855856 0.0)
(4.379657804572029 -0.006548852427380507 0.0)
(5.300536131958872 -0.014074659326139525 0.0)
(6.156381451595776 -0.021988053602777606 0.0)
(6.9550992228923825 -0.028450707760982206 0.0)
(7.662498802238868 -0.03375076787982107 0.0)
(8.26914605990045 -0.03850335877432349 0.0)
(8.78419232307524 -0.042650601923789944 0.0)
(9.207878361737913 -0.04610019198062254 0.0)
(9.540860182181634 -0.04881340269883216 0.0)
(9.783536682392615 -0.05076530871368954 0.0)
(9.936447199377483 -0.05194095960461987 0.0)
(10.000000000000005 -0.052333706249117894 0.0)
(9.974663911733625 -0.05194095960462143 0.0)
(9.860907762051843 -0.0507653087136927 0.0)
(9.659139817818371 -0.04881340269883557 0.0)
(9.369899416039855 -0.04610019198062802 0.0)
(8.993585454702544 -0.042650601923795835 0.0)
(8.530853940099542 -0.03850335877433126 0.0)
(7.981945642205574 -0.03375076787982999 0.0)
(7.356011888218743 -0.028450707760989794 0.0)
(6.643618548404247 -0.02198805360278455 0.0)
(5.810574979152232 -0.014074659326146642 0.0)
(4.864786639872396 -0.0065488524273846875 0.0)
(3.8201630341743233 -0.0016659272280871494 0.0)
(2.660982798332203 0.00013653946876665394 0.0)
(1.385478046254575 0.00020120216930270121 0.0)
(0.02725781397422108 2.2136948643761326e-05 0.0)
(-0.027268829527556503 2.2161170639455016e-05 0.0)
(1.1922651031402913 0.00020142088352507792 0.0)
(2.3167924156037967 0.00013666451660941092 0.0)
(3.3800816800653357 -0.001667791618060366 0.0)
(4.380373259016555 -0.006555402695638429 0.0)
(5.301191935310505 -0.014085824434944987 0.0)
(6.155900199648771 -0.021998606558673826 0.0)
(6.954209525389858 -0.028456087297977314 0.0)
(7.662315474746105 -0.03375293682850566 0.0)
(8.269105847858505 -0.038504581640907344 0.0)
(8.784136937989532 -0.042651096385282805 0.0)
(9.207848358584267 -0.04610014989144137 0.0)
(9.540841254322421 -0.04881299167578721 0.0)
(9.783526139705351 -0.05076466112016045 0.0)
(9.936442371657657 -0.051940175904273224 0.0)
(10.000000000000005 -0.05233288115162584 0.0)
(9.97466873945345 -0.051940175904274785 0.0)
(9.860918304739107 -0.05076466112016362 0.0)
(9.659158745677583 -0.04881299167579064 0.0)
(9.369929419193502 -0.04610014989144688 0.0)
(8.993640839788254 -0.042651096385288724 0.0)
(8.530894152141487 -0.03850458164091514 0.0)
(7.982128969698336 -0.033752936828514615 0.0)
(7.3569015857212685 -0.02845608729798495 0.0)
(6.644099800351253 -0.02199860655868083 0.0)
(5.809919175800597 -0.01408582443495216 0.0)
(4.864071185427868 -0.006555402695642644 0.0)
(3.8199183199346396 -0.001667791618061944 0.0)
(2.660985362173979 0.00013666451660890135 0.0)
(1.3855126746374986 0.00020142088352484945 0.0)
(0.027268829527553762 2.216117063943315e-05 0.0)
(-0.02728519927862039 2.2171333157981595e-05 0.0)
(1.1922103727210003 0.00020143274922990867 0.0)
(2.3167463737357705 0.00013590550300263268 0.0)
(3.3802655244431103 -0.001671827356966859 0.0)
(4.3810853445248314 -0.006565921662165249 0.0)
(5.302034904473306 -0.01410320385584899 0.0)
(6.155679830069555 -0.022017544765714846 0.0)
(6.953358160586496 -0.0284707072410207 0.0)
(7.662084490134642 -0.03376392779290676 0.0)
(8.2690636742035 -0.03851404711247403 0.0)
(8.784080696377709 -0.04265928727628639 0.0)
(9.207817526556665 -0.04610727039151745 0.0)
(9.540821786422006 -0.048819284674121104 0.0)
(9.78351534096675 -0.05077036775232544 0.0)
(9.93643739246631 -0.051945528663158054 0.0)
(10.000000000000005 -0.05233811850326318 0.0)
(9.974673718644798 -0.05194552866315963 0.0)
(9.860929103477709 -0.05077036775232863 0.0)
(9.659178213577997 -0.04881928467412456 0.0)
(9.369960251221103 -0.046107270391523 0.0)
(8.993697081400077 -0.04265928727629236 0.0)
(8.530936325796493 -0.03851404711248189 0.0)
(7.9823599543098 -0.033763927792915774 0.0)
(7.357752950524634 -0.028470707241028414 0.0)
(6.6443201699304675 -0.022017544765721934 0.0)
(5.809076206637793 -0.014103203855856233 0.0)
(4.86335909991959 -0.006565921662169506 0.0)
(3.8197344755568645 -0.0016718273569684555 0.0)
(2.661031404042005 0.00013590550300211768 0.0)
(1.3855674050567899 0.0002014327492296794 0.0)
(0.02728519927861772 2.21713331579597e-05 0.0)
(-0.027306203970501413 2.216698967689068e-05 0.0)
(1.192137945019839 0.000201237245060059 0.0)
(2.3166588768369434 0.00013429577761613111 0.0)
(3.3803804211733506 -0.001677857121820688 0.0)
(4.381762773362348 -0.00657994714281568 0.0)
(5.303028000924431 -0.014126033968891762 0.0)
(6.155730025494286 -0.022044036113729758 0.0)
(6.9525825358942255 -0.02849392521656148 0.0)
(7.661815997445732 -0.033783257850155964 0.0)
(8.26902139196868 -0.03853133929351953 0.0)
(8.784026069393304 -0.04267481470403482 0.0)
(9.207787220357996 -0.04612124061910404 0.0)
(9.540802633864319 -0.04883200519099976 0.0)
(9.783504760653626 -0.05078217787120717 0.0)
(9.93643248058 -0.05195678269084158 0.0)
(10.000000000000005 -0.052349188184380384 0.0)
(9.974678630531109 -0.051956782690843153 0.0)
(9.860939683790832 -0.050782177871210366 0.0)
(9.659197366135684 -0.048832005191003246 0.0)
(9.369990557419772 -0.04612124061910962 0.0)
(8.993751708384481 -0.04267481470404084 0.0)
(8.530978608031312 -0.03853133929352744 0.0)
(7.982628446998712 -0.03378325785016506 0.0)
(7.358528575216906 -0.028493925216569276 0.0)
(6.644269974505736 -0.022044036113736936 0.0)
(5.808083110186666 -0.014126033968899084 0.0)
(4.862681671082072 -0.006579947142819988 0.0)
(3.8196195788266243 -0.0016778571218223077 0.0)
(2.6611189009408327 0.00013429577761560888 0.0)
(1.3856398327579516 0.0002012372450598284 0.0)
(0.02730620397049881 2.2166989676868717e-05 0.0)
(-0.027330920695465315 2.214833104079523e-05 0.0)
(1.1920510023774935 0.00020084296111108738 0.0)
(2.3165337693609787 0.00013190606883847975 0.0)
(3.3804213219039276 -0.00168561597578532 0.0)
(4.3823757805453045 -0.006596862883628837 0.0)
(5.304127589822634 -0.01415331166067272 0.0)
(6.156048580427829 -0.022076916621351327 0.0)
(6.9519167308430605 -0.028524721069230465 0.0)
(7.661521793756931 -0.033810077672901125 0.0)
(8.268980858958093 -0.03855569839724383 0.0)
(8.783975457246074 -0.04269699642175945 0.0)
(9.207758771587184 -0.046141446747958795 0.0)
(9.540784638177707 -0.04885059431018308 0.0)
(9.783494863645586 -0.050799572561787985 0.0)
(9.936427851818024 -0.051973443505936044 0.0)
(10.000000000000005 -0.05236560381344061 0.0)
(9.974683259293084 -0.05197344350593762 0.0)
(9.860949580798872 -0.0507995725617912 0.0)
(9.659215361822298 -0.0488505943101866 0.0)
(9.370019006190585 -0.046141446747964415 0.0)
(8.993802320531712 -0.04269699642176553 0.0)
(8.531019141041899 -0.03855569839725181 0.0)
(7.982922650687514 -0.03381007767291029 0.0)
(7.359194380268072 -0.028524721069238358 0.0)
(6.643951419572192 -0.02207691662135861 0.0)
(5.806983521288459 -0.014153311660680125 0.0)
(4.862068663899113 -0.006596862883633198 0.0)
(3.819578678096048 -0.0016856159757869655 0.0)
(2.661244008416798 0.00013190606883794874 0.0)
(1.385726775400297 0.00020084296111085506 0.0)
(0.02733092069546279 2.2148331040773172e-05 0.0)
(-0.027358263445835144 2.211617707603027e-05 0.0)
(1.191953364894612 0.00020026722149838952 0.0)
(2.3163765483014926 0.00012884137610151995 0.0)
(3.380386429531565 -0.0016947630090119704 0.0)
(4.382897431659549 -0.006615925637899863 0.0)
(5.305285357243371 -0.014183838399318128 0.0)
(6.1566214981491845 -0.02211474157922786 0.0)
(6.951389999688893 -0.0285617416856008 0.0)
(7.661214805840094 -0.033843208847196264 0.0)
(8.268943856118069 -0.038586054129193005 0.0)
(8.783931083741178 -0.04272485780536378 0.0)
(9.207733430231174 -0.04616700095774588 0.0)
(9.540768590059713 -0.048874235259781955 0.0)
(9.783486084799055 -0.050821787533186426 0.0)
(9.936423709559719 -0.05199477906270627 0.0)
(10.000000000000005 -0.05238664411773448 0.0)
(9.974687401551389 -0.05199477906270787 0.0)
(9.860958359645403 -0.05082178753318968 0.0)
(9.659231409940292 -0.04887423525978551 0.0)
(9.370044347546596 -0.04616700095775156 0.0)
(8.993846694036607 -0.04272485780536992 0.0)
(8.531056143881923 -0.03858605412920107 0.0)
(7.98322963860435 -0.03384320884720553 0.0)
(7.35972111142224 -0.02856174168560881 0.0)
(6.643378501850833 -0.022114741579235247 0.0)
(5.805825753867719 -0.01418383839932562 0.0)
(4.861547012784869 -0.00661592563790428 0.0)
(3.8196135704684107 -0.001694763009013644 0.0)
(2.6614012294762843 0.000128841376100979 0.0)
(1.3858244128831791 0.00020026722149815514 0.0)
(0.027358263445832694 2.2116177076008085e-05 0.0)
(-0.027387030831181807 2.2071940568983554e-05 0.0)
(1.1918493225835687 0.00019953532316726149 0.0)
(2.3161941216642115 0.0001252363563974168 0.0)
(3.380277277163271 -0.0017048963175946847 0.0)
(4.383304806309454 -0.0066362978230804105 0.0)
(5.306450433004249 -0.014216272895779002 0.0)
(6.1574236057017995 -0.022155849027909062 0.0)
(6.95102548603501 -0.02860336044751649 0.0)
(7.6609085221826705 -0.033881195649854624 0.0)
(8.268912009285705 -0.038621072714039466 0.0)
(8.78389489856924 -0.04275717467662317 0.0)
(9.207712309742787 -0.046196780443237384 0.0)
(9.540755194635286 -0.04890188929972091 0.0)
(9.783478809840489 -0.05084784670020042 0.0)
(9.936420235808333 -0.05201985191582011 0.0)
(10.000000000000005 -0.05241138462478346 0.0)
(9.974690875302775 -0.052019851915821716 0.0)
(9.86096563460397 -0.0508478467002037 0.0)
(9.659244805364716 -0.048901889299724506 0.0)
(9.370065468034982 -0.046196780443243116 0.0)
(8.993882879208545 -0.04275717467662938 0.0)
(8.531087990714287 -0.03862107271404761 0.0)
(7.983535922261774 -0.033881195649864 0.0)
(7.360085625076122 -0.028603360447524605 0.0)
(6.642576394298215 -0.02215584902791656 0.0)
(5.8046606781068375 -0.01421627289578658 0.0)
(4.861139638134964 -0.006636297823084883 0.0)
(3.819722722836705 -0.001704896317596387 0.0)
(2.661583656113566 0.00012523635639686523 0.0)
(1.3859284551942226 0.00019953532316702478 0.0)
(0.027387030831179434 2.207194056896122e-05 0.0)
(-0.02741595886522161 2.2017565190846327e-05 0.0)
(1.1917434468731716 0.00019867942439140288 0.0)
(2.315994504941837 0.00012124940769677143 0.0)
(3.38009866075442 -0.0017155706624927029 0.0)
(4.383580005198173 -0.006657084322623507 0.0)
(5.307571625807783 -0.01424919003761808 0.0)
(6.158419659947228 -0.02219843278130383 0.0)
(6.950839205944504 -0.028647748702718315 0.0)
(7.660616400328236 -0.033922369010262306 0.0)
(8.268886717752553 -0.03865921549922973 0.0)
(8.783868491640519 -0.042792527091336546 0.0)
(9.207696338117646 -0.04622947674832083 0.0)
(9.54074504047487 -0.04893234136207667 0.0)
(9.78347335841826 -0.05087660507070526 0.0)
(9.936417583194148 -0.0520475604099812 0.0)
(10.000000000000005 -0.05243873828196933 0.0)
(9.97469352791696 -0.05204756040998283 0.0)
(9.860971086026199 -0.050876605070708555 0.0)
(9.659254959525134 -0.04893234136208031 0.0)
(9.370081439660122 -0.046229476748326614 0.0)
(8.993909286137267 -0.042792527091342826 0.0)
(8.53111328224744 -0.038659215499237974 0.0)
(7.983828044116209 -0.03392236901027178 0.0)
(7.360271905166628 -0.028647748702726548 0.0)
(6.6415803400527835 -0.02219843278131144 0.0)
(5.803539485303301 -0.014249190037625746 0.0)
(4.860864439246244 -0.0066570843226280325 0.0)
(3.819901339245557 -0.0017155706624944328 0.0)
(2.661783272835941 0.00012124940769620903 0.0)
(1.3860343309046201 0.00019867942439116368 0.0)
(0.027415958865219314 2.2017565190823816e-05 0.0)
(-0.02744377650306119 2.1955440096256976e-05 0.0)
(1.1916403897484409 0.0001977371317972024 0.0)
(2.3157864689279624 0.00011705570923157371 0.0)
(3.379858428383247 -0.0017263170325193674 0.0)
(4.383710936589998 -0.006677371815767054 0.0)
(5.308599672493348 -0.014281143505843169 0.0)
(6.159565896084153 -0.02224062178719278 0.0)
(6.9508393442237635 -0.02869295611247874 0.0)
(7.660351275576654 -0.03396491984628753 0.0)
(8.268869092782309 -0.038698806560562814 0.0)
(8.783853023227149 -0.04282936172907682 0.0)
(9.20768621711974 -0.04626365325716704 0.0)
(9.540738573733696 -0.048964253438939793 0.0)
(9.783469970057885 -0.050906799054512904 0.0)
(9.93641586826818 -0.052076687084647376 0.0)
(10.000000000000005 -0.0524675032196374 0.0)
(9.974695242842929 -0.05207668708464902 0.0)
(9.860974474386575 -0.05090679905451623 0.0)
(9.659261426266308 -0.04896425343894347 0.0)
(9.37009156065803 -0.04626365325717288 0.0)
(8.993924754550637 -0.04282936172908317 0.0)
(8.531130907217683 -0.038698806560571127 0.0)
(7.984093168867793 -0.033964919846297084 0.0)
(7.360271766887368 -0.028692956112487077 0.0)
(6.6404341039158545 -0.02224062178720049 0.0)
(5.802511438617735 -0.014281143505850908 0.0)
(4.86073350785442 -0.006677371815771629 0.0)
(3.8201415716167313 -0.0017263170325211238 0.0)
(2.6619913088498164 0.00011705570923100073 0.0)
(1.386137388029351 0.0001977371317969607 0.0)
(0.027443776503058955 2.195544009623429e-05 0.0)
)
