(
(-0.023162524716064947 -4.65142216837463e-05 0.0)
(1.2198714069996153 -0.000765568282607581 0.0)
(2.396346722533561 -0.0037982577521517066 0.0)
(3.5217532905917217 -0.01093016105218095 0.0)
(4.5676465809697 -0.022821986900495708 0.0)
(5.504985835763629 -0.038782768817513386 0.0)
(6.339801945635774 -0.05675260105045706 0.0)
(7.093669052777186 -0.07390745398226241 0.0)
(7.768818179583567 -0.08898143748890806 0.0)
(8.35722319512113 -0.10224805850431462 0.0)
(8.854825991454518 -0.11373475674991702 0.0)
(9.262476015684491 -0.1232790197746524 0.0)
(9.58071449301997 -0.13078105606598053 0.0)
(9.809594334031416 -0.1361757256406802 0.0)
(9.949318207011048 -0.13942511813930927 0.0)
(10.000000000000005 -0.14051013811673968 0.0)
(9.961792904100081 -0.13942511813930977 0.0)
(9.834850110413036 -0.1361757256406815 0.0)
(9.619285506980047 -0.13078105606598078 0.0)
(9.315301762093291 -0.12327901977465469 0.0)
(8.92295178632327 -0.11373475674991945 0.0)
(8.442776804878886 -0.10224805850431834 0.0)
(7.875626264860873 -0.08898143748891303 0.0)
(7.217442058333901 -0.07390745398226634 0.0)
(6.460198054364231 -0.0567526010504598 0.0)
(5.606125275347462 -0.03878276881751627 0.0)
(4.676797863474687 -0.022821986900497634 0.0)
(3.6782467094082363 -0.010930161052181886 0.0)
(2.5814310552442006 -0.003798257752152359 0.0)
(1.357906370778163 -0.0007655682826077944 0.0)
(0.02316252471605264 -4.651422168376613e-05 0.0)
(-0.02312876246860083 -4.644585534237477e-05 0.0)
(1.219995596692451 -0.0007645099022256736 0.0)
(2.3965877150185984 -0.0037934251648975275 0.0)
(3.5219958927531643 -0.010917462718379763 0.0)
(4.5673920514427335 -0.022797577726935664 0.0)
(5.503702260600042 -0.038744201348192384 0.0)
(6.3385455044152375 -0.05670228293889224 0.0)
(7.093797088143123 -0.07385439009075077 0.0)
(7.769151249254722 -0.08893190890984952 0.0)
(8.357249374989776 -0.10220208964285998 0.0)
(8.8548518632235 -0.11369208103698296 0.0)
(9.262492045163274 -0.12323949587447926 0.0)
(9.580724700010022 -0.13074420446074672 0.0)
(9.809599772230772 -0.13614089534010865 0.0)
(9.949320886185003 -0.13939154194411477 0.0)
(10.000000000000005 -0.14047698628638844 0.0)
(9.961790224926126 -0.13939154194411527 0.0)
(9.83484467221368 -0.13614089534010995 0.0)
(9.619275299989996 -0.13074420446074697 0.0)
(9.315285732614507 -0.12323949587448146 0.0)
(8.922925914554288 -0.1136920810369853 0.0)
(8.44275062501024 -0.10220208964286359 0.0)
(7.875293195189718 -0.08893190890985438 0.0)
(7.217314022967965 -0.07385439009075456 0.0)
(6.46145449558477 -0.056702282938894844 0.0)
(5.607408850511051 -0.03874420134819517 0.0)
(4.677052393001653 -0.022797577726937527 0.0)
(3.6780041072467924 -0.010917462718380665 0.0)
(2.5811900627591626 -0.0037934251648981676 0.0)
(1.357782181085327 -0.000764509902225884 0.0)
(0.023128762468588446 -4.644585534239439e-05 0.0)
(-0.023096926784273948 -4.636965678841788e-05 0.0)
(1.2201141853316608 -0.0007633696786310051 0.0)
(2.396834137757207 -0.0037884391858136347 0.0)
(3.5223063243638975 -0.010904914348732883 0.0)
(4.567311527125428 -0.022774204905224735 0.0)
(5.502551699683384 -0.038707476989703754 0.0)
(6.337136018947054 -0.05665335726427186 0.0)
(7.093703988027328 -0.07380134476611942 0.0)
(7.769446485981566 -0.08888167839676507 0.0)
(8.357266074327152 -0.1021552700252259 0.0)
(8.85486442035285 -0.11364845391778557 0.0)
(9.26250091263949 -0.12319896473593579 0.0)
(9.580730391147798 -0.13070631996326046 0.0)
(9.809602688902613 -0.13610502345760994 0.0)
(9.949322415461532 -0.13935692146675768 0.0)
(10.000000000000005 -0.14044279043501195 0.0)
(9.961788695649597 -0.13935692146675818 0.0)
(9.83484175554184 -0.1361050234576112 0.0)
(9.61926960885222 -0.1307063199632607 0.0)
(9.31527686513829 -0.12319896473593792 0.0)
(8.922913357424937 -0.11364845391778786 0.0)
(8.442733925672865 -0.10215527002522942 0.0)
(7.874997958462872 -0.08888167839676982 0.0)
(7.2174071230837615 -0.0738013447661231 0.0)
(6.4628639810529585 -0.05665335726427437 0.0)
(5.608559411427712 -0.03870747698970646 0.0)
(4.677132917318958 -0.022774204905226542 0.0)
(3.6776936756360588 -0.010904914348733754 0.0)
(2.580943640020553 -0.0037884391858142618 0.0)
(1.3576635924461167 -0.0007633696786312126 0.0)
(0.02309692678426149 -4.6369656788437285e-05 0.0)
(-0.023068416464811878 -4.628897404693516e-05 0.0)
(1.2202219623493902 -0.0007621977111623451 0.0)
(2.3970751633850713 -0.0037835188896993815 0.0)
(3.5226709456268632 -0.010893067295645995 0.0)
(4.567408546108971 -0.02275289539438953 0.0)
(5.501584706555441 -0.03867420934317416 0.0)
(6.335635419444112 -0.05660797373123178 0.0)
(7.093393843078568 -0.07375064872288899 0.0)
(7.769690917602445 -0.08883295298650552 0.0)
(8.357272559394922 -0.10210965681975714 0.0)
(8.854863111105278 -0.11360579228812885 0.0)
(9.262502228492457 -0.12315920722309996 0.0)
(9.580731316375115 -0.13066906714903362 0.0)
(9.809602955893716 -0.13606968613807535 0.0)
(9.949322727647022 -0.1393227778676767 0.0)
(10.000000000000005 -0.14040905306576013 0.0)
(9.961788383464107 -0.13932277786767713 0.0)
(9.834841488550737 -0.13606968613807655 0.0)
(9.6192686836249 -0.1306690671490338 0.0)
(9.315275549285326 -0.12315920722310203 0.0)
(8.922914666672511 -0.11360579228813106 0.0)
(8.442727440605093 -0.10210965681976059 0.0)
(7.874753526841993 -0.08883295298651019 0.0)
(7.217717268032524 -0.07375064872289258 0.0)
(6.464364580555904 -0.05660797373123419 0.0)
(5.609526404555656 -0.038674209343176794 0.0)
(4.677035898335414 -0.022752895394391303 0.0)
(3.6773290543730917 -0.010893067295646841 0.0)
(2.5807026143926888 -0.0037835188896999973 0.0)
(1.357555815428387 -0.0007621977111625496 0.0)
(0.023068416464799364 -4.628897404695435e-05 0.0)
(-0.02304448420149363 -4.620735216998247e-05 0.0)
(1.2203141922206524 -0.0007610454939262124 0.0)
(2.3973002016770457 -0.003778880465364603 0.0)
(3.5230737357508235 -0.010882442096958172 0.0)
(4.567678845556717 -0.02273458549535151 0.0)
(5.500843769125192 -0.03864586012813068 0.0)
(6.334109639503304 -0.05656812640918694 0.0)
(7.0928802804984965 -0.07370452945245325 0.0)
(7.769873804239111 -0.0887878735844571 0.0)
(8.357268545251074 -0.10206725418725501 0.0)
(8.854847993006725 -0.11356597062197267 0.0)
(9.262495934906 -0.12312197020835146 0.0)
(9.58072743503918 -0.13063408283857117 0.0)
(9.80960056147298 -0.13603643603867738 0.0)
(9.949321809024614 -0.13929061135415152 0.0)
(10.000000000000005 -0.14037725653691707 0.0)
(9.961789302086515 -0.1392906113541519 0.0)
(9.834843882971473 -0.13603643603867857 0.0)
(9.619272564960836 -0.1306340828385713 0.0)
(9.315281842871784 -0.1231219702083535 0.0)
(8.922929784771064 -0.11356597062197482 0.0)
(8.442731454748941 -0.10206725418725837 0.0)
(7.874570640205326 -0.08878787358446168 0.0)
(7.218230830612597 -0.07370452945245673 0.0)
(6.465890360496715 -0.056568126409189276 0.0)
(5.610267341985907 -0.03864586012813327 0.0)
(4.676765598887666 -0.02273458549535325 0.0)
(3.67692626424913 -0.010882442096958997 0.0)
(2.5804775761007135 -0.003778880465365209 0.0)
(1.3574635855571249 -0.0007610454939264143 0.0)
(0.023044484201481082 -4.620735217000146e-05 0.0)
(-0.02302618153418657 -4.61283774735101e-05 0.0)
(1.2203868225336336 -0.0007599636532400409 0.0)
(2.397499364862277 -0.00377472771668881 0.0)
(3.5234969968746146 -0.010873505604461499 0.0)
(4.568110549005431 -0.02272007971157739 0.0)
(5.500361442827813 -0.03862367495721891 0.0)
(6.332625719103894 -0.056535566116569354 0.0)
(7.092185865287346 -0.07366501335118229 0.0)
(7.769987110187332 -0.08874842089707531 0.0)
(8.357254208269746 -0.10202992522181822 0.0)
(8.854819730318786 -0.11353073861047623 0.0)
(9.262482308408794 -0.12308888981799516 0.0)
(9.58071891767879 -0.1306029041784729 0.0)
(9.80959561084687 -0.13600673410795422 0.0)
(9.949319699956895 -0.1392618352639394 0.0)
(10.000000000000005 -0.1403487979297901 0.0)
(9.961791411154236 -0.13926183526393984 0.0)
(9.834848833597583 -0.1360067341079554 0.0)
(9.619281082321224 -0.13060290417847298 0.0)
(9.315295469368989 -0.12308888981799718 0.0)
(8.922958047459003 -0.11353073861047833 0.0)
(8.442745791730271 -0.10202992522182153 0.0)
(7.874457334257107 -0.08874842089707984 0.0)
(7.218925245823749 -0.07366501335118572 0.0)
(6.46737428089613 -0.05653556611657165 0.0)
(5.610749668283284 -0.038623674957221465 0.0)
(4.67633389543895 -0.02272007971157911 0.0)
(3.676503003125338 -0.010873505604462314 0.0)
(2.5802784129154817 -0.0037747277166894086 0.0)
(1.3573909552441434 -0.0007599636532402407 0.0)
(0.023026181534174 -4.612837747352891e-05 0.0)
(-0.023014312648608384 -4.6055519961200925e-05 0.0)
(1.2204366620452551 -0.0007589997232044094 0.0)
(2.397663902074765 -0.003771243107851579 0.0)
(3.523922131678791 -0.010866650471287436 0.0)
(4.568684688195356 -0.022710015400668616 0.0)
(5.500158920198423 -0.038608628606262074 0.0)
(6.331248858993474 -0.0565117234930693 0.0)
(7.091341108779099 -0.07363383668427333 0.0)
(7.770025856991029 -0.08871632840326711 0.0)
(8.357230178391665 -0.10199931008989666 0.0)
(8.85477956485226 -0.11350164428376956 0.0)
(9.2624619477242 -0.12306141954386444 0.0)
(9.580706138531182 -0.13057690110202366 0.0)
(9.809588321536843 -0.1359818853944038 0.0)
(9.949316493112441 -0.1392377139657999 0.0)
(10.000000000000005 -0.1403249276635128 0.0)
(9.961794617998688 -0.13923771396580034 0.0)
(9.834856122907611 -0.13598188539440495 0.0)
(9.619293861468833 -0.13057690110202375 0.0)
(9.315315830053583 -0.12306141954386643 0.0)
(8.92299821292553 -0.11350164428377163 0.0)
(8.44276982160835 -0.10199931008989993 0.0)
(7.87441858745341 -0.08871632840327161 0.0)
(7.219770002331999 -0.0736338366842767 0.0)
(6.468751141006552 -0.05651172349307157 0.0)
(5.610952190912673 -0.03860862860626463 0.0)
(4.675759756249024 -0.022710015400670334 0.0)
(3.67607786832116 -0.010866650471288241 0.0)
(2.5801138757029936 -0.003771243107852172 0.0)
(1.357341115732522 -0.0007589997232046074 0.0)
(0.023014312648595815 -4.605551996121959e-05 0.0)
(-0.02300939904187787 -4.599198085885676e-05 0.0)
(1.2204615208985552 -0.0007581960571416236 0.0)
(2.3977865838504058 -0.003768579746190306 0.0)
(3.5243304605178207 -0.010862177899446534 0.0)
(4.569376036500843 -0.02270483477003439 0.0)
(5.500245099710852 -0.03860138218439471 0.0)
(6.330039555886403 -0.056497646139944506 0.0)
(7.090383128029289 -0.07361236929743421 0.0)
(7.769988342186532 -0.08869300618849886 0.0)
(8.357197511445717 -0.10197675396437814 0.0)
(8.85472926140427 -0.11347996599334158 0.0)
(9.262435747463448 -0.12304076637954918 0.0)
(9.580689659088723 -0.1305572161368315 0.0)
(9.809579013821843 -0.13596298170504 0.0)
(9.949312329394134 -0.13921930730544466 0.0)
(10.000000000000005 -0.14030669455391592 0.0)
(9.961798781716995 -0.1392193073054451 0.0)
(9.83486543062261 -0.13596298170504115 0.0)
(9.619310340911294 -0.13055721613683158 0.0)
(9.315342030314333 -0.12304076637955114 0.0)
(8.92304851637352 -0.11347996599334365 0.0)
(8.4428024885543 -0.10197675396438141 0.0)
(7.8744561022579065 -0.08869300618850333 0.0)
(7.2207279830818125 -0.07361236929743759 0.0)
(6.469960444113625 -0.056497646139946775 0.0)
(5.610866011400244 -0.03860138218439728 0.0)
(4.675068407943534 -0.022704834770036115 0.0)
(3.6756695394821297 -0.010862177899447338 0.0)
(2.579991193927353 -0.0037685797461908966 0.0)
(1.3573162568792219 -0.0007581960571418205 0.0)
(0.02300939904186532 -4.5991980858875316e-05 0.0)
(-0.023011656608885572 -4.594055195839311e-05 0.0)
(1.2204603068409976 -0.0007575879666682166 0.0)
(2.397862019776417 -0.0037668546549439047 0.0)
(3.5247040421695326 -0.010860284405563145 0.0)
(4.570154217342138 -0.022704765447107082 0.0)
(5.500616194794983 -0.0386022540861367 0.0)
(6.329050944348848 -0.05649395259033748 0.0)
(7.089354014959485 -0.0736015544283692 0.0)
(7.769876214105722 -0.08867947898822069 0.0)
(8.357157642757741 -0.10196324792015271 0.0)
(8.85467103021629 -0.11346665624361439 0.0)
(9.262404858818066 -0.12302783778730546 0.0)
(9.580670203427962 -0.1305447142042542 0.0)
(9.809568096665842 -0.13595085363339016 0.0)
(9.949307391748137 -0.13920742403785566 0.0)
(10.000000000000005 -0.14029489973047876 0.0)
(9.961803719362992 -0.13920742403785605 0.0)
(9.83487634777861 -0.1359508536333913 0.0)
(9.619329796572055 -0.1305447142042543 0.0)
(9.315372918959717 -0.12302783778730744 0.0)
(8.9231067475615 -0.11346665624361646 0.0)
(8.442842357242274 -0.10196324792015599 0.0)
(7.874568230338717 -0.08867947898822516 0.0)
(7.221757096151618 -0.07360155442837257 0.0)
(6.470949055651182 -0.05649395259033979 0.0)
(5.610494916316111 -0.03860225408613931 0.0)
(4.674290227102238 -0.022704765447108827 0.0)
(3.6752959578304174 -0.010860284405563957 0.0)
(2.579915758001342 -0.0037668546549444954 0.0)
(1.3573174709367797 -0.0007575879666684126 0.0)
(0.023011656608873058 -4.5940551958411584e-05 0.0)
(-0.023020986156267277 -4.5903492951609834e-05 0.0)
(1.2204330732160504 -0.0007572021701671197 0.0)
(2.397886895336216 -0.0037661436314657777 0.0)
(3.525026462139598 -0.01086105318629446 0.0)
(4.570985038876712 -0.022709810477809296 0.0)
(5.501255900211719 -0.03861120600172062 0.0)
(6.3283264621631545 -0.056500805132060815 0.0)
(7.088298986915266 -0.07360186726263974 0.0)
(7.769694399451335 -0.08867634116286548 0.0)
(8.357112324084952 -0.10195938538809499 0.0)
(8.854607429860192 -0.1134622998406415 0.0)
(9.26237063897862 -0.12302320182582431 0.0)
(9.580648626395043 -0.1305399446163377 0.0)
(9.809556049748702 -0.13594603406473493 0.0)
(9.949301897125581 -0.13920258629207086 0.0)
(10.000000000000005 -0.14029006143616496 0.0)
(9.961809213985548 -0.1392025862920713 0.0)
(9.834888394695753 -0.13594603406473607 0.0)
(9.619351373604973 -0.13053994461633778 0.0)
(9.315407138799163 -0.1230232018258263 0.0)
(8.9231703479176 -0.11346229984064357 0.0)
(8.442887675915065 -0.10195938538809829 0.0)
(7.874750044993105 -0.08867634116287 0.0)
(7.22281212419584 -0.07360186726264317 0.0)
(6.4716735378368755 -0.05650080513206318 0.0)
(5.609855210899371 -0.03861120600172328 0.0)
(4.673459405567661 -0.02270981047781107 0.0)
(3.6749735378603514 -0.010861053186295282 0.0)
(2.5798908824415427 -0.00376614363146637 0.0)
(1.357344704561727 -0.0007572021701673159 0.0)
(0.023020986156254825 -4.5903492951628265e-05 0.0)
(-0.02303697776077896 -4.5882432143467426e-05 0.0)
(1.2203810166193714 -0.0007570556188307966 0.0)
(2.3978601175432135 -0.0037664779168267715 0.0)
(3.525283553884384 -0.010864450462821583 0.0)
(4.571831996326284 -0.022719748192721594 0.0)
(5.502136108475359 -0.03862784460035276 0.0)
(6.327897941751161 -0.05651790267696755 0.0)
(7.0872643998987765 -0.07361329405488033 0.0)
(7.769450886826665 -0.08868373058273889 0.0)
(8.357063546646922 -0.10196533608079733 0.0)
(8.854541254819265 -0.11346708819679972 0.0)
(9.262334591502253 -0.12302706219077193 0.0)
(9.580625876045318 -0.1305431169400492 0.0)
(9.80954340238992 -0.13594873476210384 0.0)
(9.949296086950131 -0.1392050066297897 0.0)
(10.000000000000005 -0.14029239225677537 0.0)
(9.961815024160998 -0.1392050066297901 0.0)
(9.834901042054533 -0.13594873476210498 0.0)
(9.619374123954698 -0.13054311694004933 0.0)
(9.315443186275528 -0.12302706219077394 0.0)
(8.923236522958526 -0.11346708819680185 0.0)
(8.442936453353095 -0.10196533608080069 0.0)
(7.874993557617775 -0.08868373058274347 0.0)
(7.223846711212333 -0.07361329405488384 0.0)
(6.472102058248869 -0.05651790267697 0.0)
(5.608975002635729 -0.038627844600355496 0.0)
(4.672612448118087 -0.022719748192723415 0.0)
(3.674716446115565 -0.010864450462822426 0.0)
(2.5799176602345453 -0.00376647791682737 0.0)
(1.3573967611584064 -0.0007570556188309935 0.0)
(0.02303697776076657 -4.588243214348587e-05 0.0)
(-0.023058928780574188 -4.587829490734604e-05 0.0)
(1.2203064243225836 -0.0007571547518568572 0.0)
(2.3977828629646463 -0.0037678428231396827 0.0)
(3.52546402126296 -0.010870326965029055 0.0)
(4.572657875929983 -0.022734141946831272 0.0)
(5.503218144845091 -0.03865143881244869 0.0)
(6.327784211515812 -0.056544493990213544 0.0)
(7.086295711770797 -0.07363533273274463 0.0)
(7.7691563757309465 -0.08870132257025022 0.0)
(8.357013453635041 -0.10198083853570886 0.0)
(8.854475412703747 -0.1134808109204795 0.0)
(9.26229830024913 -0.1230392492647749 0.0)
(9.580602951987533 -0.13055409178928853 0.0)
(9.809530710291307 -0.13595883706179523 0.0)
(9.949290216510267 -0.13921457870580065 0.0)
(10.000000000000005 -0.14030178978031643 0.0)
(9.961820894600862 -0.1392145787058011 0.0)
(9.834913734153146 -0.13595883706179643 0.0)
(9.619397048012482 -0.13055409178928867 0.0)
(9.315479477528651 -0.12303924926477697 0.0)
(8.923302365074044 -0.11348081092048168 0.0)
(8.442986546364976 -0.10198083853571227 0.0)
(7.875288068713495 -0.08870132257025488 0.0)
(7.224815399340314 -0.07363533273274822 0.0)
(6.472215788484216 -0.056544493990216105 0.0)
(5.607892966265993 -0.038651438812451505 0.0)
(4.671786568514386 -0.02273414194683315 0.0)
(3.6745359787369885 -0.010870326965029925 0.0)
(2.5799949148131134 -0.003767842823140288 0.0)
(1.3574713534551943 -0.0007571547518570551 0.0)
(0.023058928780561882 -4.587829490736454e-05 0.0)
(-0.02308587472800141 -4.589126302583197e-05 0.0)
(1.2202125737747453 -0.0007574952135214948 0.0)
(2.3976585260253627 -0.0037701783789181476 0.0)
(3.525559934868868 -0.01087842449016064 0.0)
(4.573426390048928 -0.022752359304915377 0.0)
(5.50445446662236 -0.03868095195149329 0.0)
(6.327990268555588 -0.05657941069814223 0.0)
(7.085435484915505 -0.0736670149570459 0.0)
(7.768823806442933 -0.08872834416565188 0.0)
(8.356964246044612 -0.10200521160332171 0.0)
(8.854412796495737 -0.11350286506030736 0.0)
(9.26226335979052 -0.12305922757009712 0.0)
(9.580580861462849 -0.13057238694925796 0.0)
(9.809518531120453 -0.13597589708724245 0.0)
(9.949284543742374 -0.1392308819405955 0.0)
(10.000000000000005 -0.14031784109679613 0.0)
(9.961826567368755 -0.13923088194059594 0.0)
(9.834925913324 -0.13597589708724364 0.0)
(9.619419138537166 -0.13057238694925816 0.0)
(9.315514417987261 -0.12305922757009924 0.0)
(8.923364981282052 -0.11350286506030963 0.0)
(8.443035753955405 -0.10200521160332518 0.0)
(7.87562063800151 -0.0887283441656566 0.0)
(7.225675626195607 -0.07366701495704961 0.0)
(6.472009731444438 -0.0565794106981449 0.0)
(5.60665664448872 -0.03868095195149622 0.0)
(4.671018054395439 -0.022752359304917317 0.0)
(3.674440065131081 -0.01087842449016154 0.0)
(2.5801192517523974 -0.0037701783789187626 0.0)
(1.357565204003033 -0.0007574952135216947 0.0)
(0.023085874727989193 -4.589126302585055e-05 0.0)
(-0.023116631647426895 -4.592076670352344e-05 0.0)
(1.2201035885972338 -0.0007580620445620227 0.0)
(2.3974925698630067 -0.0037733819641140396 0.0)
(3.5255670804337327 -0.010888387247776061 0.0)
(4.574103771578688 -0.022773599829587404 0.0)
(5.50579075209006 -0.03871508726414974 0.0)
(6.328507059101131 -0.056621118624485496 0.0)
(7.084721516127183 -0.07370694866880935 0.0)
(7.76846779144872 -0.08876360808947652 0.0)
(8.356918085967132 -0.1020373843756342 0.0)
(8.854356157436865 -0.11353228159772623 0.0)
(9.262231305346253 -0.12308611929655201 0.0)
(9.580560575088507 -0.13059719856409854 0.0)
(9.809507400007849 -0.13599916525213762 0.0)
(9.9492793178975 -0.13925319999986316 0.0)
(10.000000000000005 -0.14033984094073326 0.0)
(9.96183179321363 -0.1392531999998636 0.0)
(9.834937044436606 -0.13599916525213887 0.0)
(9.619439424911508 -0.1305971985640988 0.0)
(9.31554647243153 -0.12308611929655416 0.0)
(8.923421620340925 -0.11353228159772855 0.0)
(8.443081914032884 -0.10203738437563778 0.0)
(7.875976652995724 -0.08876360808948135 0.0)
(7.226389594983931 -0.07370694866881317 0.0)
(6.471492940898893 -0.056621118624488306 0.0)
(5.605320359021016 -0.03871508726415275 0.0)
(4.670340672865678 -0.022773599829589413 0.0)
(3.674432919566217 -0.010888387247776988 0.0)
(2.580285207914754 -0.003773381964114665 0.0)
(1.3576741891805448 -0.0007580620445622248 0.0)
(0.02311663164741477 -4.592076670354217e-05 0.0)
(-0.023149848136079287 -4.5965509602798156e-05 0.0)
(1.219984257399366 -0.000758830339459508 0.0)
(2.3972922862877444 -0.0037773128190546432 0.0)
(3.5254851439945063 -0.01089977749253204 0.0)
(4.574660257614081 -0.022796930251051714 0.0)
(5.507168287309405 -0.03875234490722866 0.0)
(6.32931187632131 -0.05666778519926235 0.0)
(7.084185175888219 -0.07375337925379673 0.0)
(7.768103973395843 -0.08880556490942478 0.0)
(8.356877001591963 -0.10207594323988942 0.0)
(8.854307984143755 -0.11356776802389788 0.0)
(9.262203545329967 -0.12311874287087617 0.0)
(9.580542984210684 -0.13062743645684574 0.0)
(9.809497806034214 -0.13602761919588324 0.0)
(9.949274768589703 -0.1392805522689092 0.0)
(10.000000000000005 -0.14036682267923284 0.0)
(9.961836342521426 -0.1392805522689097 0.0)
(9.834946638410239 -0.13602761919588455 0.0)
(9.619457015789333 -0.130627436456846 0.0)
(9.315574232447815 -0.1231187428708784 0.0)
(8.923469793634034 -0.11356776802390028 0.0)
(8.443122998408054 -0.10207594323989308 0.0)
(7.876340471048601 -0.08880556490942972 0.0)
(7.226925935222894 -0.07375337925380068 0.0)
(6.47068812367871 -0.05666778519926528 0.0)
(5.603942823801668 -0.038752344907231784 0.0)
(4.6697841868302845 -0.022796930251053785 0.0)
(3.6745148560054437 -0.010899777492533002 0.0)
(2.5804854914900166 -0.0037773128190552816 0.0)
(1.357793520378413 -0.0007588303394597127 0.0)
(0.02314984813606726 -4.596550960281705e-05 0.0)
(-0.023184064722215042 -4.60235258025168e-05 0.0)
(1.2198598233756661 -0.000759766340741711 0.0)
(2.3970664753934643 -0.0037817982291651646 0.0)
(3.52531772568843 -0.010912094757911868 0.0)
(4.575071397176774 -0.02282132547327096 0.0)
(5.508526545902987 -0.038791087848054115 0.0)
(6.330369358019844 -0.05671735997855116 0.0)
(7.083850030007509 -0.07380426663704605 0.0)
(7.767748337783959 -0.08885237111958601 0.0)
(8.356842798091382 -0.10211919399013336 0.0)
(8.85427039326278 -0.11360776513017697 0.0)
(9.262181299465993 -0.12315566487289693 0.0)
(9.580528861740367 -0.13066177202981086 0.0)
(9.8094901707412 -0.13606000870424612 0.0)
(9.949271095707248 -0.13931173693907137 0.0)
(10.000000000000005 -0.140397600784067 0.0)
(9.961840015403881 -0.13931173693907187 0.0)
(9.834954273703254 -0.13606000870424748 0.0)
(9.61947113825965 -0.13066177202981116 0.0)
(9.31559647831179 -0.12315566487289925 0.0)
(8.923507384515009 -0.11360776513017945 0.0)
(8.443157201908633 -0.10211919399013714 0.0)
(7.876696106660486 -0.08885237111959106 0.0)
(7.227261081103604 -0.07380426663705014 0.0)
(6.469630641980173 -0.05671735997855422 0.0)
(5.602584565208083 -0.03879108784805735 0.0)
(4.669373047267592 -0.0228213254732731 0.0)
(3.674682274311521 -0.010912094757912863 0.0)
(2.5807113023842976 -0.003781798229165816 0.0)
(1.3579179544021132 -0.0007597663407419186 0.0)
(0.023184064722203097 -4.602352580253588e-05 0.0)
(-0.02321777799163683 -4.609226617700138e-05 0.0)
(1.2197357539294897 -0.0007608289222246575 0.0)
(2.3968250588977518 -0.003786641113731175 0.0)
(3.5250721815695902 -0.010924797845808553 0.0)
(4.575319125546539 -0.02284571361481063 0.0)
(5.509805848473066 -0.03882961379268446 0.0)
(6.331633040385506 -0.056767664737244476 0.0)
(7.083730804181918 -0.0738573749200332 0.0)
(7.767416510591238 -0.08890197014071523 0.0)
(8.356816978304636 -0.10216523626752538 0.0)
(8.854245036468477 -0.1136505155168862 0.0)
(9.262165545196895 -0.12319526301739243 0.0)
(9.580518828193068 -0.13069869664073294 0.0)
(9.809484829609614 -0.13609491064148377 0.0)
(9.94926846062987 -0.13934538381299336 0.0)
(10.000000000000005 -0.14043082292161613 0.0)
(9.961842650481259 -0.1393453838129939 0.0)
(9.83495961483484 -0.13609491064148513 0.0)
(9.61948117180695 -0.1306986966407333 0.0)
(9.315612232580886 -0.12319526301739481 0.0)
(8.923532741309312 -0.11365051551688876 0.0)
(8.443183021695381 -0.10216523626752924 0.0)
(7.877027933853208 -0.08890197014072042 0.0)
(7.227380306929195 -0.07385737492003744 0.0)
(6.468366959614507 -0.05676766473724766 0.0)
(5.601305262638001 -0.038829613792687775 0.0)
(4.669125318897827 -0.022845713614812826 0.0)
(3.6749278184303615 -0.01092479784580958 0.0)
(2.580952718880011 -0.0037866411137318385 0.0)
(1.3580420238482898 -0.000760828922224868 0.0)
(0.023217777991624968 -4.609226617702066e-05 0.0)
(-0.023249506644962947 -4.6168710399953994e-05 0.0)
(1.2196175004453236 -0.000761971396021925 0.0)
(2.396578644199769 -0.003791628685264648 0.0)
(3.5247593003973576 -0.01093732860577956 0.0)
(4.575392557992017 -0.02286902310534831 0.0)
(5.510949984805133 -0.03886622998159382 0.0)
(6.333047399526991 -0.05681648917627528 0.0)
(7.083832736976104 -0.07391037062196255 0.0)
(7.767123071697466 -0.0889521826825629 0.0)
(8.356800676705916 -0.1022120470586288 0.0)
(8.854233027892 -0.11369414081024319 0.0)
(9.262156974736438 -0.12323579743433626 0.0)
(9.580513324424498 -0.1307365878897598 0.0)
(9.809482017319006 -0.1361307914803252 0.0)
(9.94926697913805 -0.13938001450859036 0.0)
(10.000000000000005 -0.1404650293719346 0.0)
(9.96184413197308 -0.13938001450859086 0.0)
(9.834962427125449 -0.13613079148032656 0.0)
(9.61948667557552 -0.13073658788976023 0.0)
(9.315620803041345 -0.12323579743433868 0.0)
(8.923544749885789 -0.11369414081024581 0.0)
(8.4431993232941 -0.10221204705863277 0.0)
(7.87732137274698 -0.08895218268256817 0.0)
(7.2272783741350075 -0.07391037062196693 0.0)
(6.466952600473018 -0.05681648917627857 0.0)
(5.600161126305933 -0.03886622998159722 0.0)
(4.6690518864523485 -0.02286902310535056 0.0)
(3.675240699602595 -0.010937328605780618 0.0)
(2.581199133577994 -0.0037916286852653245 0.0)
(1.3581602773324564 -0.0007619713960221385 0.0)
(0.023249506644951155 -4.6168710399973496e-05 0.0)
(-0.023277856583212166 -4.624949965206887e-05 0.0)
(1.219510258764923 -0.000763143563924958 0.0)
(2.396338058310543 -0.00379654179899691 0.0)
(3.524392829598041 -0.01094913645915614 0.0)
(4.575288468025894 -0.022890229768513286 0.0)
(5.511908683641893 -0.038899327566428984 0.0)
(6.3345502910911184 -0.05686168803911432 0.0)
(7.084151349649573 -0.07396092520864427 0.0)
(7.766880914270805 -0.08900080249790145 0.0)
(8.356794609557648 -0.10225756958292048 0.0)
(8.85423489516823 -0.11373672419466806 0.0)
(9.262155964654974 -0.12327548711560353 0.0)
(9.58051259226018 -0.13077378090472933 0.0)
(9.80948185743628 -0.13616607468235387 0.0)
(9.949266716325825 -0.13941410741645285 0.0)
(10.000000000000005 -0.14049871716617435 0.0)
(9.961844394785304 -0.1394141074164534 0.0)
(9.834962587008173 -0.13616607468235523 0.0)
(9.619487407739838 -0.1307737809047298 0.0)
(9.315621813122808 -0.12327548711560601 0.0)
(8.92354288260956 -0.11373672419467076 0.0)
(8.443205390442369 -0.10225756958292453 0.0)
(7.877563530173641 -0.08900080249790683 0.0)
(7.226959761461537 -0.07396092520864872 0.0)
(6.465449708908887 -0.056861688039117717 0.0)
(5.59920242746917 -0.038899327566432454 0.0)
(4.669155976418473 -0.02289022976851558 0.0)
(3.675607170401913 -0.010949136459157223 0.0)
(2.5814397194672205 -0.003796541798997597 0.0)
(1.358267519012857 -0.0007631435639251744 0.0)
(0.02327785658320043 -4.6249499652088574e-05 0.0)
(-0.02330158216196257 -4.6331084201407817e-05 0.0)
(1.2194187408915316 -0.0007642939230205181 0.0)
(2.3961138721339066 -0.0038011645816988507 0.0)
(3.5239888712281227 -0.01095970259046278 0.0)
(4.575011429170854 -0.02290840182232258 0.0)
(5.512639821510351 -0.03892745229986258 0.0)
(6.336075680772023 -0.05690127537041747 0.0)
(7.084672642944337 -0.0740068174040265 0.0)
(7.766700678265568 -0.08904569332099237 0.0)
(8.356799043439226 -0.10229980366396413 0.0)
(8.854250556252465 -0.1137763946341533 0.0)
(9.262162559333634 -0.12331258816920958 0.0)
(9.580516663870073 -0.13080864149260632 0.0)
(9.80948435698639 -0.13619920996822144 0.0)
(9.949267683740686 -0.13944616455658057 0.0)
(10.000000000000005 -0.14053040612428652 0.0)
(9.961843427370445 -0.13944616455658113 0.0)
(9.834960087458063 -0.13619920996822285 0.0)
(9.619483336129944 -0.13080864149260685 0.0)
(9.31561521844415 -0.12331258816921212 0.0)
(8.923527221525326 -0.11377639463415606 0.0)
(8.44320095656079 -0.10229980366396826 0.0)
(7.877743766178878 -0.08904569332099783 0.0)
(7.226438468166771 -0.07400681740403103 0.0)
(6.463924319227978 -0.05690127537042092 0.0)
(5.598471289600711 -0.038927452299866105 0.0)
(4.669433015273515 -0.0229084018223249 0.0)
(3.6760111287718327 -0.010959702590463883 0.0)
(2.5816639056438575 -0.003801164581699547 0.0)
(1.3583590368862486 -0.0007642939230207371 0.0)
(0.023301582161950867 -4.6331084201427725e-05 0.0)
(-0.023319640922688574 -4.640987937212762e-05 0.0)
(1.2193469679530793 -0.0007653719286344688 0.0)
(2.395915936000324 -0.00380529391675569 0.0)
(3.5235651744793555 -0.010968562743220058 0.0)
(4.57457361400736 -0.022922740819976646 0.0)
(5.513111273550145 -0.038949368432560305 0.0)
(6.3375565457377485 -0.05693351177527021 0.0)
(7.085373712186703 -0.07404603078900159 0.0)
(7.766590282922093 -0.08908488273119448 0.0)
(8.356813783534008 -0.10233689361350376 0.0)
(8.854279323025313 -0.1138114090821629 0.0)
(9.262176469014303 -0.12334547044273343 0.0)
(9.58052536035509 -0.1308396379429352 0.0)
(9.80948940614368 -0.13622874143408614 0.0)
(9.949269838876193 -0.13947477739688321 0.0)
(10.000000000000005 -0.14055870389142494 0.0)
(9.961841272234938 -0.13947477739688377 0.0)
(9.834955038300773 -0.1362287414340876 0.0)
(9.619474639644928 -0.13083963794293574 0.0)
(9.31560130876348 -0.123345470442736 0.0)
(8.923498454752476 -0.11381140908216572 0.0)
(8.443186216466009 -0.10233689361350795 0.0)
(7.877854161522354 -0.08908488273120001 0.0)
(7.225737398924402 -0.0740460307890062 0.0)
(6.4624434542622495 -0.0569335117752737 0.0)
(5.597999837560918 -0.038949368432563844 0.0)
(4.669870830437011 -0.022922740819978988 0.0)
(3.6764348255206007 -0.010968562743221175 0.0)
(2.5818618417774406 -0.0038052939167563943 0.0)
(1.358430809824701 -0.0007653719286346898 0.0)
(0.023319640922676892 -4.640987937214772e-05 0.0)
(-0.023331239396481462 -4.6482423048578536e-05 0.0)
(1.2192980935211764 -0.0007663302151722885 0.0)
(2.3957529468613914 -0.0038087483687394346 0.0)
(3.5231403558117496 -0.010975327618525014 0.0)
(4.573994259332734 -0.022932616732151016 0.0)
(5.513302325021143 -0.03896411300974585 0.0)
(6.338927819490865 -0.05695698084501815 0.0)
(7.086223753676733 -0.0740768423991726 0.0)
(7.766554578809808 -0.0891166488175185 0.0)
(8.356838182189191 -0.10236720976701078 0.0)
(8.854319931527407 -0.11384022906790851 0.0)
(9.262197082531058 -0.12337268914923284 0.0)
(9.580538299607586 -0.13086540832839497 0.0)
(9.809496783057414 -0.13625337152136424 0.0)
(9.949273087039632 -0.13949868874150353 0.0)
(10.000000000000005 -0.14058236711547095 0.0)
(9.961838024071497 -0.13949868874150415 0.0)
(9.83494766138704 -0.1362533715213657 0.0)
(9.61946170039243 -0.1308654083283955 0.0)
(9.315580695246725 -0.12337268914923544 0.0)
(8.923457846250383 -0.11384022906791133 0.0)
(8.443161817810825 -0.102367209767015 0.0)
(7.877889865634638 -0.08911664881752406 0.0)
(7.22488735743437 -0.07407684239917722 0.0)
(6.461072180509129 -0.05695698084502167 0.0)
(5.597808786089922 -0.03896411300974939 0.0)
(4.670450185111639 -0.022932616732153365 0.0)
(3.676859644188208 -0.010975327618526138 0.0)
(2.5820248309163736 -0.003808748368740144 0.0)
(1.3584796842566038 -0.0007663302151725112 0.0)
(0.02333123939646978 -4.648242304859878e-05 0.0)
(-0.023335867967621576 -4.654552779433222e-05 0.0)
(1.2192742650489479 -0.000767126677276641 0.0)
(2.395632066161693 -0.0038113761553496602 0.0)
(3.5227330809803754 -0.010979699980132736 0.0)
(4.57329882093148 -0.022937595629332223 0.0)
(5.513204581471228 -0.03897103818167211 0.0)
(6.340129250771337 -0.05697065139167203 0.0)
(7.08718541814646 -0.07409789842875682 0.0)
(7.766595134702091 -0.08913959583624574 0.0)
(8.356871167372507 -0.10238942008816188 0.0)
(8.854370597495453 -0.11386158829394107 0.0)
(9.262223494163687 -0.12339304834853947 0.0)
(9.580554913100482 -0.13088482034539398 0.0)
(9.809506163599496 -0.13627201802908023 0.0)
(9.949277285512649 -0.13951684796970357 0.0)
(10.000000000000005 -0.14060035607765053 0.0)
(9.96183382559848 -0.13951684796970412 0.0)
(9.834938280844957 -0.13627201802908165 0.0)
(9.619445086899535 -0.1308848203453945 0.0)
(9.315554283614096 -0.12339304834854206 0.0)
(8.923407180282336 -0.11386158829394391 0.0)
(8.44312883262751 -0.1023894200881661 0.0)
(7.877849309742356 -0.08913959583625135 0.0)
(7.22392569296464 -0.07409789842876147 0.0)
(6.459870749228656 -0.05697065139167555 0.0)
(5.597906529639838 -0.038971038181675646 0.0)
(4.671145623512894 -0.02293759562933456 0.0)
(3.677266919019583 -0.01097969998013386 0.0)
(2.582145711616072 -0.0038113761553503723 0.0)
(1.3585035127288323 -0.000767126677276865 0.0)
(0.023335867967609867 -4.654552779435258e-05 0.0)
(-0.023333323265160744 -4.6596420902307114e-05 0.0)
(1.2192765295158703 -0.0007677263198597476 0.0)
(2.3955586051780284 -0.0038130618164501136 0.0)
(3.5223612448962354 -0.010981487714473189 0.0)
(4.572517855094683 -0.02293745874788676 0.0)
(5.5128223375731675 -0.0389698396689539 0.0)
(6.341108050886656 -0.05697392275642144 0.0)
(7.088216451818401 -0.07410827371433527 0.0)
(7.766710168647227 -0.08915271553735375 0.0)
(8.356911289775342 -0.10240254869607834 0.0)
(8.854429094759507 -0.11387454827494435 0.0)
(9.262254543433368 -0.12340565349468184 0.0)
(9.580574470867289 -0.13089702106541865 0.0)
(9.809517135606072 -0.1362838616637978 0.0)
(9.949282249822016 -0.13952845719821752 0.0)
(10.000000000000005 -0.14061188037587546 0.0)
(9.961828861289113 -0.13952845719821808 0.0)
(9.834927308838383 -0.13628386166379922 0.0)
(9.619425529132728 -0.13089702106541917 0.0)
(9.315523234344413 -0.12340565349468446 0.0)
(8.923348683018283 -0.1138745482749472 0.0)
(8.443088710224675 -0.10240254869608256 0.0)
(7.877734275797219 -0.08915271553735933 0.0)
(7.222894659292696 -0.0741082737143399 0.0)
(6.458891949113336 -0.05697392275642492 0.0)
(5.5982887735379006 -0.038969839668957396 0.0)
(4.671926589349694 -0.022937458747889074 0.0)
(3.6776387551037235 -0.010981487714474306 0.0)
(2.5822191725997365 -0.0038130618164508258 0.0)
(1.3585012482619099 -0.0007677263198599722 0.0)
(0.023333323265149 -4.659642090232754e-05 0.0)
(-0.023323717098669705 -4.663286622244511e-05 0.0)
(1.2193047874254097 -0.0007681027957235216 0.0)
(2.3955357916516267 -0.0038137312871758715 0.0)
(3.5220411853566116 -0.010980612271770022 0.0)
(4.571685676032472 -0.02293221210213492 0.0)
(5.5121723884245455 -0.03896057013204744 0.0)
(6.341821213150419 -0.056966651201484066 0.0)
(7.089271552959234 -0.07410751238484069 0.0)
(7.766894626264117 -0.08915543146517764 0.0)
(8.35695678649272 -0.10240601874374641 0.0)
(8.854492853056803 -0.11387853957306267 0.0)
(9.262288866091996 -0.123409950740599 0.0)
(9.580596113575517 -0.13090147441115166 0.0)
(9.809529216987242 -0.1362883820378748 0.0)
(9.949287761845063 -0.139533006338783 0.0)
(10.000000000000005 -0.1406164336535648 0.0)
(9.961823349266066 -0.13953300633878354 0.0)
(9.834915227457211 -0.13628838203787622 0.0)
(9.6194038864245 -0.13090147441115219 0.0)
(9.315488911685785 -0.12340995074060157 0.0)
(8.923284924720987 -0.11387853957306548 0.0)
(8.443043213507297 -0.1024060187437506 0.0)
(7.877549818180329 -0.08915543146518316 0.0)
(7.221839558151861 -0.07410751238484525 0.0)
(6.458178786849572 -0.056966651201487487 0.0)
(5.598938722686524 -0.03896057013205087 0.0)
(4.6727587684119065 -0.0229322121021372 0.0)
(3.6779588146433477 -0.010980612271771125 0.0)
(2.582241986126138 -0.003813731287176581 0.0)
(1.3584729903523702 -0.000768102795723746 0.0)
(0.023323717098657906 -4.663286622246557e-05 0.0)
(-0.023307471545530083 -4.6653262414054186e-05 0.0)
(1.2193577971767176 -0.0007682395632072518 0.0)
(2.3955646279671026 -0.003813355152208004 0.0)
(3.521786965192143 -0.010977112117374037 0.0)
(4.570838848170414 -0.02292208622009257 0.0)
(5.511283291601906 -0.03894363685744626 0.0)
(6.3422374025174495 -0.05694915622568094 0.0)
(7.0903043623550825 -0.07409564789169822 0.0)
(7.7671404028225295 -0.08914762428681745 0.0)
(8.35700565848211 -0.10239967776361983 0.0)
(8.8545590709644 -0.1138733868179586 0.0)
(9.262324954064743 -0.12340575127316684 0.0)
(9.580618890284159 -0.1308979847107287 0.0)
(9.809541876909222 -0.13628538053434408 0.0)
(9.949293579393583 -0.13953029551048593 0.0)
(10.000000000000005 -0.1406138158480268 0.0)
(9.961817531717546 -0.13953029551048649 0.0)
(9.83490256753523 -0.13628538053434555 0.0)
(9.619381109715858 -0.13089798471072916 0.0)
(9.31545282371304 -0.12340575127316941 0.0)
(8.923218706813389 -0.11387338681796136 0.0)
(8.442994341517904 -0.10239967776362396 0.0)
(7.877304041621915 -0.08914762428682292 0.0)
(7.220806748756011 -0.07409564789170273 0.0)
(6.457762597482542 -0.056949156225684264 0.0)
(5.5998278195091675 -0.03894363685744963 0.0)
(4.673605596273967 -0.022922086220094808 0.0)
(3.6782130348078166 -0.010977112117375119 0.0)
(2.582213149810662 -0.0038133551522087084 0.0)
(1.3584199806010622 -0.0007682395632074755 0.0)
(0.023307471545518214 -4.665326241407464e-05 0.0)
(-0.02328530040562643 -4.665671330578881e-05 0.0)
(1.2194332296183 -0.000768130612997912 0.0)
(2.3956438471095076 -0.003811949938228882 0.0)
(3.5216097543717737 -0.010971141041666037 0.0)
(4.570014579575539 -0.022907526014491877 0.0)
(5.510194112393077 -0.03891978386225778 0.0)
(6.3423383323883575 -0.05692220652624267 0.0)
(7.091269500250565 -0.07407320153903109 0.0)
(7.767436699350124 -0.08912963703540754 0.0)
(8.357055758397712 -0.10238380436676486 0.0)
(8.854624838988583 -0.11385931641226467 0.0)
(9.262361221712107 -0.12339323960930172 0.0)
(9.580641800226305 -0.13088670529520205 0.0)
(9.809554559118201 -0.13627498903377977 0.0)
(9.949299446855134 -0.13952044382216242 0.0)
(10.000000000000005 -0.14060414198084775 0.0)
(9.961811664255995 -0.13952044382216297 0.0)
(9.834889885326252 -0.13627498903378113 0.0)
(9.61935819977371 -0.13088670529520252 0.0)
(9.315416556065676 -0.12339323960930423 0.0)
(8.923152938789206 -0.1138593164122674 0.0)
(8.442944241602303 -0.10238380436676894 0.0)
(7.8770077450943194 -0.08912963703541295 0.0)
(7.219841610860526 -0.07407320153903552 0.0)
(6.457661667611636 -0.05692220652624591 0.0)
(5.600916998718 -0.038919783862261054 0.0)
(4.674429864868844 -0.02290752601449406 0.0)
(3.678390245628186 -0.010971141041667095 0.0)
(2.5821339306682565 -0.0038119499382295785 0.0)
(1.3583445481594796 -0.0007681306129981347 0.0)
(0.023285300405614485 -4.665671330580921e-05 0.0)
(-0.023258177838285175 -4.664306727177939e-05 0.0)
(1.2195277703866731 -0.0007677807321683823 0.0)
(2.3957699683346525 -0.00380957738776998 0.0)
(3.5215173392147525 -0.01096296140278886 0.0)
(4.56924908710195 -0.0228891712341298 0.0)
(5.508952707339899 -0.03889005920345277 0.0)
(6.342119568089261 -0.05688698622365953 0.0)
(7.092124560252223 -0.07404115957851105 0.0)
(7.767770497119537 -0.0891022600378681 0.0)
(8.357104884940886 -0.10235909600119977 0.0)
(8.854687267402687 -0.11383694658386605 0.0)
(9.26239607550001 -0.12337296548862435 0.0)
(9.580663836781012 -0.13086813176145498 0.0)
(9.809566706381117 -0.1362576641197058 0.0)
(9.949305106424193 -0.13950388413897422 0.0)
(10.000000000000005 -0.14058783710405365 0.0)
(9.961806004686938 -0.13950388413897472 0.0)
(9.834877738063335 -0.13625766411970722 0.0)
(9.619336163219003 -0.1308681317614554 0.0)
(9.31538170227777 -0.1233729654886268 0.0)
(8.923090510375102 -0.1138369465838687 0.0)
(8.44289511505913 -0.10235909600120377 0.0)
(7.876673947324905 -0.0891022600378734 0.0)
(7.218986550858866 -0.07404115957851537 0.0)
(6.457880431910734 -0.056886986223662644 0.0)
(5.602158403771181 -0.03889005920345595 0.0)
(4.675195357342435 -0.02288917123413191 0.0)
(3.6784826607852072 -0.01096296140278989 0.0)
(2.582007809443111 -0.003809577387770667 0.0)
(1.358250007391106 -0.000767780732168603 0.0)
(0.023258177838273133 -4.664306727179969e-05 0.0)
(-0.023227295559495938 -4.661292389379559e-05 0.0)
(1.2196372655334329 -0.0007672052938422228 0.0)
(2.3959374501066364 -0.0038063417463580045 0.0)
(3.5215137802740104 -0.010952932599110546 0.0)
(4.568576005088506 -0.02286782835447631 0.0)
(5.507613621509322 -0.038855768928159395 0.0)
(6.341590721723245 -0.05684504283359327 0.0)
(7.092831972587874 -0.07400092987526426 0.0)
(7.768127129667447 -0.08906669618938619 0.0)
(8.3571508795812 -0.10232663830730482 0.0)
(8.854743613216405 -0.11380726022209807 0.0)
(9.26242798401678 -0.12334581971890689 0.0)
(9.580684031702381 -0.1308430801965809 0.0)
(9.809577784969461 -0.13623416701715169 0.0)
(9.949310309429645 -0.1394813440631055 0.0)
(10.000000000000005 -0.1405656176241019 0.0)
(9.961800801681484 -0.13948134406310606 0.0)
(9.834866659474992 -0.13623416701715305 0.0)
(9.619315968297636 -0.1308430801965813 0.0)
(9.315349793761003 -0.12334581971890929 0.0)
(8.923034164561384 -0.11380726022210066 0.0)
(8.442849120418817 -0.1023266383073087 0.0)
(7.876317314776995 -0.0890666961893914 0.0)
(7.218279138523215 -0.07400092987526843 0.0)
(6.458409278276753 -0.05684504283359626 0.0)
(5.603497489601762 -0.038855768928162476 0.0)
(4.675868439355879 -0.02286782835447836 0.0)
(3.678486219725949 -0.010952932599111545 0.0)
(2.581840327671127 -0.003806341746358681 0.0)
(1.358140512244346 -0.0007672052938424413 0.0)
(0.023227295559483812 -4.6612923893815754e-05 0.0)
(-0.023194010480091197 -4.6567607616720254e-05 0.0)
(1.2197569040421459 -0.0007664295817267505 0.0)
(2.3961389335827974 -0.0038023851821571593 0.0)
(3.5215992339228923 -0.010941495277917537 0.0)
(4.568024907527511 -0.0228444351426177 0.0)
(5.506235691882953 -0.03881841968834175 0.0)
(6.340775029832134 -0.056798219271870155 0.0)
(7.093360654853661 -0.0739542800488532 0.0)
(7.768490927212139 -0.08902450810040193 0.0)
(8.357191721398303 -0.10228785741677002 0.0)
(8.854791400697765 -0.1137715616913872 0.0)
(9.26245554526056 -0.1233129950356089 0.0)
(9.58070149766251 -0.13081265132050987 0.0)
(9.809587308110329 -0.13620553014581682 0.0)
(9.949314827260952 -0.13945381396425413 0.0)
(10.000000000000005 -0.1405384598242922 0.0)
(9.961796283850177 -0.13945381396425463 0.0)
(9.834857136334126 -0.13620553014581818 0.0)
(9.619298502337505 -0.13081265132051023 0.0)
(9.315322232517222 -0.12331299503561124 0.0)
(8.922986377080024 -0.11377156169138972 0.0)
(8.442808278601714 -0.10228785741677385 0.0)
(7.875953517232302 -0.089024508100407 0.0)
(7.217750456257427 -0.07395428004885723 0.0)
(6.459224970167867 -0.05679821927187301 0.0)
(5.604875419228135 -0.038818419688344735 0.0)
(4.6764195369168755 -0.02284443514261968 0.0)
(3.6784007660770666 -0.010941495277918501 0.0)
(2.581638844194965 -0.003802385182157823 0.0)
(1.3580208737356327 -0.0007664295817269665 0.0)
(0.023194010480078974 -4.656760761674026e-05 0.0)
(-0.023159785085566667 -4.6509109554864304e-05 0.0)
(1.2198814292156115 -0.0007654876791931942 0.0)
(2.396365565947797 -0.0037978815393600995 0.0)
(3.5217699454843996 -0.010929151974179067 0.0)
(4.567620008637589 -0.022820019453486357 0.0)
(5.5048794621677235 -0.03877965254126893 0.0)
(6.339708332425358 -0.056748572880131014 0.0)
(7.093687377718023 -0.0739032598073069 0.0)
(7.768845905155048 -0.08897754943836432 0.0)
(8.357225615877471 -0.10224445729097789 0.0)
(8.854828530152261 -0.11373141951986425 0.0)
(9.262477548240723 -0.12327593369526348 0.0)
(9.580715467239067 -0.13077818212238843 0.0)
(9.80959485737433 -0.13617301175743807 0.0)
(9.949318461412872 -0.13942250346459864 0.0)
(10.000000000000005 -0.1405075569686643 0.0)
(9.961792649698257 -0.13942250346459914 0.0)
(9.834849587070122 -0.13617301175743937 0.0)
(9.619284532760949 -0.13077818212238873 0.0)
(9.315300229537058 -0.12327593369526574 0.0)
(8.922949247625528 -0.11373141951986668 0.0)
(8.442774384122545 -0.10224445729098161 0.0)
(7.875598539289392 -0.08897754943836929 0.0)
(7.217423733393065 -0.0739032598073108 0.0)
(6.460291667574646 -0.05674857288013373 0.0)
(5.606231648943368 -0.0387796525412718 0.0)
(4.676824435806798 -0.022820019453488275 0.0)
(3.6782300545155584 -0.01092915197418 0.0)
(2.5814122118299645 -0.003797881539360751 0.0)
(1.3578963485621665 -0.0007654876791934074 0.0)
(0.023159785085554354 -4.650910955488412e-05 0.0)
)
