(
(0.021209747769868583 -5.920846926189714e-05 0.0)
(1.3724453104545702 -0.0007584910037522674 0.0)
(2.657346450915488 -0.0026222452605441397 0.0)
(3.8413906618395655 -0.004820040695525565 0.0)
(4.908582346201366 -0.005998712843792969 0.0)
(5.860831044090661 -0.006292863755837858 0.0)
(6.683632802389325 -0.007364087150444734 0.0)
(7.38099431655774 -0.009832495367263123 0.0)
(7.999415503965783 -0.012504234003645875 0.0)
(8.545794343214768 -0.014739724512252854 0.0)
(9.005637453558387 -0.016632585433259586 0.0)
(9.379192189071004 -0.01820058982490047 0.0)
(9.665922323987663 -0.019430814120644273 0.0)
(9.86533680716941 -0.020314354484618755 0.0)
(9.976851764329354 -0.020846611702411394 0.0)
(9.999999999999996 -0.021024104489069783 0.0)
(9.934259346781774 -0.02084661170240967 0.0)
(9.779107637275022 -0.020314354484615403 0.0)
(9.534077676012343 -0.01943081412063993 0.0)
(9.198585588706788 -0.01820058982489466 0.0)
(8.772140324219388 -0.01663258543325334 0.0)
(8.254205656785254 -0.014739724512244956 0.0)
(7.645028940478667 -0.012504234003637253 0.0)
(6.93011679455334 -0.0098324953672556 0.0)
(6.116367197610645 -0.007364087150437301 0.0)
(5.2502800670204435 -0.006292863755830299 0.0)
(4.335862098243065 -0.0059987128437886715 0.0)
(3.3586093381604383 -0.0048200406955240934 0.0)
(2.320431326862282 -0.002622245260543888 0.0)
(1.205332467323191 -0.0007584910037521018 0.0)
(-0.021209747769872778 -5.920846926188089e-05 0.0)
(0.02124411057767042 -5.919995128065875e-05 0.0)
(1.3725639779792524 -0.000758154047384538 0.0)
(2.6574919009561073 -0.0026195601637313973 0.0)
(3.8412125256715264 -0.004810107086374244 0.0)
(4.907493295715802 -0.005975724828865731 0.0)
(5.859213573246425 -0.0062554715876963615 0.0)
(6.683523635097744 -0.007320570406320952 0.0)
(7.3822374700507005 -0.009794149508500622 0.0)
(7.999852480883128 -0.012472186179927926 0.0)
(8.545862553934002 -0.014711017105882625 0.0)
(9.005725396189577 -0.016606775593617736 0.0)
(9.379241016834166 -0.01817734242721397 0.0)
(9.665953183355901 -0.019409626463768096 0.0)
(9.865353849983894 -0.020294669037759235 0.0)
(9.976859679971726 -0.020827844286018853 0.0)
(9.999999999999996 -0.021005641602027014 0.0)
(9.934251431139401 -0.020827844286017107 0.0)
(9.779090594460536 -0.020294669037755855 0.0)
(9.534046816644105 -0.01940962646376371 0.0)
(9.198536760943625 -0.01817734242720809 0.0)
(8.772052381588198 -0.0166067755936114 0.0)
(8.25413744606602 -0.014711017105874627 0.0)
(7.644591963561321 -0.012472186179919183 0.0)
(6.928873641060378 -0.009794149508492956 0.0)
(6.116476364902228 -0.007320570406313366 0.0)
(5.251897537864684 -0.006255471587688674 0.0)
(4.336951148728632 -0.005975724828861352 0.0)
(3.358787474328477 -0.0048101070863727355 0.0)
(2.3202858768216625 -0.0026195601637311345 0.0)
(1.2052137997985084 -0.0007581540473843702 0.0)
(-0.021244110577674738 -5.919995128064239e-05 0.0)
(0.02128436452710832 -5.916836347278575e-05 0.0)
(1.3727057257371689 -0.0007574973633522363 0.0)
(2.657697614463412 -0.0026156243606020903 0.0)
(3.841154268074417 -0.0047974121494692035 0.0)
(4.906511257313366 -0.005948139189952116 0.0)
(5.85742888331658 -0.0062110102356632444 0.0)
(6.682981845528203 -0.007266869562258184 0.0)
(7.3832999367309355 -0.009743687207559856 0.0)
(8.000329698769939 -0.01242814622678259 0.0)
(8.545927749569472 -0.01467099026321295 0.0)
(9.005806612860633 -0.016570303793294293 0.0)
(9.379286709838553 -0.018144100779285723 0.0)
(9.665982089018883 -0.01937903126992555 0.0)
(9.865369742197064 -0.020266030013101385 0.0)
(9.976867116449439 -0.020800407503118214 0.0)
(9.999999999999996 -0.020978606635539073 0.0)
(9.934243994661689 -0.020800407503116455 0.0)
(9.779074702247367 -0.020266030013097965 0.0)
(9.534017910981124 -0.0193790312699211 0.0)
(9.198491067939239 -0.018144100779279766 0.0)
(8.771971164917144 -0.016570303793287867 0.0)
(8.25407225043055 -0.014670990263204836 0.0)
(7.644114745674509 -0.012428146226773712 0.0)
(6.927811174380141 -0.009743687207552027 0.0)
(6.117018154471772 -0.007266869562250428 0.0)
(5.253682227794534 -0.006211010235655418 0.0)
(4.33793318713107 -0.00594813918994765 0.0)
(3.3588457319255864 -0.0047974121494676536 0.0)
(2.3200801633143566 -0.002615624360601812 0.0)
(1.2050720520405915 -0.0007574973633520658 0.0)
(-0.021284364527112763 -5.916836347276923e-05 0.0)
(0.0213287409332865 -5.9115093748767856e-05 0.0)
(1.3728643255911563 -0.0007565498051503722 0.0)
(2.657954552762234 -0.00261061078314537 0.0)
(3.8412184487804732 -0.004782513677113321 0.0)
(4.905679379964873 -0.005917167989559489 0.0)
(5.855555390311647 -0.006161433250207096 0.0)
(6.682031238923212 -0.007205344135101631 0.0)
(7.384135033756245 -0.00968332568562599 0.0)
(8.000826189545315 -0.012374049179182264 0.0)
(8.545987065544224 -0.014621402690483697 0.0)
(9.005877535059609 -0.016524772536472214 0.0)
(9.379327260417144 -0.01810232545831182 0.0)
(9.666007770914657 -0.01934037283596175 0.0)
(9.865383785534144 -0.020229695756995056 0.0)
(9.976873747017267 -0.02076550687575597 0.0)
(9.999999999999996 -0.020944187456574382 0.0)
(9.93423736409386 -0.020765506875754184 0.0)
(9.779060658910286 -0.020229695756991593 0.0)
(9.53399222908535 -0.01934037283595724 0.0)
(9.198450517360646 -0.018102325458305774 0.0)
(8.771900242718166 -0.016524772536465678 0.0)
(8.254012934455796 -0.014621402690475451 0.0)
(7.643618254899132 -0.012374049179173233 0.0)
(6.926976077354832 -0.009683325685617984 0.0)
(6.117968761076767 -0.0072053441350936965 0.0)
(5.255555720799472 -0.006161433250199128 0.0)
(4.3387650644795634 -0.005917167989554933 0.0)
(3.358781551219529 -0.004782513677111726 0.0)
(2.3198232250155337 -0.002610610783145076 0.0)
(1.2049134521866036 -0.0007565498051501984 0.0)
(-0.021328740933291068 -5.911509374875112e-05 0.0)
(0.02137528997810183 -5.9042482682824165e-05 0.0)
(1.3730328089537813 -0.0007553530067528271 0.0)
(2.6582514264537784 -0.0026047397187826046 0.0)
(3.8414022478068874 -0.0047660662809259294 0.0)
(4.90503421483914 -0.005884172045572893 0.0)
(5.853675412086802 -0.006108918953370329 0.0)
(6.6807135831979085 -0.007138697439562963 0.0)
(7.384706068491101 -0.009615717117544512 0.0)
(8.001320138312888 -0.012312271962430753 0.0)
(8.546037895622847 -0.014564433174922686 0.0)
(9.005935046594832 -0.016472182383279167 0.0)
(9.379360886851703 -0.018053851995470063 0.0)
(9.666029100627709 -0.01929534974274145 0.0)
(9.865395362956598 -0.020187262730181905 0.0)
(9.97687928034019 -0.020724675873649512 0.0)
(9.999999999999996 -0.020903896380888524 0.0)
(9.934231830770937 -0.020724675873647704 0.0)
(9.779049081487832 -0.0201872627301784 0.0)
(9.533970899372298 -0.01929534974273688 0.0)
(9.198416890926088 -0.018053851995463933 0.0)
(8.771842731182945 -0.01647218238327252 0.0)
(8.253962104377173 -0.014564433174914305 0.0)
(7.643124306131557 -0.012312271962421562 0.0)
(6.926405042619974 -0.009615717117536325 0.0)
(6.119286416802075 -0.007138697439554849 0.0)
(5.257435699024321 -0.00610891895336222 0.0)
(4.339410229605298 -0.005884172045568246 0.0)
(3.358597752193114 -0.0047660662809242875 0.0)
(2.3195263513239888 -0.002604739718782294 0.0)
(1.204744968823978 -0.0007553530067526494 0.0)
(-0.021375289978106525 -5.90424826828072e-05 0.0)
(0.021421966381684195 -5.8953720672354085e-05 0.0)
(1.3732037729743216 -0.0007539595532917082 0.0)
(2.6585751914511535 -0.0025982691313410867 0.0)
(3.84169758936069 -0.004748792629405842 0.0)
(4.904604109311494 -0.005850601139406724 0.0)
(5.851871551445924 -0.006055774727283758 0.0)
(6.67908677373428 -0.007069857809517465 0.0)
(7.384987950713937 -0.009543832100110547 0.0)
(8.001789841867469 -0.01224552895441389 0.0)
(8.546078006424676 -0.014502584852820882 0.0)
(9.005976620514657 -0.016414844048835496 0.0)
(9.379386111658212 -0.018000810226038028 0.0)
(9.666045140969468 -0.01924594022261335 0.0)
(9.86540396577366 -0.02014059536223109 0.0)
(9.976883473294123 -0.020679708536333198 0.0)
(9.999999999999996 -0.02085950372463671 0.0)
(9.934227637817004 -0.02067970853633137 0.0)
(9.779040478670769 -0.020140595362227544 0.0)
(9.533954859030539 -0.01924594022260871 0.0)
(9.19839166611958 -0.018000810226031807 0.0)
(8.77180115726312 -0.01641484404882873 0.0)
(8.253921993575347 -0.014502584852812367 0.0)
(7.642654602576975 -0.01224552895440454 0.0)
(6.92612316039714 -0.00954383210010218 0.0)
(6.12091322626571 -0.00706985780950918 0.0)
(5.259239559665204 -0.0060557747272755175 0.0)
(4.339840335132943 -0.005850601139401993 0.0)
(3.3583024106393107 -0.004748792629404155 0.0)
(2.319202586326613 -0.002598269131340758 0.0)
(1.2045740048034375 -0.0007539595532915264 0.0)
(-0.021421966381689007 -5.895372067233683e-05 0.0)
(0.021466719268252252 -5.885270775771215e-05 0.0)
(1.3733697058064844 -0.0007524306705628458 0.0)
(2.658911622112686 -0.00259148332659539 0.0)
(3.842091496674318 -0.004731451695199597 0.0)
(4.904407961431966 -0.005817930315261689 0.0)
(5.850223066725501 -0.006004335632017017 0.0)
(6.677222289563994 -0.007001849932370792 0.0)
(7.384968295035566 -0.009470829129480218 0.0)
(8.002214662294165 -0.012176752720801057 0.0)
(8.546105635554456 -0.014438575226303142 0.0)
(9.006000430137105 -0.016355276874659132 0.0)
(9.379401826504822 -0.017945530708327384 0.0)
(9.666055187156662 -0.019194315239499698 0.0)
(9.86540921599329 -0.02009174413191482 0.0)
(9.976886141648338 -0.020632580646343282 0.0)
(9.999999999999996 -0.020812960019920567 0.0)
(9.93422496946279 -0.020632580646341433 0.0)
(9.77903522845114 -0.020091744131911227 0.0)
(9.533944812843345 -0.019194315239494986 0.0)
(9.19837595127297 -0.017945530708321073 0.0)
(8.77177734764067 -0.016355276874652262 0.0)
(8.253894364445564 -0.014438575226294494 0.0)
(7.642229782150279 -0.012176752720791554 0.0)
(6.926142816075512 -0.009470829129471682 0.0)
(6.122777710436002 -0.007001849932362349 0.0)
(5.26088804438563 -0.006004335632008657 0.0)
(4.340036483012471 -0.005817930315256881 0.0)
(3.3579085033256812 -0.0047314516951978665 0.0)
(2.318866155665079 -0.002591483326595044 0.0)
(1.2044080719712742 -0.0007524306705626601 0.0)
(-0.02146671926825717 -5.885270775769461e-05 0.0)
(0.021507582277843298 -5.874388226156982e-05 0.0)
(1.37352331666519 -0.0007508335348763346 0.0)
(2.659245936290591 -0.002584680460391761 0.0)
(3.842566662181044 -0.004714805407231876 0.0)
(4.904454389579538 -0.005787595069381134 0.0)
(5.848802389328332 -0.005956861807310958 0.0)
(6.675202052710515 -0.006937661949827876 0.0)
(7.384647965090539 -0.009399915822627863 0.0)
(8.002575933760614 -0.012108965163474636 0.0)
(8.546119569038774 -0.014375216761256342 0.0)
(9.006005429310925 -0.01629609813340832 0.0)
(9.37940734090992 -0.017890442323215315 0.0)
(9.666058797778204 -0.01914274310071327 0.0)
(9.86541088293044 -0.020042855472922394 0.0)
(9.976887168160234 -0.02058536291694789 0.0)
(9.999999999999996 -0.02076631031197602 0.0)
(9.934223942950892 -0.020585362916946025 0.0)
(9.77903356151399 -0.020042855472918765 0.0)
(9.533941202221802 -0.01914274310070851 0.0)
(9.198370436867872 -0.017890442323208928 0.0)
(8.77177234846685 -0.016296098133401347 0.0)
(8.253880430961246 -0.014375216761247573 0.0)
(7.641868510683829 -0.012108965163464994 0.0)
(6.92646314602054 -0.009399915822619178 0.0)
(6.124797947289486 -0.0069376619498192965 0.0)
(5.262308721782801 -0.005956861807302498 0.0)
(4.339990054864898 -0.005787595069376262 0.0)
(3.3574333378189536 -0.004714805407230109 0.0)
(2.3185318414871734 -0.0025846804603914 0.0)
(1.2042544611125683 -0.0007508335348761448 0.0)
(-0.02150758227784829 -5.8743882261551986e-05 0.0)
(0.021542759964572656 -5.863202577713698e-05 0.0)
(1.37365785617033 -0.0007492383214523625 0.0)
(2.6595634448315018 -0.002578159438225697 0.0)
(3.8431022079777937 -0.004699585172942456 0.0)
(4.904741353786345 -0.005760928276972289 0.0)
(5.847671941220193 -0.005915439166172257 0.0)
(6.673114828685266 -0.006880114164413057 0.0)
(7.384041035590614 -0.009334207980524346 0.0)
(8.002857782659508 -0.012045144743689725 0.0)
(8.54611919466582 -0.014315293312723607 0.0)
(9.005991398381564 -0.016239908030709183 0.0)
(9.379402412580635 -0.01783796555356229 0.0)
(9.66605581418999 -0.019093489791683797 0.0)
(9.865408893342943 -0.01999607746349067 0.0)
(9.976886507726757 -0.02054013000879426 0.0)
(9.999999999999996 -0.020721604303626937 0.0)
(9.93422460338437 -0.020540130008792377 0.0)
(9.779035551101487 -0.019996077463487014 0.0)
(9.533944185810016 -0.01909348979167898 0.0)
(9.198375365197156 -0.017837965553555834 0.0)
(8.771786379396211 -0.01623990803070212 0.0)
(8.253880805334202 -0.014315293312714734 0.0)
(7.641586661784934 -0.012045144743679962 0.0)
(6.927070075520469 -0.00933420798051553 0.0)
(6.12688517131474 -0.006880114164404367 0.0)
(5.263439169890941 -0.005915439166163723 0.0)
(4.33970309065809 -0.005760928276967367 0.0)
(3.3568977920222025 -0.00469958517294066 0.0)
(2.318214332946262 -0.0025781594382253215 0.0)
(1.204119921607428 -0.000749238321452169 0.0)
(-0.02154275996457771 -5.863202577711886e-05 0.0)
(0.02157070668524121 -5.852205307370394e-05 0.0)
(1.3737674129021817 -0.0007477151210504183 0.0)
(2.659850196990996 -0.0025722067818813006 0.0)
(3.8436746031620106 -0.004686459741581385 0.0)
(4.905256245370125 -0.005739101628108079 0.0)
(5.846881392222859 -0.005881887743671971 0.0)
(6.671052326293449 -0.006831735120536762 0.0)
(7.383174173907669 -0.009276592685542595 0.0)
(8.00304782506586 -0.011988095613935507 0.0)
(8.546104528884856 -0.014261437807406612 0.0)
(9.00595895384239 -0.016189175456877418 0.0)
(9.37938725805874 -0.017790406132623338 0.0)
(9.666046367485428 -0.019048719412703637 0.0)
(9.865403334649633 -0.01995346544377613 0.0)
(9.976884189366146 -0.02049886937311539 0.0)
(9.999999999999996 -0.02068080629509283 0.0)
(9.934226921744981 -0.02049886937311349 0.0)
(9.779041109794798 -0.01995346544377244 0.0)
(9.533953632514578 -0.01904871941269878 0.0)
(9.198390519719052 -0.017790406132616825 0.0)
(8.771818823935385 -0.01618917545687029 0.0)
(8.253895471115166 -0.01426143780739766 0.0)
(7.641396619378583 -0.01198809561392565 0.0)
(6.927936937203416 -0.00927659268553368 0.0)
(6.128947673706562 -0.006831735120527997 0.0)
(5.264229718888275 -0.005881887743663388 0.0)
(4.339188199074307 -0.005739101628103124 0.0)
(3.356325396837984 -0.0046864597415795664 0.0)
(2.317927580786767 -0.002572206781880914 0.0)
(1.2040103648755762 -0.0007477151210502217 0.0)
(-0.0215707066852463 -5.852205307368556e-05 0.0)
(0.02159019451206985 -5.841879615067018e-05 0.0)
(1.3738471731383757 -0.0007463308603095473 0.0)
(2.6600935934037837 -0.0025670840401882684 0.0)
(3.844258697736468 -0.00467600582059037 0.0)
(4.905976440936655 -0.0057230741458088735 0.0)
(5.846465477613005 -0.005857681727934169 0.0)
(6.669105168116919 -0.0067946505048799575 0.0)
(7.382085468358176 -0.009229601448339907 0.0)
(8.003137710864003 -0.01194032440860495 0.0)
(8.546076216083463 -0.014216016557683127 0.0)
(9.005909521247098 -0.016146129508394585 0.0)
(9.379362543206204 -0.017749853734347003 0.0)
(9.666030872735433 -0.01901039909232009 0.0)
(9.865394451089324 -0.019916891707968537 0.0)
(9.976880314942923 -0.020463393926758812 0.0)
(9.999999999999996 -0.020645708876230854 0.0)
(9.934230796168205 -0.020463393926756907 0.0)
(9.779049993355107 -0.019916891707964825 0.0)
(9.533969127264573 -0.019010399092315198 0.0)
(9.198415234571588 -0.01774985373434045 0.0)
(8.771868256530677 -0.016146129508387404 0.0)
(8.253923783916557 -0.014216016557674118 0.0)
(7.641306733580439 -0.011940324408595031 0.0)
(6.929025642752912 -0.009229601448330927 0.0)
(6.130894831883096 -0.00679465050487115 0.0)
(5.264645633498129 -0.005857681727925565 0.0)
(4.338468003507774 -0.005723074145803904 0.0)
(3.355741302263525 -0.004676005820588536 0.0)
(2.317684184373979 -0.002567084040187873 0.0)
(1.203930604639382 -0.0007463308603093479 0.0)
(-0.021590194512074952 -5.8418796150651585e-05 0.0)
(0.021600367185599708 -5.832679192833061e-05 0.0)
(1.3738936323600512 -0.0007451463611142697 0.0)
(2.6602829396767684 -0.0025630162970447998 0.0)
(3.844828827654135 -0.004668682736132846 0.0)
(4.906870296410302 -0.005713550048325447 0.0)
(5.846442471917693 -0.005843884687006715 0.0)
(6.667358908723726 -0.006770489747610217 0.0)
(7.380822754672249 -0.009195298977910923 0.0)
(8.003123490636412 -0.011903930107065336 0.0)
(8.546035500274344 -0.014181025290170172 0.0)
(9.005845272573492 -0.01611266154548667 0.0)
(9.379329353948432 -0.017718090156925034 0.0)
(9.666010010750975 -0.01898021255530576 0.0)
(9.865382632989403 -0.01988796323910952 0.0)
(9.976875054692158 -0.020435262395936946 0.0)
(9.999999999999996 -0.02061785416341688 0.0)
(9.93423605641897 -0.020435262395935034 0.0)
(9.779061811455026 -0.0198879632391058 0.0)
(9.533989989249031 -0.018980212555300854 0.0)
(9.19844842382936 -0.01771809015691846 0.0)
(8.771932505204283 -0.016112661545479474 0.0)
(8.253964499725678 -0.014181025290161133 0.0)
(7.641320953808031 -0.011903930107055382 0.0)
(6.930288356438843 -0.009195298977901918 0.0)
(6.132641091276293 -0.006770489747601406 0.0)
(5.26466863919344 -0.005843884686998122 0.0)
(4.3375741480341246 -0.005713550048320483 0.0)
(3.3551711723458566 -0.004668682736131008 0.0)
(2.3174948381009943 -0.0025630162970444 0.0)
(1.2038841454177067 -0.0007451463611140684 0.0)
(-0.02160036718560479 -5.832679192831184e-05 0.0)
(0.021600777737166257 -5.825008290389785e-05 0.0)
(1.3739047492340022 -0.000744213668192246 0.0)
(2.660409916281114 -0.002560182281642894 0.0)
(3.8453599424494525 -0.0046648122511426734 0.0)
(4.907898537416816 -0.00571094780707738 0.0)
(5.846813385965087 -0.0058411028376269885 0.0)
(6.665890275556916 -0.006760314428201116 0.0)
(7.379441514179178 -0.009175192462051705 0.0)
(8.00300578919387 -0.011880511808344815 0.0)
(8.545984170435661 -0.014158001457147556 0.0)
(9.005769030790749 -0.01609024208921595 0.0)
(9.37928914856069 -0.017696511033839533 0.0)
(9.665984698169483 -0.018959486142872347 0.0)
(9.865368399615564 -0.019867951101197608 0.0)
(9.976868639739646 -0.020415710828648917 0.0)
(9.999999999999996 -0.020598466041773195 0.0)
(9.934242471371482 -0.020415710828647005 0.0)
(9.779076044828866 -0.01986795110119389 0.0)
(9.534015301830523 -0.018959486142867448 0.0)
(9.1984886292171 -0.01769651103383296 0.0)
(8.772008746987026 -0.01609024208920875 0.0)
(8.254015829564361 -0.014158001457138513 0.0)
(7.641438655250573 -0.01188051180833486 0.0)
(6.931669596931918 -0.009175192462042707 0.0)
(6.134109724443103 -0.006760314428192338 0.0)
(5.264297725146043 -0.0058411028376184355 0.0)
(4.336545907027608 -0.00571094780707244 0.0)
(3.3546400575505384 -0.0046648122511408424 0.0)
(2.3173678614966486 -0.0025601822816424926 0.0)
(1.2038730285437558 -0.0007442136681920436 0.0)
(-0.021600777737171298 -5.8250082903878945e-05 0.0)
(0.021591408127884747 -5.819203953157028e-05 0.0)
(1.3738800353051253 -0.0007435737623641564 0.0)
(2.660468944097123 -0.0025587065154346273 0.0)
(3.845828705909961 -0.004664564427649469 0.0)
(4.9090159849274855 -0.005715381759784446 0.0)
(5.847561922470513 -0.005849458409167486 0.0)
(6.664763797671052 -0.00676457163157227 0.0)
(7.378002436059321 -0.009170165344285268 0.0)
(8.002789778122434 -0.011871098469646603 0.0)
(8.54592448190662 -0.01414795668371737 0.0)
(9.005684145823324 -0.016079856209475725 0.0)
(9.379243693594166 -0.017686064512280983 0.0)
(9.665956047179481 -0.01894913053566429 0.0)
(9.86535237635621 -0.019857734590961476 0.0)
(9.976861351946663 -0.020405598284992776 0.0)
(9.999999999999996 -0.020588396389895267 0.0)
(9.934249759164464 -0.020405598284990865 0.0)
(9.77909206808822 -0.019857734590957764 0.0)
(9.534043952820527 -0.018949130535659397 0.0)
(9.198534084183626 -0.017686064512274422 0.0)
(8.772093631954453 -0.016079856209468543 0.0)
(8.254075518093401 -0.014147956683708355 0.0)
(7.641654666322009 -0.01187109846963668 0.0)
(6.93310867505178 -0.009170165344276322 0.0)
(6.1352362023289695 -0.0067645716315635615 0.0)
(5.263549188640614 -0.0058494584091589984 0.0)
(4.335428459516935 -0.005715381759779548 0.0)
(3.354171294090029 -0.004664564427647652 0.0)
(2.31730883368064 -0.0025587065154342274 0.0)
(1.203897742472633 -0.0007435737623639537 0.0)
(-0.021591408127889726 -5.8192039531551306e-05 0.0)
(0.021572670041245797 -5.8155212130940636e-05 0.0)
(1.3738205764582423 -0.0007432547599214125 0.0)
(2.660457429550548 -0.0025586538408873503 0.0)
(3.8462145214267847 -0.004667950154564143 0.0)
(4.910173540343003 -0.005726657086676383 0.0)
(5.848655192109331 -0.005868584273100801 0.0)
(6.664028970443604 -0.006783074303995883 0.0)
(7.3765687507725435 -0.00918043850696942 0.0)
(8.002484948553404 -0.011876103695851882 0.0)
(8.545859057291993 -0.014151332318847753 0.0)
(9.005594347361392 -0.01608196024282134 0.0)
(9.379194986256929 -0.017687209593295297 0.0)
(9.665925316653052 -0.018949600740117246 0.0)
(9.865335267244046 -0.019857762603170327 0.0)
(9.976853511525501 -0.020405369091636406 0.0)
(9.999999999999996 -0.020588087649864705 0.0)
(9.934257599585626 -0.02040536909163451 0.0)
(9.779109177200384 -0.01985776260316663 0.0)
(9.534074683346955 -0.018949600740112375 0.0)
(9.198582791520863 -0.01768720959328877 0.0)
(8.772183430416385 -0.016081960242814206 0.0)
(8.254140942708029 -0.014151332318838793 0.0)
(7.641959495891042 -0.011876103695842025 0.0)
(6.934542360338559 -0.009180438506960561 0.0)
(6.135971029556417 -0.006783074303987277 0.0)
(5.262455919001791 -0.005868584273092408 0.0)
(4.334270904101414 -0.005726657086671542 0.0)
(3.3537854785732044 -0.004667950154562349 0.0)
(2.3173203482272147 -0.0025586538408869566 0.0)
(1.2039572013195161 -0.0007432547599212105 0.0)
(-0.02157267004125068 -5.815521213092166e-05 0.0)
(0.02154538679449595 -5.814121883061876e-05 0.0)
(1.3737289852063086 -0.0007432706772477504 0.0)
(2.660375878569501 -0.0025600265724243076 0.0)
(3.8465004369719438 -0.004674820669240076 0.0)
(4.911320342796099 -0.005744278370517187 0.0)
(5.850045158613693 -0.005897640073955488 0.0)
(6.663718080838618 -0.006815009471895345 0.0)
(7.375203451827495 -0.009205560566130044 0.0)
(8.00210469414037 -0.011895307566477997 0.0)
(8.545790771229651 -0.014167980043306622 0.0)
(9.005503580985087 -0.016096461741876816 0.0)
(9.379145166660269 -0.01769989596411757 0.0)
(9.66589385683331 -0.018960876096307772 0.0)
(9.86531782402216 -0.019868033907018946 0.0)
(9.976845462969923 -0.020415033318916587 0.0)
(9.999999999999996 -0.020597553387153616 0.0)
(9.934265648141203 -0.020415033318914696 0.0)
(9.779126620422272 -0.019868033907015276 0.0)
(9.534106143166696 -0.018960876096302943 0.0)
(9.198632611117523 -0.0176998959641111 0.0)
(8.77227419679269 -0.016096461741869746 0.0)
(8.254209228770371 -0.014167980043297739 0.0)
(7.642339750304076 -0.011895307566468234 0.0)
(6.935907659283611 -0.009205560566121299 0.0)
(6.1362819191614015 -0.006815009471886869 0.0)
(5.261065952497425 -0.005897640073947205 0.0)
(4.333124101648316 -0.005744278370512417 0.0)
(3.353499563028045 -0.004674820669238315 0.0)
(2.317401899208263 -0.0025600265724239225 0.0)
(1.2040487925714505 -0.0007432706772475497 0.0)
(-0.02154538679450073 -5.8141218830599825e-05 0.0)
(0.021510757163584113 -5.815067447062077e-05 0.0)
(1.3736092859013724 -0.0007436208149649702 0.0)
(2.6602278743548946 -0.002562764394733104 0.0)
(3.846673889939452 -0.0046848740938316615 0.0)
(4.912406003885 -0.0057674713643321215 0.0)
(5.8516707493982665 -0.005935349152998073 0.0)
(6.663844788776581 -0.006858973962416891 0.0)
(7.373966527962077 -0.009244427704447125 0.0)
(8.001665722566587 -0.01192786629858212 0.0)
(8.545722624084252 -0.014197168386537402 0.0)
(9.005415834802934 -0.0161227235373034 0.0)
(9.379096423786123 -0.01772356620882294 0.0)
(9.66586305000718 -0.018982461185712538 0.0)
(9.865300813113807 -0.019888097200207046 0.0)
(9.976837559918737 -0.020434166338366824 0.0)
(9.999999999999996 -0.020616377694582615 0.0)
(9.93427355119239 -0.020434166338364954 0.0)
(9.779143631330623 -0.01988809720020341 0.0)
(9.534136949992828 -0.018982461185707757 0.0)
(9.198681353991669 -0.017723566208816533 0.0)
(8.772361942974843 -0.016122723537296414 0.0)
(8.25427737591577 -0.014197168386528623 0.0)
(7.642778721877861 -0.011927866298572478 0.0)
(6.937144583149031 -0.009244427704438523 0.0)
(6.1361552112234365 -0.006858973962408571 0.0)
(5.259440361712846 -0.005935349152989919 0.0)
(4.332038440559413 -0.005767471364327432 0.0)
(3.353326110060537 -0.004684874093829936 0.0)
(2.3175499034228695 -0.0025627643947327312 0.0)
(1.204168491876387 -0.0007436208149647717 0.0)
(-0.02151075716358878 -5.8150674470601945e-05 0.0)
(0.021470302711139432 -5.818316358742358e-05 0.0)
(1.373466737911909 -0.0007442897886623364 0.0)
(2.6600199199411536 -0.0025667470129101984 0.0)
(3.8467272591232393 -0.004697668699254564 0.0)
(4.9133828216476205 -0.00579521701040334 0.0)
(5.853460538977915 -0.005980054642282237 0.0)
(6.664403526942505 -0.006913036056277769 0.0)
(7.372912327348049 -0.00929533217096843 0.0)
(8.001187321439929 -0.011972349321040118 0.0)
(8.54565761011669 -0.014237614866137106 0.0)
(9.00533496422165 -0.016159591733854638 0.0)
(9.379050899307206 -0.01775718030016253 0.0)
(9.665834249770242 -0.01901340759899191 0.0)
(9.865284981947184 -0.019917070938336702 0.0)
(9.976830149617552 -0.020461927480115355 0.0)
(9.999999999999996 -0.020643733466521364 0.0)
(9.934280961493576 -0.020461927480113506 0.0)
(9.779159462497246 -0.0199170709383331 0.0)
(9.534165750229766 -0.019013407598987186 0.0)
(9.198726878470586 -0.017757180300156206 0.0)
(8.772442813556127 -0.016159591733847747 0.0)
(8.254342389883332 -0.014237614866128444 0.0)
(7.64325712300452 -0.011972349321030612 0.0)
(6.938198783763061 -0.00929533217095999 0.0)
(6.13559647305751 -0.0069130360562696174 0.0)
(5.257650572133193 -0.005980054642274222 0.0)
(4.331061622796789 -0.00579521701039874 0.0)
(3.35327274087675 -0.0046976686992528825 0.0)
(2.3177578578366114 -0.0025667470129098393 0.0)
(1.2043110398658508 -0.0007442897886621407 0.0)
(-0.021470302711143974 -5.8183163587404915e-05 0.0)
(0.021425800931792995 -5.823725866867203e-05 0.0)
(1.3733076045357913 -0.0007452482048594393 0.0)
(2.659761152464776 -0.0025717994379988807 0.0)
(3.8466581995790072 -0.004712642313953571 0.0)
(4.9142078764985095 -0.005826296215801699 0.0)
(5.855335887272833 -0.006029792264395216 0.0)
(6.66536974540356 -0.006974820363977534 0.0)
(7.372087169631783 -0.009356037316562107 0.0)
(8.000690510830694 -0.012026802131224573 0.0)
(8.545598585921761 -0.014287542337786858 0.0)
(9.005264522546625 -0.016205446410422535 0.0)
(9.37901059348584 -0.017799261296458133 0.0)
(9.665808721552217 -0.019052355607361248 0.0)
(9.865271026114787 -0.01995368206836045 0.0)
(9.976823557661447 -0.020497096970381316 0.0)
(9.999999999999996 -0.020678418740396838 0.0)
(9.93428755344968 -0.020497096970379488 0.0)
(9.779173418329643 -0.01995368206835689 0.0)
(9.53419127844779 -0.019052355607356585 0.0)
(9.198767184291953 -0.01779926129645189 0.0)
(8.772513255231152 -0.016205446410415755 0.0)
(8.254401414078261 -0.014287542337778325 0.0)
(7.643753933613755 -0.012026802131215222 0.0)
(6.939023941479328 -0.009356037316553845 0.0)
(6.13463025459645 -0.006974820363969562 0.0)
(5.25577522383827 -0.006029792264387343 0.0)
(4.330236567945899 -0.00582629621579719 0.0)
(3.353341800420983 -0.004712642313951934 0.0)
(2.31801662531299 -0.002571799437998538 0.0)
(1.204470173241969 -0.0007452482048592471 0.0)
(-0.021425800931797412 -5.8237258668653586e-05 0.0)
(0.021379207152315585 -5.831058287546022e-05 0.0)
(1.3731388778024396 -0.0007464539525019514 0.0)
(2.659462941695271 -0.0025776996756839057 0.0)
(3.846469745656788 -0.00472913702469226 0.0)
(4.914844917036913 -0.005859343417099795 0.0)
(5.857214394909797 -0.006082376639213772 0.0)
(6.666700990288216 -0.0070416121960670585 0.0)
(7.371527310733749 -0.009423875868187694 0.0)
(8.000197119688162 -0.01208883217227458 0.0)
(8.545548144914608 -0.0143447570797221 0.0)
(9.005207604856194 -0.01625827279640745 0.0)
(9.378977277286076 -0.017847960235717518 0.0)
(9.665787587016306 -0.019097593906586167 0.0)
(9.865259558810362 -0.019996321964203215 0.0)
(9.976818073688912 -0.02053812952610319 0.0)
(9.999999999999996 -0.020718909508729875 0.0)
(9.934293037422215 -0.020538129526101376 0.0)
(9.779184885634068 -0.019996321964199697 0.0)
(9.5342124129837 -0.019097593906581573 0.0)
(9.198800500491716 -0.017847960235711367 0.0)
(8.772570172921583 -0.016258272796400783 0.0)
(8.254451855085414 -0.014344757079713702 0.0)
(7.644247324756289 -0.01208883217226539 0.0)
(6.9395838003773616 -0.009423875868179611 0.0)
(6.13329900971179 -0.007041612196059264 0.0)
(5.253896716201301 -0.006082376639206039 0.0)
(4.329599527407495 -0.005859343417095374 0.0)
(3.353530254343203 -0.00472913702469067 0.0)
(2.3183148360824957 -0.0025776996756835804 0.0)
(1.204638899975321 -0.0007464539525017631 0.0)
(-0.021379207152319876 -5.8310582875442034e-05 0.0)
(0.021332568618136528 -5.839991447628473e-05 0.0)
(1.3729679712558407 -0.0007478540532443135 0.0)
(2.6591383904682906 -0.002584188480315573 0.0)
(3.8461701776771573 -0.004746428084056996 0.0)
(4.915265952867006 -0.005892906580730734 0.0)
(5.85901352369987 -0.006135497305508772 0.0)
(6.668338769131684 -0.00711047684163653 0.0)
(7.371257349829697 -0.00949586712399388 0.0)
(7.9997288267165 -0.01215571395766716 0.0)
(8.545508503380809 -0.014406745180853608 0.0)
(9.005166712009544 -0.01631574979705236 0.0)
(9.378952414560782 -0.01790113737564182 0.0)
(9.665771774775349 -0.019147134808559865 0.0)
(9.865251083886285 -0.020043117106849154 0.0)
(9.976813938655669 -0.02058322225184949 0.0)
(9.999999999999996 -0.020763426681235677 0.0)
(9.934297172455457 -0.020583222251847704 0.0)
(9.779193360558144 -0.020043117106845677 0.0)
(9.534228225224657 -0.019147134808555333 0.0)
(9.19882536321701 -0.01790113737563576 0.0)
(8.772611065768233 -0.016315749797045802 0.0)
(8.254491496619213 -0.014406745180845346 0.0)
(7.644715617727952 -0.012155713957658128 0.0)
(6.939853761281414 -0.009495867123985981 0.0)
(6.131661230868316 -0.007110476841628907 0.0)
(5.252097587411224 -0.006135497305501171 0.0)
(4.329178491577402 -0.005892906580726398 0.0)
(3.353829822322835 -0.004746428084055451 0.0)
(2.318639387309477 -0.002584188480315266 0.0)
(1.2048098065219204 -0.0007478540532441291 0.0)
(-0.0213325686181407 -5.8399914476266814e-05 0.0)
(0.021287934541124858 -5.850132840403288e-05 0.0)
(1.3728023942169871 -0.0007493869892213182 0.0)
(2.6588017589709985 -0.0025909807456893008 0.0)
(3.845772658109096 -0.004763755754532391 0.0)
(4.915452484444679 -0.005925511002686646 0.0)
(5.86065422321543 -0.006186820238384729 0.0)
(6.670211120927814 -0.007178388514143934 0.0)
(7.371289148507867 -0.009568847919904828 0.0)
(7.999306207852166 -0.012224508824108929 0.0)
(8.545481403096833 -0.014470782997421688 0.0)
(9.005143640763546 -0.016375351978100118 0.0)
(9.378937097732623 -0.017956456209987592 0.0)
(9.665761979590288 -0.01919880157668213 0.0)
(9.865245973715217 -0.020092011403339695 0.0)
(9.976811334247513 -0.020630393855745735 0.0)
(9.999999999999996 -0.020810014254796217 0.0)
(9.934299776863613 -0.02063039385574397 0.0)
(9.779198470729213 -0.02009201140333626 0.0)
(9.534238020409719 -0.019198801576677662 0.0)
(9.19884068004517 -0.01795645620998162 0.0)
(8.772634137014231 -0.016375351978093672 0.0)
(8.25451859690319 -0.014470782997413561 0.0)
(7.645138236592286 -0.012224508824100047 0.0)
(6.939821962603242 -0.009568847919897096 0.0)
(6.129788879072181 -0.0071783885141364695 0.0)
(5.25045688789566 -0.006186820238377246 0.0)
(4.32899195999973 -0.005925511002682386 0.0)
(3.3542273418908977 -0.004763755754530886 0.0)
(2.31897601880677 -0.00259098074568901 0.0)
(1.2049753835607742 -0.0007493869892211379 0.0)
(-0.021287934541128928 -5.8501328404015246e-05 0.0)
(0.02124726606096874 -5.861036871625094e-05 0.0)
(1.3726494218380518 -0.0007509854060305629 0.0)
(2.658467838175535 -0.0025977780320906646 0.0)
(3.8452946532351833 -0.004780358689977834 0.0)
(4.915396315913658 -0.005955724104314893 0.0)
(5.862064404121339 -0.006234090402063723 0.0)
(6.672235777964054 -0.007242363298940191 0.0)
(7.371621309592517 -0.009639611613262801 0.0)
(7.998947832194902 -0.012292194051025083 0.0)
(8.545468034799582 -0.014534056824920219 0.0)
(9.005139404826542 -0.016434460528754594 0.0)
(9.378931999795006 -0.01801148613037664 0.0)
(9.665758631843634 -0.019250324067683348 0.0)
(9.865244452828724 -0.02014085652773663 0.0)
(9.976810374897376 -0.02067757170381474 0.0)
(9.999999999999996 -0.0208566252566588 0.0)
(9.934300736213752 -0.020677571703812996 0.0)
(9.779199991615707 -0.020140856527733238 0.0)
(9.534241368156373 -0.01925032406767894 0.0)
(9.198845777982788 -0.01801148613037074 0.0)
(8.772638372951235 -0.016434460528748245 0.0)
(8.25453196520044 -0.01453405682491221 0.0)
(7.645496612249551 -0.01229219405101634 0.0)
(6.939489801518589 -0.009639611613255222 0.0)
(6.127764222035935 -0.00724236329893286 0.0)
(5.24904670698975 -0.006234090402056339 0.0)
(4.3290481285307525 -0.005955724104310695 0.0)
(3.354705346764812 -0.004780358689976365 0.0)
(2.3193099396022343 -0.0025977780320903896 0.0)
(1.20512835593971 -0.0007509854060303865 0.0)
(-0.021247266060972728 -5.861036871623361e-05 0.0)
(0.02121235007628534 -5.872224438110366e-05 0.0)
(1.37251577544551 -0.0007525790721616705 0.0)
(2.6581512999507626 -0.002604281679190472 0.0)
(3.844757165715093 -0.004795507387784061 0.0)
(4.915099915216438 -0.005982218377203235 0.0)
(5.863182105648442 -0.006275230832032022 0.0)
(6.6743237805142375 -0.007299590261019911 0.0)
(7.3722392385332585 -0.009705048976840169 0.0)
(7.998669446115455 -0.012355795673371552 0.0)
(8.54546898586758 -0.014593786527125105 0.0)
(9.005154190317853 -0.016490478327436067 0.0)
(9.378937344741983 -0.018063809222781446 0.0)
(9.665761878629251 -0.019299438477566665 0.0)
(9.865246588051779 -0.02018750631463359 0.0)
(9.976811102757344 -0.020722682887721784 0.0)
(9.999999999999996 -0.02090121168467399 0.0)
(9.934300008353784 -0.020722682887720053 0.0)
(9.779197856392653 -0.020187506314630232 0.0)
(9.534238121370755 -0.019299438477562308 0.0)
(9.198840433035809 -0.018063809222775614 0.0)
(8.772623587459924 -0.01649047832742981 0.0)
(8.254531014132443 -0.014593786527117198 0.0)
(7.645774998328998 -0.012355795673362927 0.0)
(6.938871872577845 -0.009705048976832715 0.0)
(6.125676219485746 -0.00729959026101269 0.0)
(5.247929005462645 -0.006275230832024713 0.0)
(4.329344529227973 -0.005982218377199088 0.0)
(3.3552428342849034 -0.004795507387782624 0.0)
(2.3196264778270073 -0.002604281679190212 0.0)
(1.205262002332252 -0.0007525790721614978 0.0)
(-0.02121235007628927 -5.872224438108661e-05 0.0)
(0.021184720731564678 -5.883203978654817e-05 0.0)
(1.3724073272173507 -0.0007540979648403695 0.0)
(2.6578660524071873 -0.002610205928633246 0.0)
(3.8441838117671536 -0.004808536241883229 0.0)
(4.914576305657407 -0.006003829711470862 0.0)
(5.863958218036418 -0.0063084338930611055 0.0)
(6.676383385566203 -0.007347554952363084 0.0)
(7.373115784662904 -0.009762284812595612 0.0)
(7.998483281388865 -0.012412519152218311 0.0)
(8.545484214512637 -0.014647347690193869 0.0)
(9.005187347590043 -0.01654094405455215 0.0)
(9.378952897726363 -0.018111126506244142 0.0)
(9.665771577289318 -0.019343986809014075 0.0)
(9.865252285566584 -0.0202299110577377 0.0)
(9.976813485846584 -0.020763745304574567 0.0)
(9.999999999999996 -0.02094181449276337 0.0)
(9.934297625264543 -0.02076374530457285 0.0)
(9.779192158877848 -0.02022991105773437 0.0)
(9.534228422710688 -0.01934398680900976 0.0)
(9.19882488005143 -0.018111126506238372 0.0)
(8.772590430187734 -0.016540944054545953 0.0)
(8.254515785487385 -0.014647347690186044 0.0)
(7.645961163055588 -0.012412519152209783 0.0)
(6.937995326448197 -0.009762284812588255 0.0)
(6.123616614433776 -0.007347554952355937 0.0)
(5.247152893074669 -0.006308433893053843 0.0)
(4.329868138787007 -0.006003829711466746 0.0)
(3.3558161882328448 -0.0048085362418818145 0.0)
(2.319911725370583 -0.002610205928632996 0.0)
(1.2053704505604115 -0.0007540979648402 0.0)
(-0.021184720731568567 -5.883203978653138e-05 0.0)
(0.021165592009667302 -5.893493072333425e-05 0.0)
(1.372328842170319 -0.0007554753467010941 0.0)
(2.6576246288000283 -0.002615290479736576 0.0)
(3.8435997835149154 -0.004818872788261834 0.0)
(4.9138484936826705 -0.006019608544626872 0.0)
(5.864358640326794 -0.0063322407033926395 0.0)
(6.678324097841907 -0.00738414989218101 0.0)
(7.374212434148113 -0.009808804282616043 0.0)
(7.99839751775264 -0.012459872161677508 0.0)
(8.545513051615952 -0.014692386934608646 0.0)
(9.005237419773229 -0.016583640338377788 0.0)
(9.378977975378467 -0.018151358945893904 0.0)
(9.665787301682457 -0.01938201168984065 0.0)
(9.865261295034763 -0.020266207570214245 0.0)
(9.976817419456514 -0.020798954746898156 0.0)
(9.999999999999996 -0.02097664966782024 0.0)
(9.934293691654613 -0.020798954746896445 0.0)
(9.779183149409667 -0.020266207570210935 0.0)
(9.534212698317551 -0.01938201168983637 0.0)
(9.198799802399325 -0.01815135894588817 0.0)
(8.772540358004548 -0.01658364033837164 0.0)
(8.25448694838407 -0.014692386934600876 0.0)
(7.646046926691814 -0.012459872161669043 0.0)
(6.936898676962985 -0.009808804282608748 0.0)
(6.121675902158068 -0.007384149892173903 0.0)
(5.246752470784293 -0.006332240703385398 0.0)
(4.330595950761746 -0.006019608544622771 0.0)
(3.3564002164850844 -0.004818872788260434 0.0)
(2.3201531489777425 -0.002615290479736335 0.0)
(1.2054489356074434 -0.0007554753467009272 0.0)
(-0.021165592009671184 -5.893493072331767e-05 0.0)
(0.021155804391638385 -5.902639635193317e-05 0.0)
(1.3722837687937968 -0.0007566506981047324 0.0)
(2.6574376368409123 -0.002619311926626907 0.0)
(3.843030742091332 -0.004826062857982179 0.0)
(4.912948458018904 -0.006028861583608953 0.0)
(5.864365778696685 -0.006345605235333988 0.0)
(6.680060645994389 -0.007407767165766642 0.0)
(7.375481002216769 -0.009842563406493726 0.0)
(7.998415923504053 -0.012495774097143388 0.0)
(8.54555423012796 -0.01472692531836682 0.0)
(9.005302206787286 -0.016616691182312335 0.0)
(9.379011475832137 -0.018182738801935695 0.0)
(9.665808360907596 -0.019411842376347428 0.0)
(9.865273220596768 -0.0202948010497076 0.0)
(9.976822730751511 -0.02082676417621069 0.0)
(9.999999999999996 -0.021004186615981742 0.0)
(9.934288380359616 -0.020826764176208986 0.0)
(9.779171223847664 -0.020294801049704297 0.0)
(9.53419163909241 -0.01941184237634316 0.0)
(9.198766301945655 -0.018182738801929974 0.0)
(8.77247557099049 -0.016616691182306215 0.0)
(8.254445769872062 -0.014726925318359082 0.0)
(7.6460285209404 -0.012495774097134954 0.0)
(6.935630108894325 -0.009842563406486456 0.0)
(6.1199393540055835 -0.007407767165759538 0.0)
(5.246745332414404 -0.006345605235326733 0.0)
(4.331495986425516 -0.006028861583604846 0.0)
(3.356969257908669 -0.004826062857980782 0.0)
(2.320340140936859 -0.0026193119266266713 0.0)
(1.2054940089839654 -0.0007566506981045675 0.0)
(-0.02115580439164229 -5.902639635191677e-05 0.0)
(0.021155787927508173 -5.910241783995592e-05 0.0)
(1.3722740875294894 -0.0007575723762608536 0.0)
(2.6573132926144303 -0.0026220935742849068 0.0)
(3.8425016901355242 -0.004829790532534611 0.0)
(4.911915744586605 -0.006031182266812185 0.0)
(5.863979319499176 -0.006347940275801365 0.0)
(6.681516729274753 -0.007417369073325206 0.0)
(7.376865750308714 -0.009862078870086048 0.0)
(7.998537689928061 -0.012518647493252311 0.0)
(8.54560594074018 -0.014749445288072247 0.0)
(9.005378862009344 -0.016638644392738114 0.0)
(9.379051927138729 -0.018203887300902846 0.0)
(9.665833829660913 -0.019432168162743003 0.0)
(9.86528753826522 -0.020314435151039117 0.0)
(9.976829186362988 -0.020845951697064102 0.0)
(9.999999999999996 -0.02102321541412309 0.0)
(9.93428192474814 -0.0208459516970624 0.0)
(9.77915690617921 -0.020314435151035815 0.0)
(9.534166170339093 -0.01943216816273873 0.0)
(9.198725850639063 -0.018203887300897132 0.0)
(8.772398915768433 -0.016638644392731994 0.0)
(8.254394059259845 -0.014749445288064508 0.0)
(7.645906754516392 -0.012518647493243877 0.0)
(6.934245360802375 -0.009862078870078768 0.0)
(6.118483270725218 -0.007417369073318068 0.0)
(5.247131791611916 -0.00634794027579407 0.0)
(4.332528699857818 -0.0060311822668080535 0.0)
(3.357498309864478 -0.004829790532533208 0.0)
(2.320464485163341 -0.0026220935742846717 0.0)
(1.2055036902482725 -0.0007575723762606896 0.0)
(-0.021155787927512125 -5.910241783993964e-05 0.0)
(0.021165543340680434 -5.915965494229618e-05 0.0)
(1.372300223754439 -0.00075819988431744 0.0)
(2.6572570595784124 -0.0026235132022013634 0.0)
(3.8420358732225566 -0.004829892024718884 0.0)
(4.910795728924694 -0.00602646862766219 0.0)
(5.8632162430444 -0.00633914322738847 0.0)
(6.682628370047488 -0.0074125337246047735 0.0)
(7.378305835126115 -0.009866493199625296 0.0)
(7.998757466830759 -0.01252748733482495 0.0)
(8.545665911382907 -0.014758957357455187 0.0)
(9.00546401734918 -0.016648535385751277 0.0)
(9.379097551941832 -0.018213875216440842 0.0)
(9.665862588891981 -0.019442095971158115 0.0)
(9.86530361894796 -0.020324247187715867 0.0)
(9.976836502643188 -0.020855674244894665 0.0)
(9.999999999999996 -0.021032899971666148 0.0)
(9.93427460846794 -0.02085567424489296 0.0)
(9.77914082549647 -0.020324247187712557 0.0)
(9.534137411108027 -0.019442095971153834 0.0)
(9.19868022583596 -0.018213875216435107 0.0)
(8.772313760428597 -0.016648535385745136 0.0)
(8.254334088617115 -0.01475895735744742 0.0)
(7.645686977613693 -0.01252748733481648 0.0)
(6.932805275984972 -0.009866493199617967 0.0)
(6.117371629952481 -0.007412533724597564 0.0)
(5.2478948680666955 -0.006339143227381107 0.0)
(4.333648715519732 -0.006026468627658015 0.0)
(3.3579641267774463 -0.004829892024717466 0.0)
(2.3205207181993583 -0.0026235132022011257 0.0)
(1.2054775540233227 -0.0007581998843172762 0.0)
(-0.021165543340684448 -5.915965494227997e-05 0.0)
(0.021184641996147394 -5.919559276538942e-05 0.0)
(1.3723610290907364 -0.0007585056507184787 0.0)
(2.6572714085095868 -0.0026235084345227633 0.0)
(3.8416537584953976 -0.0048263628751540975 0.0)
(4.909637622472344 -0.006014927774839857 0.0)
(5.862110077515769 -0.006319600616308824 0.0)
(6.683346724850731 -0.007393473575982101 0.0)
(7.379737981976654 -0.009855612437547304 0.0)
(7.999065597617112 -0.012521905215394633 0.0)
(8.545731507055818 -0.014755043583588794 0.0)
(9.005553931236948 -0.016645929569213888 0.0)
(9.379146345571069 -0.018212263697813307 0.0)
(9.665893374972798 -0.01944118959185342 0.0)
(9.865320756089211 -0.020323806036796885 0.0)
(9.976844358128142 -0.020855504628737608 0.0)
(9.999999999999996 -0.02103281476686988 0.0)
(9.934266752982985 -0.020855504628735897 0.0)
(9.77912368835522 -0.020323806036793554 0.0)
(9.534106625027208 -0.01944118959184912 0.0)
(9.198631432206723 -0.018212263697807537 0.0)
(8.772223846540829 -0.016645929569207706 0.0)
(8.254268492944204 -0.014755043583580972 0.0)
(7.645378846827338 -0.012521905215386098 0.0)
(6.931373129134429 -0.009855612437539884 0.0)
(6.116653275149238 -0.007393473575974787 0.0)
(5.249001033595331 -0.0063196006163013674 0.0)
(4.3348068219720854 -0.006014927774835625 0.0)
(3.3583462415046057 -0.004826362875152655 0.0)
(2.320506369268184 -0.0026235084345225196 0.0)
(1.205416748687025 -0.0007585056507183144 0.0)
(-0.0211846419961515 -5.919559276537322e-05 0.0)
(0.021212244733927844 -5.9208652267035326e-05 0.0)
(1.3724538318631445 -0.000758476240647692 0.0)
(2.657355708942167 -0.0026220794807321817 0.0)
(3.841372135376099 -0.004819358148215729 0.0)
(4.908492310308374 -0.005997066792304809 0.0)
(5.8607094258029395 -0.006290171109141066 0.0)
(6.683640230488621 -0.00736102609551811 0.0)
(7.381099264947758 -0.009829914664631983 0.0)
(7.999448543584078 -0.012502146403076932 0.0)
(8.545799845605048 -0.014737875930536711 0.0)
(9.005644653020914 -0.016630941437937398 0.0)
(9.379196164123634 -0.018199123552200547 0.0)
(9.665924835219297 -0.019429488849477403 0.0)
(9.865338196714333 -0.020313131081646486 0.0)
(9.976852407662216 -0.020845450301216567 0.0)
(9.999999999999996 -0.021022963543477147 0.0)
(9.934258703448911 -0.020845450301214836 0.0)
(9.779106247730097 -0.020313131081643128 0.0)
(9.534075164780711 -0.01942948884947306 0.0)
(9.198581613654158 -0.01819912355219473 0.0)
(8.772133124756863 -0.016630941437931146 0.0)
(8.254200154394974 -0.014737875930528806 0.0)
(7.644995900860372 -0.012502146403068303 0.0)
(6.930011846163323 -0.009829914664624446 0.0)
(6.11635976951135 -0.007361026095510664 0.0)
(5.250401685308165 -0.006290171109133496 0.0)
(4.335952134136058 -0.005997066792300506 0.0)
(3.3586278646239047 -0.004819358148214255 0.0)
(2.3204220688356028 -0.0026220794807319293 0.0)
(1.2053239459146168 -0.0007584762406475264 0.0)
(-0.021212244733932052 -5.9208652267019076e-05 0.0)
)
