(
(-0.02868477706304015 -2.1820649274551254e-06 0.0)
(1.1922242670529328 -0.000153449379236588 0.0)
(2.3283958287713613 -0.001381759321480804 0.0)
(3.41134762217547 -0.0054571737668597286 0.0)
(4.431245502512978 -0.013598737650763196 0.0)
(5.363041403746016 -0.025209133754566113 0.0)
(6.207544784757562 -0.03783190840622835 0.0)
(6.983715293328778 -0.049029880658082114 0.0)
(7.684349063018641 -0.05856712802216117 0.0)
(8.289299065665142 -0.06702855065001616 0.0)
(8.800262176858796 -0.07437703631540644 0.0)
(9.220363383269365 -0.08048329286473178 0.0)
(9.549993380924569 -0.08528326376170488 0.0)
(9.789520553416875 -0.08873502365754742 0.0)
(9.939404380776612 -0.09081390785855364 0.0)
(10.000000000000007 -0.09150818895583573 0.0)
(9.971706730334503 -0.09081390785855506 0.0)
(9.854923891027584 -0.0887350236575504 0.0)
(9.65000661907544 -0.08528326376170778 0.0)
(9.357414394508409 -0.08048329286473706 0.0)
(8.977515600918991 -0.07437703631541223 0.0)
(8.510700934334858 -0.06702855065002387 0.0)
(7.9600953814258055 -0.05856712802217033 0.0)
(7.327395817782338 -0.04902988065809003 0.0)
(6.592455215242434 -0.03783190840623534 0.0)
(5.748069707365057 -0.025209133754573097 0.0)
(4.813198941931423 -0.01359873765076742 0.0)
(3.788652377824501 -0.005457173766861454 0.0)
(2.6493819490064134 -0.001381759321481506 0.0)
(1.3855535107248562 -0.00015344937923685218 0.0)
(0.028684777063034114 -2.1820649274796097e-06 0.0)
(-0.028688573702254055 -2.2381107238290003e-06 0.0)
(1.1922041791599816 -0.00015415461175043198 0.0)
(2.3282896724060236 -0.0013840714605465334 0.0)
(3.4109837346661003 -0.005460970024443893 0.0)
(4.430616840797839 -0.013602951793213913 0.0)
(5.36293940876045 -0.025214944771591294 0.0)
(6.2086123165188205 -0.03784366170012824 0.0)
(6.984582170524917 -0.049048250724478604 0.0)
(7.684389202499385 -0.05858723857572061 0.0)
(8.289329037753497 -0.0670480370943007 0.0)
(8.800308057916924 -0.0743957927817591 0.0)
(9.220387328368664 -0.08050118377319822 0.0)
(9.550008444270446 -0.08530033143064204 0.0)
(9.789529055141344 -0.08875142447439234 0.0)
(9.93940818859456 -0.09082988383977897 0.0)
(10.000000000000007 -0.09152401633896376 0.0)
(9.971702922516556 -0.09082988383978041 0.0)
(9.854915389303114 -0.08875142447439532 0.0)
(9.649991555729564 -0.08530033143064494 0.0)
(9.35739044940911 -0.08050118377320349 0.0)
(8.977469719860864 -0.07439579278176489 0.0)
(8.510670962246504 -0.06704803709430844 0.0)
(7.960055241945062 -0.05858723857572978 0.0)
(7.326528940586196 -0.04904825072448651 0.0)
(6.591387683481174 -0.037843661700135235 0.0)
(5.748171702350624 -0.025214944771598264 0.0)
(4.813827603646565 -0.01360295179321813 0.0)
(3.789016265333871 -0.005460970024445618 0.0)
(2.649488105371751 -0.0013840714605472379 0.0)
(1.3855735986178073 -0.0001541546117506972 0.0)
(0.028688573702247998 -2.238110723853587e-06 0.0)
(-0.028685935599944326 -2.283080705251253e-06 0.0)
(1.1922075131548426 -0.0001546818163652264 0.0)
(2.328226252140235 -0.0013855340299582424 0.0)
(3.410652482577929 -0.00546244181039652 0.0)
(4.42991310783145 -0.013602573167767591 0.0)
(5.362582823080118 -0.025213464784980953 0.0)
(6.209477812304602 -0.037846071165105404 0.0)
(6.985509061826346 -0.04905700854730288 0.0)
(7.684495957206226 -0.05859849707747557 0.0)
(8.28936532958026 -0.06705934088871575 0.0)
(8.800360841465904 -0.07440697970539377 0.0)
(9.220415368972915 -0.08051208518797374 0.0)
(9.550026108048858 -0.08531089779475694 0.0)
(9.789538961593543 -0.08876169146449438 0.0)
(9.939412673082321 -0.09083995354544988 0.0)
(10.000000000000007 -0.09153401424976682 0.0)
(9.971698438028795 -0.09083995354545132 0.0)
(9.854905482850915 -0.08876169146449736 0.0)
(9.64997389195115 -0.08531089779475987 0.0)
(9.357362408804859 -0.08051208518797902 0.0)
(8.977416936311883 -0.07440697970539956 0.0)
(8.51063467041974 -0.06705934088872346 0.0)
(7.95994848723822 -0.058598497077484726 0.0)
(7.3256020492847655 -0.049057008547310786 0.0)
(6.590522187695391 -0.037846071165112356 0.0)
(5.7485282880309585 -0.02521346478498789 0.0)
(4.814531336612956 -0.013602573167771788 0.0)
(3.7893475174220432 -0.005462441810398238 0.0)
(2.6495515256375395 -0.001385534029958947 0.0)
(1.3855702646229462 -0.0001546818163654921 0.0)
(0.02868593559993824 -2.2830807052759066e-06 0.0)
(-0.028676978669500197 -2.314998973008445e-06 0.0)
(1.1922341225478807 -0.0001550078286746907 0.0)
(2.32820835454445 -0.001386082767091676 0.0)
(3.410368420521702 -0.005461524457135407 0.0)
(4.429165224352911 -0.013597618410533665 0.0)
(5.3619873144274575 -0.025204758822639194 0.0)
(6.21010324381346 -0.03783903093367671 0.0)
(6.986455241324978 -0.04905576932384206 0.0)
(7.684664636532649 -0.05860040884945579 0.0)
(8.289406346548958 -0.06706196536521435 0.0)
(8.800418208293161 -0.07441010555335185 0.0)
(9.220446273029268 -0.0805155181208367 0.0)
(9.550045596145695 -0.08531449858734101 0.0)
(9.789549837502088 -0.08876537351509138 0.0)
(9.939417637199705 -0.09084367453112119 0.0)
(10.000000000000007 -0.09153774339833487 0.0)
(9.971693473911412 -0.0908436745311226 0.0)
(9.85489460694237 -0.08876537351509436 0.0)
(9.649954403854313 -0.08531449858734391 0.0)
(9.357331504748505 -0.08051551812084197 0.0)
(8.977359569484626 -0.07441010555335761 0.0)
(8.510593653451043 -0.06706196536522203 0.0)
(7.959779807911796 -0.05860040884946492 0.0)
(7.324655869786131 -0.049055769323849925 0.0)
(6.589896756186532 -0.03783903093368362 0.0)
(5.749123796683621 -0.02520475882264608 0.0)
(4.815279220091497 -0.01359761841053783 0.0)
(3.7896315794782707 -0.0054615244571371135 0.0)
(2.6495694232333244 -0.001386082767092378 0.0)
(1.3855436552299079 -0.0001550078286749563 0.0)
(0.028676978669494056 -2.314998973033127e-06 0.0)
(-0.028662096462059132 -2.3324630968081474e-06 0.0)
(1.1922828381710466 -0.00015511832429436967 0.0)
(2.328236766006284 -0.0013856935614410771 0.0)
(3.410144029664493 -0.005458258271484598 0.0)
(4.428406050994054 -0.013588305224480523 0.0)
(5.361179048363215 -0.025189209408624208 0.0)
(6.210461130729091 -0.03782285034073143 0.0)
(6.987379135624631 -0.04904458750330791 0.0)
(7.684887829017641 -0.058592889891897953 0.0)
(8.289450286449023 -0.06705579520910053 0.0)
(8.800477637805253 -0.07440503298159266 0.0)
(9.220478682670024 -0.08051133173499748 0.0)
(9.550066052289637 -0.08531097559615554 0.0)
(9.789561204999453 -0.08876230884361626 0.0)
(9.939422862832478 -0.09084088330348983 0.0)
(10.000000000000007 -0.09153503993270215 0.0)
(9.971688248278639 -0.09084088330349124 0.0)
(9.854883239445005 -0.08876230884361921 0.0)
(9.649933947710371 -0.08531097559615841 0.0)
(9.35729909510775 -0.08051133173500273 0.0)
(8.977300139972535 -0.0744050329815984 0.0)
(8.510549713550978 -0.06705579520910819 0.0)
(7.959556615426804 -0.05859288989190703 0.0)
(7.323731975486475 -0.0490445875033157 0.0)
(6.589538869270902 -0.037822850340738255 0.0)
(5.749932062747867 -0.025189209408631025 0.0)
(4.816038393450356 -0.013588305224484646 0.0)
(3.78985597033548 -0.005458258271486287 0.0)
(2.64954101177149 -0.0013856935614417743 0.0)
(1.3854949396067417 -0.00015511832429463467 0.0)
(0.02866209646205293 -2.3324630968328173e-06 0.0)
(-0.028641942874589862 -2.3347057350003117e-06 0.0)
(1.192351519548981 -0.00015500844824888066 0.0)
(2.3283102381780822 -0.0013843835139907019 0.0)
(3.4099891693300557 -0.005452786763666271 0.0)
(4.4276689444434005 -0.013575042813965345 0.0)
(5.360193538619572 -0.02516749975574096 0.0)
(6.210535748155157 -0.03779824033192198 0.0)
(6.988240150499996 -0.04902395439443814 0.0)
(7.685155727991729 -0.058576270574041606 0.0)
(8.289495218641633 -0.06704110152574598 0.0)
(8.800536518778143 -0.07439198486963929 0.0)
(9.220511173874858 -0.08049970997259111 0.0)
(9.550086577675142 -0.08530048361498808 0.0)
(9.789572564618599 -0.08875263210612692 0.0)
(9.939428120375894 -0.0908317025039915 0.0)
(10.000000000000007 -0.09152602263820267 0.0)
(9.971682990735223 -0.09083170250399292 0.0)
(9.85487187982586 -0.08875263210612988 0.0)
(9.649913422324868 -0.08530048361499096 0.0)
(9.357266603902916 -0.0804997099725963 0.0)
(8.977241258999644 -0.07439198486964496 0.0)
(8.510504781358366 -0.06704110152575356 0.0)
(7.959288716452715 -0.05857627057405061 0.0)
(7.32287096061111 -0.04902395439444584 0.0)
(6.589464251844838 -0.03779824033192871 0.0)
(5.750917572491513 -0.0251674997557477 0.0)
(4.816775500001011 -0.013575042813969417 0.0)
(3.7900108306699174 -0.005452786763667937 0.0)
(2.649467539599691 -0.001384383513991392 0.0)
(1.3854262582288073 -0.00015500844824914447 0.0)
(0.02864194287458359 -2.33470573502493e-06 0.0)
(-0.028617403418855845 -2.321628350165565e-06 0.0)
(1.1924371489475865 -0.0001546830282906499 0.0)
(2.3284255428270293 -0.001382210185828855 0.0)
(3.409910643798177 -0.005445350341724122 0.0)
(4.426986291814286 -0.013558413905043275 0.0)
(5.359074086691725 -0.025140583746420454 0.0)
(6.210323817538463 -0.03776628222601274 0.0)
(6.98900045453263 -0.04899477657828927 0.0)
(7.685456562464101 -0.05855128111830918 0.0)
(8.289539168888448 -0.06701852992871592 0.0)
(8.800592264089602 -0.07437153452766011 0.0)
(9.220542319039671 -0.08048116347259625 0.0)
(9.550106270454318 -0.08528348364229664 0.0)
(9.789583417238646 -0.0887367684807656 0.0)
(9.939433178823114 -0.09081653552016042 0.0)
(10.000000000000007 -0.09151108771826011 0.0)
(9.971677932288003 -0.0908165355201618 0.0)
(9.854861027205812 -0.08873676848076853 0.0)
(9.64989372954569 -0.08528348364229946 0.0)
(9.357235458738103 -0.08048116347260138 0.0)
(8.977185513688186 -0.0743715345276657 0.0)
(8.510460831111553 -0.06701852992872344 0.0)
(7.958987881980342 -0.0585512811183181 0.0)
(7.322110656578475 -0.04899477657829688 0.0)
(6.589676182461532 -0.037766282226019375 0.0)
(5.752037024419363 -0.025140583746427105 0.0)
(4.8174581526301266 -0.013558413905047294 0.0)
(3.7900893562017957 -0.005445350341725762 0.0)
(2.649352234950744 -0.0013822101858295365 0.0)
(1.3853406288302015 -0.0001546830282909121 0.0)
(0.02861740341884949 -2.321628350190094e-06 0.0)
(-0.028589556313648366 -2.293805538669147e-06 0.0)
(1.1925359639677429 -0.00015415636277730306 0.0)
(2.328577613677794 -0.0013792690690189765 0.0)
(3.409911903337069 -0.005436275748433742 0.0)
(4.426388087614358 -0.013539149141550622 0.0)
(5.357869879249404 -0.025109644020870785 0.0)
(6.209834650722595 -0.03772838020371166 0.0)
(6.989626641354276 -0.04895833607472358 0.0)
(7.685777114318402 -0.058519019515668624 0.0)
(8.289580206096023 -0.06698907217269028 0.0)
(8.800642424392628 -0.07434458050626884 0.0)
(9.220570749702901 -0.08045650713429285 0.0)
(9.550124265362479 -0.08526072262578067 0.0)
(9.78959328601532 -0.08871541498620898 0.0)
(9.939437815915223 -0.09079604876151887 0.0)
(10.000000000000007 -0.09149089138593403 0.0)
(9.971673295195894 -0.09079604876152025 0.0)
(9.854851158429138 -0.08871541498621188 0.0)
(9.64987573463753 -0.08526072262578346 0.0)
(9.357207028074871 -0.08045650713429793 0.0)
(8.97713535338516 -0.07434458050627438 0.0)
(8.510419793903978 -0.06698907217269771 0.0)
(7.95866733012604 -0.05851901951567745 0.0)
(7.321484469756827 -0.04895833607473108 0.0)
(6.590165349277403 -0.037728380203718166 0.0)
(5.753241231861687 -0.02510964402087734 0.0)
(4.8180563568300565 -0.013539149141554583 0.0)
(3.7900880966629034 -0.005436275748435353 0.0)
(2.649200164099979 -0.001379269069019648 0.0)
(1.3852418138100449 -0.00015415636277756324 0.0)
(0.028589556313641927 -2.2938055386935535e-06 0.0)
(-0.028559625109825404 -2.252459783947815e-06 0.0)
(1.1926436228582413 -0.00015345159242798935 0.0)
(2.3287597690153996 -0.001375689390853072 0.0)
(3.409992892604897 -0.005425961704822809 0.0)
(4.425900615841776 -0.013518094981951362 0.0)
(5.356633826964591 -0.02507604001402998 0.0)
(6.209089740802533 -0.037686199610538824 0.0)
(6.9900911974615685 -0.04891623401280175 0.0)
(7.686103299092585 -0.058480903281919044 0.0)
(8.289616527164535 -0.06695402257757742 0.0)
(8.80068479573527 -0.07431230711585442 0.0)
(9.220595216673217 -0.08042682431207844 0.0)
(9.55013977173628 -0.08523320064286581 0.0)
(9.78960173733263 -0.08868950985594277 0.0)
(9.939441827906876 -0.0907711423787621 0.0)
(10.000000000000007 -0.09146632103111874 0.0)
(9.97166928320424 -0.09077114237876346 0.0)
(9.854842707111828 -0.08868950985594565 0.0)
(9.64986022826373 -0.08523320064286855 0.0)
(9.357182561104555 -0.08042682431208349 0.0)
(8.977092982042517 -0.0743123071158599 0.0)
(8.510383472835464 -0.06695402257758477 0.0)
(7.958341145351857 -0.058480903281927774 0.0)
(7.321019913649534 -0.048916234012809125 0.0)
(6.590910259197468 -0.03768619961054522 0.0)
(5.754477284146504 -0.025076040014036443 0.0)
(4.818543828602639 -0.013518094981955263 0.0)
(3.790007107395075 -0.005425961704824388 0.0)
(2.6490180087623725 -0.0013756893908537327 0.0)
(1.385134154919546 -0.00015345159242824714 0.0)
(0.02855962510981888 -2.2524597839720706e-06 0.0)
(-0.02852892492972535 -2.1994077428241038e-06 0.0)
(1.19275539528439 -0.0001525996835625166 0.0)
(2.3289640052675553 -0.0013716284358409152 0.0)
(3.410150053081398 -0.005414861391098576 0.0)
(4.425545295114423 -0.01349617650750079 0.0)
(5.355420239713384 -0.025041248224481824 0.0)
(6.208121817757392 -0.03764159378459108 0.0)
(6.990373711109034 -0.04887032028010105 0.0)
(7.686420784824412 -0.05843860717463971 0.0)
(8.289646536212683 -0.06691492115846516 0.0)
(8.800717516398251 -0.0742761323901492 0.0)
(9.220614644916706 -0.08039341921485797 0.0)
(9.550152108254021 -0.08520212695913125 0.0)
(9.789608399855153 -0.08866019131399876 0.0)
(9.9394450385185 -0.09074291071278351 0.0)
(10.000000000000007 -0.0914384562302546 0.0)
(9.971666072592617 -0.09074291071278487 0.0)
(9.854836044589305 -0.0886601913140016 0.0)
(9.649847891745987 -0.08520212695913396 0.0)
(9.357163132861066 -0.08039341921486297 0.0)
(8.977060261379536 -0.0742761323901546 0.0)
(8.510353463787318 -0.0669149211584724 0.0)
(7.958023659620029 -0.05843860717464834 0.0)
(7.320737400002069 -0.0488703202801083 0.0)
(6.5918781822426125 -0.03764159378459735 0.0)
(5.7556908713977135 -0.025041248224488197 0.0)
(4.818899149329991 -0.013496176507504632 0.0)
(3.7898499469185727 -0.005414861391100126 0.0)
(2.6488137725102163 -0.0013716284358415642 0.0)
(1.3850223824933972 -0.00015259968356277185 0.0)
(0.02852892492971875 -2.1994077428481874e-06 0.0)
(-0.0284988046830974 -2.1369804249290225e-06 0.0)
(1.1928663701702655 -0.00015163806749791047 0.0)
(2.3291813486669817 -0.001367264634916432 0.0)
(3.4103764794227525 -0.005403462534738639 0.0)
(4.42533773757502 -0.01347435677586755 0.0)
(5.354282440299407 -0.02500679733980929 0.0)
(6.20697341035501 -0.037596522624256494 0.0)
(6.990461769163846 -0.048822612242039556 0.0)
(7.68671562177165 -0.05839398960740594 0.0)
(8.289668914697787 -0.06687348596017524 0.0)
(8.800739148695497 -0.07423764578042082 0.0)
(9.220628180791891 -0.0803577596014904 0.0)
(9.550160732871687 -0.08516886689539264 0.0)
(9.78961298084384 -0.0886287475634732 0.0)
(9.939447306681691 -0.09071259421133784 0.0)
(10.000000000000007 -0.09140852131171437 0.0)
(9.971663804429426 -0.09071259421133918 0.0)
(9.854831463600618 -0.08862874756347602 0.0)
(9.649839267128321 -0.0851688668953953 0.0)
(9.357149596985883 -0.08035775960149531 0.0)
(8.977038629082289 -0.07423764578042613 0.0)
(8.510331085302212 -0.06687348596018243 0.0)
(7.95772882267279 -0.05839398960741446 0.0)
(7.320649341947258 -0.048822612242046697 0.0)
(6.593026589644998 -0.037596522624262656 0.0)
(5.756828670811692 -0.02500679733981558 0.0)
(4.819106706869395 -0.013474356775871337 0.0)
(3.789623520577218 -0.005403462534740161 0.0)
(2.6485964291107895 -0.0013672646349170696 0.0)
(1.3849114076075213 -0.00015163806749816307 0.0)
(0.028498804683090732 -2.1369804249529207e-06 0.0)
(-0.028470587798474965 -2.0679207724033314e-06 0.0)
(1.1929716714824057 -0.00015060899588482295 0.0)
(2.3294022495423254 -0.001362789725508897 0.0)
(3.410662222869756 -0.005392265980637836 0.0)
(4.425287062922131 -0.013453594506141534 0.0)
(5.353270421547367 -0.024974201068858774 0.0)
(6.205694977515696 -0.037552966473864795 0.0)
(6.990351502516175 -0.048775206102530305 0.0)
(7.686974855338226 -0.05834901099449645 0.0)
(8.289682679350156 -0.06683153756951703 0.0)
(8.800748742143446 -0.07419853831789151 0.0)
(9.22063522955718 -0.08032141229014965 0.0)
(9.550165266639352 -0.08513488183800304 0.0)
(9.78961527901843 -0.0885965601852395 0.0)
(9.939448532737511 -0.0906815249260361 0.0)
(10.000000000000007 -0.09137783156105433 0.0)
(9.971662578373603 -0.09068152492603743 0.0)
(9.854829165426029 -0.08859656018524228 0.0)
(9.649834733360656 -0.08513488183800566 0.0)
(9.357142548220594 -0.0803214122901545 0.0)
(8.977029035634342 -0.07419853831789677 0.0)
(8.510317320649845 -0.0668315375695241 0.0)
(7.957469589106213 -0.058349010994504874 0.0)
(7.32075960859493 -0.04877520610253735 0.0)
(6.594305022484315 -0.03755296647387087 0.0)
(5.757840689563735 -0.024974201068864995 0.0)
(4.819157381522284 -0.013453594506145276 0.0)
(3.7893377771302137 -0.005392265980639332 0.0)
(2.648375528235445 -0.0013627897255095239 0.0)
(1.3848061062953811 -0.00015060899588507289 0.0)
(0.028470587798468235 -2.067920772427038e-06 0.0)
(-0.02844551407414702 -1.9952631400379453e-06 0.0)
(1.193066672473798 -0.00014955768424729975 0.0)
(2.3296170019132516 -0.0013584003269510618 0.0)
(3.4109947283780997 -0.005381763684899837 0.0)
(4.425395497707297 -0.013434801954471005 0.0)
(5.352428649709791 -0.024944891632142648 0.0)
(6.2043426912395825 -0.0375128391109805 0.0)
(6.990047756080792 -0.048730184800616264 0.0)
(7.687187095275481 -0.05830564761387644 0.0)
(8.289687225376145 -0.06679091912203357 0.0)
(8.800745875223544 -0.07416052831291974 0.0)
(9.22063548150272 -0.08028597431520053 0.0)
(9.550165510351562 -0.08510166502821027 0.0)
(9.789615193401332 -0.0885650434338121 0.0)
(9.93944866281531 -0.09065106798443484 0.0)
(10.000000000000007 -0.09134773542977317 0.0)
(9.971662448295806 -0.09065106798443615 0.0)
(9.854829251043126 -0.08856504343381486 0.0)
(9.649834489648448 -0.08510166502821284 0.0)
(9.357142296275054 -0.08028597431520536 0.0)
(8.977031902554243 -0.07416052831292494 0.0)
(8.510312774623856 -0.06679091912204059 0.0)
(7.957257349168959 -0.05830564761388478 0.0)
(7.321063355030314 -0.04873018480062321 0.0)
(6.595657308760432 -0.0375128391109865 0.0)
(5.758682461401313 -0.024944891632148813 0.0)
(4.819048946737117 -0.013434801954474709 0.0)
(3.789005271621869 -0.0053817636849013105 0.0)
(2.6481607758645183 -0.0013584003269516787 0.0)
(1.3847111053039884 -0.00014955768424754714 0.0)
(0.028445514074140234 -1.995263140061463e-06 0.0)
(-0.028424685203689445 -1.9221999712756177e-06 0.0)
(1.19314719897468 -0.00014853032529537334 0.0)
(2.32981616995346 -0.0013542893013853796 0.0)
(3.411359386264049 -0.005372417099185963 0.0)
(4.425658277504433 -0.013418804831196361 0.0)
(5.351794110701243 -0.024920156832690124 0.0)
(6.202975968511703 -0.037477903658517796 0.0)
(6.989563875920379 -0.04868952648993938 0.0)
(7.687343016148851 -0.05826580477315929 0.0)
(8.289682353031687 -0.06675341531799799 0.0)
(8.800730673903006 -0.07412528585558663 0.0)
(9.220628925558485 -0.08025300275643037 0.0)
(9.550161453300044 -0.0850706759518682 0.0)
(9.789612727754408 -0.08853558209759042 0.0)
(9.939447691199709 -0.09062256160882859 0.0)
(10.000000000000007 -0.09131955528682009 0.0)
(9.971663419911408 -0.0906225616088299 0.0)
(9.85483171669005 -0.08853558209759316 0.0)
(9.649838546699964 -0.08507067595187073 0.0)
(9.357148852219288 -0.08025300275643514 0.0)
(8.977047103874781 -0.07412528585559178 0.0)
(8.510317646968312 -0.06675341531800492 0.0)
(7.957101428295588 -0.05826580477316756 0.0)
(7.321547235190729 -0.04868952648994624 0.0)
(6.597024031488314 -0.037477903658523735 0.0)
(5.759317000409861 -0.024920156832696248 0.0)
(4.8187861669399785 -0.01341880483120004 0.0)
(3.788640613735918 -0.005372417099187418 0.0)
(2.6479616078243096 -0.0013542893013859883 0.0)
(1.3846305788031061 -0.00014853032529561845 0.0)
(0.02842468520368263 -1.9221999712989577e-06 0.0)
(-0.02840901636956481 -1.8519415280864758e-06 0.0)
(1.1932097127979227 -0.0001475720593018913 0.0)
(2.329991002583631 -0.0013506372797542983 0.0)
(3.411740174127218 -0.005364636895373386 0.0)
(4.426063856249997 -0.013406306020648389 0.0)
(5.3513946850049035 -0.02490108347233811 0.0)
(6.201654860628374 -0.03744969511634529 0.0)
(6.988921122843952 -0.04865501762228851 0.0)
(7.687435767080411 -0.05823123309387569 0.0)
(8.289668276398688 -0.06672067400594829 0.0)
(8.800703806100048 -0.07409435943499311 0.0)
(9.220615849780673 -0.08022394632381176 0.0)
(9.550153273744224 -0.08504327621229836 0.0)
(9.78960799041367 -0.08850947065379007 0.0)
(9.939445660581715 -0.09059725831721058 0.0)
(10.000000000000007 -0.09129452931612231 0.0)
(9.9716654505294 -0.09059725831721188 0.0)
(9.854836454030789 -0.0885094706537928 0.0)
(9.649846726255785 -0.08504327621230087 0.0)
(9.357161927997101 -0.0802239463238165 0.0)
(8.97707397167774 -0.0740943594349982 0.0)
(8.510331723601313 -0.0667206740059552 0.0)
(7.957008677364028 -0.05823123309388391 0.0)
(7.322189988267159 -0.04865501762229533 0.0)
(6.598345139371647 -0.03744969511635119 0.0)
(5.7597164261062 -0.024901083472344206 0.0)
(4.818380588194413 -0.013406306020652051 0.0)
(3.788259825872748 -0.005364636895374831 0.0)
(2.647786775194138 -0.0013506372797549 0.0)
(1.3845680649798637 -0.00014757205930213452 0.0)
(0.028409016369557984 -1.8519415281096568e-06 0.0)
(-0.02839919603167923 -1.7875748379300605e-06 0.0)
(1.1932514672004977 -0.00014672499072150916 0.0)
(2.3301338179778424 -0.001347604725207102 0.0)
(3.412120360845531 -0.005358764921384152 0.0)
(4.426594413555893 -0.013397854697696627 0.0)
(5.3512479226551415 -0.024888509599646738 0.0)
(6.20043741465309 -0.03742945291619997 0.0)
(6.988147738245805 -0.048628174454176054 0.0)
(7.687461272763912 -0.05820345159236626 0.0)
(8.289645613978644 -0.06669413377923746 0.0)
(8.800666452336777 -0.07406910790148179 0.0)
(9.220596828695038 -0.0802000817038367 0.0)
(9.55014133107882 -0.08502066970393106 0.0)
(9.789601189529206 -0.08848785639148211 0.0)
(9.939442660182973 -0.0905762698899234 0.0)
(10.000000000000007 -0.09127375711304855 0.0)
(9.971668450928144 -0.0905762698899247 0.0)
(9.854843254915252 -0.08848785639148482 0.0)
(9.64985866892119 -0.08502066970393354 0.0)
(9.357180949082736 -0.08020008170384142 0.0)
(8.97711132544101 -0.07406910790148688 0.0)
(8.510354386021357 -0.06669413377924434 0.0)
(7.956983171680528 -0.058203451592374444 0.0)
(7.322963372865308 -0.04862817445418285 0.0)
(6.599562585346934 -0.037429452916205856 0.0)
(5.759863188455961 -0.024888509599652834 0.0)
(4.817850030888515 -0.013397854697700289 0.0)
(3.7878796391544345 -0.00535876492138559 0.0)
(2.6476439597999266 -0.0013476047252076997 0.0)
(1.3845263105772885 -0.00014672499072175085 0.0)
(0.028399196031672402 -1.7875748379531087e-06 0.0)
(-0.0283956556777136 -1.7319280554163138e-06 0.0)
(1.1932706275703442 -0.00014602633819798074 0.0)
(2.3302383410889456 -0.0013453248826426935 0.0)
(3.412483241710117 -0.005355059181012873 0.0)
(4.427226637704728 -0.013393822198010327 0.0)
(5.35136027212111 -0.024882987687578823 0.0)
(6.199377122934749 -0.03741806646332418 0.0)
(6.987277703230312 -0.04861017642530069 0.0)
(7.68741841252628 -0.05818368093698251 0.0)
(8.289615361516837 -0.06667496076687314 0.0)
(8.800620253869216 -0.07405064076123881 0.0)
(9.220572698053285 -0.08018245746424783 0.0)
(9.550126150042697 -0.0850038497153865 0.0)
(9.789592623919438 -0.08847168900181017 0.0)
(9.93943882183551 -0.09056051852006483 0.0)
(10.000000000000007 -0.09125815137020021 0.0)
(9.971672289275606 -0.09056051852006614 0.0)
(9.85485182052502 -0.08847168900181288 0.0)
(9.649873849957311 -0.08500384971538899 0.0)
(9.357205079724489 -0.08018245746425255 0.0)
(8.977157523908572 -0.07405064076124387 0.0)
(8.510384638483163 -0.06667496076688 0.0)
(7.95702603191816 -0.05818368093699068 0.0)
(7.323833407880803 -0.04861017642530747 0.0)
(6.600622877065277 -0.03741806646333006 0.0)
(5.759750838989991 -0.024882987687584932 0.0)
(4.817217806739679 -0.013393822198013995 0.0)
(3.7875167582898475 -0.005355059181014312 0.0)
(2.647539436688823 -0.0013453248826432887 0.0)
(1.3845071502074422 -0.0001460263381982214 0.0)
(0.028395655677706785 -1.7319280554392604e-06 0.0)
(-0.028398550864344264 -1.6874461983659777e-06 0.0)
(1.1932663520358635 -0.00014550679924504113 0.0)
(2.330299979362659 -0.0013438979241724987 0.0)
(3.412812872399658 -0.005353682497712005 0.0)
(4.427932749924023 -0.013394385702248452 0.0)
(5.351726796972813 -0.024884760358848575 0.0)
(6.198520572751707 -0.03741603605762633 0.0)
(6.986349245544372 -0.04860181433612473 0.0)
(7.687309069567948 -0.05817278981415261 0.0)
(8.289578848251091 -0.0666639973959426 0.0)
(8.800567240573509 -0.07403976942662173 0.0)
(9.220544518111668 -0.08017184798189005 0.0)
(9.550108397662814 -0.08499355528619006 0.0)
(9.789582669941584 -0.08846167885029903 0.0)
(9.939434314189295 -0.09055069629401014 0.0)
(10.000000000000007 -0.0912483977753682 0.0)
(9.971676796921821 -0.09055069629401144 0.0)
(9.854861774502872 -0.08846167885030173 0.0)
(9.649891602337194 -0.08499355528619254 0.0)
(9.357233259666106 -0.08017184798189476 0.0)
(8.977210537204279 -0.0740397694266268 0.0)
(8.51042115174891 -0.06666399739594948 0.0)
(7.957135374876492 -0.0581727898141608 0.0)
(7.324761865566746 -0.04860181433613154 0.0)
(6.60147942724832 -0.03741603605763224 0.0)
(5.759384314138286 -0.02488476035885472 0.0)
(4.816511694520382 -0.013394385702252142 0.0)
(3.787187127600306 -0.005353682497713449 0.0)
(2.64747779841511 -0.0013438979241730943 0.0)
(1.3845114257419229 -0.00014550679924528137 0.0)
(0.028398550864337492 -1.6874461983888595e-06 0.0)
(-0.028407754382367277 -1.6560837182005873e-06 0.0)
(1.193238828456219 -0.000145189201453813 0.0)
(2.3303160245259993 -0.0013433865477411508 0.0)
(3.4130947695446974 -0.005354695360427213 0.0)
(4.428681724934656 -0.01339952045106568 0.0)
(5.352331392778805 -0.024893749725523412 0.0)
(6.197905399351993 -0.037423450911418264 0.0)
(6.985403159920138 -0.048603455601548565 0.0)
(7.687138048218467 -0.05817125675988896 0.0)
(8.289537678507504 -0.06666172537690764 0.0)
(8.800509741756889 -0.07403697156418508 0.0)
(9.220513527045265 -0.08016871941800864 0.0)
(9.550088853946265 -0.08499023873472746 0.0)
(9.789571764955227 -0.08845826576469303 0.0)
(9.939429335302055 -0.09054723478240292 0.0)
(10.000000000000007 -0.09124492488366567 0.0)
(9.971681775809062 -0.0905472347824042 0.0)
(9.854872679489231 -0.08845826576469573 0.0)
(9.649911146053743 -0.08499023873472997 0.0)
(9.357264250732507 -0.08016871941801339 0.0)
(8.977268036020899 -0.0740369715641902 0.0)
(8.510462321492497 -0.06666172537691455 0.0)
(7.957306396225974 -0.05817125675989718 0.0)
(7.3257079511909815 -0.04860345560155541 0.0)
(6.6020946006480346 -0.037423450911424246 0.0)
(5.758779718332292 -0.024893749725529612 0.0)
(4.815762719509746 -0.0133995204510694 0.0)
(3.786905230455266 -0.005354695360428671 0.0)
(2.6474617532517697 -0.0013433865477417491 0.0)
(1.3845389493215676 -0.00014518920145405328 0.0)
(0.028407754382360553 -1.6560837182234423e-06 0.0)
(-0.02842286184603806 -1.6392186249225727e-06 0.0)
(1.1931892661671473 -0.00014508749949021402 0.0)
(2.330285771583843 -0.001343813222293507 0.0)
(3.4133165471003992 -0.005358053265823775 0.0)
(4.429440654144875 -0.013409000832992738 0.0)
(5.353147494705447 -0.02490956081127723 0.0)
(6.197558632329361 -0.037439985229589474 0.0)
(6.984481015629126 -0.048615028107372074 0.0)
(7.686912862843059 -0.058179149133791255 0.0)
(8.289493661209292 -0.0666682445381281 0.0)
(8.800450283812163 -0.07404237010688582 0.0)
(9.22048108654484 -0.08017320923597705 0.0)
(9.550068377608202 -0.08499404578420257 0.0)
(9.789560388105514 -0.08846159970972962 0.0)
(9.939424103936986 -0.09055028607773052 0.0)
(10.000000000000007 -0.09124788528760058 0.0)
(9.971687007174129 -0.09055028607773183 0.0)
(9.854884056338944 -0.08846159970973236 0.0)
(9.649931622391808 -0.08499404578420508 0.0)
(9.357296691232932 -0.0801732092359818 0.0)
(8.977327493965625 -0.07404237010689096 0.0)
(8.510506338790709 -0.06666824453813504 0.0)
(7.9575315816013825 -0.05817914913379951 0.0)
(7.326630095481995 -0.04861502810737898 0.0)
(6.602441367670665 -0.037439985229595525 0.0)
(5.757963616405647 -0.024909560811283493 0.0)
(4.815003790299526 -0.0134090008329965 0.0)
(3.786683452899564 -0.0053580532658252505 0.0)
(2.647492006193926 -0.0013438132222941101 0.0)
(1.3845885116106396 -0.00014508749949045495 0.0)
(0.0284228618460314 -1.6392186249454418e-06 0.0)
(-0.028443209461041244 -1.6375919398767548e-06 0.0)
(1.1931198428449585 -0.0001452061619524663 0.0)
(2.3302105497951224 -0.0013451592005303157 0.0)
(3.413468460566696 -0.00536360867368168 0.0)
(4.430176191593601 -0.013422410297391621 0.0)
(5.354139244727098 -0.02493149890592756 0.0)
(6.197495507992395 -0.03746491252444819 0.0)
(6.983623330004466 -0.048636023378860666 0.0)
(7.686643407675153 -0.05819612015938892 0.0)
(8.28944873039601 -0.0666832684395864 0.0)
(8.800391479212648 -0.07405572785263399 0.0)
(9.220448621986634 -0.08018512016140757 0.0)
(9.550047868341457 -0.08500480915982618 0.0)
(9.789549039270408 -0.0884715341979632 0.0)
(9.9394188499507 -0.09055971611165844 0.0)
(10.000000000000007 -0.09125714891243994 0.0)
(9.971692261160415 -0.09055971611165975 0.0)
(9.85489540517405 -0.08847153419796597 0.0)
(9.649952131658553 -0.08500480915982875 0.0)
(9.35732915579114 -0.08018512016141237 0.0)
(8.97738629856514 -0.0740557278526392 0.0)
(8.51055126960399 -0.0666832684395934 0.0)
(7.957801036769289 -0.05819612015939726 0.0)
(7.327487781106657 -0.04863602337886767 0.0)
(6.60250449200763 -0.03746491252445434 0.0)
(5.756971866383992 -0.024931498905933904 0.0)
(4.814268252850798 -0.013422410297395436 0.0)
(3.7865315394332675 -0.0053636086736831776 0.0)
(2.647567227982647 -0.0013451592005309257 0.0)
(1.3846579349328285 -0.00014520616195270842 0.0)
(0.02844320946103466 -1.6375919398996768e-06 0.0)
(-0.028467903190398505 -1.6512751366281094e-06 0.0)
(1.1930336088234232 -0.00014553997502906533 0.0)
(2.3300936642676198 -0.0013473653426302485 0.0)
(3.4135438351437966 -0.00537111748954298 0.0)
(4.4308560191109665 -0.013439159656928566 0.0)
(5.355263067162164 -0.024958600089730075 0.0)
(6.197718799908978 -0.037497137536261514 0.0)
(6.982867788183416 -0.04866551892219491 0.0)
(7.686341522081874 -0.058221424160864815 0.0)
(8.289404860245396 -0.06670613695853793 0.0)
(8.800335911724869 -0.07407645788651877 0.0)
(9.22041755980394 -0.08020392885002726 0.0)
(9.550028227285688 -0.0850220559385645 0.0)
(9.789538217096961 -0.08848763272615544 0.0)
(9.939413804193743 -0.09057511054574766 0.0)
(10.000000000000007 -0.09127230873145564 0.0)
(9.971697306917374 -0.09057511054574899 0.0)
(9.854906227347497 -0.0884876327261582 0.0)
(9.64997177271432 -0.0850220559385671 0.0)
(9.357360217973834 -0.08020392885003212 0.0)
(8.977441866052919 -0.074076457886524 0.0)
(8.510595139754605 -0.066706136958545 0.0)
(7.958102922362569 -0.05822142416087324 0.0)
(7.328243322927709 -0.04866551892220201 0.0)
(6.602281200091046 -0.03749713753626776 0.0)
(5.755848043948924 -0.02495860008973651 0.0)
(4.813588425333431 -0.013439159656932436 0.0)
(3.7864561648561668 -0.005371117489544504 0.0)
(2.6476841135101505 -0.0013473653426308671 0.0)
(1.384744168954364 -0.00014553997502930914 0.0)
(0.028467903190392004 -1.6512751366511225e-06 0.0)
(-0.028495858036817784 -1.6796670005440848e-06 0.0)
(1.1929343530676872 -0.00014607427158411912 0.0)
(2.329940250737577 -0.001350334714745458 0.0)
(3.413539359010677 -0.0053802497897757215 0.0)
(4.431450266319567 -0.013458512975387606 0.0)
(5.3564695833088205 -0.024989673586248713 0.0)
(6.1982186970407955 -0.03753524435696435 0.0)
(6.982247587291366 -0.04870221875716127 0.0)
(7.686020470363906 -0.05825394932668644 0.0)
(8.28936397833161 -0.06673584529409672 0.0)
(8.800286022882577 -0.07410364936877574 0.0)
(9.220389264812239 -0.08022880888246768 0.0)
(9.550010317432958 -0.08504502832851181 0.0)
(9.789528397091678 -0.08850918795442893 0.0)
(9.939409188367442 -0.0905957929767276 0.0)
(10.000000000000007 -0.09129269864993422 0.0)
(9.971701922743675 -0.09059579297672896 0.0)
(9.85491604735278 -0.08850918795443175 0.0)
(9.64998968256705 -0.08504502832851446 0.0)
(9.357388512965535 -0.08022880888247257 0.0)
(8.97749175489521 -0.07410364936878103 0.0)
(8.510636021668391 -0.06673584529410388 0.0)
(7.958423974080537 -0.05825394932669496 0.0)
(7.32886352381976 -0.048702218757168465 0.0)
(6.601781302959226 -0.03753524435697072 0.0)
(5.754641527802264 -0.02498967358625524 0.0)
(4.812994178124829 -0.013458512975391536 0.0)
(3.786460640989287 -0.005380249789777275 0.0)
(2.6478375270401937 -0.001350334714746087 0.0)
(1.3848434247101002 -0.000146074271584365 0.0)
(0.02849585803681136 -1.679667000567221e-06 0.0)
(-0.028525845715489356 -1.7215200450656583e-06 0.0)
(1.1928264366940742 -0.00014678557560446651 0.0)
(2.329757049914843 -0.0013539368480975146 0.0)
(3.4134552288404376 -0.005390604317814751 0.0)
(4.431932823084202 -0.013479619903361544 0.0)
(5.357705781054845 -0.025023354082893808 0.0)
(6.198973234822412 -0.0375775586425695 0.0)
(6.981789977820888 -0.04874451036015176 0.0)
(7.68569435894639 -0.05829226656057071 0.0)
(8.28932788093115 -0.0667710881163482 0.0)
(8.800244004710239 -0.07413610755541995 0.0)
(9.220364980241703 -0.08025866707562011 0.0)
(9.549994925709429 -0.08507271696488065 0.0)
(9.789520010727625 -0.08853525278548756 0.0)
(9.939405205282762 -0.09062085465641845 0.0)
(10.000000000000007 -0.09131742277216004 0.0)
(9.971705905828355 -0.09062085465641981 0.0)
(9.854924433716834 -0.0885352527854904 0.0)
(9.65000507429058 -0.08507271696488333 0.0)
(9.357412797536071 -0.08025866707562508 0.0)
(8.97753377306755 -0.07413610755542532 0.0)
(8.51067211906885 -0.06677108811635545 0.0)
(7.958750085498055 -0.05829226656057933 0.0)
(7.329321133290238 -0.04874451036015908 0.0)
(6.601026765177606 -0.03757755864257598 0.0)
(5.753405330056236 -0.025023354082900424 0.0)
(4.812511621360193 -0.013479619903365532 0.0)
(3.7865447711595266 -0.005390604317816334 0.0)
(2.648020727862929 -0.0013539368480981544 0.0)
(1.3849513410837138 -0.00014678557560471471 0.0)
(0.028525845715483014 -1.7215200450889462e-06 0.0)
(-0.028556548622673303 -1.774995323984534e-06 0.0)
(1.1927146013506131 -0.00014764263369274739 0.0)
(2.3295521113084106 -0.0013580134715368455 0.0)
(3.413295141158847 -0.005401726114641104 0.0)
(4.432282486743446 -0.01350155304104924 0.0)
(5.358917344132835 -0.025058161720259486 0.0)
(6.199949260244091 -0.03762222118077926 0.0)
(6.981515066294943 -0.04879053551550129 0.0)
(7.685377516568406 -0.05833469227336015 0.0)
(8.289298154097757 -0.06681031692015756 0.0)
(8.800211703409472 -0.07417240629311085 0.0)
(9.220345773111935 -0.08029219151510149 0.0)
(9.549982728399275 -0.08510390525964388 0.0)
(9.789513426486293 -0.08856468197833887 0.0)
(9.939402029949157 -0.09064919442046365 0.0)
(10.000000000000007 -0.09134539476543399 0.0)
(9.97170908116196 -0.09064919442046501 0.0)
(9.854931017958165 -0.08856468197834172 0.0)
(9.650017271600735 -0.08510390525964662 0.0)
(9.357432004665839 -0.08029219151510651 0.0)
(8.977566074368317 -0.0741724062931163 0.0)
(8.510701845902243 -0.06681031692016488 0.0)
(7.959066927876039 -0.05833469227336888 0.0)
(7.329596044816183 -0.048790535515508736 0.0)
(6.600050739755924 -0.03762222118078585 0.0)
(5.752193766978243 -0.025058161720266193 0.0)
(4.812161957700949 -0.013501553041053287 0.0)
(3.786704858841118 -0.005401726114642718 0.0)
(2.648225666469361 -0.0013580134715374967 0.0)
(1.385063176427175 -0.0001476426336929982 0.0)
(0.028556548622667044 -1.7749953240079942e-06 0.0)
(-0.02858661772879735 -1.8377432313752735e-06 0.0)
(1.1926037608776987 -0.00014860778828450612 0.0)
(2.3293344395457236 -0.001362385465687498 0.0)
(3.4130661299257623 -0.005413126508848985 0.0)
(4.432483893715803 -0.013523348686506238 0.0)
(5.360051038677637 -0.025092567114438677 0.0)
(6.2011038885343925 -0.037667269581372474 0.0)
(6.981434931823044 -0.04883827196208444 0.0)
(7.685083864704397 -0.05837936235685043 0.0)
(8.289276103974105 -0.06685180806365244 0.0)
(8.80019053824034 -0.07421095068172094 0.0)
(9.220332487349076 -0.0803279091983722 0.0)
(9.549974261429988 -0.08513722285618701 0.0)
(9.789508933667205 -0.08859618246808813 0.0)
(9.939399801884976 -0.09067956707147717 0.0)
(10.000000000000007 -0.09137538559154496 0.0)
(9.97171130922614 -0.09067956707147856 0.0)
(9.854935510777253 -0.08859618246809103 0.0)
(9.650025738570022 -0.08513722285618977 0.0)
(9.357445290428696 -0.08032790919837728 0.0)
(8.977587239537447 -0.07421095068172645 0.0)
(8.510723896025896 -0.06685180806365988 0.0)
(7.959360579740049 -0.058379362356859255 0.0)
(7.329676179288082 -0.04883827196209201 0.0)
(6.598896111465619 -0.03766726958137919 0.0)
(5.751060072433439 -0.025092567114445467 0.0)
(4.811960550728593 -0.013523348686510337 0.0)
(3.7869338700742032 -0.005413126508850626 0.0)
(2.648443338232049 -0.0013623854656881604 0.0)
(1.3851740169000897 -0.00014860778828475958 0.0)
(0.02858661772879116 -1.8377432313989203e-06 0.0)
(-0.02861473185234828 -1.9070067389811812e-06 0.0)
(1.192498785402934 -0.00014963863225268126 0.0)
(2.3291135987258142 -0.00136686073312483 0.0)
(3.412778257475801 -0.00542430458797333 0.0)
(4.432528194547371 -0.013544049178945167 0.0)
(5.361057052224988 -0.025125058555354046 0.0)
(6.202386387438573 -0.037710724500040836 0.0)
(6.981553095367283 -0.048885622247769725 0.0)
(7.684826305880046 -0.058424314089294604 0.0)
(8.289262699402288 -0.06689373850189366 0.0)
(8.800181439161655 -0.07425004715132967 0.0)
(9.220325706705243 -0.08036425075577298 0.0)
(9.54996989682471 -0.08517120584027073 0.0)
(9.78950672967661 -0.08862837018084431 0.0)
(9.939398618987283 -0.09071063809073868 0.0)
(10.000000000000007 -0.09140607750846025 0.0)
(9.971712492123832 -0.09071063809074006 0.0)
(9.854937714767848 -0.08862837018084724 0.0)
(9.6500301031753 -0.08517120584027352 0.0)
(9.35745207107253 -0.08036425075577812 0.0)
(8.977596338616133 -0.07425004715133526 0.0)
(8.510737300597713 -0.06689373850190115 0.0)
(7.959618138564401 -0.05842431408930353 0.0)
(7.329558015743841 -0.04888562224777739 0.0)
(6.597613612561434 -0.03771072450004765 0.0)
(5.750054058886087 -0.025125058555360905 0.0)
(4.811916249897026 -0.013544049178949311 0.0)
(3.787221742524166 -0.005424304587974998 0.0)
(2.648664179051959 -0.0013668607331255034 0.0)
(1.3852789923748545 -0.00014963863225293732 0.0)
(0.028614731852342153 -1.9070067390050198e-06 0.0)
(-0.028639655710170596 -1.9797425349920588e-06 0.0)
(1.1924042873566332 -0.00015068987219918692 0.0)
(2.3288992921902927 -0.0013712426387849155 0.0)
(3.4124441723977665 -0.005434769207667133 0.0)
(4.432413442740657 -0.013562744976598734 0.0)
(5.361891182380066 -0.02515420842853317 0.0)
(6.203740406301049 -0.037750676607156565 0.0)
(6.981864365037702 -0.04893050588762901 0.0)
(7.684616156758905 -0.058467572373805954 0.0)
(8.289258529354669 -0.0669342658881344 0.0)
(8.800184805970288 -0.0742879778745874 0.0)
(9.22032572910952 -0.0803996194057567 0.0)
(9.549969826356211 -0.08520436106174449 0.0)
(9.789506911353824 -0.08865983084739464 0.0)
(9.93939853323044 -0.09074104227450464 0.0)
(10.000000000000007 -0.0914361219694999 0.0)
(9.971712577880675 -0.09074104227450605 0.0)
(9.854937533090634 -0.08865983084739759 0.0)
(9.650030173643799 -0.08520436106174734 0.0)
(9.357452048668254 -0.08039961940576186 0.0)
(8.9775929718075 -0.07428797787459307 0.0)
(8.510741470645332 -0.06693426588814198 0.0)
(7.959828287685543 -0.05846757237381496 0.0)
(7.32924674607342 -0.04893050588763676 0.0)
(6.596259593698956 -0.03775067660716345 0.0)
(5.749219928731008 -0.025154208428540093 0.0)
(4.81203100170374 -0.013562744976602916 0.0)
(3.787555827602201 -0.005434769207668824 0.0)
(2.648878485587481 -0.0013712426387855988 0.0)
(1.3853734904211557 -0.00015068987219944553 0.0)
(0.02863965571016451 -1.9797425350160857e-06 0.0)
(-0.028660294193548493 -2.0527547415975666e-06 0.0)
(1.192324418810071 -0.00015171531856396277 0.0)
(2.328700936176267 -0.0013753386497495205 0.0)
(3.4120785537787963 -0.005444060571685532 0.0)
(4.432144680280116 -0.013578614620321044 0.0)
(5.362516778989855 -0.025178735941876758 0.0)
(6.205106452010108 -0.03778537048022331 0.0)
(6.982355064214434 -0.04897095077663918 0.0)
(7.684462650908899 -0.058507236520501826 0.0)
(8.28926377705551 -0.06697160952316601 0.0)
(8.800200490734825 -0.07432307624490649 0.0)
(9.220332553577503 -0.08043246111454812 0.0)
(9.54997405312075 -0.08523523174083254 0.0)
(9.78950947071628 -0.08868918214360656 0.0)
(9.939399548382445 -0.09076944371856327 0.0)
(10.000000000000007 -0.09146419887601065 0.0)
(9.971711562728672 -0.09076944371856469 0.0)
(9.854934973728177 -0.08868918214360952 0.0)
(9.65002594687926 -0.08523523174083542 0.0)
(9.35744522420027 -0.08043246111455334 0.0)
(8.977577287042962 -0.07432307624491222 0.0)
(8.510736222944491 -0.06697160952317367 0.0)
(7.959981793535548 -0.0585072365205109 0.0)
(7.328756046896687 -0.048970950776647 0.0)
(6.5948935479898925 -0.03778537048023025 0.0)
(5.748594332121217 -0.025178735941883714 0.0)
(4.812299764164282 -0.013578614620325254 0.0)
(3.7879214462211723 -0.00544406057168724 0.0)
(2.6490768416015067 -0.001375338649750212 0.0)
(1.385453358967718 -0.00015171531856422366 0.0)
(0.028660294193542442 -2.0527547416217706e-06 0.0)
(-0.02867574048527939 -2.122835336011516e-06 0.0)
(1.1922626890410681 -0.00015266991510974175 0.0)
(2.3285272460841115 -0.0013789687947903 0.0)
(3.4116974662321278 -0.005451770434491626 0.0)
(4.431733716096577 -0.013590960826999628 0.0)
(5.362906354483818 -0.025197563401320296 0.0)
(6.206424503016407 -0.037813281733929165 0.0)
(6.983003632473362 -0.049005179840368965 0.0)
(7.684372533096247 -0.058541563759339915 0.0)
(8.289278211930439 -0.0670041285959835 0.0)
(8.80022780429541 -0.07435380010410579 0.0)
(9.220345880254557 -0.08046133287754519 0.0)
(9.549982391402024 -0.08526246147637205 0.0)
(9.789514295310278 -0.08871513442722122 0.0)
(9.939401619839375 -0.09079459451542163 0.0)
(10.000000000000007 -0.09148907458008562 0.0)
(9.971709491271742 -0.09079459451542304 0.0)
(9.85493014913418 -0.0887151344272242 0.0)
(9.650017608597986 -0.08526246147637495 0.0)
(9.357431897523217 -0.08046133287755043 0.0)
(8.977549973482379 -0.07435380010411152 0.0)
(8.510721788069562 -0.06700412859599118 0.0)
(7.9600719113482 -0.05854156375934905 0.0)
(7.328107478637756 -0.049005179840376854 0.0)
(6.593575496983591 -0.037813281733936145 0.0)
(5.7482047566272545 -0.02519756340132728 0.0)
(4.812710728347823 -0.013590960827003852 0.0)
(3.788302533767842 -0.005451770434493344 0.0)
(2.6492505316936628 -0.001378968794790998 0.0)
(1.385515088736721 -0.00015266991511000454 0.0)
(0.028675740485273354 -2.1228353360358774e-06 0.0)
(-0.028685315903562825 -2.1869051051241813e-06 0.0)
(1.192221810342743 -0.00015351171861068723 0.0)
(2.3283858535387187 -0.0013819735719753246 0.0)
(3.411317654047381 -0.0054575600388185085 0.0)
(4.431198607204427 -0.013599241126899773 0.0)
(5.363042791627459 -0.025209863562739708 0.0)
(6.207636646570035 -0.03783318399884849 0.0)
(6.983781572911711 -0.04903168911637838 0.0)
(7.684349762932771 -0.05856904581424559 0.0)
(8.289301199737457 -0.06703039427801914 0.0)
(8.800265546544157 -0.07437879950201974 0.0)
(9.220365123590868 -0.0804849661223012 0.0)
(9.549994474831207 -0.08528485384359881 0.0)
(9.78952117315198 -0.08873654740237492 0.0)
(9.939404656585202 -0.09081538958507779 0.0)
(10.000000000000007 -0.09150965608879658 0.0)
(9.971706454525915 -0.0908153895850792 0.0)
(9.854923271292478 -0.08873654740237791 0.0)
(9.650005525168801 -0.08528485384360171 0.0)
(9.357412654186904 -0.08048496612230648 0.0)
(8.97751223123363 -0.0743787995020255 0.0)
(8.510698800262544 -0.06703039427802686 0.0)
(7.960094681511675 -0.05856904581425475 0.0)
(7.327329538199405 -0.0490316891163863 0.0)
(6.592363353429961 -0.037833183998855484 0.0)
(5.748068319483614 -0.025209863562746692 0.0)
(4.813245837239975 -0.013599241126903997 0.0)
(3.78868234595259 -0.005457560038820234 0.0)
(2.649391924239056 -0.001381973571976027 0.0)
(1.385555967435046 -0.00015351171861095153 0.0)
(0.028685315903556788 -2.186905105148675e-06 0.0)
)
