(
(-0.026630998700872044 2.822234528112354e-05 0.0)
(1.1931481756738813 0.0002910485952034903 0.0)
(2.3152531067527593 0.0005280238112450092 0.0)
(3.3747612810365157 -0.0006680775189113324 0.0)
(4.374131151278545 -0.004653908322444075 0.0)
(5.297142648018821 -0.011023254074451422 0.0)
(6.150508133033695 -0.017565433717484247 0.0)
(6.94581004778363 -0.022607326823290055 0.0)
(7.656626947753338 -0.026620432447077857 0.0)
(8.26547354687502 -0.030250937153467026 0.0)
(8.78113643861565 -0.03342820100948098 0.0)
(9.205579629501315 -0.03607088397034061 0.0)
(9.539198229065162 -0.038149473258005794 0.0)
(9.782461710711303 -0.03964484046724056 0.0)
(9.935917609143967 -0.04054539723441407 0.0)
(10.000000000000005 -0.04084629218066868 0.0)
(9.975193501967139 -0.04054539723441575 0.0)
(9.861982733733157 -0.03964484046724391 0.0)
(9.66080177093484 -0.03814947325800961 0.0)
(9.372198148276453 -0.036070883970346496 0.0)
(8.996641339162135 -0.033428201009487374 0.0)
(8.53452645312497 -0.030250937153475335 0.0)
(7.9878174966911075 -0.02662043244708734 0.0)
(7.365301063327504 -0.022607326823298315 0.0)
(6.649491866966317 -0.01756543371749197 0.0)
(5.813968463092267 -0.011023254074459185 0.0)
(4.870313293165879 -0.004653908322448635 0.0)
(3.825238718963465 -0.0006680775189130538 0.0)
(2.6625246710250203 0.0005280238112444848 0.0)
(1.3846296021039108 0.0002910485952032596 0.0)
(0.02663099870087083 2.8222345281101753e-05 0.0)
(-0.026658895113427408 2.8163447590628238e-05 0.0)
(1.193045257598095 0.0002901448908946809 0.0)
(2.3150500454408345 0.0005239427149035614 0.0)
(3.374544058070749 -0.0006786876443013638 0.0)
(4.374308711824843 -0.0046741498613793436 0.0)
(5.298190942592085 -0.011055194290680458 0.0)
(6.151592427987455 -0.017607313247293675 0.0)
(6.945748164028217 -0.022651789359536215 0.0)
(7.656355611306599 -0.02666208041547263 0.0)
(8.265453555424703 -0.030289632716997927 0.0)
(8.781117492625167 -0.03346415765560517 0.0)
(9.205567667772948 -0.03610421093251903 0.0)
(9.539190603102451 -0.038180566164731415 0.0)
(9.782457671382007 -0.039674241350380175 0.0)
(9.935915600171365 -0.04057374775988336 0.0)
(10.000000000000005 -0.04087428704431437 0.0)
(9.975195510939741 -0.04057374775988504 0.0)
(9.861986773062451 -0.039674241350383554 0.0)
(9.660809396897552 -0.03818056616473526 0.0)
(9.37221011000482 -0.03610421093252497 0.0)
(8.996660285152617 -0.03346415765561163 0.0)
(8.534546444575287 -0.030289632717006312 0.0)
(7.988088833137848 -0.026662080415482202 0.0)
(7.365362947082917 -0.02265178935954458 0.0)
(6.648407572012553 -0.017607313247301495 0.0)
(5.812920168519001 -0.011055194290688294 0.0)
(4.87013573261958 -0.004674149861383952 0.0)
(3.825455941929232 -0.0006786876443031118 0.0)
(2.662727732336946 0.0005239427149030263 0.0)
(1.3847325201796974 0.00029014489089444756 0.0)
(0.02665889511342627 2.8163447590606276e-05 0.0)
(-0.02668488988546386 2.809867415098081e-05 0.0)
(1.1929481029948714 0.0002891828909943887 0.0)
(2.3148446569426366 0.0005197780635282248 0.0)
(3.3742727962876535 -0.0006890588907796656 0.0)
(4.374339733419158 -0.004693312089424466 0.0)
(5.299117393769584 -0.011085258691566449 0.0)
(6.152792254099413 -0.0176475845351733 0.0)
(6.945870746881224 -0.022695757758306633 0.0)
(7.656118641664661 -0.02670386340539892 0.0)
(8.26544165910921 -0.030328618785032197 0.0)
(8.781109817294857 -0.03350051795169864 0.0)
(9.205561787644823 -0.036138016262884556 0.0)
(9.539186812668337 -0.0382121828152125 0.0)
(9.782455771350536 -0.03970419141698887 0.0)
(9.935914568584211 -0.040602661021828204 0.0)
(10.000000000000005 -0.040902848256615484 0.0)
(9.975196542526895 -0.04060266102182991 0.0)
(9.861988673093922 -0.03970419141699226 0.0)
(9.660813187331666 -0.038212182815216385 0.0)
(9.372215990132945 -0.03613801626289054 0.0)
(8.99666796048293 -0.03350051795170515 0.0)
(8.53455834089078 -0.03032861878504066 0.0)
(7.988325802779785 -0.026703863405408583 0.0)
(7.3652403642299085 -0.022695757758315095 0.0)
(6.647207745900591 -0.01764758453518121 0.0)
(5.8119937173415 -0.011085258691574354 0.0)
(4.870104711025266 -0.004693312089429118 0.0)
(3.825727203712329 -0.0006890588907814375 0.0)
(2.6629331208351443 0.0005197780635276798 0.0)
(1.3848296747829212 0.000289182890994153 0.0)
(0.02668488988546277 2.809867415095867e-05 0.0)
(-0.026707840854254185 2.803087098861971e-05 0.0)
(1.1928609806597366 0.0002882048640183036 0.0)
(2.314645965653029 0.0005157128442814175 0.0)
(3.3739594144337186 -0.0006987355647496406 0.0)
(4.374222853029389 -0.004710553053335445 0.0)
(5.299881294981473 -0.011112126302335735 0.0)
(6.154054893205229 -0.017684478134407922 0.0)
(6.946172410276349 -0.022737300128597256 0.0)
(7.655926450840068 -0.026743945548719204 0.0)
(8.265438380630886 -0.030366182381063426 0.0)
(8.781113749864685 -0.033535684292870314 0.0)
(9.205562247479012 -0.03617081461706603 0.0)
(9.53918702430756 -0.03824293403166793 0.0)
(9.782456094100796 -0.039733374715931934 0.0)
(9.93591455970856 -0.04063086662441409 0.0)
(10.000000000000005 -0.04093072089015477 0.0)
(9.975196551402545 -0.0406308666244158 0.0)
(9.861988350343662 -0.039733374715935355 0.0)
(9.660812975692442 -0.038242934031671845 0.0)
(9.372215530298755 -0.036170814617072056 0.0)
(8.996664027913098 -0.033535684292876886 0.0)
(8.534561619369105 -0.03036618238107195 0.0)
(7.988517993604379 -0.026743945548728935 0.0)
(7.364938700834782 -0.02273730012860581 0.0)
(6.645945106794772 -0.01768447813441591 0.0)
(5.811229816129609 -0.011112126302343692 0.0)
(4.870221591415036 -0.004710553053340131 0.0)
(3.8260405855662643 -0.0006987355647514327 0.0)
(2.663131812124752 0.0005157128442808634 0.0)
(1.3849167971180563 0.0002882048640180655 0.0)
(0.026707840854253137 2.803087098859739e-05 0.0)
(-0.02672673959621736 2.7963017250456695e-05 0.0)
(1.1927877185887106 0.0002872537826825048 0.0)
(2.314462701703783 0.0005119256754597358 0.0)
(3.373617681934291 -0.0007072924908600226 0.0)
(4.373963206166035 -0.004725115216699487 0.0)
(5.300449081806021 -0.01113461660932402 0.0)
(6.155324867252525 -0.017716373007742123 0.0)
(6.946639899675888 -0.022774591174657136 0.0)
(7.65578748334605 -0.02678056570938418 0.0)
(8.265443864040066 -0.03040067302940264 0.0)
(8.781129117544733 -0.033568111534424135 0.0)
(9.205569027071244 -0.03620116489538361 0.0)
(9.539191228721084 -0.03827146866190443 0.0)
(9.782458625451733 -0.03976050898644317 0.0)
(9.935915573934393 -0.040657125265064056 0.0)
(10.000000000000005 -0.04095668027240604 0.0)
(9.975195537176713 -0.04065712526506578 0.0)
(9.861985818992725 -0.03976050898644662 0.0)
(9.66080877127892 -0.038271468661908385 0.0)
(9.372208750706525 -0.03620116489538967 0.0)
(8.99664866023305 -0.03356811153443075 0.0)
(8.534556135959924 -0.030400673029411227 0.0)
(7.988656961098397 -0.02678056570939398 0.0)
(7.364471211435241 -0.022774591174665758 0.0)
(6.644675132747473 -0.017716373007750166 0.0)
(5.810662029305061 -0.011134616609332012 0.0)
(4.8704812382783915 -0.004725115216704196 0.0)
(3.826382318065693 -0.0007072924908618306 0.0)
(2.663315076073999 0.000511925675459174 0.0)
(1.3849900591890825 0.00028725378268226466 0.0)
(0.02672673959621634 2.796301725043421e-05 0.0)
(-0.02674075573520579 2.7898094305611744e-05 0.0)
(1.1927315357831652 0.00028637143576093336 0.0)
(2.3143029173775544 0.0005085829583327745 0.0)
(3.373262613890213 -0.0007143536934319754 0.0)
(4.373572201237261 -0.004736358744699095 0.0)
(5.3007958067288925 -0.01115174142958709 0.0)
(6.156546375905016 -0.017741867752791605 0.0)
(6.947252674450874 -0.022805992396144444 0.0)
(7.65570784516006 -0.026812114864528936 0.0)
(8.265457868405784 -0.03043057527406069 0.0)
(8.781155245107254 -0.033596374882690176 0.0)
(9.205581828538637 -0.03622773356213228 0.0)
(9.539199241174666 -0.03829653294647204 0.0)
(9.782463254180417 -0.03978440199831706 0.0)
(9.93591756669848 -0.04068028318714678 0.0)
(10.000000000000005 -0.04097958579560454 0.0)
(9.975193544412626 -0.04068028318714852 0.0)
(9.861981190264041 -0.03978440199832052 0.0)
(9.660800758825337 -0.038296532946475996 0.0)
(9.372195949239131 -0.036227733562138376 0.0)
(8.996622532670532 -0.03359637488269683 0.0)
(8.534542131594208 -0.030430575274069317 0.0)
(7.988736599284388 -0.02681211486453878 0.0)
(7.363858436660253 -0.022805992396153107 0.0)
(6.64345362409498 -0.01774186775279968 0.0)
(5.810315304382191 -0.011151741429595102 0.0)
(4.870872243207167 -0.00473635874470382 0.0)
(3.8267373861097718 -0.0007143536934337939 0.0)
(2.6634748604002274 0.0005085829583322069 0.0)
(1.385046241994628 0.00028637143576069137 0.0)
(0.026740755735204784 2.7898094305589118e-05 0.0)
(-0.026749273427714132 2.783895474950818e-05 0.0)
(1.1926949008127923 0.0002855965919631149 0.0)
(2.3141736333053218 0.0005058315657757643 0.0)
(3.372909811341763 -0.0007196089161425923 0.0)
(4.373067018284315 -0.004743789617283426 0.0)
(5.300906235291292 -0.011162748329851558 0.0)
(6.157665748307197 -0.017759842177100218 0.0)
(6.947983810398732 -0.022830124080833927 0.0)
(7.655691035438295 -0.026837206801993942 0.0)
(8.26547977840183 -0.0304545752651119 0.0)
(8.781190984554945 -0.03361923249785196 0.0)
(9.205600089408135 -0.036249353238701126 0.0)
(9.539210709615755 -0.03831702560656065 0.0)
(9.782469776908977 -0.03980400393632289 0.0)
(9.935920450442412 -0.04069932287393219 0.0)
(10.000000000000005 -0.040998431032965396 0.0)
(9.975190660668694 -0.04069932287393391 0.0)
(9.861974667535483 -0.039804003936326354 0.0)
(9.660789290384248 -0.03831702560656463 0.0)
(9.372177688369634 -0.03624935323870723 0.0)
(8.99658679322284 -0.03361923249785864 0.0)
(8.53452022159816 -0.030454575265120548 0.0)
(7.9887534090061525 -0.02683720680200382 0.0)
(7.363127300712393 -0.022830124080842618 0.0)
(6.642334251692796 -0.0177598421771083 0.0)
(5.8102048758197915 -0.011162748329859574 0.0)
(4.871377426160114 -0.004743789617288151 0.0)
(3.8270901886582225 -0.0007196089161444158 0.0)
(2.6636041444724605 0.0005058315657751929 0.0)
(1.3850828769650005 0.0002855965919628716 0.0)
(0.02674927342771312 2.7838954749485438e-05 0.0)
(-0.026751918421916238 2.778819706604843e-05 0.0)
(1.1926794233511686 0.00028496329650798906 0.0)
(2.3140805299927 0.0005037923889441302 0.0)
(3.3725747757874864 -0.0007228272541201271 0.0)
(4.372469854121943 -0.004747081335505518 0.0)
(5.300775515464211 -0.011167153687056364 0.0)
(6.158633801283552 -0.017769506517347117 0.0)
(6.948801182743489 -0.022845925926648008 0.0)
(7.6557377927691785 -0.026854739027951404 0.0)
(8.265508631343062 -0.030471618486856224 0.0)
(8.781234765561862 -0.03363568005811612 0.0)
(9.205623007330537 -0.036265073996053776 0.0)
(9.539225130142032 -0.03833204623217625 0.0)
(9.782477907040652 -0.03981845352716542 0.0)
(9.935924098459758 -0.04071340775641502 0.0)
(10.000000000000005 -0.04101238795923534 0.0)
(9.975187012651348 -0.040713407756416756 0.0)
(9.861966537403806 -0.03981845352716888 0.0)
(9.66077486985797 -0.038332046232180235 0.0)
(9.372154770447231 -0.036265073996059896 0.0)
(8.996543012215922 -0.0336356800581228 0.0)
(8.53449136865693 -0.03047161848686488 0.0)
(7.988706651675269 -0.026854739027961295 0.0)
(7.362309928367633 -0.0228459259266567 0.0)
(6.641366198716439 -0.017769506517355194 0.0)
(5.810335595646874 -0.01116715368706436 0.0)
(4.8719745903224885 -0.0047470813355102335 0.0)
(3.8274252242125004 -0.0007228272541219495 0.0)
(2.6636972477850818 0.0005037923889435568 0.0)
(1.3850983544266242 0.0002849632965077449 0.0)
(0.02675191842191521 2.7788197066025593e-05 0.0)
(-0.026748574501605747 2.7748051454985163e-05 0.0)
(1.1926857834496427 0.00028449937523927267 0.0)
(2.3140276982289185 0.000502555025537285 0.0)
(3.372272228076707 -0.0007238672994816297 0.0)
(4.371806947050958 -0.004746089267288723 0.0)
(5.300409390837706 -0.011164763937865295 0.0)
(6.159408000357303 -0.017770436140102267 0.0)
(6.949668877639658 -0.022852703629390275 0.0)
(7.655846062721131 -0.026863941208467048 0.0)
(8.265543159484025 -0.03048095609130991 0.0)
(8.781284664470656 -0.033644994887774594 0.0)
(9.205649575334263 -0.036274205092872464 0.0)
(9.539241869141952 -0.03834093484450874 0.0)
(9.782487287352332 -0.039827115882257784 0.0)
(9.935928350463309 -0.04072191897062656 0.0)
(10.000000000000005 -0.04102084333260757 0.0)
(9.975182760647797 -0.040721918970628296 0.0)
(9.861957157092126 -0.039827115882261246 0.0)
(9.66075813085805 -0.038340934844512724 0.0)
(9.372128202443506 -0.036274205092878584 0.0)
(8.996493113307128 -0.03364499488778126 0.0)
(8.534456840515965 -0.03048095609131856 0.0)
(7.988598381723316 -0.02686394120847692 0.0)
(7.361442233471462 -0.022852703629398945 0.0)
(6.640591999642689 -0.01777043614011031 0.0)
(5.81070172027338 -0.011164763937873256 0.0)
(4.872637497393475 -0.004746089267293416 0.0)
(3.8277277719232803 -0.0007238672994834456 0.0)
(2.6637500795488633 0.0005025550255367122 0.0)
(1.3850919943281501 0.00028449937523902807 0.0)
(0.026748574501604686 2.7748051454962266e-05 0.0)
(-0.02673938859252359 2.7720281841024164e-05 0.0)
(1.1927137016571228 0.0002842252120087931 0.0)
(2.314017459345025 0.0005021738430396336 0.0)
(3.3720154616023414 -0.0007226833545366252 0.0)
(4.371107423995305 -0.004740857002295545 0.0)
(5.299823948258061 -0.011155684083485886 0.0)
(6.159954328637504 -0.017762590199442502 0.0)
(6.9505487701609034 -0.02285015938920169 0.0)
(7.656011088110538 -0.026864409016563926 0.0)
(8.265581845721375 -0.03048217780121593 0.0)
(8.78133848881456 -0.03364676771025318 0.0)
(9.205678626069831 -0.03627634532546786 0.0)
(9.539260191134483 -0.03834330089419349 0.0)
(9.782497505690282 -0.03982961039356459 0.0)
(9.935933019627809 -0.04072448254938518 0.0)
(10.000000000000005 -0.04102342563944476 0.0)
(9.975178091483297 -0.0407244825493869 0.0)
(9.861946938754176 -0.03982961039356804 0.0)
(9.660739808865518 -0.038343300894197456 0.0)
(9.372099151707936 -0.036276345325473955 0.0)
(8.996439288963224 -0.03364676771025983 0.0)
(8.534418154278615 -0.03048217780122455 0.0)
(7.988433356333908 -0.02686440901657377 0.0)
(7.3605623409502146 -0.02285015938921031 0.0)
(6.640045671362487 -0.01776259019945049 0.0)
(5.811287162853028 -0.011155684083493798 0.0)
(4.87333702044913 -0.004740857002300207 0.0)
(3.8279845383976463 -0.0007226833545384288 0.0)
(2.663760318432757 0.0005021738430390632 0.0)
(1.3850640761206698 0.0002842252120085487 0.0)
(0.02673938859252248 2.7720281841001254e-05 0.0)
(-0.02672476430670967 2.770610837019982e-05 0.0)
(1.1927619512986474 0.0002841528530473303 0.0)
(2.3140502632188453 0.0005026655899127688 0.0)
(3.371815758213532 -0.0007193274396600308 0.0)
(4.370402020718309 -0.00473161443667763 0.0)
(5.299044911001188 -0.011140313076108447 0.0)
(6.1602487814590035 -0.017746313431646673 0.0)
(6.95140219943956 -0.022838404995341576 0.0)
(7.6562256180236945 -0.02685612189761009 0.0)
(8.265622990252616 -0.030475229936876066 0.0)
(8.781393873650375 -0.03364092063097548 0.0)
(9.205708883101071 -0.03627140065593516 0.0)
(9.539279291084792 -0.03833904042133592 0.0)
(9.782508113079425 -0.03982582745682258 0.0)
(9.93593790079871 -0.04072098585373016 0.0)
(10.000000000000005 -0.0410200214179087 0.0)
(9.975173210312397 -0.04072098585373188 0.0)
(9.861936331365033 -0.039825827456826016 0.0)
(9.66072070891521 -0.038339040421339864 0.0)
(9.372068894676698 -0.03627140065594123 0.0)
(8.996383904127411 -0.03364092063098209 0.0)
(8.534377009747374 -0.030475229936884646 0.0)
(7.988218826420751 -0.026856121897619885 0.0)
(7.359708911671556 -0.022838404995350142 0.0)
(6.6397512185409875 -0.017746313431654583 0.0)
(5.8120662001099035 -0.011140313076116296 0.0)
(4.874042423726127 -0.004731614436682252 0.0)
(3.8281842417864556 -0.0007193274396618172 0.0)
(2.6637275145589365 0.0005026655899122032 0.0)
(1.385015826479145 0.00028415285304708655 0.0)
(0.026724764306708497 2.7706108370176923e-05 0.0)
(-0.026705344208528284 2.7706153798890522e-05 0.0)
(1.1928284123732378 0.00028428547767527396 0.0)
(2.3141246685081773 0.0005040086596987106 0.0)
(3.371681892511837 -0.0007139470076120514 0.0)
(4.369721731349462 -0.004718767671859431 0.0)
(5.298106508538945 -0.011119326289676679 0.0)
(6.160278421103512 -0.017722321008114217 0.0)
(6.952191667354428 -0.022817956914372103 0.0)
(7.6564802264086875 -0.026839443972451523 0.0)
(8.265664785262318 -0.030460417774738655 0.0)
(8.781448385469735 -0.03362771055990801 0.0)
(9.20573901698938 -0.03625958834400761 0.0)
(9.539298329776006 -0.03832834062331907 0.0)
(9.78251864345049 -0.03981593328735151 0.0)
(9.935942779506293 -0.04071158252207156 0.0)
(10.000000000000005 -0.04101078024326582 0.0)
(9.975168331604813 -0.04071158252207327 0.0)
(9.86192580099397 -0.03981593328735493 0.0)
(9.660701670223997 -0.038328340623322986 0.0)
(9.372038760788389 -0.036259588344013646 0.0)
(8.99632939230805 -0.03362771055991458 0.0)
(8.534335214737672 -0.03046041777474718 0.0)
(7.987964218035757 -0.026839443972461248 0.0)
(7.358919443756688 -0.022817956914380585 0.0)
(6.639721578896481 -0.01772232100812204 0.0)
(5.81300460257215 -0.011119326289684449 0.0)
(4.874722713094976 -0.004718767671864007 0.0)
(3.8283181074881507 -0.0007139470076138162 0.0)
(2.663653109269604 0.0005040086596981517 0.0)
(1.3849493654045544 0.0002842854776750313 0.0)
(0.026705344208527042 2.770615379886768e-05 0.0)
(-0.026681981581565456 2.7720416131042702e-05 0.0)
(1.192910164702864 0.000284617258609102 0.0)
(2.3142374059807285 0.0005061440403681414 0.0)
(3.3716197463112874 -0.0007067784647336531 0.0)
(4.369096446559077 -0.004702881171184571 0.0)
(5.297049972558764 -0.01109364584519215 0.0)
(6.160041945259273 -0.017691667112042255 0.0)
(6.952882486129618 -0.022789713597562353 0.0)
(7.656763726238874 -0.026815108038608284 0.0)
(8.265705394354217 -0.03043839213410993 0.0)
(8.781499629123026 -0.03360771792340634 0.0)
(9.205767703706835 -0.0362414274010613 0.0)
(9.539316470682861 -0.038311671629693074 0.0)
(9.782528634118236 -0.03980036261685705 0.0)
(9.935947441389073 -0.04069668571959954 0.0)
(10.000000000000005 -0.04099610815582368 0.0)
(9.975163669722033 -0.040696685719601236 0.0)
(9.861915810326224 -0.03980036261686046 0.0)
(9.660683529317142 -0.03831167162969696 0.0)
(9.372010074070932 -0.03624142740106728 0.0)
(8.996278148654758 -0.033607717923412855 0.0)
(8.534294605645773 -0.030438392134118385 0.0)
(7.98768071820557 -0.026815108038617932 0.0)
(7.358228624981495 -0.02278971359757074 0.0)
(6.639958054740721 -0.017691667112049978 0.0)
(5.814061138552334 -0.01109364584519984 0.0)
(4.875347997885362 -0.004702881171189094 0.0)
(3.8283802536887004 -0.0007067784647353929 0.0)
(2.6635403717970525 0.0005061440403675909 0.0)
(1.384867613074928 0.00028461725860886097 0.0)
(0.026681981581564145 2.772041613101994e-05 0.0)
(-0.02665570293690922 2.7748268705873794e-05 0.0)
(1.1930036162397237 0.0002851336180015582 0.0)
(2.314383522158202 0.0005089779072010151 0.0)
(3.3716320502022423 -0.0006981367836844339 0.0)
(4.368553640216917 -0.004684652958429169 0.0)
(5.295921725318737 -0.011064400094404467 0.0)
(6.159549744242263 -0.017655698619544472 0.0)
(6.953444302451967 -0.02275491600458326 0.0)
(7.657063661050363 -0.02678418337249212 0.0)
(8.265743033239106 -0.030410120781344346 0.0)
(8.78154535305787 -0.03358182116134285 0.0)
(9.205793682811555 -0.03621771578570479 0.0)
(9.539332916727098 -0.0382897658455428 0.0)
(9.782537646110999 -0.039779799592115035 0.0)
(9.93595168161245 -0.0406769499845618 0.0)
(10.000000000000005 -0.04097664982026267 0.0)
(9.975159429498657 -0.040676949984563476 0.0)
(9.86190679833346 -0.0397797995921184 0.0)
(9.660667083272903 -0.03828976584554664 0.0)
(9.371984094966214 -0.036217715785710716 0.0)
(8.996232424719915 -0.03358182116134931 0.0)
(8.534256966760884 -0.030410120781352724 0.0)
(7.98738078339408 -0.02678418337250167 0.0)
(7.357666808659146 -0.022754916004591542 0.0)
(6.640450255757734 -0.01765569861955209 0.0)
(5.8151893857923636 -0.01106440009441207 0.0)
(4.875890804227524 -0.004684652958433635 0.0)
(3.8283679497977445 -0.0006981367836861466 0.0)
(2.663394255619578 0.000508977907200474 0.0)
(1.384774161538068 0.00028513361800131914 0.0)
(0.026655702936907825 2.7748268705851155e-05 0.0)
(-0.026627662910130342 2.7788487732200566e-05 0.0)
(1.193104660894252 0.0002858118679655909 0.0)
(2.314556596963072 0.0005123857452731082 0.0)
(3.3717182635742433 -0.0006884016641201879 0.0)
(4.368117162240621 -0.004664883947914122 0.0)
(5.294771339938521 -0.01103287404209965 0.0)
(6.158823444464712 -0.01761599592037873 0.0)
(6.953852431140084 -0.022715093078009934 0.0)
(7.657366852256253 -0.02674802874735709 0.0)
(8.26577604813324 -0.030376845907961438 0.0)
(8.78158354824822 -0.03355115813006584 0.0)
(9.2058158128292 -0.03618949534293765 0.0)
(9.539346945299622 -0.0382635857709483 0.0)
(9.782545283458305 -0.039755147714813595 0.0)
(9.935955313868764 -0.04065324246905039 0.0)
(10.000000000000005 -0.04095326020024932 0.0)
(9.975155797242344 -0.04065324246905205 0.0)
(9.861899160986153 -0.039755147714816946 0.0)
(9.66065305470038 -0.03826358577095212 0.0)
(9.371961964948566 -0.03618949534294354 0.0)
(8.996194229529564 -0.033551158130072214 0.0)
(8.53422395186675 -0.03037684590796974 0.0)
(7.987077592188189 -0.026748028747366544 0.0)
(7.357258679971029 -0.022715093078018105 0.0)
(6.641176555535288 -0.01761599592038623 0.0)
(5.816339771172583 -0.011032874042107167 0.0)
(4.876327282203821 -0.004664883947918536 0.0)
(3.8282817364257435 -0.0006884016641218727 0.0)
(2.6632211808147077 0.0005123857452725772 0.0)
(1.3846731168835393 0.000285811867965354 0.0)
(0.02662766291012887 2.778848773217807e-05 0.0)
(-0.026599093528707714 2.783930605958485e-05 0.0)
(1.193208858949185 0.0002866222074386035 0.0)
(2.314749025805044 0.0005162178204139961 0.0)
(3.3718745983694465 -0.0006780008493846701 0.0)
(4.367806190673952 -0.004644442753795084 0.0)
(5.293649362247151 -0.011000452885340692 0.0)
(6.157894958210118 -0.017574303478512323 0.0)
(6.954088939766064 -0.022671994564382018 0.0)
(7.65765997818963 -0.026708232731288615 0.0)
(8.265802988422573 -0.030340029551023006 0.0)
(8.781612536467286 -0.03351707610707317 0.0)
(9.205833121407288 -0.03615800602738724 0.0)
(9.539357940010621 -0.038234281710492195 0.0)
(9.782551210589084 -0.039727490143342044 0.0)
(9.935958178563316 -0.0406266048379252 0.0)
(10.000000000000005 -0.0409269669928969 0.0)
(9.97515293254779 -0.04062660483792685 0.0)
(9.861893233855374 -0.03972749014334537 0.0)
(9.660642059989382 -0.038234281710495956 0.0)
(9.37194465637048 -0.036158006027393066 0.0)
(8.996165241310498 -0.03351707610707948 0.0)
(8.534197011577417 -0.030340029551031218 0.0)
(7.986784466254811 -0.026708232731297972 0.0)
(7.357022171345049 -0.022671994564390077 0.0)
(6.642105041789884 -0.01757430347851972 0.0)
(5.8174617488639555 -0.011000452885348126 0.0)
(4.87663825377049 -0.004644442753799444 0.0)
(3.8281254016305395 -0.0006780008493863271 0.0)
(2.6630287519727354 0.0005162178204134758 0.0)
(1.3845689188286063 0.0002866222074383691 0.0)
(0.026599093528706173 2.7839306059562516e-05 0.0)
(-0.02657125007899483 2.7898490823690884e-05 0.0)
(1.1933116321326136 0.0002875290315866263 0.0)
(2.31495235371284 0.0005203057582525716 0.0)
(3.3720941855229576 -0.0006673913322496067 0.0)
(4.367634389038645 -0.004624227524745535 0.0)
(5.2926050898917865 -0.010968561150442752 0.0)
(6.15680508146589 -0.017532453183566696 0.0)
(6.954143436573561 -0.022627514133541814 0.0)
(7.657930159433241 -0.02666654388842798 0.0)
(8.265822670400075 -0.03030128935389929 0.0)
(8.781631044025756 -0.03348107259410384 0.0)
(9.205844848038556 -0.03612463142197078 0.0)
(9.539365417772606 -0.038203141230980626 0.0)
(9.782555167076055 -0.03969804210079273 0.0)
(9.935960149826673 -0.040598207499965705 0.0)
(10.000000000000005 -0.04089892547363444 0.0)
(9.975150961284433 -0.040598207499967356 0.0)
(9.861889277368403 -0.03969804210079603 0.0)
(9.660634582227397 -0.038203141230984346 0.0)
(9.371932929739211 -0.036124631421976555 0.0)
(8.996146733752028 -0.033481072594110095 0.0)
(8.534177329599915 -0.03030128935390742 0.0)
(7.9865142850112 -0.02666654388843725 0.0)
(7.356967674537553 -0.02262751413354977 0.0)
(6.643194918534116 -0.017532453183573996 0.0)
(5.8185060212193225 -0.010968561150450109 0.0)
(4.876810055405796 -0.004624227524749847 0.0)
(3.8279058144770275 -0.0006673913322512372 0.0)
(2.662825424064939 0.0005203057582520619 0.0)
(1.3844661456451772 0.0002875290315863944 0.0)
(0.026571250078993226 2.7898490823668726e-05 0.0)
(-0.02654535595123393 2.7963441554259312e-05 0.0)
(1.1934084647788765 0.0002884924962155828 0.0)
(2.315157646830169 0.0005244699422788789 0.0)
(3.3723673767769746 -0.0006570392754883489 0.0)
(4.367609305984251 -0.004605126480947196 0.0)
(5.29168440628928 -0.010938600101892964 0.0)
(6.155601701422298 -0.01749228386093882 0.0)
(6.9540135270725525 -0.022583606174245808 0.0)
(7.658165524717524 -0.026624793950262914 0.0)
(8.265834229275661 -0.03026232748997872 0.0)
(8.781638257735372 -0.03344472951965118 0.0)
(9.205850477476284 -0.03609083794579314 0.0)
(9.539369050026396 -0.03817153258811345 0.0)
(9.782556979078418 -0.03966809748028161 0.0)
(9.935961141045128 -0.0405692981822504 0.0)
(10.000000000000005 -0.040870367735517804 0.0)
(9.975149970065978 -0.04056929818225204 0.0)
(9.86188746536604 -0.03966809748028488 0.0)
(9.660630949973607 -0.03817153258811714 0.0)
(9.371927300301484 -0.036090837945798857 0.0)
(8.996139520042412 -0.033444729519657365 0.0)
(8.534165770724329 -0.03026232748998678 0.0)
(7.986278919726917 -0.02662479395027209 0.0)
(7.357097584038562 -0.022583606174253666 0.0)
(6.644398298577712 -0.01749228386094603 0.0)
(5.81942670482183 -0.010938600101900255 0.0)
(4.876835138460189 -0.004605126480951465 0.0)
(3.8276326232230096 -0.0006570392754899556 0.0)
(2.662620130947609 0.0005244699422783792 0.0)
(1.384369312998914 0.00028849249621535337 0.0)
(0.026545355951232266 2.796344155423733e-05 0.0)
(-0.026522548886026863 2.8031304435012962e-05 0.0)
(1.1934951022386473 0.0002894702684522855 0.0)
(2.31535588495303 0.0005285274058649612 0.0)
(3.3726821686075854 -0.000647399529536434 0.0)
(4.367732043614295 -0.004587978887320196 0.0)
(5.290927764592782 -0.010911886173352417 0.0)
(6.1543376923969335 -0.017455560477177254 0.0)
(6.953704919248851 -0.02254219992189811 0.0)
(7.658355732522475 -0.02658481733269703 0.0)
(8.265837157173488 -0.03022485587228325 0.0)
(8.781633860638927 -0.033409643731918855 0.0)
(9.205849762373274 -0.036058110422374154 0.0)
(9.539368677177405 -0.03814084460783187 0.0)
(9.782556566980103 -0.039638971993651816 0.0)
(9.935961108666353 -0.040541147107311576 0.0)
(10.000000000000005 -0.04084254855331493 0.0)
(9.975150002444753 -0.0405411471073132 0.0)
(9.861887877464355 -0.039638971993655056 0.0)
(9.660631322822598 -0.03814084460783553 0.0)
(9.371928015404494 -0.03605811042237983 0.0)
(8.996143917138857 -0.03340964373192498 0.0)
(8.534162842826502 -0.03022485587229124 0.0)
(7.9860887119219655 -0.02658481733270613 0.0)
(7.357406191862265 -0.022542199921905884 0.0)
(6.645662307603079 -0.017455560477184395 0.0)
(5.82018334651833 -0.010911886173359656 0.0)
(4.8767124008301455 -0.00458797888732443 0.0)
(3.827317831392398 -0.0006473995295380205 0.0)
(2.662421892824748 0.0005285274058644706 0.0)
(1.3842826755391433 0.0002894702684520584 0.0)
(0.026522548886025156 2.8031304434991156e-05 0.0)
(-0.02650383098409447 2.8099097695123153e-05 0.0)
(1.1935677378204421 0.00029041938677343754 0.0)
(2.3155383578609694 0.000532299871483766 0.0)
(3.3730247296376485 -0.0006388956471955722 0.0)
(4.367997209061851 -0.004573538177757864 0.0)
(5.2903684102541995 -0.01088959312596943 0.0)
(6.153068592633933 -0.017423896590580957 0.0)
(6.953231172765648 -0.022505114691476282 0.0)
(7.658492425465121 -0.026548370535171017 0.0)
(8.26583132544708 -0.030190520935142042 0.0)
(8.781618045936796 -0.03337735683623217 0.0)
(9.205842734149845 -0.036027886839219536 0.0)
(9.539364315607937 -0.03811242566384739 0.0)
(9.782553948887958 -0.03961194536150226 0.0)
(9.935960054113014 -0.04051499118188111 0.0)
(10.000000000000005 -0.04081669025099807 0.0)
(9.975151056998092 -0.04051499118188272 0.0)
(9.8618904955565 -0.0396119453615055 0.0)
(9.660635684392066 -0.03811242566385103 0.0)
(9.371935043627921 -0.03602788683922517 0.0)
(8.99615973184099 -0.033377356836238256 0.0)
(8.53416867455291 -0.030190520935149977 0.0)
(7.98595201897932 -0.026548370535180048 0.0)
(7.35787993834547 -0.022505114691483995 0.0)
(6.646931407366083 -0.01742389659058804 0.0)
(5.820742700856912 -0.010889593125976635 0.0)
(4.876447235382587 -0.004573538177762077 0.0)
(3.826975270362334 -0.0006388956471971433 0.0)
(2.662239419916808 0.0005322998714832827 0.0)
(1.3842100399573483 0.00029041938677321246 0.0)
(0.026503830984092737 2.809909769510151e-05 0.0)
(-0.026490024675804233 2.81638426227649e-05 0.0)
(1.1936231800496802 0.0002912981486563702 0.0)
(2.315697048028238 0.0005356215838975336 0.0)
(3.3733800083622 -0.0006319012734984081 0.0)
(4.368393151442263 -0.004562438850619844 0.0)
(5.290030920279861 -0.010872700475462035 0.0)
(6.15185016405513 -0.017398683454399527 0.0)
(6.95261310317672 -0.022473979940159556 0.0)
(7.6585695975076336 -0.02651705496329063 0.0)
(8.265816990331825 -0.030160831292879078 0.0)
(8.781591508498057 -0.03334928745972041 0.0)
(9.205829701613279 -0.03600149516528062 0.0)
(9.539356156957373 -0.03808752443256771 0.0)
(9.782549239836161 -0.03958820508460579 0.0)
(9.935958023720255 -0.0404919796494715 0.0)
(10.000000000000005 -0.04079392899506459 0.0)
(9.97515308739085 -0.04049197964947311 0.0)
(9.861895204608297 -0.039588205084609016 0.0)
(9.66064384304263 -0.03808752443257132 0.0)
(9.37194807616449 -0.036001495165286224 0.0)
(8.996186269279727 -0.03334928745972646 0.0)
(8.534183009668165 -0.03016083129288697 0.0)
(7.985874846936807 -0.02651705496329962 0.0)
(7.3584980079344 -0.02247397994016722 0.0)
(6.648149835944888 -0.017398683454406576 0.0)
(5.821080190831251 -0.010872700475469222 0.0)
(4.876051293002173 -0.004562438850624043 0.0)
(3.8266199916377817 -0.0006319012734999686 0.0)
(2.662080729749539 0.0005356215838970563 0.0)
(1.3841545977281102 0.00029129814865614686 0.0)
(0.02649002467580249 2.8163842622743405e-05 0.0)
(-0.0264817365850845 2.822269444426513e-05 0.0)
(1.1936589928962373 0.00029206794291159697 0.0)
(2.3158249828992012 0.0005383465931397043 0.0)
(3.3737323944840476 -0.0006267237284293498 0.0)
(4.3689024737716915 -0.004555168590034931 0.0)
(5.289930123361818 -0.010861950453989298 0.0)
(6.150735942183226 -0.017381028887710637 0.0)
(6.951877867329078 -0.022450163671961367 0.0)
(7.6585838578516485 -0.026492246565994085 0.0)
(8.265794781686463 -0.03013709145405973 0.0)
(8.78155541432922 -0.033326668919436024 0.0)
(9.205811237389387 -0.035980095002428075 0.0)
(9.539344559701894 -0.03806723502853971 0.0)
(9.782542646731834 -0.039568794267297626 0.0)
(9.93595510669982 -0.04047312359471843 0.0)
(10.000000000000005 -0.04077526487345967 0.0)
(9.975156004411286 -0.04047312359472004 0.0)
(9.861901797712626 -0.03956879426730084 0.0)
(9.66065544029811 -0.03806723502854332 0.0)
(9.371966540388382 -0.03598009500243367 0.0)
(8.996222363448563 -0.033326668919442054 0.0)
(8.534205218313527 -0.0301370914540676 0.0)
(7.985860586592792 -0.026492246566003047 0.0)
(7.359233243782044 -0.022450163671969003 0.0)
(6.6492640578167945 -0.01738102888771768 0.0)
(5.821180987749292 -0.010861950453996485 0.0)
(4.875541970672743 -0.004555168590039128 0.0)
(3.826267605515933 -0.0006267237284309057 0.0)
(2.6619527948785757 0.0005383465931392311 0.0)
(1.384118784881553 0.0002920679429113749 0.0)
(0.02648173658508276 2.822269444424375e-05 0.0)
(-0.02647933087547886 2.8273067318253482e-05 0.0)
(1.1936736028091535 0.0002926949461878419 0.0)
(2.315916541249679 0.0005403551672894407 0.0)
(3.3740664048016695 -0.0006235905038466809 0.0)
(4.369502797358759 -0.004552046837952663 0.0)
(5.290070448332247 -0.010857815397828123 0.0)
(6.14977488388886 -0.017371708599876485 0.0)
(6.9510577701407925 -0.02243471233013571 0.0)
(7.658534579923738 -0.02647503537887291 0.0)
(8.265765675318242 -0.03012034450377091 0.0)
(8.781511349342034 -0.03331049503265967 0.0)
(9.20578815276239 -0.03596462663466715 0.0)
(9.539330033403687 -0.038052448931058004 0.0)
(9.782534459263916 -0.0395545657853792 0.0)
(9.93595143122025 -0.04045925151817156 0.0)
(10.000000000000005 -0.040761517953541576 0.0)
(9.975159679890856 -0.04045925151817316 0.0)
(9.861909985180542 -0.03955456578538241 0.0)
(9.660669966596316 -0.0380524489310616 0.0)
(9.37198962501538 -0.035964626634672744 0.0)
(8.996266428435751 -0.033310495032665685 0.0)
(8.534234324681748 -0.030120344503778776 0.0)
(7.9859098645207025 -0.026475035378881864 0.0)
(7.360053340970332 -0.022434712330143346 0.0)
(6.650225116111162 -0.017371708599883542 0.0)
(5.821040662778863 -0.010857815397835327 0.0)
(4.874941647085674 -0.00455204683795687 0.0)
(3.82593359519831 -0.0006235905038482379 0.0)
(2.661861236528098 0.0005403551672889692 0.0)
(1.384104174968637 0.00029269494618762085 0.0)
(0.026479330875477138 2.8273067318232198e-05 0.0)
(-0.026482913249466264 2.8312747952801483e-05 0.0)
(1.1936663678555834 0.000293151609108217 0.0)
(2.315967700173253 0.000541559053273186 0.0)
(3.374367363512764 -0.0006226392679064915 0.0)
(4.370167745083312 -0.004553210758448448 0.0)
(5.290445729568663 -0.010860476993781355 0.0)
(6.14900921631528 -0.01737113210729353 0.0)
(6.95018884518199 -0.02242830481837497 0.0)
(7.658423928905902 -0.026466177630002228 0.0)
(8.265730950107734 -0.030111326272370637 0.0)
(8.781461249671418 -0.03330147645038698 0.0)
(9.205761462028564 -0.0359557697137787 0.0)
(9.539313216321723 -0.038043815814195504 0.0)
(9.782525037174773 -0.03954614481231573 0.0)
(9.935947158775393 -0.04045097293349613 0.0)
(10.000000000000005 -0.04075329224982224 0.0)
(9.975163952335713 -0.040450972933497725 0.0)
(9.861919407269685 -0.03954614481231894 0.0)
(9.66068678367828 -0.0380438158141991 0.0)
(9.372016315749205 -0.035955769713784294 0.0)
(8.996316528106366 -0.03330147645039301 0.0)
(8.534269049892256 -0.03011132627237851 0.0)
(7.986020515538539 -0.02646617763001119 0.0)
(7.360922265929136 -0.02242830481838263 0.0)
(6.650990783684743 -0.017371132107300614 0.0)
(5.820665381542444 -0.010860476993788594 0.0)
(4.874276699361119 -0.004553210758452677 0.0)
(3.8256326364872155 -0.0006226392679080555 0.0)
(2.661810077604524 0.0005415590532727139 0.0)
(1.3841114099222072 0.00029315160910799615 0.0)
(0.026482913249464578 2.8312747952780253e-05 0.0)
(-0.026492326304087474 2.8339992853420756e-05 0.0)
(1.1936376059261509 0.000293417866739442 0.0)
(2.3159762118404137 0.0005419053545432614 0.0)
(3.3746220470421537 -0.0006239118161757564 0.0)
(4.370868100358821 -0.004558609210985035 0.0)
(5.291039477900098 -0.010869818296192066 0.0)
(6.148472581494921 -0.017379324739991184 0.0)
(6.949309271425708 -0.022431222671023713 0.0)
(7.658256766601435 -0.026466062512662623 0.0)
(8.265692131817158 -0.030110433004448243 0.0)
(8.781407316605245 -0.03330000943262402 0.0)
(9.205732337929923 -0.03595391339666326 0.0)
(9.539294847367817 -0.038041715001313335 0.0)
(9.782514794453762 -0.03954390135025789 0.0)
(9.935942477088659 -0.04044865158655751 0.0)
(10.000000000000005 -0.04075094918467459 0.0)
(9.975168634022447 -0.04044865158655911 0.0)
(9.861929649990696 -0.03954390135026112 0.0)
(9.660705152632184 -0.03804171500131694 0.0)
(9.372045439847843 -0.03595391339666888 0.0)
(8.996370461172539 -0.03330000943263006 0.0)
(8.534307868182832 -0.030110433004456143 0.0)
(7.986187677843007 -0.02646606251267162 0.0)
(7.361801839685421 -0.02243122267103141 0.0)
(6.651527418505102 -0.017379324739998328 0.0)
(5.820071633211007 -0.010869818296199357 0.0)
(4.873576344085609 -0.004558609210989296 0.0)
(3.825377952957825 -0.000623911816177333 0.0)
(2.6618015659373633 0.0005419053545427866 0.0)
(1.3841401718516397 0.00029341786673922106 0.0)
(0.026492326304085836 2.833999285339954e-05 0.0)
(-0.026507156446943125 2.8353604929021227e-05 0.0)
(1.193588580767417 0.00029348202020830554 0.0)
(2.3159417022640776 0.0005413788552554003 0.0)
(3.374819265061488 -0.0006273522352115854 0.0)
(4.371573090855742 -0.004568004997434157 0.0)
(5.291825605111098 -0.01088542886532176 0.0)
(6.148188558180042 -0.017395926528676723 0.0)
(6.948457695733663 -0.022443337682974605 0.0)
(7.65804043781618 -0.026474695084899396 0.0)
(8.265650926051189 -0.030117703948562047 0.0)
(8.781351919863775 -0.033306158437447435 0.0)
(9.205702060126086 -0.035959139246498864 0.0)
(9.5392757336402 -0.03804623879828619 0.0)
(9.782504181147308 -0.039547933972824224 0.0)
(9.9359375918648 -0.04045238947309342 0.0)
(10.000000000000005 -0.0407545917080947 0.0)
(9.975173519246306 -0.04045238947309503 0.0)
(9.86194026329715 -0.03954793397282745 0.0)
(9.660724266359804 -0.03804623879828981 0.0)
(9.372075717651683 -0.03595913924650451 0.0)
(8.996425857914009 -0.03330615843745352 0.0)
(8.534349073948801 -0.030117703948569996 0.0)
(7.986404006628262 -0.026474695084908448 0.0)
(7.362653415377467 -0.022443337682982373 0.0)
(6.65181144181998 -0.01739592652868394 0.0)
(5.8192855060000035 -0.010885428865329113 0.0)
(4.872871353588685 -0.004568004997438458 0.0)
(3.825180734938491 -0.0006273522352131795 0.0)
(2.6618360755136994 0.0005413788552549205 0.0)
(1.3841891970103741 0.0002934820202080839 0.0)
(0.02650715644694155 2.8353604928999997e-05 0.0)
(-0.026526752068687126 2.835298608990361e-05 0.0)
(1.193521446455167 0.0002933412507287513 0.0)
(2.315865687731896 0.0005400026888251078 0.0)
(3.374950352171797 -0.0006328093592956131 0.0)
(4.372251740581386 -0.004580985284128343 0.0)
(5.292769570210194 -0.010906622801321602 0.0)
(6.148169625835495 -0.017420208021127415 0.0)
(6.947671534783849 -0.02246411754276632 0.0)
(7.657784447641199 -0.02649169604728131 0.0)
(8.265609143315796 -0.030132819632729516 0.0)
(8.781297493478483 -0.03331965328883459 0.0)
(9.205671958968356 -0.03597121764900414 0.0)
(9.539256714961091 -0.03805718843775114 0.0)
(9.782493663584678 -0.03955806549395661 0.0)
(9.935932717751614 -0.04046202235720772 0.0)
(10.000000000000005 -0.04076405977426728 0.0)
(9.975178393359492 -0.040462022357209346 0.0)
(9.86195078085978 -0.03955806549395986 0.0)
(9.660743285038912 -0.0380571884377548 0.0)
(9.372105818809413 -0.03597121764900982 0.0)
(8.9964802842993 -0.03331965328884072 0.0)
(8.534390856684194 -0.03013281963273752 0.0)
(7.986659996803244 -0.02649169604729043 0.0)
(7.363439576327283 -0.022464117542774165 0.0)
(6.651830374164526 -0.017420208021134722 0.0)
(5.818341540900906 -0.010906622801329032 0.0)
(4.872192703863041 -0.004580985284132693 0.0)
(3.8250496478281817 -0.0006328093592972289 0.0)
(2.661912090045882 0.0005400026888246213 0.0)
(1.3842563313226242 0.0002933412507285285 0.0)
(0.02652675206868562 2.8352986089882325e-05 0.0)
(-0.02655025217354922 2.833816352672659e-05 0.0)
(1.1934391527482626 0.0002930017434541802 0.0)
(2.3157515081833475 0.0005378373214877058 0.0)
(3.375009548645272 -0.0006400434123791137 0.0)
(4.372874230908362 -0.004596979741017018 0.0)
(5.293829897097863 -0.010932468881416973 0.0)
(6.148416616313861 -0.017451102332986714 0.0)
(6.9469853310501595 -0.02249264922137528 0.0)
(7.65750004381646 -0.02651631840862369 0.0)
(8.265568619467937 -0.030155115901441692 0.0)
(8.781246428845169 -0.03333990104770366 0.0)
(9.205643357046537 -0.03598961790126984 0.0)
(9.53923862697646 -0.03807408281258191 0.0)
(9.782483703888333 -0.03957385075315161 0.0)
(9.935928068908717 -0.04047712698759531 0.0)
(10.000000000000005 -0.04077893737368607 0.0)
(9.975183042202389 -0.04047712698759695 0.0)
(9.861960740556125 -0.03957385075315488 0.0)
(9.660761373023544 -0.0380740828125856 0.0)
(9.37213442073123 -0.035989617901275556 0.0)
(8.996531348932615 -0.03333990104770984 0.0)
(8.534431380532054 -0.03015511590144976 0.0)
(7.9869444006279835 -0.02651631840863289 0.0)
(7.364125780060974 -0.02249264922138322 0.0)
(6.651583383686158 -0.017451102332994125 0.0)
(5.817281214013233 -0.010932468881424486 0.0)
(4.871570213536063 -0.004596979741021418 0.0)
(3.824990451354707 -0.0006400434123807542 0.0)
(2.6620262695944303 0.0005378373214872111 0.0)
(1.3843386250295289 0.0002930017434539559 0.0)
(0.02655025217354779 2.833816352670521e-05 0.0)
(-0.026576624209913996 2.8309788515799045e-05 0.0)
(1.1933453154816334 0.0002924784157131261 0.0)
(2.3156041804589105 0.000534977895522572 0.0)
(3.3749942534971638 -0.0006487365434039238 0.0)
(4.373413210750517 -0.00461528560092552 0.0)
(5.294959996950477 -0.01096183147613255 0.0)
(6.148918677305381 -0.017487252024711072 0.0)
(6.94642923506928 -0.02252767908904064 0.0)
(7.65719972252572 -0.026547480307414478 0.0)
(8.265531135051349 -0.030183613097441223 0.0)
(8.7812009696504 -0.03336601206457216 0.0)
(9.205617511076749 -0.0360135315298737 0.0)
(9.53922226443926 -0.03809617961485579 0.0)
(9.78247473966911 -0.03959459617499849 0.0)
(9.935923849597762 -0.04049703969443011 0.0)
(10.000000000000005 -0.040798570811850385 0.0)
(9.975187261513344 -0.04049703969443175 0.0)
(9.861969704775348 -0.0395945961750018 0.0)
(9.660777735560742 -0.038096179614859525 0.0)
(9.37216026670102 -0.036013531529879475 0.0)
(8.996576808127385 -0.03336601206457841 0.0)
(8.534468864948643 -0.030183613097449373 0.0)
(7.987244721918725 -0.026547480307423772 0.0)
(7.364681876041854 -0.022527679089048687 0.0)
(6.651081322694637 -0.017487252024718587 0.0)
(5.816151114160616 -0.01096183147614015 0.0)
(4.871031233693907 -0.004615285600929977 0.0)
(3.8250057465028156 -0.0006487365434055916 0.0)
(2.6621735973188683 0.0005349778955220677 0.0)
(1.3844324622961584 0.0002924784157128997 0.0)
(0.026576624209912643 2.830978851577755e-05 0.0)
(-0.02660470943874986 2.826910780319053e-05 0.0)
(1.1932440576931043 0.00029179426156912975 0.0)
(2.315430177869268 0.0005315500488754425 0.0)
(3.374905138768299 -0.0006585067920964475 0.0)
(4.373844998319622 -0.004635098537859098 0.0)
(5.29611021524797 -0.01099342044677388 0.0)
(6.149653749168578 -0.0175270687449801 0.0)
(6.946027680681261 -0.02256766799746252 0.0)
(7.656896679337071 -0.026583812546829903 0.0)
(8.26549833706272 -0.03021705910607005 0.0)
(8.781163113288029 -0.03339683906912765 0.0)
(9.20559555668362 -0.036041907813723614 0.0)
(9.539208346289442 -0.03812250795150585 0.0)
(9.782467164798403 -0.039619390243614 0.0)
(9.935920245207553 -0.04052088554980303 0.0)
(10.000000000000005 -0.04082209743140565 0.0)
(9.975190865903553 -0.040520885549804694 0.0)
(9.861977279646055 -0.039619390243617325 0.0)
(9.660791653710561 -0.03812250795150963 0.0)
(9.372182221094148 -0.03604190781372946 0.0)
(8.996614664489757 -0.033396839069133974 0.0)
(8.534501662937272 -0.030217059106078276 0.0)
(7.987547765107375 -0.026583812546839287 0.0)
(7.365083430429873 -0.022567667997470675 0.0)
(6.650346250831436 -0.01752706874498772 0.0)
(5.815000895863119 -0.010993420446781567 0.0)
(4.870599446124802 -0.004635098537863609 0.0)
(3.8250948612316806 -0.0006585067920981433 0.0)
(2.6623475999085113 0.0005315500488749281 0.0)
(1.3845337200846877 0.0002917942615689011 0.0)
(0.026604709438748583 2.8269107803168895e-05 0.0)
(-0.026633273846482237 2.8217908824989804e-05 0.0)
(1.1931398284646575 0.00029097934150365377 0.0)
(2.31523714576988 0.0005277043948569242 0.0)
(3.3747461199968343 -0.0006689248716032998 0.0)
(4.374150621659823 -0.004655548007615631 0.0)
(5.297230013502617 -0.011025847831761368 0.0)
(6.150589534190561 -0.01756880301994782 0.0)
(6.945798311451289 -0.0226108589071625 0.0)
(7.65660422941382 -0.02662371875473799 0.0)
(8.265471666585668 -0.030253984370896752 0.0)
(8.78113452309736 -0.033431027579186375 0.0)
(9.20557845850302 -0.03607349995082018 0.0)
(9.539197484065044 -0.03815191100358601 0.0)
(9.782461312102171 -0.03964714355298262 0.0)
(9.935917414108403 -0.04054761681045378 0.0)
(10.000000000000005 -0.04084848351572935 0.0)
(9.975193697002704 -0.04054761681045545 0.0)
(9.861983132342287 -0.03964714355298597 0.0)
(9.660802515934959 -0.038151911003589827 0.0)
(9.372199319274749 -0.036073499950826066 0.0)
(8.996643254680425 -0.03343102757919275 0.0)
(8.534528333414322 -0.030253984370905068 0.0)
(7.987840215030626 -0.026623718754747477 0.0)
(7.365312799659845 -0.022610858907170767 0.0)
(6.64941046580945 -0.01756880301995555 0.0)
(5.813881097608471 -0.011025847831769138 0.0)
(4.8702938227846 -0.004655548007620196 0.0)
(3.8252538800031464 -0.0006689248716050234 0.0)
(2.6625406320079 0.0005277043948563989 0.0)
(1.3846379493131347 0.00029097934150342273 0.0)
(0.026633273846481037 2.8217908824967998e-05 0.0)
)
