(
(-0.026961635955072293 2.5868303747033443e-05 0.0)
(1.1924971855952171 0.0002558841886185215 0.0)
(2.3153172933909514 0.00037248398750072546 0.0)
(3.376526557735137 -0.0010703885462485488 0.0)
(4.377583219439925 -0.005426143710053081 0.0)
(5.301261189093091 -0.012269630479544132 0.0)
(6.153675201690659 -0.019355445837001498 0.0)
(6.9475104994843875 -0.024937219090980064 0.0)
(7.657905928337137 -0.029432038116615693 0.0)
(8.266649313722992 -0.03348495266251984 0.0)
(8.782076181925504 -0.037027212464860106 0.0)
(9.206308977317411 -0.03997300727930585 0.0)
(9.53973170293149 -0.04228977918156593 0.0)
(9.782810973137382 -0.043956387071043844 0.0)
(9.936090231865867 -0.04496008192138083 0.0)
(10.000000000000005 -0.045295411970601926 0.0)
(9.97502087924524 -0.04496008192138249 0.0)
(9.861633471307076 -0.04395638707104719 0.0)
(9.660268297068512 -0.042289779181569696 0.0)
(9.371468800460358 -0.03997300727931173 0.0)
(8.99570159585228 -0.03702721246486649 0.0)
(8.533350686277 -0.03348495266252816 0.0)
(7.986538516107308 -0.029432038116625203 0.0)
(7.363600611626746 -0.02493721909098835 0.0)
(6.646324798309352 -0.019355445837009218 0.0)
(5.809849922017995 -0.01226963047955189 0.0)
(4.866861225004495 -0.005426143710057648 0.0)
(3.8234734422648424 -0.0010703885462502848 0.0)
(2.6624604843868283 0.00037248398750018276 0.0)
(1.385280592182575 0.0002558841886182864 0.0)
(0.02696163595507069 2.5868303747011308e-05 0.0)
(-0.02698893362592115 2.5805896236439868e-05 0.0)
(1.1923958720346446 0.00025494200868979175 0.0)
(2.3151107858682476 0.0003683158753601752 0.0)
(3.376280766861485 -0.0010810047476621644 0.0)
(4.377692081143368 -0.0054460958528505755 0.0)
(5.302262665520575 -0.012301030678736181 0.0)
(6.154827664089586 -0.01939702820169589 0.0)
(6.947536944442679 -0.024981951756405756 0.0)
(7.6576480757545555 -0.029474227693245054 0.0)
(8.26663300086291 -0.033524231106956986 0.0)
(8.78206245921821 -0.03706377527170256 0.0)
(9.20629981416202 -0.04000694638389518 0.0)
(9.53972584102816 -0.04232148057539872 0.0)
(9.7828079201762 -0.04398638936417564 0.0)
(9.936088671666756 -0.04498902838278088 0.0)
(10.000000000000005 -0.04532400044503289 0.0)
(9.97502243944435 -0.04498902838278255 0.0)
(9.861636524268258 -0.043986389364179014 0.0)
(9.660274158971843 -0.04232148057540253 0.0)
(9.37147796361575 -0.04000694638390112 0.0)
(8.995715318559574 -0.03706377527170902 0.0)
(8.533366999137082 -0.03352423110696539 0.0)
(7.986796368689891 -0.029474227693254668 0.0)
(7.363574166668453 -0.024981951756414152 0.0)
(6.645172335910421 -0.019397028201703706 0.0)
(5.808848445590508 -0.012301030678744008 0.0)
(4.866752363301053 -0.005446095852855189 0.0)
(3.8237192331384953 -0.001081004747663926 0.0)
(2.6626669919095325 0.000368315875359622 0.0)
(1.3853819057431476 0.00025494200868955426 0.0)
(0.02698893362591961 2.5805896236417557e-05 0.0)
(-0.02701375661362106 2.573891945409375e-05 0.0)
(1.1923024483014655 0.0002539612680669012 0.0)
(2.3149062803487888 0.00036415157490271696 0.0)
(3.3759860718171155 -0.0010911593874965283 0.0)
(4.377652069647892 -0.005464549951617342 0.0)
(5.303121256837489 -0.012329896008036493 0.0)
(6.156071533762997 -0.01943612986655258 0.0)
(6.94774736654207 -0.025025252164278085 0.0)
(7.657430008694421 -0.029515667716105056 0.0)
(8.266625128036134 -0.03356297657546291 0.0)
(8.78206029887913 -0.037099975228928835 0.0)
(9.206296926881937 -0.04004065239670697 0.0)
(9.539723938916728 -0.04235304118890454 0.0)
(9.782807071280857 -0.044016311952077135 0.0)
(9.936088121911583 -0.04501793083521052 0.0)
(10.000000000000005 -0.04535255603014826 0.0)
(9.975022989199523 -0.045017930835212196 0.0)
(9.861637373163603 -0.044016311952080535 0.0)
(9.660276061083275 -0.042353041188908376 0.0)
(9.371480850895832 -0.04004065239671295 0.0)
(8.995717478898655 -0.03709997522893534 0.0)
(8.533374871963858 -0.03356297657547138 0.0)
(7.987014435750026 -0.029515667716114753 0.0)
(7.363363744569061 -0.025025252164286572 0.0)
(6.643928466237006 -0.019436129866560473 0.0)
(5.807989854273593 -0.012329896008044383 0.0)
(4.86679237479653 -0.005464549951621996 0.0)
(3.8240139281828656 -0.0010911593874983125 0.0)
(2.6628714974289918 0.0003641515749021541 0.0)
(1.385475329476327 0.00025396126806666124 0.0)
(0.027013756613619568 2.5738919454071256e-05 0.0)
(-0.02703501424150485 2.567031623728081e-05 0.0)
(1.1922210192636018 0.00025298505869860544 0.0)
(2.314712762430968 0.0003601740578720792 0.0)
(3.3756554209631484 -0.0011004062894547076 0.0)
(4.377464942985409 -0.005480695167014388 0.0)
(5.303799238112113 -0.012354958177683251 0.0)
(6.157352157353036 -0.019471032775952236 0.0)
(6.948132520220469 -0.025065217773890997 0.0)
(7.657261308624414 -0.029554537386403613 0.0)
(8.266626041160269 -0.03359948666303429 0.0)
(8.782069795829612 -0.037134221776644334 0.0)
(9.206300442338971 -0.04007264433720166 0.0)
(9.539726080172493 -0.042383074306464444 0.0)
(9.78280846375026 -0.04404484009097776 0.0)
(9.936088606755584 -0.045045519357785516 0.0)
(10.000000000000005 -0.045379824045779005 0.0)
(9.975022504355524 -0.0450455193577872 0.0)
(9.861635980694198 -0.044044840090981176 0.0)
(9.66027391982751 -0.04238307430646831 0.0)
(9.371477335438797 -0.04007264433720768 0.0)
(8.995707981948174 -0.0371342217766509 0.0)
(8.533373958839723 -0.03359948666304282 0.0)
(7.987183135820033 -0.029554537386413372 0.0)
(7.36297859089066 -0.02506521777389956 0.0)
(6.642647842646964 -0.019471032775960198 0.0)
(5.807311872998969 -0.012354958177691186 0.0)
(4.8669795014590145 -0.005480695167019071 0.0)
(3.824344579036834 -0.0011004062894565104 0.0)
(2.663065015346813 0.0003601740578715079 0.0)
(1.3855567585141908 0.0002529850586983632 0.0)
(0.027035014241503393 2.5670316237258148e-05 0.0)
(-0.027051772488293043 2.560310088584178e-05 0.0)
(1.192155162764007 0.00025205627343862256 0.0)
(2.314538734938062 0.0003565580890899264 0.0)
(3.375303342493198 -0.0011083391615813892 0.0)
(4.377138923159129 -0.005493822107814004 0.0)
(5.304266820087573 -0.012375116001792112 0.0)
(6.158613266601992 -0.019500203359908912 0.0)
(6.948675482529866 -0.025100092569473115 0.0)
(7.657149387916983 -0.02958912884193784 0.0)
(8.266635700114309 -0.03363215718321656 0.0)
(8.782090532791024 -0.037165010184194734 0.0)
(9.206310206070372 -0.04010151653804152 0.0)
(9.539732170712591 -0.042410260327836874 0.0)
(9.782812036401854 -0.04407072030664496 0.0)
(9.9360901048956 -0.04507058176129569 0.0)
(10.000000000000005 -0.045404606385203744 0.0)
(9.975021006215506 -0.04507058176129739 0.0)
(9.861632408042604 -0.0440707203066484 0.0)
(9.660267829287411 -0.04241026032784077 0.0)
(9.371467571707397 -0.04010151653804757 0.0)
(8.995687244986762 -0.03716501018420134 0.0)
(8.533364299885681 -0.033632157183225146 0.0)
(7.987295056527464 -0.029589128841947664 0.0)
(7.362435628581261 -0.025100092569481734 0.0)
(6.641386733398005 -0.019500203359916923 0.0)
(5.806844291023507 -0.012375116001800074 0.0)
(4.867305521285296 -0.005493822107818706 0.0)
(3.824696657506785 -0.0011083391615832054 0.0)
(2.663239042839719 0.00035655808908934813 0.0)
(1.3856226150137856 0.00025205627343837834 0.0)
(0.027051772488291607 2.560310088581896e-05 0.0)
(-0.027063295027280113 2.5540226719351873e-05 0.0)
(1.1921077724167923 0.0002512157214121118 0.0)
(2.3143918443197364 0.00035346254760931827 0.0)
(3.374945306091125 -0.0011146094479881057 0.0)
(4.3766883348837835 -0.005503354000252514 0.0)
(5.304503458067285 -0.012389483782449433 0.0)
(6.1597994506766 -0.01952235991632963 0.0)
(6.949352396699708 -0.025128344216308187 0.0)
(7.657099164163259 -0.02961792219743486 0.0)
(8.266653680501488 -0.033659552653121955 0.0)
(8.78212159861922 -0.03719098766527807 0.0)
(9.206325789075642 -0.04012600040754184 0.0)
(9.539741942929835 -0.042433404748978165 0.0)
(9.782817632259864 -0.044092815469748865 0.0)
(9.9360925505061 -0.04509201684958121 0.0)
(10.000000000000005 -0.045425814157766184 0.0)
(9.975018560605006 -0.04509201684958291 0.0)
(9.861626812184596 -0.04409281546975232 0.0)
(9.660258057070168 -0.04243340474898207 0.0)
(9.371451988702127 -0.04012600040754792 0.0)
(8.995656179158566 -0.037190987665284704 0.0)
(8.533346319498504 -0.03365955265313058 0.0)
(7.987345280281189 -0.029617922197444725 0.0)
(7.361758714411417 -0.025128344216316847 0.0)
(6.640200549323396 -0.01952235991633766 0.0)
(5.8066076530437964 -0.012389483782457406 0.0)
(4.867756109560642 -0.005503354000257223 0.0)
(3.8250546939088585 -0.0011146094479899298 0.0)
(2.663385933458045 0.000353462547608735 0.0)
(1.3856700053610005 0.00025121572141186606 0.0)
(0.027063295027278677 2.5540226719328918e-05 0.0)
(-0.02706907557918285 2.5484456313661622e-05 0.0)
(1.192080930467116 0.0002505003349373716 0.0)
(2.314278544681031 0.00035102344585977976 0.0)
(3.374597043221428 -0.0011189416437613112 0.0)
(4.376132976183864 -0.005508872030414274 0.0)
(5.304498754611336 -0.012397430225658241 0.0)
(6.160858590818683 -0.019536528926659528 0.0)
(6.950133520359751 -0.02514873138871922 0.0)
(7.657112844103098 -0.029639652325530088 0.0)
(8.266679192296484 -0.03368046936592141 0.0)
(8.782161628338542 -0.0372110128169 0.0)
(9.206346506666039 -0.040145020169268755 0.0)
(9.539754967450877 -0.04245149064636487 0.0)
(9.782825005452523 -0.04411015475924463 0.0)
(9.936095836131432 -0.04510888280407717 0.0)
(10.000000000000005 -0.045442515532738426 0.0)
(9.975015274979674 -0.04510888280407887 0.0)
(9.861619438991937 -0.04411015475924809 0.0)
(9.660245032549126 -0.04245149064636879 0.0)
(9.37143127111173 -0.04014502016927485 0.0)
(8.995616149439243 -0.03721101281690665 0.0)
(8.533320807703507 -0.03368046936593005 0.0)
(7.987331600341349 -0.029639652325539965 0.0)
(7.3609775907513715 -0.025148731388727894 0.0)
(6.63914140918131 -0.019536528926667567 0.0)
(5.8066123564997465 -0.012397430225666207 0.0)
(4.868311468260565 -0.0055088720304189796 0.0)
(3.825402956778557 -0.0011189416437631374 0.0)
(2.6634992330967506 0.0003510234458591936 0.0)
(1.3856968473106768 0.00025050033493712466 0.0)
(0.027069075579181406 2.5484456313638553e-05 0.0)
(-0.02706886015712588 2.543824011836798e-05 0.0)
(1.192075816301141 0.00024994154678733936 0.0)
(2.314203814200794 0.00034934795350997504 0.0)
(3.3742738559174716 -0.0011211454001442585 0.0)
(4.375497248504643 -0.005510133746148929 0.0)
(5.304252916380976 -0.01239860617924155 0.0)
(6.161744150348041 -0.019542087830506195 0.0)
(6.950984532365399 -0.025160358311647747 0.0)
(7.657189826664972 -0.029653364444149153 0.0)
(8.2667111145577 -0.033693988279520554 0.0)
(8.782208863116356 -0.037224205770533224 0.0)
(9.206371448548543 -0.04015774012968765 0.0)
(9.539770672002089 -0.04246372335875305 0.0)
(9.782833832015235 -0.04412197631847315 0.0)
(9.936099817407232 -0.045120438565598414 0.0)
(10.000000000000005 -0.04545397668225851 0.0)
(9.975011293703874 -0.045120438565600114 0.0)
(9.861610612429223 -0.044121976318476606 0.0)
(9.660229327997916 -0.04246372335875697 0.0)
(9.371406329229226 -0.04015774012969374 0.0)
(8.99556891466143 -0.03722420577053987 0.0)
(8.533288885442293 -0.03369398827952919 0.0)
(7.987254617779475 -0.02965336444415903 0.0)
(7.360126578745723 -0.025160358311656413 0.0)
(6.638255849651951 -0.019542087830514206 0.0)
(5.806858194730108 -0.012398606179249492 0.0)
(4.868947195939787 -0.0055101337461536185 0.0)
(3.825726144082514 -0.0011211454001460808 0.0)
(2.6635739635769875 0.0003493479535093881 0.0)
(1.3857019614766517 0.0002499415467870918 0.0)
(0.027068860157124407 2.5438240118344837e-05 0.0)
(-0.02706265822636027 2.5403608788542012e-05 0.0)
(1.192092654625964 0.00024956390909105353 0.0)
(2.3141709363996124 0.0003485096886285279 0.0)
(3.3739899444381374 -0.0011211238881131398 0.0)
(4.374809084557315 -0.005507083709975341 0.0)
(5.3037767450582995 -0.012392959973950254 0.0)
(6.16241721939904 -0.019538792379804323 0.0)
(6.951868040806005 -0.025162714119371144 0.0)
(7.657326729375947 -0.029658456067885555 0.0)
(8.266748044679376 -0.03369951539758802 0.0)
(8.782261227542937 -0.03722998685193094 0.0)
(9.206399518822465 -0.04016360139700824 0.0)
(9.53978836655422 -0.04246956540313948 0.0)
(9.782843724124985 -0.04412776072974884 0.0)
(9.936104319403523 -0.04512617639512437 0.0)
(10.000000000000005 -0.04545969402438409 0.0)
(9.975006791707584 -0.04512617639512607 0.0)
(9.861600720319473 -0.044127760729752295 0.0)
(9.660211633445783 -0.04246956540314339 0.0)
(9.371378258955303 -0.04016360139701432 0.0)
(8.995516550234846 -0.037229986851937576 0.0)
(8.533251955320615 -0.03369951539759664 0.0)
(7.9871177150685 -0.02965845606789541 0.0)
(7.359243070305114 -0.025162714119379776 0.0)
(6.637582780600951 -0.019538792379812285 0.0)
(5.807334366052787 -0.012392959973958154 0.0)
(4.869635359887116 -0.005507083709980005 0.0)
(3.8260100555618486 -0.001121123888114953 0.0)
(2.663606841378169 0.0003485096886279425 0.0)
(1.3856851231518286 0.00024956390909080574 0.0)
(0.027062658226358758 2.5403608788518827e-05 0.0)
(-0.02705074228837776 2.5382083961460047e-05 0.0)
(1.1921307055963972 0.00024938401455802016 0.0)
(2.3141813558679214 0.0003485454830407669 0.0)
(3.373757783334426 -0.0011188780528672473 0.0)
(4.374098721006766 -0.005499855934903091 0.0)
(5.303091162740094 -0.012380739693715415 0.0)
(6.162848224548923 -0.019526787370628896 0.0)
(6.952745225937022 -0.025155695302007865 0.0)
(7.657517536981358 -0.029654703480107177 0.0)
(8.266788360019529 -0.03369680786866748 0.0)
(8.782316420821182 -0.03722810205095272 0.0)
(9.206429484131323 -0.04016234643786733 0.0)
(9.539807273641024 -0.04246876009078153 0.0)
(9.782854247140568 -0.04412725383662255 0.0)
(9.936109144310825 -0.04512584418292272 0.0)
(10.000000000000005 -0.04545941634956174 0.0)
(9.975001966800283 -0.04512584418292442 0.0)
(9.861590197303892 -0.044127253836626 0.0)
(9.66019272635898 -0.04246876009078542 0.0)
(9.371348293646445 -0.04016234643787338 0.0)
(8.995461356956604 -0.037228102050959326 0.0)
(8.533211639980463 -0.033696807868676064 0.0)
(7.986926907463087 -0.029654703480116992 0.0)
(7.358365885174094 -0.02515569530201645 0.0)
(6.637151775451068 -0.019526787370636803 0.0)
(5.808019948370996 -0.012380739693723256 0.0)
(4.8703457234376675 -0.00549985593490772 0.0)
(3.8262422166655603 -0.0011188780528690453 0.0)
(2.6635964219098596 0.0003485454830401852 0.0)
(1.385647072181395 0.0002493840145577729 0.0)
(0.02705074228837619 2.538208396143686e-05 0.0)
(-0.027033635907693702 2.5374611398645502e-05 0.0)
(1.1921882973224123 0.0002494097674249132 0.0)
(2.314234614793346 0.00034945376400570224 0.0)
(3.373587573340508 -0.0011145065722986459 0.0)
(4.373397369927834 -0.0054887679961460175 0.0)
(5.302226292659183 -0.012362482275294179 0.0)
(6.163018228219907 -0.019506600281120546 0.0)
(6.953577545848559 -0.0251396102535523 0.0)
(7.657753865744098 -0.02964227156265584 0.0)
(8.266830289195866 -0.03368598465662642 0.0)
(8.782372017859414 -0.0372186341823054 0.0)
(9.206460027854266 -0.040154030392873685 0.0)
(9.539826562519693 -0.04246134280563092 0.0)
(9.782864938699927 -0.0441204779110509 0.0)
(9.936114080131535 -0.045119456525789844 0.0)
(10.000000000000005 -0.045453155858315206 0.0)
(9.974997030979571 -0.045119456525791544 0.0)
(9.861579505744531 -0.04412047791105433 0.0)
(9.66017343748031 -0.0424613428056348 0.0)
(9.371317749923502 -0.04015403039287972 0.0)
(8.99540575991837 -0.037218634182311965 0.0)
(8.533169710804124 -0.033685984656634964 0.0)
(7.9866905787003475 -0.029642271562665592 0.0)
(7.357533565262556 -0.025139610253560808 0.0)
(6.636981771780086 -0.01950660028112837 0.0)
(5.808884818451909 -0.012362482275301947 0.0)
(4.871047074516601 -0.0054887679961506015 0.0)
(3.8264124266594783 -0.0011145065723004244 0.0)
(2.663543162984435 0.00034945376400512615 0.0)
(1.3855894804553799 0.0002494097674246668 0.0)
(0.02703363590769207 2.537461139862235e-05 0.0)
(-0.02701209070738012 2.538151943083778e-05 0.0)
(1.1922628993289288 0.0002496400361578747 0.0)
(2.3143283730761364 0.0003511946233193876 0.0)
(3.3734867931721255 -0.0011082015212661223 0.0)
(4.372735847403841 -0.005474307077448295 0.0)
(5.301220135624687 -0.01233898991625097 0.0)
(6.1629197607617 -0.019479118095061036 0.0)
(6.954328429926389 -0.02511516572160682 0.0)
(7.658025331810682 -0.029621706551240797 0.0)
(8.266871989917087 -0.03366752131360143 0.0)
(8.782425575825489 -0.037201999246816365 0.0)
(9.206489807955986 -0.04013901865383057 0.0)
(9.539845385672189 -0.042447639449627664 0.0)
(9.782875329035505 -0.04410773067480731 0.0)
(9.936118909994725 -0.04510729408569429 0.0)
(10.000000000000005 -0.045441187625176585 0.0)
(9.97499220111638 -0.04510729408569596 0.0)
(9.861569115408953 -0.044107730674810726 0.0)
(9.660154614327814 -0.0424476394496315 0.0)
(9.371287969821783 -0.04013901865383655 0.0)
(8.995352201952295 -0.037201999246822874 0.0)
(8.533128010082903 -0.0336675213136099 0.0)
(7.9864191126337625 -0.02962170655125048 0.0)
(7.356782681184725 -0.025115165721615238 0.0)
(6.637080239238293 -0.019479118095068762 0.0)
(5.809890975486407 -0.012338989916258659 0.0)
(4.871708597040596 -0.005474307077452828 0.0)
(3.826513206827861 -0.0011082015212678775 0.0)
(2.663449404701644 0.0003511946233188191 0.0)
(1.385514878448863 0.0002496400361576297 0.0)
(0.027012090707378412 2.5381519430814702e-05 0.0)
(-0.02698705334412296 2.540250453174025e-05 0.0)
(1.1923512337402613 0.0002500647031700432 0.0)
(2.3144585111488736 0.00035369157080839203 0.0)
(3.373459870925505 -0.0011002399321772805 0.0)
(4.37214321952427 -0.005457108565121994 0.0)
(5.300116900335991 -0.012311294827864092 0.0)
(6.162557148654276 -0.01944554832942857 0.0)
(6.9549648856978346 -0.025083435754185094 0.0)
(7.658320007458778 -0.029593912034841 0.0)
(8.266911629929792 -0.03364222908510729 0.0)
(8.782474741480357 -0.03717892815311823 0.0)
(9.206517515953294 -0.04011797080908834 0.0)
(9.539862916043626 -0.042428252123164936 0.0)
(9.782884961614966 -0.044089572218131916 0.0)
(9.936123421685041 -0.04508989125800328 0.0)
(10.000000000000005 -0.04542403751241472 0.0)
(9.974987689426065 -0.04508989125800495 0.0)
(9.861559482829493 -0.0440895722181353 0.0)
(9.660137083956377 -0.042428252123168746 0.0)
(9.371260261824474 -0.04011797080909427 0.0)
(8.995303036297427 -0.037178928153124687 0.0)
(8.5330883700702 -0.03364222908511568 0.0)
(7.986124436985666 -0.0295939120348506 0.0)
(7.356146225413277 -0.025083435754193414 0.0)
(6.637442851345719 -0.019445548329436194 0.0)
(5.810994210775108 -0.012311294827871697 0.0)
(4.872301224920168 -0.005457108565126474 0.0)
(3.826540129074481 -0.0011002399321790096 0.0)
(2.6633192666289065 0.0003536915708078324 0.0)
(1.3854265440375302 0.0002500647031698 0.0)
(0.026987053344121176 2.5402504531717276e-05 0.0)
(-0.026959623913859174 2.5436644654410405e-05 0.0)
(1.192449419303979 0.0002506651093698103 0.0)
(2.3146193109827222 0.00035683489516808483 0.0)
(3.373507989514911 -0.001090971622691369 0.0)
(4.371645525273967 -0.005437928130334948 0.0)
(5.298965060933366 -0.012280613881650535 0.0)
(6.161946324410255 -0.019407365978310897 0.0)
(6.955458948460663 -0.025045814508007306 0.0)
(7.658624945179502 -0.02956010925365844 0.0)
(8.26694746752434 -0.03361121926539319 0.0)
(8.782517354575088 -0.037150434602860764 0.0)
(9.206541934407479 -0.040091811662439 0.0)
(9.539878383381556 -0.042404032669899394 0.0)
(9.78289341320039 -0.04406680039039106 0.0)
(9.936127416967064 -0.04506801269112799 0.0)
(10.000000000000005 -0.04540245906460913 0.0)
(9.974983694144042 -0.04506801269112965 0.0)
(9.861551031244069 -0.04406680039039442 0.0)
(9.660121616618447 -0.04240403266990316 0.0)
(9.371235843370288 -0.04009181166244488 0.0)
(8.995260423202696 -0.03715043460286715 0.0)
(8.53305253247565 -0.03361121926540151 0.0)
(7.98581949926494 -0.029560109253667942 0.0)
(7.355652162650449 -0.025045814508015515 0.0)
(6.6380536755897435 -0.019407365978318415 0.0)
(5.812146050177735 -0.012280613881658053 0.0)
(4.872798919170471 -0.005437928130339371 0.0)
(3.826492010485075 -0.0010909716226930703 0.0)
(2.6631584667950574 0.0003568348951675352 0.0)
(1.3853283584738123 0.00025066510936956924 0.0)
(0.026959623913857315 2.5436644654387565e-05 0.0)
(-0.026931007615573845 2.5482439744315713e-05 0.0)
(1.1925531419260373 0.00025141487400717045 0.0)
(2.3148037073271577 0.00036048648447665056 0.0)
(3.3736290346975544 -0.001080803825371306 0.0)
(4.371264632427786 -0.0054176085263020835 0.0)
(5.297815227132934 -0.012248295142257714 0.0)
(6.161114126529447 -0.01936624870436349 0.0)
(6.955788910000937 -0.02500395499180438 0.0)
(7.658926746567275 -0.029521783440057816 0.0)
(8.26697792806239 -0.03357585436920654 0.0)
(8.782551542768262 -0.03711777055051476 0.0)
(9.206561990416338 -0.04006169059892953 0.0)
(9.539891108079443 -0.04237604524829931 0.0)
(9.782900312444577 -0.04404041574403581 0.0)
(9.936130720295411 -0.045042619689271216 0.0)
(10.000000000000005 -0.045377400399279746 0.0)
(9.974980390815695 -0.04504261968927286 0.0)
(9.861544131999883 -0.04404041574403914 0.0)
(9.66010889192056 -0.04237604524830304 0.0)
(9.37121578736143 -0.04006169059893536 0.0)
(8.995226235009524 -0.037117770550521074 0.0)
(8.5330220719376 -0.03357585436921478 0.0)
(7.985517697877167 -0.02952178344006722 0.0)
(7.355322201110175 -0.025003954991812478 0.0)
(6.638885873470554 -0.019366248704370898 0.0)
(5.81329588397817 -0.012248295142265145 0.0)
(4.873179812016653 -0.005417608526306452 0.0)
(3.8263709653024307 -0.0010808038253729787 0.0)
(2.662974070450621 0.00036048648447611144 0.0)
(1.3852246358517537 0.00025141487400693165 0.0)
(0.02693100761557191 2.5482439744293023e-05 0.0)
(-0.026902461797061576 2.553787764898548e-05 0.0)
(1.1926578442241784 0.00025228105379561345 0.0)
(2.3150035981441492 0.0003644858945802646 0.0)
(3.373817687969556 -0.0010701832946298745 0.0)
(4.371017276720562 -0.005397042559250941 0.0)
(5.296717920528325 -0.012215758635969088 0.0)
(6.160097120264273 -0.019324003125381673 0.0)
(6.955940272412224 -0.02495969643613845 0.0)
(7.659212151021245 -0.029480618560173668 0.0)
(8.267001673163627 -0.033537688265387514 0.0)
(8.782575803893211 -0.037082371194783116 0.0)
(9.20657680275553 -0.04002893108298562 0.0)
(9.539900531037345 -0.042345519574468235 0.0)
(9.782905356207355 -0.04401157757215767 0.0)
(9.93613318652788 -0.04501482797447935 0.0)
(10.000000000000005 -0.04534996254833759 0.0)
(9.974977924583229 -0.04501482797448098 0.0)
(9.861539088237103 -0.044011577572160974 0.0)
(9.66009946896266 -0.04234551957447192 0.0)
(9.371200975022239 -0.040028931082991395 0.0)
(8.995201973884573 -0.03708237119478936 0.0)
(8.532998326836363 -0.03353768826539565 0.0)
(7.985232293423196 -0.02948061856018297 0.0)
(7.355170838698888 -0.02495969643614644 0.0)
(6.639902879735732 -0.01932400312538897 0.0)
(5.814393190582782 -0.01221575863597644 0.0)
(4.873427167723876 -0.005397042559255258 0.0)
(3.8261823120304284 -0.0010701832946315199 0.0)
(2.662774179633629 0.0003644858945797362 0.0)
(1.3851199335536124 0.00025228105379537715 0.0)
(0.02690246179705957 2.5537877648962965e-05 0.0)
(-0.026875240709364704 2.5600522528309303e-05 0.0)
(1.1927589257709694 0.0002532255903798665 0.0)
(2.3152102005968884 0.00036865739871568817 0.0)
(3.3740656602512757 -0.001059576677158142 0.0)
(4.370914326509548 -0.005377133860149372 0.0)
(5.295721354764278 -0.012184433957347121 0.0)
(6.158939991009463 -0.019282485434819797 0.0)
(6.955906385107083 -0.02491498348097675 0.0)
(7.659468618391841 -0.029438423323519067 0.0)
(8.267017659511742 -0.033498397902715 0.0)
(8.782589071960494 -0.03704579191859541 0.0)
(9.206585720597971 -0.03999497250780598 0.0)
(9.539906238227728 -0.042313796890669164 0.0)
(9.78290832287502 -0.04398155297127102 0.0)
(9.936134707302724 -0.04498585866385685 0.0)
(10.000000000000005 -0.04532135108075695 0.0)
(9.974976403808384 -0.04498585866385848 0.0)
(9.86153612156944 -0.0439815529712743 0.0)
(9.660093761772275 -0.04231379689067282 0.0)
(9.371192057179798 -0.0399949725078117 0.0)
(8.99518870581729 -0.037045791918601585 0.0)
(8.532982340488248 -0.03349839790272307 0.0)
(7.9849758260526 -0.02943842332352828 0.0)
(7.355204726004031 -0.024914983480984632 0.0)
(6.641060008990545 -0.019282485434826996 0.0)
(5.81538975634683 -0.012184433957354404 0.0)
(4.87353011793489 -0.005377133860153644 0.0)
(3.8259343397487076 -0.0010595766771597623 0.0)
(2.6625675771808894 0.0003686573987151703 0.0)
(1.3850188520068212 0.0002532255903796327 0.0)
(0.026875240709362636 2.5600522528286958e-05 0.0)
(-0.026850540397277054 2.5667621880895253e-05 0.0)
(1.1928519452281676 0.0002542069825503982 0.0)
(2.31541443695157 0.00037281770862276193 0.0)
(3.3743620560943075 -0.0010494500083235584 0.0)
(4.370960305238674 -0.005358757180813966 0.0)
(5.294869317117302 -0.012155697455463589 0.0)
(6.157693580907567 -0.019243519844046684 0.0)
(6.955688737031705 -0.024871780731769027 0.0)
(7.65968487997199 -0.029397051711598624 0.0)
(8.267025184695846 -0.03345970962784514 0.0)
(8.782590763995506 -0.03700963994842741 0.0)
(9.20658835210998 -0.03996130695105857 0.0)
(9.539907978887088 -0.042282271033593236 0.0)
(9.782909082097618 -0.043951661167410346 0.0)
(9.936135215799881 -0.044956984615914616 0.0)
(10.000000000000005 -0.04529282313208011 0.0)
(9.974975895311227 -0.04495698461591623 0.0)
(9.86153536234684 -0.04395166116741361 0.0)
(9.660092021112915 -0.04228227103359685 0.0)
(9.371189425667788 -0.03996130695106424 0.0)
(8.995187013782278 -0.03700963994843353 0.0)
(8.532974815304144 -0.03345970962785314 0.0)
(7.9847595644724505 -0.029397051711607752 0.0)
(7.355422374079409 -0.02487178073177682 0.0)
(6.642306419092445 -0.019243519844053807 0.0)
(5.816241793993808 -0.012155697455470812 0.0)
(4.873484139205765 -0.005358757180818199 0.0)
(3.825637943905675 -0.001049450008325156 0.0)
(2.6623633408262073 0.0003728177086222536 0.0)
(1.3849258325496228 0.00025420698255016676 0.0)
(0.026850540397274938 2.566762188087309e-05 0.0)
(-0.026829446147323816 2.5736227483945505e-05 0.0)
(1.1929328154909982 0.0002551821097306417 0.0)
(2.315607333436409 0.00037678402789524093 0.0)
(3.374693852407549 -0.0010402482354284971 0.0)
(4.3711531926866956 -0.005342719958915536 0.0)
(5.2941992445628445 -0.012130811759639303 0.0)
(6.156412654938217 -0.01920881842983538 0.0)
(6.955296891244349 -0.024831986438278286 0.0)
(7.6598514336235 -0.029358321517352893 0.0)
(8.267023918073118 -0.033423323332797544 0.0)
(8.782580805653325 -0.03697550373571016 0.0)
(9.206584581667732 -0.03992941361571746 0.0)
(9.539905676534039 -0.04225232719172542 0.0)
(9.7829076005163 -0.043923215551751806 0.0)
(9.936134689676916 -0.04492947450349566 0.0)
(10.000000000000005 -0.045265632168181524 0.0)
(9.974976421434192 -0.04492947450349725 0.0)
(9.861536843928159 -0.04392321555175504 0.0)
(9.660094323465964 -0.04225232719172899 0.0)
(9.371193196110037 -0.039929413615723094 0.0)
(8.995196972124461 -0.036975503735716224 0.0)
(8.532976081926874 -0.033423323332805475 0.0)
(7.984593010820939 -0.029358321517361945 0.0)
(7.355814219866767 -0.024831986438285995 0.0)
(6.643587345061797 -0.019208818429842435 0.0)
(5.816911866548266 -0.012130811759646481 0.0)
(4.873291251757742 -0.00534271995891974 0.0)
(3.8253061475924324 -0.0010402482354300766 0.0)
(2.662170444341368 0.00037678402789474106 0.0)
(1.384844962286792 0.00025518210973041254 0.0)
(0.026829446147321665 2.5736227483923512e-05 0.0)
(-0.026812884802257093 2.580332493277243e-05 0.0)
(1.1929979832680602 0.00025610812661624186 0.0)
(2.3157804145327563 0.00038038208372046846 0.0)
(3.375046470668001 -0.0010323756675398007 0.0)
(4.3714845137320255 -0.00532972684064503 0.0)
(5.293740578863086 -0.012110870301821694 0.0)
(6.155153494645121 -0.019179905908841877 0.0)
(6.954748064732048 -0.024797349088958896 0.0)
(7.659960961283627 -0.029323934474662142 0.0)
(8.267013915296639 -0.03339083776480972 0.0)
(8.782559634485285 -0.03694488316318 0.0)
(9.20657457493756 -0.039900693836590326 0.0)
(9.53989943232976 -0.04222528104269668 0.0)
(9.782903943229037 -0.04389746597260762 0.0)
(9.93613315205071 -0.04490453707061132 0.0)
(10.000000000000005 -0.04524097291027043 0.0)
(9.974977959060398 -0.044904537070612906 0.0)
(9.861540501215423 -0.04389746597261084 0.0)
(9.660100567670243 -0.04222528104270024 0.0)
(9.371203202840208 -0.03990069383659593 0.0)
(8.9952181432925 -0.036944883163186025 0.0)
(8.532986084703351 -0.03339083776481761 0.0)
(7.984483483160814 -0.029323934474671146 0.0)
(7.356363046379071 -0.024797349088966556 0.0)
(6.644846505354897 -0.01917990590884889 0.0)
(5.817370532248025 -0.012110870301828842 0.0)
(4.872959930712409 -0.005329726840649215 0.0)
(3.82495352933198 -0.0010323756675413667 0.0)
(2.6619973632450202 0.0003803820837199754 0.0)
(1.38477979450973 0.00025610812661601456 0.0)
(0.02681288480225492 2.5803324932750594e-05 0.0)
(-0.026801584037280998 2.5865966088225888e-05 0.0)
(1.1930445852064506 0.0002569443457193453 0.0)
(2.315926075373881 0.0003834537841079412 0.0)
(3.375404417474395 -0.0010261782108880414 0.0)
(4.371939710734067 -0.005320348719849015 0.0)
(5.293513472949769 -0.012096749273185397 0.0)
(6.1539714252279865 -0.019158052644344666 0.0)
(6.954066371927702 -0.02476939058557272 0.0)
(7.660008650507358 -0.02929540148727289 0.0)
(8.26699561587011 -0.03336368028030842 0.0)
(8.782528180713781 -0.03691912364277516 0.0)
(9.206558771596885 -0.03987640950823068 0.0)
(9.539889520633164 -0.042202320944815824 0.0)
(9.78289827093034 -0.043875543819377895 0.0)
(9.936130670481743 -0.04488326802244079 0.0)
(10.000000000000005 -0.045219928841026616 0.0)
(9.974980440629365 -0.04488326802244238 0.0)
(9.861546173514117 -0.0438755438193811 0.0)
(9.660110479366839 -0.04220232094481937 0.0)
(9.371219006180883 -0.03987640950823626 0.0)
(8.995249597064003 -0.03691912364278115 0.0)
(8.53300438412988 -0.03336368028031627 0.0)
(7.984435793937083 -0.029295401487281852 0.0)
(7.357044739183419 -0.024769390585580347 0.0)
(6.646028574772033 -0.019158052644351657 0.0)
(5.817597638161342 -0.012096749273192537 0.0)
(4.8725047337103655 -0.0053203487198531935 0.0)
(3.8245955825255846 -0.0010261782108896 0.0)
(2.6618517024038955 0.00038345378410745314 0.0)
(1.3847331925713393 0.0002569443457191196 0.0)
(0.02680158403727882 2.5865966088204187e-05 0.0)
(-0.02679604038733441 2.5921398612534017e-05 0.0)
(1.1930705737022527 0.00025765402510238145 0.0)
(2.316037915888903 0.00038586416416215054 0.0)
(3.3757519652989045 -0.0010219281703805721 0.0)
(4.372498783169311 -0.005314997653998483 0.0)
(5.293527905441245 -0.012089069125894998 0.0)
(6.15291838465447 -0.01914421882880635 0.0)
(6.953281765166014 -0.024749339373609913 0.0)
(7.659992405917448 -0.029273976242451396 0.0)
(8.266969823836856 -0.03334304412947939 0.0)
(8.78248782635999 -0.03689935700069651 0.0)
(9.206537866015582 -0.03985762763959971 0.0)
(9.539876376946067 -0.042184455722779415 0.0)
(9.782890832850638 -0.043858412311370075 0.0)
(9.936127354005619 -0.04486660188205008 0.0)
(10.000000000000005 -0.045203424598353595 0.0)
(9.974983757105488 -0.04486660188205167 0.0)
(9.86155361159382 -0.04385841231137328 0.0)
(9.660123623053938 -0.04218445572278295 0.0)
(9.371239911762187 -0.03985762763960528 0.0)
(8.995289951417796 -0.036899357000702494 0.0)
(8.533030176163134 -0.033343044129487236 0.0)
(7.984452038526992 -0.029273976242460344 0.0)
(7.35782934594511 -0.024749339373617518 0.0)
(6.647081615345551 -0.019144218828813335 0.0)
(5.817583205669864 -0.012089069125902146 0.0)
(4.871945661275121 -0.005314997654002665 0.0)
(3.8242480347010748 -0.0010219281703821286 0.0)
(2.661739861888873 0.0003858641641616653 0.0)
(1.3847072040755375 0.00025765402510215685 0.0)
(0.026796040387332246 2.5921398612512425e-05 0.0)
(-0.026796497430254158 2.5967186901989644e-05 0.0)
(1.193074806868505 0.0002582059827515814 0.0)
(2.316111022010199 0.0003875073161931802 0.0)
(3.3760738435259405 -0.0010198122850220608 0.0)
(4.373137166417744 -0.005313908759137406 0.0)
(5.293783242200243 -0.01208816731157201 0.0)
(6.152040641600887 -0.01913901229477342 0.0)
(6.952428718632693 -0.024738076466641463 0.0)
(7.659912941271458 -0.02926060012625874 0.0)
(8.266937672451633 -0.033329836027037305 0.0)
(8.78244034452039 -0.036886451747034955 0.0)
(9.20651277674665 -0.039845173471644624 0.0)
(9.539860578778033 -0.04217247034176022 0.0)
(9.782881955805546 -0.043846824175704825 0.0)
(9.93612334834223 -0.044855270929158114 0.0)
(10.000000000000005 -0.04519218534848078 0.0)
(9.974987762768878 -0.04485527092915969 0.0)
(9.861562488638913 -0.04384682417570803 0.0)
(9.66013942122197 -0.04217247034176375 0.0)
(9.37126500103112 -0.03984517347165019 0.0)
(8.995337433257395 -0.03688645174704094 0.0)
(8.533062327548357 -0.03332983602704515 0.0)
(7.984531503172982 -0.02926060012626769 0.0)
(7.358682392478432 -0.024738076466649075 0.0)
(6.647959358399136 -0.019139012294780433 0.0)
(5.817327868910864 -0.012088167311579185 0.0)
(4.871307278026685 -0.005313908759141605 0.0)
(3.8239261564740374 -0.0010198122850236212 0.0)
(2.6616667557675773 0.0003875073161926956 0.0)
(1.384702970909285 0.00025820598275135746 0.0)
(0.02679649743025202 2.5967186901968126e-05 0.0)
(-0.026802935084410496 2.6001319102921398e-05 0.0)
(1.1930570987076272 0.0002585759666576171 0.0)
(2.3161421815885426 0.0003883110431068484 0.0)
(3.3763559094150675 -0.0010199235229442576 0.0)
(4.373826811087322 -0.005317129879313904 0.0)
(5.294268264196698 -0.012094083454287962 0.0)
(6.151376762491226 -0.019142661807826204 0.0)
(6.951544713631811 -0.02473609673619465 0.0)
(7.659773748100559 -0.02925586086076951 0.0)
(8.266900574387487 -0.033324636312839925 0.0)
(8.782387821460148 -0.03688097491502688 0.0)
(9.206484606166661 -0.03983959421772108 0.0)
(9.539842820271666 -0.04216689141747361 0.0)
(9.782872029836183 -0.04384128857386337 0.0)
(9.936118829493097 -0.04484977302510555 0.0)
(10.000000000000005 -0.04518670492348596 0.0)
(9.97499228161801 -0.04484977302510713 0.0)
(9.861572414608275 -0.04384128857386658 0.0)
(9.660157179728337 -0.042166891417477155 0.0)
(9.371293171611105 -0.03983959421772665 0.0)
(8.995389956317638 -0.03688097491503287 0.0)
(8.533099425612503 -0.03332463631284779 0.0)
(7.9846706963438825 -0.029255860860778478 0.0)
(7.359566397479316 -0.024736096736202296 0.0)
(6.648623237508797 -0.019142661807833257 0.0)
(5.8168428469144065 -0.012094083454295178 0.0)
(4.870617633357106 -0.005317129879318129 0.0)
(3.8236440905849105 -0.001019923522945828 0.0)
(2.6616355961892335 0.0003883110431063623 0.0)
(1.3847206790701632 0.0002585759666573933 0.0)
(0.0268029350844084 2.600131910289992e-05 0.0)
(-0.02681507049105714 2.6022295508863442e-05 0.0)
(1.193018227283812 0.000258747720404524 0.0)
(2.3161300255290667 0.00038824003061294554 0.0)
(3.376585769507141 -0.001022256996556366 0.0)
(4.374537415452931 -0.005324519484400295 0.0)
(5.294961660451409 -0.012106557609555186 0.0)
(6.150955916959034 -0.019155007015037747 0.0)
(6.950668591725864 -0.024743487168003498 0.0)
(7.659580942298031 -0.02925996668063906 0.0)
(8.266860159665487 -0.03332767345281648 0.0)
(8.782332564946442 -0.03688316714665112 0.0)
(9.206454592039371 -0.03984113502003954 0.0)
(9.539823881703246 -0.042167964077646364 0.0)
(9.782861491071486 -0.04384204873006355 0.0)
(9.936113996008183 -0.04485034973773834 0.0)
(10.000000000000005 -0.04518722412321724 0.0)
(9.974997115102923 -0.04485034973773993 0.0)
(9.861582953372972 -0.04384204873006677 0.0)
(9.660176118296759 -0.04216796407764992 0.0)
(9.371323185738397 -0.03984113502004513 0.0)
(8.995445212831342 -0.036883167146657146 0.0)
(8.533139840334503 -0.03332767345282437 0.0)
(7.984863502146411 -0.02925996668064807 0.0)
(7.360442519385265 -0.0247434871680112 0.0)
(6.649044083040989 -0.01915500701504487 0.0)
(5.816149450659694 -0.012106557609562462 0.0)
(4.869907028991495 -0.005324519484404556 0.0)
(3.8234142304928365 -0.0010222569965579512 0.0)
(2.66164775224871 0.00038824003061245564 0.0)
(1.3847595504939787 0.00025874772040429983 0.0)
(0.0268150704910551 2.6022295508841964e-05 0.0)
(-0.02683237044262714 2.6029194454913933e-05 0.0)
(1.1929599005363083 0.0002587136974468776 0.0)
(2.3160750879467855 0.0003872973988705399 0.0)
(3.3767533241702337 -0.0010267101772968388 0.0)
(4.375237756858761 -0.005335752888667983 0.0)
(5.295832964401475 -0.012125041685812068 0.0)
(6.150796596187081 -0.01917550549058811 0.0)
(6.9498388481085795 -0.024759923040014734 0.0)
(7.65934299539811 -0.029272737183653714 0.0)
(8.266818204034584 -0.03333881400059267 0.0)
(8.782277002849398 -0.03689293211926071 0.0)
(9.206424053130618 -0.03984972817856494 0.0)
(9.53980459519882 -0.0421756411915529 0.0)
(9.782850802565495 -0.04384907124443257 0.0)
(9.936109060261975 -0.04485697572735847 0.0)
(10.000000000000005 -0.04519372013498828 0.0)
(9.975002050849131 -0.044856975727360075 0.0)
(9.861593641878965 -0.0438490712444358 0.0)
(9.660195404801183 -0.04217564119155647 0.0)
(9.37135372464715 -0.039849728178570576 0.0)
(8.995500774928388 -0.03689293211926679 0.0)
(8.533181795965406 -0.03333881400060062 0.0)
(7.985101449046333 -0.029272737183662786 0.0)
(7.361272263002551 -0.024759923040022513 0.0)
(6.649203403812942 -0.019175505490595317 0.0)
(5.815278146709625 -0.012125041685819416 0.0)
(4.869206687585664 -0.005335752888672288 0.0)
(3.823246675829744 -0.0010267101772984438 0.0)
(2.6617026898309915 0.00038729739887004424 0.0)
(1.3848178772414825 0.00025871369744665245 0.0)
(0.026832370442625163 2.6029194454892415e-05 0.0)
(-0.026854074810897875 2.6021712814004668e-05 0.0)
(1.192884681235696 0.0002584753926911934 0.0)
(2.315979782698559 0.0003855245653938968 0.0)
(3.3768512113589813 -0.0010330874005508033 0.0)
(4.375897063584677 -0.005350336516884375 0.0)
(5.296843892545336 -0.012148723526563545 0.0)
(6.150905800438615 -0.0192032565689625 0.0)
(6.949091940196529 -0.024784682190080776 0.0)
(7.659070362352266 -0.029293611257273974 0.0)
(8.266776550948443 -0.03335756846088028 0.0)
(8.782223576465908 -0.03690984077782369 0.0)
(9.206394331264185 -0.03986499612563242 0.0)
(9.539785808172113 -0.04218958544085301 0.0)
(9.782840433951607 -0.0438620475605364 0.0)
(9.93610423912213 -0.044869359860103944 0.0)
(10.000000000000005 -0.04520590753592599 0.0)
(9.975006871988976 -0.04486935986010555 0.0)
(9.86160401049285 -0.04386204756053965 0.0)
(9.66021419182789 -0.04218958544085661 0.0)
(9.371383446513583 -0.0398649961256381 0.0)
(8.995554201311876 -0.03690984077782981 0.0)
(8.53322344905155 -0.0333575684608883 0.0)
(7.985374082092177 -0.029293611257283123 0.0)
(7.3620191709146034 -0.024784682190088638 0.0)
(6.6490941995614055 -0.019203256568969804 0.0)
(5.81426721856576 -0.01214872352657097 0.0)
(4.868547380859746 -0.005350336516888732 0.0)
(3.8231487886409963 -0.0010330874005524317 0.0)
(2.6617979950792185 0.00038552456539339355 0.0)
(1.3848930965420951 0.00025847539269096686 0.0)
(0.026854074810895977 2.6021712813983075e-05 0.0)
(-0.02687922994563455 2.6000179315749927e-05 0.0)
(1.1927958743804339 0.00025804327681247025 0.0)
(2.3158482973226384 0.00038299942524267275 0.0)
(3.376875130089389 -0.0010411084627952806 0.0)
(4.376486366899313 -0.0053676295911056415 0.0)
(5.297950026549793 -0.012176562595051692 0.0)
(6.15127873147861 -0.019237040918546316 0.0)
(6.948460685756936 -0.024816676746443295 0.0)
(7.6587750221577675 -0.029321671732893014 0.0)
(8.266737030567464 -0.033383112797004594 0.0)
(8.782174633253526 -0.0369331501868163 0.0)
(9.206366732364508 -0.03988626801557976 0.0)
(9.539768346090707 -0.04220918414074275 0.0)
(9.78283084080775 -0.043880407522784916 0.0)
(9.936099744420714 -0.04488695799983802 0.0)
(10.000000000000005 -0.04522325083392936 0.0)
(9.975011366690394 -0.04488695799983964 0.0)
(9.861613603636709 -0.043880407522788205 0.0)
(9.660231653909296 -0.04220918414074639 0.0)
(9.37141104541326 -0.039886268015585494 0.0)
(8.99560314452426 -0.03693315018682248 0.0)
(8.533262969432528 -0.03338311279701268 0.0)
(7.985669422286677 -0.029321671732902246 0.0)
(7.362650425354197 -0.02481667674645126 0.0)
(6.648721268521409 -0.019237040918553716 0.0)
(5.8131610845613 -0.0121765625950592 0.0)
(4.86795807754511 -0.005367629591110052 0.0)
(3.8231248699105884 -0.0010411084627969355 0.0)
(2.6619294804551394 0.0003829994252421605 0.0)
(1.3849819033973574 0.00025804327681224187 0.0)
(0.026879229945632726 2.6000179315728232e-05 0.0)
(-0.02690673057623685 2.596554010266861e-05 0.0)
(1.192697381981275 0.00025743633619188536 0.0)
(2.3156864090458957 0.0003798329284554992 0.0)
(3.3768240294162024 -0.0010504209332293677 0.0)
(4.37697977389312 -0.005386872285287283 0.0)
(5.2991027649103035 -0.012207335693537281 0.0)
(6.151899003399425 -0.019275374116825558 0.0)
(6.947972820955032 -0.024854500926828112 0.0)
(7.658469951522449 -0.029355685684547318 0.0)
(8.26670137934489 -0.033414324637568354 0.0)
(8.782132323687462 -0.036961836173450786 0.0)
(9.20634246907675 -0.0399126092004785 0.0)
(9.539752976206511 -0.04223357616020376 0.0)
(9.782822444639114 -0.04390334442802555 0.0)
(9.93609577364668 -0.04490899691649572 0.0)
(10.000000000000005 -0.04524498799621282 0.0)
(9.975015337464425 -0.04490899691649735 0.0)
(9.861621999805344 -0.04390334442802885 0.0)
(9.660247023793492 -0.042233576160207446 0.0)
(9.371435308701018 -0.03991260920048427 0.0)
(8.995645454090322 -0.03696183617345703 0.0)
(8.533298620655101 -0.03341432463757651 0.0)
(7.985974492921996 -0.029355685684556647 0.0)
(7.363138290156101 -0.02485450092683619 0.0)
(6.648100996600592 -0.01927537411683307 0.0)
(5.812008346200787 -0.01220733569354488 0.0)
(4.867464670551302 -0.0053868722852917494 0.0)
(3.8231759705837756 -0.00105042093323105 0.0)
(2.6620913687318826 0.0003798329284549769 0.0)
(1.3850803957965165 0.0002574363361916549 0.0)
(0.02690673057623511 2.596554010264678e-05 0.0)
(-0.026935368375307103 2.5919317158412855e-05 0.0)
(1.1925935316140512 0.00025668123868994084 0.0)
(2.315501230943045 0.0003761642051082623 0.0)
(3.376700154609514 -0.0010606156389388732 0.0)
(4.377355605165454 -0.005407219110650472 0.0)
(5.300251458412183 -0.012239690708370646 0.0)
(6.152739362587615 -0.01931657187319644 0.0)
(6.947649781677688 -0.0248964928059465 0.0)
(7.658168554691915 -0.029394158601427963 0.0)
(8.266671163730217 -0.03344983259139761 0.0)
(8.782098506772646 -0.036994638327953945 0.0)
(9.206322607485385 -0.039942862296853995 0.0)
(9.539740373844122 -0.04226168975852489 0.0)
(9.78281561435799 -0.04392985047060389 0.0)
(9.936092501268583 -0.04493450826039812 0.0)
(10.000000000000005 -0.04527016393163262 0.0)
(9.975018609842525 -0.04493450826039976 0.0)
(9.861628830086469 -0.04392985047060722 0.0)
(9.66025962615588 -0.04226168975852861 0.0)
(9.371455170292384 -0.039942862296859824 0.0)
(8.99567927100514 -0.03699463832796026 0.0)
(8.533328836269773 -0.03344983259140586 0.0)
(7.98627588975253 -0.02939415860143739 0.0)
(7.363461329433446 -0.024896492805954688 0.0)
(6.647260637412399 -0.019316571873204062 0.0)
(5.8108596526989045 -0.012239690708378331 0.0)
(4.867088839278967 -0.005407219110654993 0.0)
(3.8232998453904647 -0.001060615638940584 0.0)
(2.662276546834734 0.00037616420510772937 0.0)
(1.3851842461637405 0.000256681238689708 0.0)
(0.02693536837530543 2.591931715839087e-05 0.0)
(-0.026963885050345516 2.586354143459077e-05 0.0)
(1.1924888862739098 0.0002558111619094603 0.0)
(2.3153008994011515 0.0003721544521931001 0.0)
(3.376508948501708 -0.0010712446432056084 0.0)
(4.377597347377773 -0.005427776064912216 0.0)
(5.3013456355644335 -0.012272206019391841 0.0)
(6.153762885197844 -0.019358824033613196 0.0)
(6.947505761679766 -0.024940807337451968 0.0)
(7.657884074491512 -0.029435400053951424 0.0)
(8.266647711342278 -0.0334880765039611 0.0)
(8.782074668362451 -0.03703011538366675 0.0)
(9.2063080202724 -0.03997569803899802 0.0)
(9.539731092728283 -0.042292289675628245 0.0)
(9.782810650074433 -0.04395876102350047 0.0)
(9.93609007106872 -0.04496237110976585 0.0)
(10.000000000000005 -0.045297672455644505 0.0)
(9.975021040042385 -0.04496237110976751 0.0)
(9.861633794370027 -0.04395876102350383 0.0)
(9.66026890727172 -0.04229228967563201 0.0)
(9.371469757505368 -0.0399756980390039 0.0)
(8.995703109415334 -0.037030115383673144 0.0)
(8.533352288657714 -0.03348807650396942 0.0)
(7.986560369952935 -0.029435400053960947 0.0)
(7.363605349431367 -0.024940807337460267 0.0)
(6.646237114802165 -0.01935882403362093 0.0)
(5.8097654755466515 -0.012272206019399602 0.0)
(4.866847097066648 -0.005427776064916788 0.0)
(3.8234910514982716 -0.0010712446432073466 0.0)
(2.6624768783766277 0.00037215445219255643 0.0)
(1.3852888915038823 0.00025581116190922495 0.0)
(0.02696388505034392 2.5863541434568617e-05 0.0)
)
