(
(-0.026060731711982026 -3.3163465164513205e-05 0.0)
(1.207322338557141 -0.0005863154231956468 0.0)
(2.36866448482407 -0.003122523942324618 0.0)
(3.479703381646667 -0.009495217209536534 0.0)
(4.517840795412988 -0.02058451493230533 0.0)
(5.454983440013371 -0.03570426404647971 0.0)
(6.293779745053363 -0.05257075627608961 0.0)
(7.053662129295982 -0.06836865840930206 0.0)
(7.73703766645483 -0.08213549335285344 0.0)
(8.331928779014351 -0.09427276033081505 0.0)
(8.8345333893219 -0.10478896109617168 0.0)
(9.246803022186459 -0.11352631489753304 0.0)
(9.569279789957156 -0.12039386816605623 0.0)
(9.80212170972496 -0.1253321570972192 0.0)
(9.945627331320377 -0.12830651752991393 0.0)
(10.000000000000007 -0.1292997268048569 0.0)
(9.965483779790748 -0.12830651752991482 0.0)
(9.842322734719495 -0.12533215709722115 0.0)
(9.630720210042858 -0.12039386816605749 0.0)
(9.33097475559132 -0.11352631489753652 0.0)
(8.94324438845589 -0.10478896109617548 0.0)
(8.46807122098566 -0.09427276033082045 0.0)
(7.907406777989613 -0.08213549335286019 0.0)
(7.257448981815112 -0.06836865840930767 0.0)
(6.506220254946633 -0.052570756276094054 0.0)
(5.656127671097711 -0.035704264046484226 0.0)
(4.726603649031404 -0.020584514932308173 0.0)
(3.7202966183532955 -0.009495217209537818 0.0)
(2.609113292953696 -0.0031225239423253296 0.0)
(1.3704554392206414 -0.0005863154231958907 0.0)
(0.026060731711971454 -3.316346516453576e-05 0.0)
(-0.02603083088032032 -3.3133880011035454e-05 0.0)
(1.2074284045289603 -0.0005857534266268874 0.0)
(2.368827297482227 -0.003119376509842112 0.0)
(3.479702718296786 -0.009485487546859538 0.0)
(4.517194537430058 -0.02056383818963437 0.0)
(5.453688946974955 -0.03567105134067841 0.0)
(6.293260048978031 -0.05253009547592138 0.0)
(7.054339774999584 -0.06832960469072083 0.0)
(7.737382323710525 -0.08210093953324571 0.0)
(8.33197303983873 -0.09424121580145461 0.0)
(8.8345875411348 -0.10476010279828053 0.0)
(9.246833703804368 -0.11349992067614045 0.0)
(9.569299209072422 -0.12036950591618668 0.0)
(9.802132360899893 -0.1253093035419038 0.0)
(9.945632335005918 -0.12828459293276437 0.0)
(10.000000000000007 -0.12927811344888135 0.0)
(9.965478776105208 -0.1282845929327652 0.0)
(9.842312083544563 -0.12530930354190575 0.0)
(9.630700790927591 -0.12036950591618786 0.0)
(9.330944073973411 -0.11349992067614388 0.0)
(8.94319023664299 -0.10476010279828428 0.0)
(8.468026960161282 -0.09424121580145993 0.0)
(7.907062120733916 -0.08210093953325237 0.0)
(7.256771336111508 -0.06832960469072633 0.0)
(6.5067399510219674 -0.052530095475925694 0.0)
(5.657422164136131 -0.03567105134068283 0.0)
(4.727249907014335 -0.02056383818963716 0.0)
(3.720297281703176 -0.009485487546860787 0.0)
(2.6089504802955386 -0.0031193765098428135 0.0)
(1.3703493732488217 -0.0005857534266271291 0.0)
(0.02603083088030966 -3.313388001105789e-05 0.0)
(-0.025998655010289556 -3.308970299374529e-05 0.0)
(1.2075441030983085 -0.000584999068732882 0.0)
(2.3690226729443777 -0.003115538231069838 0.0)
(3.4797879058667984 -0.009474413205095567 0.0)
(4.516666846013029 -0.020541213276677718 0.0)
(5.452358825483168 -0.03563493544135239 0.0)
(6.292464435758353 -0.0524847855417332 0.0)
(7.054844080188187 -0.06828441432257815 0.0)
(7.737733402764609 -0.08206004581942539 0.0)
(8.332012268169946 -0.09420361745935635 0.0)
(8.83463336192023 -0.10472548685624188 0.0)
(9.246860149109683 -0.11346808673206199 0.0)
(9.569315968655404 -0.12033999194934462 0.0)
(9.802141496791917 -0.12528152523326644 0.0)
(9.945636670767684 -0.12825788669063434 0.0)
(10.000000000000007 -0.12925176787279014 0.0)
(9.965474440343442 -0.12825788669063518 0.0)
(9.84230294765254 -0.12528152523326838 0.0)
(9.63068403134461 -0.12033999194934578 0.0)
(9.330917628668097 -0.11346808673206536 0.0)
(8.943144415857558 -0.10472548685624551 0.0)
(8.467987731830066 -0.09420361745936155 0.0)
(7.906711041679832 -0.08206004581943194 0.0)
(7.256267030922905 -0.0682844143225835 0.0)
(6.507535564241649 -0.05248478554173739 0.0)
(5.65875228562792 -0.0356349354413567 0.0)
(4.727777598431365 -0.020541213276680445 0.0)
(3.720212094133163 -0.009474413205096784 0.0)
(2.608755104833387 -0.003115538231070527 0.0)
(1.370233674679473 -0.0005849990687331213 0.0)
(0.025998655010278805 -3.308970299376756e-05 0.0)
(-0.025965617850754776 -3.303287516996289e-05 0.0)
(1.2076643506817129 -0.0005840854946194345 0.0)
(2.3692420267701455 -0.0031111777529551137 0.0)
(3.4799552013707236 -0.00946248077056179 0.0)
(4.516280906957382 -0.020517634290719566 0.0)
(5.4510515186429735 -0.03559750321504586 0.0)
(6.291427863183668 -0.052436817309141105 0.0)
(7.055152886614402 -0.06823507288697672 0.0)
(7.738075477845725 -0.08201460900636481 0.0)
(8.332044740386891 -0.0941616173068878 0.0)
(8.834668838396707 -0.10468663423122075 0.0)
(9.246881196144068 -0.1134322117905619 0.0)
(9.569329332320688 -0.12030662305523886 0.0)
(9.802148715986648 -0.12525004269936965 0.0)
(9.945640148100233 -0.12822757222694534 0.0)
(10.000000000000007 -0.12922184765299888 0.0)
(9.965470963010892 -0.12822757222694617 0.0)
(9.842295728457808 -0.12525004269937154 0.0)
(9.630670667679327 -0.12030662305523995 0.0)
(9.330896581633711 -0.11343221179056519 0.0)
(8.943108939381082 -0.10468663423122433 0.0)
(8.467955259613118 -0.09416161730689289 0.0)
(7.906368966598715 -0.08201460900637125 0.0)
(7.255958224496691 -0.06823507288698194 0.0)
(6.508572136816337 -0.05243681730914517 0.0)
(5.6600595924681185 -0.03559750321505007 0.0)
(4.728163537487012 -0.020517634290722224 0.0)
(3.7200447986292366 -0.009462480770562977 0.0)
(2.608535751007619 -0.0031111777529557916 0.0)
(1.3701134270960684 -0.000584085494619671 0.0)
(0.02596561785074394 -3.3032875169984976e-05 0.0)
(-0.025933170994066175 -3.296589345030167e-05 0.0)
(1.207783863820345 -0.0005830528450617532 0.0)
(2.3694757209537216 -0.003106486666929033 0.0)
(3.480197254150178 -0.009450214532601857 0.0)
(4.516053677719166 -0.02049413724926638 0.0)
(5.449824467125278 -0.035560399365302406 0.0)
(6.290195876356552 -0.05238829841452982 0.0)
(7.055252625888807 -0.06818374835632929 0.0)
(7.738393518800617 -0.08196662550450556 0.0)
(8.332069029719763 -0.0941170607539113 0.0)
(8.834692411792753 -0.1046452520364818 0.0)
(9.246895920139337 -0.11339387213093832 0.0)
(9.569338712893266 -0.1202708654020297 0.0)
(9.802153701285878 -0.1252162392251572 0.0)
(9.945642614215936 -0.1281949815037732 0.0)
(10.000000000000007 -0.12918966742922766 0.0)
(9.96546849689519 -0.12819498150377398 0.0)
(9.842290743158577 -0.1252162392251591 0.0)
(9.630661287106749 -0.12027086540203077 0.0)
(9.330881857638442 -0.11339387213094156 0.0)
(8.943085365985034 -0.1046452520364853 0.0)
(8.467930970280248 -0.09411706075391633 0.0)
(7.9060509256438225 -0.08196662550451189 0.0)
(7.255858485222287 -0.0681837483563344 0.0)
(6.509804123643456 -0.05238829841453376 0.0)
(5.661286643985817 -0.035560399365306535 0.0)
(4.7283907667252265 -0.020494137249268983 0.0)
(3.7198027458497815 -0.009450214532603012 0.0)
(2.608302056824042 -0.003106486666929699 0.0)
(1.369993913957436 -0.0005830528450619867 0.0)
(0.025933170994055264 -3.296589345032355e-05 0.0)
(-0.025902740095746807 -3.289170088898395e-05 0.0)
(1.207897391325537 -0.0005819464927922234 0.0)
(2.3697134874002117 -0.0031016710907294832 0.0)
(3.480503428848855 -0.009438153447271273 0.0)
(4.515995142335406 -0.020471754569332992 0.0)
(5.448731585328941 -0.03552525416740018 0.0)
(6.288822606524334 -0.05234136068936573 0.0)
(7.055138915650152 -0.06813269583661691 0.0)
(7.738673551491568 -0.081918203621136 0.0)
(8.33208406893971 -0.09407190553385078 0.0)
(8.834703046336475 -0.1046031585299552 0.0)
(9.246903674150074 -0.11335475232769471 0.0)
(9.569343698207941 -0.12023429011558238 0.0)
(9.80215623364468 -0.12518160007344428 0.0)
(9.945643960758181 -0.12816154649787095 0.0)
(10.000000000000007 -0.12915664114163694 0.0)
(9.965467150352945 -0.1281615464978718 0.0)
(9.842288210799776 -0.12518160007344611 0.0)
(9.630656301792072 -0.12023429011558343 0.0)
(9.330874103627705 -0.11335475232769789 0.0)
(8.943074731441314 -0.10460315852995862 0.0)
(8.4679159310603 -0.09407190553385571 0.0)
(7.905770892952871 -0.08191820362114222 0.0)
(7.255972195460942 -0.0681326958366219 0.0)
(6.511177393475679 -0.05234136068936957 0.0)
(5.662379525782155 -0.03552525416740423 0.0)
(4.728449302108987 -0.020471754569335546 0.0)
(3.719496571151103 -0.009438153447272401 0.0)
(2.6080642903775515 -0.003101671090730136 0.0)
(1.3698803864522437 -0.000581946492792454 0.0)
(0.025902740095735826 -3.289170088900563e-05 0.0)
(-0.02587566223379706 -3.2813557371422595e-05 0.0)
(1.2079999450064034 -0.0005808150489055541 0.0)
(2.369944879086938 -0.0030969426119648227 0.0)
(3.4808602727106264 -0.009426827456594334 0.0)
(4.516107872743775 -0.02045146970492772 0.0)
(5.447820892480725 -0.03549361183703868 0.0)
(6.287368392651112 -0.052298066491422414 0.0)
(7.054816752118297 -0.06808415848215779 0.0)
(7.738903271794443 -0.08187147092522604 0.0)
(8.332089197250921 -0.09402813568446655 0.0)
(8.834700274765476 -0.10456220322330985 0.0)
(9.246904117479234 -0.11331657123341793 0.0)
(9.56934406921911 -0.12019850424707083 0.0)
(9.80215620179584 -0.1251476472251866 0.0)
(9.945644128562364 -0.1281287362822304 0.0)
(10.000000000000007 -0.1291242199048836 0.0)
(9.965466982548762 -0.12812873628223118 0.0)
(9.842288242648616 -0.12514764722518842 0.0)
(9.630655930780906 -0.12019850424707182 0.0)
(9.330873660298545 -0.11331657123342105 0.0)
(8.943077503012312 -0.10456220322331321 0.0)
(8.46791080274909 -0.0940281356844714 0.0)
(7.905541172649996 -0.0818714709252322 0.0)
(7.256294358992799 -0.0680841584821627 0.0)
(6.512631607348904 -0.052298066491426175 0.0)
(5.663290218630373 -0.03549361183704267 0.0)
(4.728336571700617 -0.020451469704930232 0.0)
(3.719139727289331 -0.009426827456595437 0.0)
(2.607832898690824 -0.003096942611965465 0.0)
(1.3697778327713772 -0.0005808150489057819 0.0)
(0.02587566223378603 -3.281355737144407e-05 0.0)
(-0.025853127159933466 -3.2734896380819704e-05 0.0)
(1.2080870188418231 -0.0005797082269762074 0.0)
(2.3701597290865055 -0.0030925089913414637 0.0)
(3.4812521066690323 -0.009416734203881075 0.0)
(4.516386915776364 -0.02043417393588242 0.0)
(5.447132402758313 -0.035466862680326006 0.0)
(6.285897130234069 -0.052260318088553005 0.0)
(7.054300290569452 -0.06804026893551032 0.0)
(7.739072586219392 -0.08182848076593896 0.0)
(8.332084189324782 -0.09398767437286587 0.0)
(8.834684218857516 -0.10452418561779415 0.0)
(9.246897230647743 -0.11328100645554015 0.0)
(9.569339809625216 -0.12016508016208903 0.0)
(9.802153607138738 -0.12511587250642167 0.0)
(9.945643110255476 -0.12809799247770218 0.0)
(10.000000000000007 -0.12909382824879756 0.0)
(9.96546800085565 -0.12809799247770295 0.0)
(9.842290837305717 -0.1251158725064234 0.0)
(9.6306601903748 -0.12016508016208999 0.0)
(9.330880547130036 -0.11328100645554325 0.0)
(8.943093558920273 -0.10452418561779746 0.0)
(8.46791581067523 -0.09398767437287063 0.0)
(7.905371858225046 -0.08182848076594501 0.0)
(7.256810820541647 -0.06804026893551515 0.0)
(6.514102869765951 -0.0522603180885567 0.0)
(5.663978708352786 -0.035466862680329954 0.0)
(4.728057528668026 -0.020434173935884904 0.0)
(3.7187478933309244 -0.009416734203882157 0.0)
(2.6076180486912564 -0.0030925089913420973 0.0)
(1.3696907589359573 -0.0005797082269764328 0.0)
(0.025853127159922402 -3.273489638084099e-05 0.0)
(-0.025836125024074834 -3.2659174137196166e-05 0.0)
(1.2081547869667655 -0.0005786746587348855 0.0)
(2.37034859728299 -0.0030885650340385182 0.0)
(3.4816617142567807 -0.009408317168190624 0.0)
(4.516820010792816 -0.02042062720664723 0.0)
(5.446696367140552 -0.03544618200627189 0.0)
(6.28447346385221 -0.05222977407652083 0.0)
(7.05361222337923 -0.06800295562306052 0.0)
(7.739174055400339 -0.0817911220522255 0.0)
(8.332069265200406 -0.09395229939505859 0.0)
(8.834655584079817 -0.10449077613744322 0.0)
(9.24688331625038 -0.11324962064533745 0.0)
(9.569331106585025 -0.12013548645378345 0.0)
(9.80214856367786 -0.12508767204016172 0.0)
(9.945640950580062 -0.1280706659108131 0.0)
(10.000000000000007 -0.12906680152714728 0.0)
(9.965470160531064 -0.12807066591081387 0.0)
(9.842295880766596 -0.12508767204016344 0.0)
(9.63066889341499 -0.12013548645378438 0.0)
(9.3308944615274 -0.11324962064534048 0.0)
(8.943122193697972 -0.10449077613744649 0.0)
(8.467930734799605 -0.09395229939506332 0.0)
(7.9052703890441 -0.08179112205223149 0.0)
(7.25749888773187 -0.06800295562306527 0.0)
(6.515526536147813 -0.05222977407652448 0.0)
(5.664414743970546 -0.03544618200627581 0.0)
(4.727624433651573 -0.020420627206649694 0.0)
(3.718338285743175 -0.009408317168191693 0.0)
(2.607429180494772 -0.003088565034039145 0.0)
(1.369622990811015 -0.0005786746587351089 0.0)
(0.02583612502406375 -3.2659174137217274e-05 0.0)
(-0.025825402868966264 -3.258971773740685e-05 0.0)
(1.2082002717737983 -0.0005777597572792522 0.0)
(2.370503185153362 -0.0030852840303246106 0.0)
(3.4820710980658216 -0.009401946178672693 0.0)
(4.517388128390433 -0.020411424735721696 0.0)
(5.446531944234782 -0.03543247848586005 0.0)
(6.283159946801831 -0.052207776503335905 0.0)
(7.052782782961189 -0.06797385802349465 0.0)
(7.739203220967103 -0.0817610362576204 0.0)
(8.332045080616517 -0.09392356506285285 0.0)
(8.834615628592124 -0.10446344273370274 0.0)
(9.246862985660306 -0.11322379283789136 0.0)
(9.569318342494201 -0.12011102341555686 0.0)
(9.802141293013651 -0.12506428490330299 0.0)
(9.945637744428304 -0.12804795726091964 0.0)
(10.000000000000007 -0.12904432724463816 0.0)
(9.965473366682822 -0.12804795726092041 0.0)
(9.842303151430805 -0.1250642849033047 0.0)
(9.630681657505814 -0.12011102341555777 0.0)
(9.330914792117474 -0.11322379283789437 0.0)
(8.943162149185666 -0.10446344273370596 0.0)
(8.467954919383494 -0.09392356506285755 0.0)
(7.9052412234773355 -0.0817610362576264 0.0)
(7.258328328149914 -0.06797385802349937 0.0)
(6.5168400531981945 -0.05220777650333953 0.0)
(5.664579166876315 -0.03543247848586397 0.0)
(4.727056316053954 -0.02041142473572416 0.0)
(3.717928901934133 -0.009401946178673758 0.0)
(2.6072745926243996 -0.003085284030325233 0.0)
(1.369577506003982 -0.0005777597572794739 0.0)
(0.02582540286895518 -3.258971773742782e-05 0.0)
(-0.025821431806487598 -3.2529578968591636e-05 0.0)
(1.208221474743713 -0.0005770037217055032 0.0)
(2.3706167003894083 -0.003082810141500504 0.0)
(3.482462270520533 -0.009397901164951303 0.0)
(4.518066306521318 -0.020406970862842856 0.0)
(5.446646358482679 -0.03542635422670751 0.0)
(6.282014292619113 -0.05219529190212053 0.0)
(7.051848413409878 -0.06795425463210508 0.0)
(7.739158801438038 -0.08173954529689828 0.0)
(8.332012698199486 -0.09390273391023782 0.0)
(8.834566107965472 -0.10444338638632801 0.0)
(9.246837132166458 -0.11320465785981043 0.0)
(9.569302078183544 -0.1200927659085551 0.0)
(9.802132114605794 -0.12504673868385344 0.0)
(9.945633632672648 -0.12803086430455388 0.0)
(10.000000000000007 -0.12902739288012804 0.0)
(9.965477478438478 -0.1280308643045546 0.0)
(9.842312329838661 -0.1250467386838552 0.0)
(9.630697921816472 -0.120092765908556 0.0)
(9.33094064561132 -0.11320465785981344 0.0)
(8.943211669812317 -0.10444338638633123 0.0)
(8.467987301800525 -0.09390273391024252 0.0)
(7.9052856430064 -0.08173954529690422 0.0)
(7.259262697701228 -0.0679542546321098 0.0)
(6.517985707380915 -0.052195291902124165 0.0)
(5.664464752628416 -0.03542635422671144 0.0)
(4.726378137923066 -0.020406970862845326 0.0)
(3.7175377294794205 -0.009397901164952368 0.0)
(2.607161077388353 -0.003082810141501124 0.0)
(1.3695563030340674 -0.0005770037217057238 0.0)
(0.02582143180647654 -3.25295789686125e-05 0.0)
(-0.0258243863178593 -3.248140021823149e-05 0.0)
(1.208217464256801 -0.000576439770833621 0.0)
(2.3706841553393274 -0.0030812520657152774 0.0)
(3.4828180442188836 -0.009396359857529228 0.0)
(4.5188247472790914 -0.02040746128303686 0.0)
(5.447034582731507 -0.03542807831755741 0.0)
(6.28108683925293 -0.052192868823412196 0.0)
(7.050850169214 -0.06794500678604609 0.0)
(7.739042748525988 -0.08172759344355657 0.0)
(8.331973540773474 -0.0938907212199499 0.0)
(8.834509198045598 -0.10443148833453066 0.0)
(9.246806891724058 -0.1131930564670251 0.0)
(9.569283028277107 -0.12008151613423464 0.0)
(9.802121431736738 -0.12503580433059588 0.0)
(9.945628795976113 -0.1280201380749478 0.0)
(10.000000000000007 -0.12901674249861295 0.0)
(9.965482315135013 -0.12802013807494858 0.0)
(9.842323012707716 -0.1250358043305976 0.0)
(9.630716971722908 -0.12008151613423554 0.0)
(9.330970886053722 -0.11319305646702814 0.0)
(8.943268579732191 -0.1044314883345339 0.0)
(8.468026459226538 -0.0938907212199546 0.0)
(7.905401695918451 -0.08172759344356254 0.0)
(7.2602609418971085 -0.06794500678605084 0.0)
(6.518913160747099 -0.05219286882341586 0.0)
(5.664076528379587 -0.035428078317561375 0.0)
(4.725619697165291 -0.020407461283039358 0.0)
(3.717181955781069 -0.0093963598575303 0.0)
(2.607093622438434 -0.003081252065715897 0.0)
(1.3695603135209795 -0.0005764397708338412 0.0)
(0.025824386317848277 -3.248140021825227e-05 0.0)
(-0.025834136587256813 -3.2447298372476685e-05 0.0)
(1.2081884165265206 -0.0005760926836331973 0.0)
(2.3707025861560247 -0.0030806782619685153 0.0)
(3.4831227871154384 -0.009397389978634856 0.0)
(4.519630126164385 -0.020412874448137587 0.0)
(5.447679559118007 -0.035437575005011934 0.0)
(6.280418337307465 -0.05220061373285643 0.0)
(7.049831911397288 -0.06794652081875505 0.0)
(7.738860161383596 -0.08172570584016586 0.0)
(8.331929328844145 -0.09388805480762372 0.0)
(8.83444739935027 -0.10442827135693979 0.0)
(9.24677359304282 -0.11318949840351022 0.0)
(9.569262029792931 -0.12007776838709826 0.0)
(9.802109713792209 -0.1250319622790085 0.0)
(9.945623446854297 -0.12801624986300728 0.0)
(10.000000000000007 -0.12901284405837238 0.0)
(9.965487664256829 -0.128016249863008 0.0)
(9.842334730652246 -0.12503196227901028 0.0)
(9.630737970207084 -0.12007776838709916 0.0)
(9.33100418473496 -0.11318949840351326 0.0)
(8.943330378427518 -0.10442827135694303 0.0)
(8.468070671155866 -0.09388805480762845 0.0)
(7.905584283060843 -0.08172570584017186 0.0)
(7.261279199713823 -0.06794652081875982 0.0)
(6.519581662692565 -0.05220061373286016 0.0)
(5.663431551993084 -0.03543757500501595 0.0)
(4.7248143182799955 -0.02041287444814012 0.0)
(3.716877212884514 -0.009397389978635939 0.0)
(2.6070751916217367 -0.003080678261969137 0.0)
(1.3695893612512602 -0.0005760926836334175 0.0)
(0.025834136587245846 -3.244729837249744e-05 0.0)
(-0.025850254205680434 -3.242877180404213e-05 0.0)
(1.2081356078569985 -0.0005759777104808406 0.0)
(2.3706711830231333 -0.003081113942147105 0.0)
(3.483363109364834 -0.00940094626663135 0.0)
(4.520447056302378 -0.020422972513573626 0.0)
(5.448552948559707 -0.03545442702199804 0.0)
(6.280038159535209 -0.052218186333301185 0.0)
(7.048838380345356 -0.06795873020640456 0.0)
(7.738619062555865 -0.08173396542456585 0.0)
(8.33188200500279 -0.09389485183053883 0.0)
(8.834383427201102 -0.1044338768016654 0.0)
(9.24673869920588 -0.11319414000406733 0.0)
(9.569240005365993 -0.1200816873362988 0.0)
(9.802097475637249 -0.12503538134180933 0.0)
(9.945617820337828 -0.12801937050965165 0.0)
(10.000000000000007 -0.12901586884973848 0.0)
(9.965493290773297 -0.12801937050965242 0.0)
(9.842346968807206 -0.1250353813418111 0.0)
(9.63075999463402 -0.12008168733629973 0.0)
(9.3310390785719 -0.1131941400040704 0.0)
(8.943394350576687 -0.1044338768016687 0.0)
(8.468117994997222 -0.09389485183054362 0.0)
(7.905825381888576 -0.08173396542457192 0.0)
(7.262272730765757 -0.06795873020640938 0.0)
(6.519961840464819 -0.052218186333305 0.0)
(5.662558162551381 -0.03545442702200214 0.0)
(4.723997388142001 -0.0204229725135762 0.0)
(3.716636890635118 -0.009400946266632453 0.0)
(2.6071065947546286 -0.0030811139421477317 0.0)
(1.3696421699207824 -0.0005759777104810614 0.0)
(0.025850254205669537 -3.24287718040629e-05 0.0)
(-0.02587203099446298 -3.2426634536451456e-05 0.0)
(1.2080613585645632 -0.0005760999030865276 0.0)
(2.370591325736862 -0.003082539963261054 0.0)
(3.483528451647089 -0.009406872464730199 0.0)
(4.521239643277337 -0.02043731178882359 0.0)
(5.449616375922361 -0.03547789392171924 0.0)
(6.279963010251963 -0.05224481451683107 0.0)
(7.047913229995014 -0.06798109849083772 0.0)
(7.738330045484207 -0.08175200928572851 0.0)
(8.33183364857242 -0.09391081363994316 0.0)
(8.834320092417295 -0.10444805837572117 0.0)
(9.246703743384597 -0.11320677732525952 0.0)
(9.56921792270932 -0.12009310079037792 0.0)
(9.802085254994 -0.1250459112916338 0.0)
(9.945612163645546 -0.12802936289937641 0.0)
(10.000000000000007 -0.12902568396891234 0.0)
(9.96549894746558 -0.1280293628993772 0.0)
(9.842359189450455 -0.1250459112916356 0.0)
(9.630782077290693 -0.12009310079037888 0.0)
(9.331074034393183 -0.11320677732526262 0.0)
(8.943457685360494 -0.10444805837572453 0.0)
(8.468166351427591 -0.09391081363994801 0.0)
(7.906114398960235 -0.08175200928573464 0.0)
(7.263197881116101 -0.06798109849084269 0.0)
(6.520036989748064 -0.052244814516834985 0.0)
(5.661494735188724 -0.03547789392172342 0.0)
(4.723204801167039 -0.02043731178882622 0.0)
(3.7164715483528634 -0.009406872464731326 0.0)
(2.6071864520409007 -0.003082539963261689 0.0)
(1.3697164192132179 -0.00057609990308675 0.0)
(0.02587203099445216 -3.242663453647228e-05 0.0)
(-0.025898510121344843 -3.244098047733256e-05 0.0)
(1.207968931027289 -0.00057645389253071 0.0)
(2.370466523080274 -0.0030848936685514477 0.0)
(3.4836115491248054 -0.009414908186628605 0.0)
(4.521973062267581 -0.02045526223236597 0.0)
(5.450823116153137 -0.03550694461153328 0.0)
(6.2801961913797495 -0.05227932828977667 0.0)
(7.04709710976014 -0.06801264285055822 0.0)
(7.738005809050009 -0.08177904460940463 0.0)
(8.331786384246122 -0.0939352389031328 0.0)
(8.834260177813382 -0.10447019296668754 0.0)
(9.24667026147381 -0.11322685510631292 0.0)
(9.56919675209445 -0.12011150726304372 0.0)
(9.802073588815167 -0.12506308946175068 0.0)
(9.94560672532216 -0.1280457879848577 0.0)
(10.000000000000007 -0.12904185815751368 0.0)
(9.965504385788966 -0.12804578798485847 0.0)
(9.842370855629289 -0.12506308946175246 0.0)
(9.630803247905563 -0.1201115072630447 0.0)
(9.33110751630397 -0.11322685510631607 0.0)
(8.943517599964409 -0.10447019296669095 0.0)
(8.46821361575389 -0.0939352389031377 0.0)
(7.906438635394434 -0.08177904460941085 0.0)
(7.264014001350976 -0.06801264285056327 0.0)
(6.519803808620276 -0.052279328289780706 0.0)
(5.660287994957944 -0.03550694461153756 0.0)
(4.722471382176794 -0.02045526223236866 0.0)
(3.716388450875147 -0.00941490818662976 0.0)
(2.6073112546974886 -0.0030848936685520917 0.0)
(1.3698088467504925 -0.0005764538925309341 0.0)
(0.025898510121334112 -3.244098047735349e-05 0.0)
(-0.02592852814193304 -3.247117929228829e-05 0.0)
(1.207862386342072 -0.0005770241251648157 0.0)
(2.370302258653781 -0.003088071640513808 0.0)
(3.483608750646836 -0.009424700357407292 0.0)
(4.5226150881844305 -0.020476035134550923 0.0)
(5.452120147293965 -0.035540302657276465 0.0)
(6.280727457366407 -0.05232021118009592 0.0)
(7.046425878470806 -0.0680519772841087 0.0)
(7.737660599609016 -0.08181388351293162 0.0)
(8.331742288731926 -0.09396705441872791 0.0)
(8.834206315927448 -0.10449930802113151 0.0)
(9.246639724607421 -0.1132534911662593 0.0)
(9.569177423719468 -0.12013609800756091 0.0)
(9.802062989691306 -0.12508616107479156 0.0)
(9.945601744317651 -0.12806792407788817 0.0)
(10.000000000000007 -0.12906368075128527 0.0)
(9.965509366793475 -0.128067924077889 0.0)
(9.842381454753149 -0.1250861610747934 0.0)
(9.630822576280547 -0.12013609800756195 0.0)
(9.331138053170358 -0.11325349116626253 0.0)
(8.943571461850343 -0.10449930802113498 0.0)
(8.468257711268086 -0.09396705441873292 0.0)
(7.906783844835427 -0.08181388351293795 0.0)
(7.2646852326403115 -0.06805197728411386 0.0)
(6.519272542633617 -0.05232021118010007 0.0)
(5.6589909638171125 -0.03554030265728083 0.0)
(4.721829356259943 -0.02047603513455367 0.0)
(3.716391249353116 -0.009424700357408479 0.0)
(2.6074755191239825 -0.0030880716405144635 0.0)
(1.3699153914357096 -0.0005770241251650417 0.0)
(0.025928528141922393 -3.2471179292309347e-05 0.0)
(-0.025960766119319335 -3.251590410063666e-05 0.0)
(1.2077464058874632 -0.000577785546010113 0.0)
(2.370105749935769 -0.003091934244874045 0.0)
(3.483520179173183 -0.009435818726996517 0.0)
(4.523137511583652 -0.02049871777205938 0.0)
(5.45345048016937 -0.03557650236744564 0.0)
(6.281533465356404 -0.05236566686838132 0.0)
(7.04592902880188 -0.06809737350843922 0.0)
(7.737309585032523 -0.08185499523862447 0.0)
(8.331703299506053 -0.0940048622711781 0.0)
(8.834160873352221 -0.10453412427682533 0.0)
(9.246613474519478 -0.11328551516535393 0.0)
(9.56916078683781 -0.12016579255160294 0.0)
(9.80205392332853 -0.12511411240628775 0.0)
(9.945597439488244 -0.12809479855903702 0.0)
(10.000000000000007 -0.12909019290537999 0.0)
(9.965513671622881 -0.12809479855903785 0.0)
(9.842390521115924 -0.12511411240628964 0.0)
(9.630839213162204 -0.12016579255160403 0.0)
(9.331164303258301 -0.11328551516535722 0.0)
(8.943616904425568 -0.10453412427682889 0.0)
(8.468296700493958 -0.0940048622711832 0.0)
(7.907134859411922 -0.0818549952386309 0.0)
(7.265182082309237 -0.06809737350844453 0.0)
(6.518466534643617 -0.05236566686838561 0.0)
(5.657660630941705 -0.035576502367450115 0.0)
(4.721306932860721 -0.0204987177720622 0.0)
(3.71647982082677 -0.009435818726997735 0.0)
(2.607672027841995 -0.0030919342448747114 0.0)
(1.370031371890319 -0.0005777855460103417 0.0)
(0.025960766119308778 -3.251590410065789e-05 0.0)
(-0.02599380757575509 -3.257318977612057e-05 0.0)
(1.2076260856324574 -0.0005787046996276398 0.0)
(2.3698856311598053 -0.003096311765863004 0.0)
(3.4833497263723614 -0.00944777477457701 0.0)
(4.52351737813683 -0.02052231351129595 0.0)
(5.454755662386579 -0.03561395319300148 0.0)
(6.28257880083321 -0.05241369811484845 0.0)
(7.045628391418856 -0.0681468368965028 0.0)
(7.736968188258857 -0.08190057341246804 0.0)
(8.33167112968376 -0.09404700125261423 0.0)
(8.834125846751327 -0.10457311197118833 0.0)
(9.246592664590821 -0.11332152002766285 0.0)
(9.56914757244362 -0.12019928617122923 0.0)
(9.802046788086233 -0.1251457153258689 0.0)
(9.94559399998027 -0.12812523061276807 0.0)
(10.000000000000007 -0.12912022972424958 0.0)
(9.965517111130856 -0.1281252306127689 0.0)
(9.842397656358221 -0.1251457153258708 0.0)
(9.630852427556395 -0.12019928617123038 0.0)
(9.33118511318696 -0.1133215200276662 0.0)
(8.943651931026462 -0.10457311197119197 0.0)
(8.46832887031625 -0.09404700125261943 0.0)
(7.907476256185588 -0.08190057341247459 0.0)
(7.265482719692261 -0.06814683689650822 0.0)
(6.517421199166806 -0.052413698114852865 0.0)
(5.656355448724492 -0.03561395319300605 0.0)
(4.720927066307542 -0.020522313511298823 0.0)
(3.7166502736275926 -0.009447774774578262 0.0)
(2.6078921466179597 -0.003096311765863683 0.0)
(1.3701516921453252 -0.0005787046996278712 0.0)
(0.025993807575744616 -3.257318977614197e-05 0.0)
(-0.026026200730092146 -3.264051929096043e-05 0.0)
(1.20750671222894 -0.0005797412000889858 0.0)
(2.369651573942209 -0.003101011863216878 0.0)
(3.4831048816286048 -0.009460043173291053 0.0)
(4.523737997202565 -0.020545785598645748 0.0)
(5.4559783466267335 -0.03565100961318343 0.0)
(6.283817533668364 -0.05246219451439823 0.0)
(7.045537175778343 -0.0681981941175186 0.0)
(7.736651409637685 -0.08194861541288653 0.0)
(8.331647192748187 -0.09409161985328307 0.0)
(8.834102775129525 -0.10461455805625618 0.0)
(9.246578209171643 -0.11335992376540521 0.0)
(9.569138361153204 -0.12023510721806822 0.0)
(9.802041897473908 -0.12517958125906445 0.0)
(9.945591576919414 -0.1281578831103141 0.0)
(10.000000000000007 -0.12915247144502373 0.0)
(9.965519534191712 -0.12815788311031498 0.0)
(9.842402546970547 -0.1251795812590664 0.0)
(9.630861638846811 -0.12023510721806943 0.0)
(9.331199568606136 -0.11335992376540861 0.0)
(8.943675002648265 -0.1046145580562599 0.0)
(8.468352807251824 -0.09409161985328836 0.0)
(7.907793034806761 -0.0819486154128932 0.0)
(7.265573935332773 -0.06819819411752415 0.0)
(6.516182466331649 -0.05246219451440275 0.0)
(5.655132764484335 -0.03565100961318809 0.0)
(4.720706447241808 -0.020545785598648683 0.0)
(3.71689511837135 -0.009460043173292337 0.0)
(2.608126203835556 -0.003101011863217569 0.0)
(1.3702710655488428 -0.0005797412000892201 0.0)
(0.026026200730081755 -3.264051929098204e-05 0.0)
(-0.02605652228639055 -3.271493430945006e-05 0.0)
(1.207393530725874 -0.0005808495054601038 0.0)
(2.369413862328927 -0.003105828023256524 0.0)
(3.482796402972023 -0.009472084872143557 0.0)
(4.523789675182719 -0.0205681027135316 0.0)
(5.457064810381157 -0.03568604343668147 0.0)
(6.285195236207284 -0.052509025223956084 0.0)
(7.045659389728711 -0.06824918862915055 0.0)
(7.736373167842093 -0.08199701036227192 0.0)
(8.331632540444492 -0.09413675761349868 0.0)
(8.834092672211671 -0.10465664146687446 0.0)
(9.246570743406618 -0.11339903898860229 0.0)
(9.56913355769381 -0.12027168178085461 0.0)
(9.802039466376112 -0.12521422219872577 0.0)
(9.945590276770538 -0.1281913213606691 0.0)
(10.000000000000007 -0.12918550142547625 0.0)
(9.965520834340587 -0.12819132136067 0.0)
(9.842404978068343 -0.12521422219872777 0.0)
(9.630866442306205 -0.12027168178085584 0.0)
(9.331207034371161 -0.11339903898860575 0.0)
(8.943685105566118 -0.10465664146687827 0.0)
(8.46836745955552 -0.09413675761350405 0.0)
(7.908071276602353 -0.08199701036227869 0.0)
(7.265451721382404 -0.06824918862915624 0.0)
(6.514804763792725 -0.052509025223960705 0.0)
(5.6540463007299095 -0.03568604343668621 0.0)
(4.720654769261655 -0.020568102713534583 0.0)
(3.717203597027933 -0.009472084872144865 0.0)
(2.6083639154488387 -0.003105828023257227 0.0)
(1.370384247051909 -0.0005808495054603409 0.0)
(0.02605652228638022 -3.271493430947187e-05 0.0)
(-0.026083439970938253 -3.279316517181542e-05 0.0)
(1.2072915141114446 -0.0005819809188305738 0.0)
(2.369182940933365 -0.0031105486327207155 0.0)
(3.4824378443904407 -0.009483370780916604 0.0)
(4.523670141441387 -0.02058828428275343 0.0)
(5.457967316420111 -0.03571751534138368 0.0)
(6.286651374720846 -0.0525521325878184 0.0)
(7.045989663412565 -0.06829757982584944 0.0)
(7.736145688307548 -0.08204363187508426 0.0)
(8.33162781656809 -0.09418043126265435 0.0)
(8.834095981901493 -0.10469751313497004 0.0)
(9.246570595327803 -0.11343714704590607 0.0)
(9.569133373120657 -0.12030740284021078 0.0)
(9.802039601610835 -0.125248116085338 0.0)
(9.945590156659806 -0.12822407614828604 0.0)
(10.000000000000007 -0.12921786838869254 0.0)
(9.96552095445132 -0.12822407614828688 0.0)
(9.84240484283362 -0.12524811608533995 0.0)
(9.630866626879357 -0.12030740284021207 0.0)
(9.331207182449976 -0.11343714704590958 0.0)
(8.943681795876296 -0.1046975131349739 0.0)
(8.46837218343192 -0.0941804312626598 0.0)
(7.908298756136898 -0.08204363187509112 0.0)
(7.265121447698549 -0.06829757982585519 0.0)
(6.513348625279159 -0.05255213258782312 0.0)
(5.653143794690955 -0.03571751534138847 0.0)
(4.7207743030029885 -0.020588284282756456 0.0)
(3.7175621556095164 -0.00948337078091794 0.0)
(2.6085948368444014 -0.003110548632721429 0.0)
(1.3704862636663384 -0.0005819809188308137 0.0)
(0.02608343997092798 -3.279316517183745e-05 0.0)
(-0.026105771069920757 -3.287177455708355e-05 0.0)
(1.2072051448090557 -0.00058308572796676 0.0)
(2.3689689560191853 -0.0031149662766657062 0.0)
(3.482044960291968 -0.009493405017425696 0.0)
(4.523384648072481 -0.02060544356508076 0.0)
(5.45864621027933 -0.03574404250937366 0.0)
(6.2881219691466965 -0.05258962254727977 0.0)
(7.046513485208454 -0.06834124148696144 0.0)
(7.735978966068639 -0.08208643148734224 0.0)
(8.331633228677472 -0.0942207218605049 0.0)
(8.834112558777274 -0.10473537723421943 0.0)
(9.24657777144151 -0.11347257353899537 0.0)
(9.569137815543554 -0.12034070087813852 0.0)
(9.802042297236111 -0.12527977368353047 0.0)
(9.945591221864664 -0.12825470828772015 0.0)
(10.000000000000007 -0.12924815018952268 0.0)
(9.965519889246462 -0.12825470828772104 0.0)
(9.842402147208343 -0.12527977368353246 0.0)
(9.630862184456461 -0.1203407008781398 0.0)
(9.33120000633627 -0.11347257353899891 0.0)
(8.943665219000517 -0.10473537723422334 0.0)
(8.46836677132254 -0.0942207218605104 0.0)
(7.908465478375808 -0.08208643148734918 0.0)
(7.264597625902658 -0.06834124148696727 0.0)
(6.511878030853305 -0.05258962254728456 0.0)
(5.652464900831735 -0.03574404250937851 0.0)
(4.721059796371896 -0.02060544356508382 0.0)
(3.71795503970799 -0.00949340501742705 0.0)
(2.608808821758582 -0.0031149662766664283 0.0)
(1.3705726329687276 -0.0005830857279670023 0.0)
(0.02610577106991051 -3.2871774557105755e-05 0.0)
(-0.02612253439570235 -3.2947308512677524e-05 0.0)
(1.207138217727846 -0.0005841153895764093 0.0)
(2.3687813096920425 -0.0031188868518984047 0.0)
(3.4816350132851306 -0.009501746695675738 0.0)
(4.522945739132336 -0.020618826613040167 0.0)
(5.459071662604643 -0.03576445938542003 0.0)
(6.289542404256137 -0.05261984786210742 0.0)
(7.047207839344972 -0.06837825519897406 0.0)
(7.73588032659553 -0.08212352866238293 0.0)
(8.33164853897445 -0.0942558591118903 0.0)
(8.834141674481419 -0.10476857008537195 0.0)
(9.246591956442431 -0.11350376189257474 0.0)
(9.569146689770562 -0.12037011283976824 0.0)
(9.802047434811097 -0.12530780401635447 0.0)
(9.945593425581958 -0.1282818718588046 0.0)
(10.000000000000007 -0.12927501630103716 0.0)
(9.965517685529168 -0.1282818718588055 0.0)
(9.842397009633357 -0.12530780401635652 0.0)
(9.630853310229453 -0.12037011283976956 0.0)
(9.331185821335348 -0.11350376189257834 0.0)
(8.94363610329637 -0.10476857008537589 0.0)
(8.468351461025561 -0.09425585911189586 0.0)
(7.9085641178489166 -0.0821235286623899 0.0)
(7.263903271766137 -0.06837825519897994 0.0)
(6.510457595743861 -0.05261984786211223 0.0)
(5.6520394485064225 -0.03576445938542489 0.0)
(4.721498705312042 -0.020618826613043234 0.0)
(3.7183649867148283 -0.009501746695677101 0.0)
(2.6089964680857247 -0.0031188868518991345 0.0)
(1.3706395600499375 -0.0005841153895766538 0.0)
(0.026122534395692124 -3.294730851269989e-05 0.0)
(-0.02613299339841583 -3.301644821477403e-05 0.0)
(1.207093673521324 -0.0005850246622121066 0.0)
(2.3686282467882624 -0.0031221380955155763 0.0)
(3.4812260156914325 -0.009508029297585093 0.0)
(4.522372699476821 -0.02062784539998789 0.0)
(5.459224979799218 -0.0357778688893409 0.0)
(6.2908502687290735 -0.052641480487263435 0.0)
(7.048042217171647 -0.06840699464709613 0.0)
(7.735854103926217 -0.08215329341820235 0.0)
(8.331673074752588 -0.09428429915026651 0.0)
(8.834182049723154 -0.10479563325527262 0.0)
(9.246612527067578 -0.11352934174744542 0.0)
(9.569159605884384 -0.12039434641731366 0.0)
(9.802054788600147 -0.12533097548226588 0.0)
(9.945596670984383 -0.1283043733439204 0.0)
(10.000000000000007 -0.12929728627544618 0.0)
(9.965514440126743 -0.12830437334392128 0.0)
(9.842389655844308 -0.12533097548226793 0.0)
(9.630840394115632 -0.12039434641731497 0.0)
(9.331165250710201 -0.11352934174744904 0.0)
(8.943595728054635 -0.10479563325527659 0.0)
(8.468326925247425 -0.0942842991502721 0.0)
(7.90859034051823 -0.08215329341820937 0.0)
(7.26306889393946 -0.06840699464710207 0.0)
(6.509149731270922 -0.05264148048726828 0.0)
(5.651886131311848 -0.035777868889345775 0.0)
(4.722071744967558 -0.020627845399990963 0.0)
(3.7187739843085277 -0.009508029297586464 0.0)
(2.6091495309895048 -0.0031221380955163106 0.0)
(1.3706841042564593 -0.0005850246622123526 0.0)
(0.026132993398405597 -3.3016448214796547e-05 0.0)
(-0.02613668852861617 -3.307615579135044e-05 0.0)
(1.2070734693804335 -0.0005857735940977064 0.0)
(2.3685164926118163 -0.0031245771538206644 0.0)
(3.4808359381169005 -0.009511976777119558 0.0)
(4.521690707420054 -0.020632103656924854 0.0)
(5.459099425386011 -0.03578368183206601 0.0)
(6.291988097393235 -0.05265356992477426 0.0)
(7.0489799576532235 -0.06842619707255454 0.0)
(7.735901450236814 -0.08217441794588295 0.0)
(8.331705757954678 -0.0943047923723768 0.0)
(8.83423191048822 -0.10481537763774666 0.0)
(9.246638579481314 -0.11354818917158138 0.0)
(9.569175996374605 -0.12041233683171144 0.0)
(9.802064035491224 -0.1253482699694435 0.0)
(9.945600815474892 -0.12832122406897675 0.0)
(10.000000000000007 -0.12931398161081598 0.0)
(9.965510295636234 -0.12832122406897764 0.0)
(9.84238040895323 -0.12534826996944556 0.0)
(9.630824003625408 -0.12041233683171282 0.0)
(9.331139198296466 -0.113548189171585 0.0)
(8.943545867289568 -0.10481537763775066 0.0)
(8.468294242045335 -0.09430479237238241 0.0)
(7.908542994207632 -0.08217441794588998 0.0)
(7.262131153457881 -0.06842619707256048 0.0)
(6.508011902606759 -0.05265356992477909 0.0)
(5.652011685725056 -0.03578368183207086 0.0)
(4.722753737024329 -0.02063210365692792 0.0)
(3.7191640618830606 -0.009511976777120928 0.0)
(2.6092612851659513 -0.0031245771538214004 0.0)
(1.3707043083973498 -0.0005857735940979535 0.0)
(0.026136688528605918 -3.307615579137308e-05 0.0)
(-0.02613345742904242 -3.3123807800723944e-05 0.0)
(1.2070784930381624 -0.0005863292785362879 0.0)
(2.3684509574367687 -0.003126096859053874 0.0)
(3.480481919856533 -0.009513415689250102 0.0)
(4.520929728445338 -0.020631414283831515 0.0)
(5.458700515996243 -0.035781642803526484 0.0)
(6.292905896138715 -0.052655584986872665 0.0)
(7.04997985818849 -0.06843501875590444 0.0)
(7.736020285217053 -0.08218597407232464 0.0)
(8.331745152540613 -0.09431643834353298 0.0)
(8.83428906598582 -0.10482693570074948 0.0)
(9.246668968988239 -0.11355947604364652 0.0)
(9.569195141073076 -0.12042329361706557 0.0)
(9.80207476919285 -0.12535892758976017 0.0)
(9.945605676952155 -0.12833168364394223 0.0)
(10.000000000000007 -0.1293243687446537 0.0)
(9.96550543415897 -0.12833168364394318 0.0)
(9.842369675251605 -0.12535892758976216 0.0)
(9.63080485892694 -0.12042329361706691 0.0)
(9.33110880878954 -0.11355947604365015 0.0)
(8.94348871179197 -0.10482693570075348 0.0)
(8.468254847459399 -0.09431643834353858 0.0)
(7.908424159227392 -0.08218597407233166 0.0)
(7.2611312529226115 -0.06843501875591035 0.0)
(6.507094103861276 -0.05265558498687745 0.0)
(5.652410595114826 -0.035781642803531306 0.0)
(4.7235147159990465 -0.020631414283834554 0.0)
(3.719518080143429 -0.009513415689251466 0.0)
(2.609326820340999 -0.00312609685905461 0.0)
(1.3706992847396209 -0.0005863292785365354 0.0)
(0.026133457429032125 -3.312380780074665e-05 0.0)
(-0.02612344206829871 -3.3157310500779535e-05 0.0)
(1.2071085237641805 -0.0005866672997702156 0.0)
(2.368434520758818 -0.003126630438147481 0.0)
(3.4801795158250317 -0.00951228281081012 0.0)
(4.520123198576651 -0.02062580757050042 0.0)
(5.458045778978718 -0.035771841394906065 0.0)
(6.293563338567706 -0.052647437135416496 0.0)
(7.050997984977193 -0.06843307208851829 0.0)
(7.736205387475303 -0.08218745404247291 0.0)
(8.331789527584357 -0.09431872536106814 0.0)
(8.834351004907951 -0.10482979960413764 0.0)
(9.246702360329017 -0.11356270643913102 0.0)
(9.569216198796765 -0.1204267353522724 0.0)
(9.802086518085812 -0.12536248006687664 0.0)
(9.945611041811755 -0.12833529249422818 0.0)
(10.000000000000007 -0.12932799128530115 0.0)
(9.96550006929937 -0.12833529249422906 0.0)
(9.842357926358643 -0.12536248006687864 0.0)
(9.63078380120325 -0.12042673535227372 0.0)
(9.331075417448762 -0.11356270643913462 0.0)
(8.943426772869838 -0.10482979960414159 0.0)
(8.468210472415654 -0.0943187253610737 0.0)
(7.908239056969141 -0.08218745404247987 0.0)
(7.260113126133906 -0.06843307208852414 0.0)
(6.506436661432286 -0.052647437135421214 0.0)
(5.653065332132354 -0.03577184139491082 0.0)
(4.724321245867735 -0.020625807570503425 0.0)
(3.7198204841749303 -0.00951228281081147 0.0)
(2.6093432570189496 -0.0031266304381482144 0.0)
(1.3706692540136025 -0.0005866672997704629 0.0)
(0.026123442068288368 -3.315731050080227e-05 0.0)
(-0.02610708250301355 -3.317519184416824e-05 0.0)
(1.2071622420633268 -0.0005867728057648631 0.0)
(2.368467904775523 -0.003126154446612266 0.0)
(3.4799420131023093 -0.009508627918405725 0.0)
(4.519306555260919 -0.020615529865658143 0.0)
(5.457163982280176 -0.03575470826216834 0.0)
(6.293931537862633 -0.052629484372092646 0.0)
(7.051989603390847 -0.06842044260339969 0.0)
(7.736448623956973 -0.08217879282914695 0.0)
(8.331836933327672 -0.09431155293761576 0.0)
(8.834415005771689 -0.1048238435132356 0.0)
(9.246737286349221 -0.11355773842036712 0.0)
(9.569238244307819 -0.12042251081378343 0.0)
(9.80209876594525 -0.12535877131144754 0.0)
(9.945616674331578 -0.1283318920535552 0.0)
(10.000000000000007 -0.12932469006494962 0.0)
(9.965494436779549 -0.12833189205355608 0.0)
(9.842345678499207 -0.12535877131144954 0.0)
(9.630761755692197 -0.12042251081378474 0.0)
(9.331040491428558 -0.11355773842037069 0.0)
(8.9433627720061 -0.10482384351323952 0.0)
(8.46816306667234 -0.09431155293762129 0.0)
(7.9079958204874705 -0.08217879282915388 0.0)
(7.259121507720249 -0.06842044260340549 0.0)
(6.5060684621373595 -0.052629484372097295 0.0)
(5.653947128830899 -0.03575470826217302 0.0)
(4.725137889183469 -0.020615529865661106 0.0)
(3.720057986897653 -0.009508627918407057 0.0)
(2.609309873002244 -0.0031261544466129943 0.0)
(1.370615535714456 -0.0005867728057651097 0.0)
(0.02610708250300314 -3.3175191844190944e-05 0.0)
(-0.02608509754255659 -3.317666615737453e-05 0.0)
(1.207237287651811 -0.0005866411607798433 0.0)
(2.3685496426542643 -0.0031246897986454865 0.0)
(3.4797798471235026 -0.009502611601322729 0.0)
(4.518515680311428 -0.020601032752852924 0.0)
(5.456093870434351 -0.03573099620382164 0.0)
(6.293994316020078 -0.05260251550847795 0.0)
(7.052911143530472 -0.06839768521701975 0.0)
(7.736739307296047 -0.08216037099021511 0.0)
(8.331885286848921 -0.09429523621634076 0.0)
(8.834478256496169 -0.10480932912778125 0.0)
(9.246772212463418 -0.11354479027301059 0.0)
(9.569260308966813 -0.12041080562009128 0.0)
(9.802110974622622 -0.12534796427940145 0.0)
(9.945622327029003 -0.12832163173106545 0.0)
(10.000000000000007 -0.12931461013318185 0.0)
(9.965488784082122 -0.12832163173106634 0.0)
(9.842333469821833 -0.1253479642794034 0.0)
(9.630739691033202 -0.12041080562009257 0.0)
(9.331005565314362 -0.11354479027301413 0.0)
(8.94329952128162 -0.10480932912778511 0.0)
(8.46811471315109 -0.09429523621634621 0.0)
(7.907705137148396 -0.08216037099022197 0.0)
(7.258199967580623 -0.06839768521702547 0.0)
(6.506005683979915 -0.05260251550848249 0.0)
(5.655017240676727 -0.03573099620382624 0.0)
(4.725928764132962 -0.02060103275285583 0.0)
(3.72022015287646 -0.009502611601324037 0.0)
(2.609228135123502 -0.0031246897986462073 0.0)
(1.3705404901259715 -0.0005866411607800886 0.0)
(0.026085097542546096 -3.3176666157397184e-05 0.0)
(-0.026058453165869945 -3.316166866177331e-05 0.0)
(1.2073303631637675 -0.0005862781490549603 0.0)
(2.3686761429821854 -0.003122300848199304 0.0)
(3.4797001431650467 -0.009494498205527217 0.0)
(4.517785323326595 -0.02058295320869971 0.0)
(5.454882462198034 -0.035701747084329744 0.0)
(6.293748914682654 -0.052567715507101466 0.0)
(7.053722114608242 -0.06836579984730257 0.0)
(7.737064665398395 -0.08213299794757822 0.0)
(8.331932463582842 -0.09427049212412536 0.0)
(8.834537977960268 -0.10478689418331812 0.0)
(9.246805604082047 -0.11352443091496833 0.0)
(9.569281423292997 -0.12039213407599277 0.0)
(9.802122607690984 -0.12533053381195555 0.0)
(9.94562775153485 -0.1283049623465585 0.0)
(10.000000000000007 -0.1292981943837591 0.0)
(9.965483359576275 -0.1283049623465594 0.0)
(9.842321836753472 -0.1253305338119575 0.0)
(9.630718576707018 -0.120392134075994 0.0)
(9.330972173695733 -0.11352443091497179 0.0)
(8.94323979981752 -0.10478689418332192 0.0)
(8.46806753641717 -0.09427049212413073 0.0)
(7.907379779046047 -0.08213299794758497 0.0)
(7.257388996502852 -0.06836579984730817 0.0)
(6.506251085317342 -0.05256771550710589 0.0)
(5.656228648913048 -0.03570174708433425 0.0)
(4.726659121117796 -0.020582953208702556 0.0)
(3.7202998568349157 -0.009494498205528498 0.0)
(2.6091016347955804 -0.0031223008482000156 0.0)
(1.3704474146140146 -0.0005862781490552039 0.0)
(0.026058453165859367 -3.316166866179587e-05 0.0)
)
