(
(0.0015093566498138842 -8.055430295532129e-05 0.0)
(1.310413646765298 -0.00115020056227891 0.0)
(2.5657147543052914 -0.004779652133957861 0.0)
(3.7506969793920013 -0.011540486149016736 0.0)
(4.829029191606467 -0.02078792991102719 0.0)
(5.771006917954117 -0.03212353882390177 0.0)
(6.574898420276659 -0.04545243785925948 0.0)
(7.287367941996308 -0.05938190788252122 0.0)
(7.931852782255986 -0.07210856943464322 0.0)
(8.490430079687016 -0.08324399086879396 0.0)
(8.96115043403886 -0.09285320868730353 0.0)
(9.344883888942867 -0.10083812699257173 0.0)
(9.640903474583883 -0.10711504888350604 0.0)
(9.848978955183737 -0.11162910621361209 0.0)
(9.968777316809705 -0.11434854422808277 0.0)
(10.0 -0.11525651582956777 0.0)
(9.942333794301431 -0.11434854422808159 0.0)
(9.795465489260703 -0.1116291062136101 0.0)
(9.559096525416134 -0.10711504888350241 0.0)
(9.232893888834925 -0.10083812699256824 0.0)
(8.816627343738926 -0.09285320868729971 0.0)
(8.309569920313013 -0.0832439908687896 0.0)
(7.712591662188461 -0.07210856943463909 0.0)
(7.023743169114796 -0.05938190788251733 0.0)
(6.225101579723354 -0.04545243785925505 0.0)
(5.340104193156962 -0.032123538823897506 0.0)
(4.415415252837899 -0.02078792991102494 0.0)
(3.44930302060796 -0.011540486149016087 0.0)
(2.412063023472466 -0.004779652133958047 0.0)
(1.2673641310124664 -0.0011502005622789008 0.0)
(-0.00150935664982591 -8.055430295531977e-05 0.0)
(0.0014685472588368568 -8.063100953778977e-05 0.0)
(1.3102642858984022 -0.0011514079735982683 0.0)
(2.565433153895528 -0.004785276536932243 0.0)
(3.7504450147762993 -0.011555544579837089 0.0)
(4.829417446561435 -0.020817253808439604 0.0)
(5.772588618176651 -0.03216997567541749 0.0)
(6.57630353841364 -0.04551251142153437 0.0)
(7.287105117798729 -0.059444526843774756 0.0)
(7.931440676687132 -0.07216665299091682 0.0)
(8.490394399080508 -0.08329779913722095 0.0)
(8.961113179291083 -0.0929030805351878 0.0)
(9.344861356412277 -0.1008842518305396 0.0)
(9.640889149252052 -0.10715800774138914 0.0)
(9.848971264385659 -0.11166967576190907 0.0)
(9.968773574547791 -0.11438763270480837 0.0)
(10.0 -0.11529510373424652 0.0)
(9.942337536563345 -0.11438763270480724 0.0)
(9.79547318005878 -0.1116696757619071 0.0)
(9.559110850747965 -0.1071580077413856 0.0)
(9.232916421365516 -0.10088425183053619 0.0)
(8.816664598486701 -0.09290308053518409 0.0)
(8.309605600919522 -0.0832977991372167 0.0)
(7.713003767757316 -0.07216665299091285 0.0)
(7.0240059933123735 -0.059444526843771016 0.0)
(6.223696461586369 -0.04551251142153009 0.0)
(5.338522492934425 -0.03216997567541335 0.0)
(4.415026997882931 -0.02081725380843743 0.0)
(3.4495549852236627 -0.011555544579836482 0.0)
(2.4123446238822304 -0.0047852765369324445 0.0)
(1.267513491879363 -0.0011514079735982627 0.0)
(-0.0014685472588487811 -8.06310095377885e-05 0.0)
(0.0014293040809048765 -8.07186492834026e-05 0.0)
(1.3101189003668376 -0.001152737269928788 0.0)
(2.5651396744949344 -0.004791192640534512 0.0)
(3.750106125620525 -0.011570704709482231 0.0)
(4.829602182499231 -0.020845873924333177 0.0)
(5.774038924692066 -0.03221505333285639 0.0)
(6.577920530017794 -0.04557202846921632 0.0)
(7.287105276555135 -0.059508301784575376 0.0)
(7.931066654032376 -0.07222668013517838 0.0)
(8.49036953364865 -0.08335365084757342 0.0)
(8.961091355524639 -0.09295504369073833 0.0)
(9.344847077355192 -0.10093246510481692 0.0)
(9.640880025757799 -0.1072030265349388 0.0)
(9.848966483948253 -0.11171227080805184 0.0)
(9.968771155080834 -0.11442872207755672 0.0)
(10.0 -0.11533568279789468 0.0)
(9.942339956030303 -0.1144287220775556 0.0)
(9.795477960496186 -0.1117122708080499 0.0)
(9.559119974242217 -0.10720302653493531 0.0)
(9.232930700422601 -0.10093246510481359 0.0)
(8.816686422253147 -0.0929550436907347 0.0)
(8.30963046635138 -0.08335365084756931 0.0)
(7.713377790412073 -0.07222668013517455 0.0)
(7.024005834555967 -0.059508301784571775 0.0)
(6.22207946998221 -0.04557202846921218 0.0)
(5.337072186419007 -0.03221505333285234 0.0)
(4.414842261945136 -0.02084587392433107 0.0)
(3.449893874379438 -0.011570704709481662 0.0)
(2.4126381032828244 -0.004791192640534727 0.0)
(1.2676588774109274 -0.0011527372699287853 0.0)
(-0.0014293040809167114 -8.071864928340155e-05 0.0)
(0.0013933513894629093 -8.081337146206991e-05 0.0)
(1.3099838781448865 -0.001154130044421584 0.0)
(2.5648472110514677 -0.004797140501995589 0.0)
(3.7496952020942023 -0.011585300429590231 0.0)
(4.829575282460713 -0.02087253274317456 0.0)
(5.775294113685336 -0.03225679116641783 0.0)
(6.579678347436236 -0.045628373932113525 0.0)
(7.287368411290058 -0.059570430550697245 0.0)
(7.930747148162913 -0.07228601338452564 0.0)
(8.49035657593303 -0.08340909197787631 0.0)
(8.961085921635897 -0.09300681498796408 0.0)
(9.344841679167256 -0.10098064841233563 0.0)
(9.640876504970773 -0.10724812722072599 0.0)
(9.84896482391519 -0.11175501980363829 0.0)
(9.968770164715785 -0.11447000695446016 0.0)
(10.0 -0.11537647005069283 0.0)
(9.942340946395353 -0.11447000695445907 0.0)
(9.795479620529248 -0.1117550198036364 0.0)
(9.559123495029244 -0.10724812722072256 0.0)
(9.232936098610537 -0.10098064841233236 0.0)
(8.816691856141889 -0.09300681498796054 0.0)
(8.309643424067 -0.08340909197787232 0.0)
(7.713697296281536 -0.0722860133845219 0.0)
(7.023742699821042 -0.05957043055069378 0.0)
(6.220321652563763 -0.04562837393210951 0.0)
(5.335816997425734 -0.03225679116641387 0.0)
(4.414869161983655 -0.02087253274317251 0.0)
(3.450304797905762 -0.011585300429589693 0.0)
(2.412930566726292 -0.004797140501995818 0.0)
(1.267793899632879 -0.0011541300444215853 0.0)
(-0.0013933513894746705 -8.081337146206913e-05 0.0)
(0.0013622688799993256 -8.091101415455037e-05 0.0)
(1.309865151861965 -0.0011555251011134522 0.0)
(2.564568613873787 -0.0048028587831641795 0.0)
(3.749230299425315 -0.011598690430921654 0.0)
(4.829337928384359 -0.020896058925234797 0.0)
(5.7762990344484 -0.03229335529205235 0.0)
(6.581499755387435 -0.04567907209366741 0.0)
(7.287882960344638 -0.05962818331781833 0.0)
(7.930496197582128 -0.07234204574452935 0.0)
(8.490356095271965 -0.08346168654629078 0.0)
(8.961097116379989 -0.09305611969077786 0.0)
(9.344845399034973 -0.1010266846667122 0.0)
(9.640878741587914 -0.10729132815712661 0.0)
(9.84896635722529 -0.11179604443600945 0.0)
(9.96877064696747 -0.11450967335355608 0.0)
(10.0 -0.11541567337537119 0.0)
(9.942340464143665 -0.11450967335355498 0.0)
(9.795478087219148 -0.11179604443600759 0.0)
(9.559121258412103 -0.10729132815712321 0.0)
(9.23293237874282 -0.10102668466670901 0.0)
(8.816680661397797 -0.0930561196907744 0.0)
(8.309643904728066 -0.08346168654628687 0.0)
(7.713948246862322 -0.07234204574452571 0.0)
(7.02322815076646 -0.05962818331781499 0.0)
(6.218500244612559 -0.04567907209366349 0.0)
(5.3348120766626685 -0.03229335529204846 0.0)
(4.41510651606001 -0.02089605892523279 0.0)
(3.4507697005746505 -0.011598690430921144 0.0)
(2.4132091639039737 -0.004802858783164422 0.0)
(1.2679126259158007 -0.001155525101113457 0.0)
(-0.0013622688800110317 -8.091101415454986e-05 0.0)
(0.0013374222611161107 -8.100728711956869e-05 0.0)
(1.3097679381337408 -0.0011568611437655365 0.0)
(2.5643161240122 -0.004808096233227036 0.0)
(3.748731844586619 -0.011610286381314318 0.0)
(4.828900549174061 -0.020915418773114095 0.0)
(5.77700953260138 -0.03232313914897174 0.0)
(6.5833047245381895 -0.04572189536940896 0.0)
(7.288626315374758 -0.05967902253500705 0.0)
(7.930324828599439 -0.07239231525579926 0.0)
(8.490368112784823 -0.08350912364369976 0.0)
(8.961124447880339 -0.09310079144073848 0.0)
(9.344858073514159 -0.10106855111915032 0.0)
(9.640886637336354 -0.10733073117402908 0.0)
(9.84897101650771 -0.11183354215787138 0.0)
(9.968772580646638 -0.1145459784058358 0.0)
(10.0 -0.11545157024956383 0.0)
(9.942338530464498 -0.11454597840583473 0.0)
(9.795473427936729 -0.11183354215786952 0.0)
(9.55911336266366 -0.10733073117402574 0.0)
(9.232919704263633 -0.10106855111914718 0.0)
(8.816653329897447 -0.09310079144073508 0.0)
(8.309631887215208 -0.08350912364369593 0.0)
(7.714119615845011 -0.07239231525579573 0.0)
(7.022484795736338 -0.059679022535003796 0.0)
(6.216695275461801 -0.04572189536940511 0.0)
(5.334101578509689 -0.03232313914896789 0.0)
(4.415543895270311 -0.020915418773112114 0.0)
(3.451268155413348 -0.011610286381313825 0.0)
(2.413461653765561 -0.004808096233227288 0.0)
(1.268009839644025 -0.0011568611437655434 0.0)
(-0.0013374222611277835 -8.100728711956839e-05 0.0)
(0.0013199032477913886 -8.109796029916835e-05 0.0)
(1.3096965083535852 -0.0011580794691079244 0.0)
(2.5641008354093078 -0.00481262272821004 0.0)
(3.7482217387718286 -0.011619578775922155 0.0)
(4.828282362472153 -0.020929761650514477 0.0)
(5.777394390155254 -0.03234483408899097 0.0)
(6.585013947846112 -0.04575496218294506 0.0)
(7.289565814720323 -0.05972071442006785 0.0)
(7.930240570854436 -0.07243461316797564 0.0)
(8.490392100444076 -0.0835493189708268 0.0)
(8.961166715240823 -0.09313886744287729 0.0)
(9.344879145711388 -0.10110440823432233 0.0)
(9.640899845291356 -0.1073646049749565 0.0)
(9.848978597042104 -0.11186586538792558 0.0)
(9.96877588079096 -0.11457732693372044 0.0)
(10.0 -0.11548258343029023 0.0)
(9.942335230320179 -0.11457732693371937 0.0)
(9.795465847402335 -0.11186586538792374 0.0)
(9.559100154708661 -0.10736460497495316 0.0)
(9.232898632066405 -0.10110440823431922 0.0)
(8.816611062536962 -0.09313886744287395 0.0)
(8.309607899555955 -0.083549318970823 0.0)
(7.714203873590014 -0.07243461316797217 0.0)
(7.021545296390769 -0.05972071442006465 0.0)
(6.214986052153875 -0.045754962182941235 0.0)
(5.333716720955816 -0.03234483408898715 0.0)
(4.416162081972221 -0.02092976165051251 0.0)
(3.4517782612281396 -0.011619578775921676 0.0)
(2.413676942368453 -0.0048126227282103 0.0)
(1.2680812694241808 -0.001158079469107934 0.0)
(-0.0013199032478030514 -8.109796029916824e-05 0.0)
(0.0013104815934205183 -8.117904967971965e-05 0.0)
(1.3096540010153606 -0.0011591265461539351 0.0)
(2.5639322074524626 -0.004816239382204627 0.0)
(3.7477223950972336 -0.011626159323926057 0.0)
(4.827510530271378 -0.020938457357642524 0.0)
(5.777436697173181 -0.03235748687613539 0.0)
(6.586552325165987 -0.045776819638982946 0.0)
(7.290660178498856 -0.0597514271078443 0.0)
(7.930247126478288 -0.07246708098817933 0.0)
(8.490427004275858 -0.08358050641853322 0.0)
(8.961222061310949 -0.09316867470731839 0.0)
(9.344907689752864 -0.10113268051618633 0.0)
(9.640917785119537 -0.10739146120706647 0.0)
(9.848988765753658 -0.11189159390257718 0.0)
(9.96878040239813 -0.1146023415402452 0.0)
(10.0 -0.11550735025512628 0.0)
(9.942330708713007 -0.11460234154024414 0.0)
(9.79545567869078 -0.11189159390257535 0.0)
(9.559082214880478 -0.10739146120706315 0.0)
(9.23287008802493 -0.10113268051618325 0.0)
(8.816555716466835 -0.09316867470731507 0.0)
(8.30957299572417 -0.08358050641852945 0.0)
(7.714197317966162 -0.07246708098817589 0.0)
(7.020450932612233 -0.05975142710784113 0.0)
(6.213447674833997 -0.04577681963897914 0.0)
(5.33367441393789 -0.03235748687613157 0.0)
(4.416933914172998 -0.020938457357640557 0.0)
(3.452277604902736 -0.011626159323925581 0.0)
(2.413845570325299 -0.004816239382204891 0.0)
(1.2681237767624054 -0.0011591265461539464 0.0)
(-0.001310481593432194 -8.11790496797197e-05 0.0)
(0.0013095712682601268 -8.124699234219e-05 0.0)
(1.3096422838137436 -0.0011599563682537404 0.0)
(2.5638176493455918 -0.0048187872860507575 0.0)
(3.7472557538103723 -0.011629738888085502 0.0)
(4.826618965466611 -0.020941123821035374 0.0)
(5.777134594762192 -0.0323605415700855 0.0)
(6.587852263012762 -0.04578650736089142 0.0)
(7.291861322368008 -0.05976981113902277 0.0)
(7.930344207428876 -0.07248829213978877 0.0)
(8.490471290669658 -0.08360131566742261 0.0)
(8.961288054285646 -0.09318890355739311 0.0)
(9.344942451465622 -0.10115212573239991 0.0)
(9.64093966857767 -0.10741011985665219 0.0)
(9.849001075847793 -0.11190959723796133 0.0)
(9.968785946797004 -0.11461992312936231 0.0)
(10.0 -0.11552478251509828 0.0)
(9.942325164314132 -0.11461992312936127 0.0)
(9.795443368596647 -0.11190959723795953 0.0)
(9.559060331422346 -0.10741011985664888 0.0)
(9.232835326312172 -0.1011521257323968 0.0)
(8.816489723492138 -0.09318890355738982 0.0)
(8.30952870933037 -0.08360131566741884 0.0)
(7.714100237015574 -0.07248829213978533 0.0)
(7.019249788743077 -0.05976981113901959 0.0)
(6.2121477369872204 -0.04578650736088758 0.0)
(5.333976516348882 -0.032360541570081634 0.0)
(4.417825478977768 -0.020941123821033386 0.0)
(3.452744246189598 -0.011629738888085023 0.0)
(2.4139601284321697 -0.004818787286051023 0.0)
(1.2681354939640221 -0.0011599563682537525 0.0)
(-0.0013095712682718386 -8.124699234219017e-05 0.0)
(0.001317212270332369 -8.129880301028799e-05 0.0)
(1.3096618715811377 -0.001160532474542391 0.0)
(2.563762194562333 -0.004820154489514688 0.0)
(3.7468423182756934 -0.011630160188899948 0.0)
(4.825646841784302 -0.020937643881169702 0.0)
(5.776501356749544 -0.032353863953177506 0.0)
(6.588856644495618 -0.04578359968789299 0.0)
(7.293116470263601 -0.059775058752905924 0.0)
(7.930527548146836 -0.07249731464360692 0.0)
(8.490523013762353 -0.08361083239716822 0.0)
(8.961361794554339 -0.0931986651744368 0.0)
(9.3449819034836 -0.10116188949573661 0.0)
(9.640964534146635 -0.10741976109678586 0.0)
(9.849014986441489 -0.11191908436045749 0.0)
(9.96879227037684 -0.11462929919821063 0.0)
(10.0 -0.11553411426859451 0.0)
(9.942318840734298 -0.11462929919820956 0.0)
(9.79542945800295 -0.11191908436045565 0.0)
(9.55903546585338 -0.10741976109678254 0.0)
(9.232795874294192 -0.10116188949573353 0.0)
(8.816415983223445 -0.09319866517443348 0.0)
(8.309476986237676 -0.08361083239716442 0.0)
(7.713916896297612 -0.07249731464360346 0.0)
(7.017994640847482 -0.0597750587529027 0.0)
(6.211143355504363 -0.045783599687889094 0.0)
(5.334609754361532 -0.032353863953173585 0.0)
(4.418797602660081 -0.02093764388116768 0.0)
(3.453157681724278 -0.011630160188899459 0.0)
(2.414015583215428 -0.004820154489514951 0.0)
(1.268115906196628 -0.0011605324745424036 0.0)
(-0.0013172122703441376 -8.129880301028823e-05 0.0)
(0.001333068867985008 -8.13322052180424e-05 0.0)
(1.309711903666878 -0.0011608295519635202 0.0)
(2.5637682796844112 -0.004820280920177444 0.0)
(3.746500254094231 -0.011627404715182366 0.0)
(4.8246368725606 -0.02092817044023684 0.0)
(5.775564806455039 -0.032337747427682015 0.0)
(6.589521338929663 -0.045768224377819786 0.0)
(7.29437047328333 -0.05976693937893998 0.0)
(7.9307890929764335 -0.07249375206732223 0.0)
(8.49057990093587 -0.0836086384600754 0.0)
(8.961440042104524 -0.09319753065085491 0.0)
(9.345024312357303 -0.10116154280429777 0.0)
(9.640991289278825 -0.10741996130901418 0.0)
(9.849029886328712 -0.11191963842325932 0.0)
(9.968799095291105 -0.11463005777947793 0.0)
(10.0 -0.11553493549543827 0.0)
(9.942312015820033 -0.11463005777947687 0.0)
(9.795414558115727 -0.11191963842325749 0.0)
(9.55900871072119 -0.10741996130901084 0.0)
(9.232753465420489 -0.10116154280429464 0.0)
(8.81633773567326 -0.09319753065085154 0.0)
(8.309420099064159 -0.08360863846007156 0.0)
(7.713655351468014 -0.0724937520673187 0.0)
(7.016740637827749 -0.059766939378936686 0.0)
(6.210478661070318 -0.045768224377815796 0.0)
(5.335546304656042 -0.03233774742767801 0.0)
(4.419807571883784 -0.020928170440234768 0.0)
(3.45349974590574 -0.011627404715181856 0.0)
(2.4140094980933497 -0.004820280920177703 0.0)
(1.2680658741108874 -0.0011608295519635328 0.0)
(-0.0013330688679968525 -8.133220521804265e-05 0.0)
(0.0013564443513260133 -8.134573133355208e-05 0.0)
(1.3097901817526483 -0.0011608345474787322 0.0)
(2.5638356373426947 -0.004819161022907002 0.0)
(3.7462445909403312 -0.011621593537406903 0.0)
(4.82363343399551 -0.02091311974390021 0.0)
(5.774366094185245 -0.03231290012424494 0.0)
(6.589817140857489 -0.04574105699366808 0.0)
(7.295568232828642 -0.05974580976756301 0.0)
(7.931117350116338 -0.07247776094401912 0.0)
(8.49063945267188 -0.08359483025372631 0.0)
(8.961519358881995 -0.0931855498355381 0.0)
(9.345067814718407 -0.10115110089107092 0.0)
(9.641018758402678 -0.10741071169637814 0.0)
(9.849045120835672 -0.11191123508186097 0.0)
(9.968806121665555 -0.11462216554249116 0.0)
(10.000000000000002 -0.11552721011242449 0.0)
(9.942304989445583 -0.11462216554249006 0.0)
(9.795399323608766 -0.11191123508185911 0.0)
(9.558981241597339 -0.10741071169637477 0.0)
(9.232709963059387 -0.10115110089106776 0.0)
(8.816258418895789 -0.09318554983553468 0.0)
(8.309360547328149 -0.0835948302537224 0.0)
(7.7133270943281085 -0.0724777609440155 0.0)
(7.015542878282435 -0.0597458097675596 0.0)
(6.210182859142493 -0.04574105699366398 0.0)
(5.336745016925839 -0.03231290012424084 0.0)
(4.420811010448877 -0.020913119743898076 0.0)
(3.4537554090596405 -0.011621593537406365 0.0)
(2.413942140435066 -0.004819161022907253 0.0)
(1.2679875960251168 -0.001160834547478743 0.0)
(-0.0013564443513379488 -8.134573133355227e-05 0.0)
(0.0013863116443816185 -8.133878704404686e-05 0.0)
(1.3098932664425658 -0.0011605472415942267 0.0)
(2.5639613079649055 -0.00481684400394063 0.0)
(3.746086562185253 -0.011612981988093764 0.0)
(4.822680615343842 -0.020893153092222363 0.0)
(5.772957889164316 -0.03228041378792244 0.0)
(6.589731053283542 -0.04570329122059619 0.0)
(7.296657121536355 -0.05971259831524339 0.0)
(7.931497896548353 -0.07245004389440057 0.0)
(8.49069905237605 -0.08357001448544653 0.0)
(8.961596259852659 -0.0931632491435931 0.0)
(9.345110499152748 -0.10113102255462035 0.0)
(9.641045734575146 -0.10739241866993524 0.0)
(9.849060020586007 -0.11189424356370999 0.0)
(9.96881304077415 -0.11460596925770505 0.0)
(10.000000000000002 -0.11551127755874956 0.0)
(9.942298070336989 -0.11460596925770396 0.0)
(9.795384423858431 -0.1118942435637081 0.0)
(9.558954265424871 -0.10739241866993181 0.0)
(9.232667278625044 -0.1011310225546171 0.0)
(8.816181517925125 -0.09316324914358959 0.0)
(8.309300947623978 -0.08357001448544253 0.0)
(7.712946547896093 -0.07245004389439685 0.0)
(7.01445398957472 -0.059712598315239875 0.0)
(6.210268946716442 -0.04570329122059195 0.0)
(5.338153221946772 -0.03228041378791823 0.0)
(4.421763829100547 -0.02089315309222016 0.0)
(3.4539134378147187 -0.011612981988093195 0.0)
(2.4138164698128546 -0.004816844003940871 0.0)
(1.267884511335199 -0.0011605472415942358 0.0)
(-0.0013863116443936564 -8.133878704404695e-05 0.0)
(0.0014213584329356291 -8.131167746890337e-05 0.0)
(1.3100166283839432 -0.001159980258004958 0.0)
(2.5641397698138118 -0.004813431668852845 0.0)
(3.7460331113233893 -0.011601948442965387 0.0)
(4.821820281714018 -0.020869147783350066 0.0)
(5.771402065344633 -0.03224171580890048 0.0)
(6.589266858738328 -0.04565658641758233 0.0)
(7.297589295628717 -0.05966876427243742 0.0)
(7.931914011758445 -0.0724118187549199 0.0)
(8.490756081346412 -0.0835352815146951 0.0)
(8.961667366128548 -0.09313160842662598 0.0)
(9.345150490184372 -0.10110219000031738 0.0)
(9.64107103251256 -0.10736588599180125 0.0)
(9.849073930911944 -0.11186941044502884 0.0)
(9.968819548603914 -0.11458218056024283 0.0)
(10.000000000000002 -0.1154878378816742 0.0)
(9.942291562507222 -0.11458218056024173 0.0)
(9.795370513532495 -0.11186941044502692 0.0)
(9.558928967487457 -0.10736588599179779 0.0)
(9.232627287593422 -0.10110219000031408 0.0)
(8.816110411649236 -0.09313160842662241 0.0)
(8.309243918653616 -0.08353528151469101 0.0)
(7.712530432686 -0.07241181875491606 0.0)
(7.013521815482356 -0.05966876427243375 0.0)
(6.2107331412616595 -0.04565658641757795 0.0)
(5.33970904576646 -0.03224171580889614 0.0)
(4.422624162730373 -0.020869147783347787 0.0)
(3.4539668886765824 -0.01160194844296478 0.0)
(2.4136380079639475 -0.004813431668853074 0.0)
(1.2677611493938212 -0.001159980258004965 0.0)
(-0.0014213584329477768 -8.131167746890334e-05 0.0)
(0.0014600448252152698 -8.126559375325791e-05 0.0)
(1.310154847278761 -0.0011591585089325716 0.0)
(2.5643631816022596 -0.004809073949404713 0.0)
(3.7460865868878246 -0.011588977695809407 0.0)
(4.8210902345917965 -0.02084215856663871 0.0)
(5.769766982778533 -0.0321985065055813 0.0)
(6.588444953080943 -0.04560299470822694 0.0)
(7.298323797081476 -0.05961623362679386 0.0)
(7.9323474124055435 -0.07236476506827502 0.0)
(8.490808033834341 -0.08349215744466469 0.0)
(8.961729553429988 -0.09309201791985526 0.0)
(9.345186030680509 -0.10106587007785041 0.0)
(9.641093540669832 -0.10733227945931323 0.0)
(9.849086240619211 -0.11183782684762143 0.0)
(9.968825359212717 -0.11455184468195084 0.0)
(10.000000000000002 -0.1154579209777274 0.0)
(9.94228575189842 -0.11455184468194969 0.0)
(9.795358203825229 -0.11183782684761949 0.0)
(9.558906459330183 -0.10733227945930969 0.0)
(9.232591747097285 -0.10106587007784702 0.0)
(8.816048224347796 -0.09309201791985161 0.0)
(8.309191966165688 -0.08349215744466047 0.0)
(7.7120970320389 -0.07236476506827105 0.0)
(7.012787314029596 -0.05961623362679005 0.0)
(6.211555046919047 -0.04560299470822241 0.0)
(5.3413441283325644 -0.03219850650557685 0.0)
(4.4233542098525955 -0.02084215856663635 0.0)
(3.4539134131121463 -0.011588977695808762 0.0)
(2.413414596175499 -0.0048090739494049285 0.0)
(1.267622930499003 -0.001159158508932575 0.0)
(-0.0014600448252275284 -8.126559375325769e-05 0.0)
(0.001500671011918527 -8.12025607312681e-05 0.0)
(1.310301850041645 -0.0011581181005279604 0.0)
(2.5646217270249845 -0.004803962315816564 0.0)
(3.7462446392600883 -0.011574639657526555 0.0)
(4.820522550912145 -0.0208133712988952 0.0)
(5.768124484002672 -0.032152684415703583 0.0)
(6.58730144934234 -0.04554487081419582 0.0)
(7.298828353244528 -0.05955731447878021 0.0)
(7.932779055658099 -0.07231095028737478 0.0)
(8.49085262714256 -0.08344253706809913 0.0)
(8.961780089360719 -0.09304621715771967 0.0)
(9.34521555905678 -0.10102365861816724 0.0)
(9.641112270079711 -0.10729307568202726 0.0)
(9.849096408841788 -0.11180088049697735 0.0)
(9.968830217293037 -0.11451629452582326 0.0)
(10.000000000000002 -0.11542284134093718 0.0)
(9.9422808938181 -0.11451629452582211 0.0)
(9.79534803560265 -0.11180088049697536 0.0)
(9.558887729920306 -0.10729307568202366 0.0)
(9.232562218721014 -0.1010236586181638 0.0)
(8.815997688417065 -0.09304621715771588 0.0)
(8.309147372857469 -0.08344253706809483 0.0)
(7.7116653887863436 -0.07231095028737067 0.0)
(7.0122827578665445 -0.059557314478776234 0.0)
(6.212698550657654 -0.045544870814191125 0.0)
(5.342986627108429 -0.03215268441569901 0.0)
(4.423921893532247 -0.02081337129889277 0.0)
(3.4537553607398817 -0.011574639657525868 0.0)
(2.4131560507527734 -0.0048039623158167635 0.0)
(1.2674759277361185 -0.0011581181005279608 0.0)
(-0.0015006710119308945 -8.120256073126766e-05 0.0)
(0.0015414519527251682 -8.112534795860452e-05 0.0)
(1.3104511776401282 -0.0011569047464330495 0.0)
(2.5649040460691075 -0.0047983213639167886 0.0)
(3.746500323908092 -0.011559564315288273 0.0)
(4.820142173657398 -0.020784050839999384 0.0)
(5.766546737408395 -0.03210626287806741 0.0)
(6.585886590984812 -0.04548476859305804 0.0)
(7.299080794843129 -0.059494595627970645 0.0)
(7.933189975901263 -0.07225273893524056 0.0)
(8.490887901922688 -0.08338860061356686 0.0)
(8.961816753464397 -0.0929962185419173 0.0)
(9.34523777789035 -0.10097741031558267 0.0)
(9.64112639780619 -0.10724999720219602 0.0)
(9.84910398880658 -0.1117601947481524 0.0)
(9.968833909389712 -0.11447709210068319 0.0)
(10.000000000000002 -0.11538414030636772 0.0)
(9.942277201721426 -0.11447709210068203 0.0)
(9.79534045563786 -0.11176019474815037 0.0)
(9.558873602193826 -0.10724999720219237 0.0)
(9.232539999887443 -0.10097741031557915 0.0)
(8.815961024313387 -0.0929962185419134 0.0)
(8.30911209807734 -0.08338860061356242 0.0)
(7.711254468543178 -0.07225273893523634 0.0)
(7.012030316267944 -0.059494595627966516 0.0)
(6.214113409015187 -0.045484768593053206 0.0)
(5.34456437370271 -0.03210626287806271 0.0)
(4.424302270786994 -0.02078405083999687 0.0)
(3.453499676091877 -0.011559564315287544 0.0)
(2.4128737317086495 -0.0047983213639169724 0.0)
(1.2673266001376349 -0.0011569047464330465 0.0)
(-0.0015414519527376367 -8.112534795860385e-05 0.0)
(0.0015805958077027718 -8.103734802324129e-05 0.0)
(1.3105962688927204 -0.001155571759207001 0.0)
(2.565197734152318 -0.0047923989468120366 0.0)
(3.7468424065161643 -0.011544414052052952 0.0)
(4.81996581590825 -0.020755485477274866 0.0)
(5.765103066294648 -0.03206128157011069 0.0)
(6.584262544296178 -0.0454253288264565 0.0)
(7.299070030055265 -0.05943083282592884 0.0)
(7.93356211805131 -0.07219268871219053 0.0)
(8.49091230826542 -0.08333271795020601 0.0)
(8.961837934787386 -0.0929442189201566 0.0)
(9.345251710926323 -0.10092915723590339 0.0)
(9.641135303102814 -0.10720493680941343 0.0)
(9.8491086474638 -0.1117175572585175 0.0)
(9.968836273278768 -0.11443595988937247 0.0)
(10.000000000000002 -0.11534351832667643 0.0)
(9.94227483783237 -0.11443595988937129 0.0)
(9.79533579698064 -0.11171755725851544 0.0)
(9.558864696897203 -0.10720493680940975 0.0)
(9.23252606685147 -0.10092915723589978 0.0)
(8.815939842990398 -0.09294421892015262 0.0)
(8.309087691734609 -0.08333271795020146 0.0)
(7.710882326393131 -0.07219268871218618 0.0)
(7.012041081055809 -0.059430832825924575 0.0)
(6.215737455703826 -0.045425328826451526 0.0)
(5.34600804481646 -0.0320612815701059 0.0)
(4.424478628536141 -0.020755485477272288 0.0)
(3.4531575934838035 -0.011544414052052188 0.0)
(2.412580043625438 -0.0047923989468122066 0.0)
(1.2671815088850424 -0.0011555717592069946 0.0)
(-0.0015805958077153293 -8.103734802324034e-05 0.0)
(0.001616382667475281 -8.094242748134688e-05 0.0)
(1.3107307487552196 -0.0011541777078698963 0.0)
(2.565489887157527 -0.004786455284675134 0.0)
(3.7472558566003293 -0.011529854542670533 0.0)
(4.820001226501562 -0.020728930320500914 0.0)
(5.763856902929048 -0.03201971688821409 0.0)
(6.582500666916827 -0.04536916318899367 0.0)
(7.298796531866022 -0.05936882769352578 0.0)
(7.93387913086298 -0.07213343811516673 0.0)
(8.490924773800707 -0.08327734446001027 0.0)
(8.9618427026611 -0.09289250306068715 0.0)
(9.345256745972586 -0.10088101953117397 0.0)
(9.64113859468714 -0.10715987437490274 0.0)
(9.849110180120572 -0.11167484144136412 0.0)
(9.968837205095245 -0.11439470516600683 0.0)
(10.000000000000002 -0.11530276025733514 0.0)
(9.942273906015892 -0.11439470516600565 0.0)
(9.795334264323868 -0.11167484144136201 0.0)
(9.558861405312877 -0.10715987437489898 0.0)
(9.232521031805206 -0.1008810195311703 0.0)
(8.815935075116684 -0.09289250306068308 0.0)
(8.309075226199322 -0.0832773444600056 0.0)
(7.71056531358146 -0.07213343811516224 0.0)
(7.0123145792450545 -0.05936882769352136 0.0)
(6.217499333083181 -0.04536916318898857 0.0)
(5.347254208182062 -0.0320197168882092 0.0)
(4.424443217942829 -0.020728930320498273 0.0)
(3.4527441433996375 -0.011529854542669738 0.0)
(2.4122878906202287 -0.004786455284675289 0.0)
(1.267047029022543 -0.0011541777078698863 0.0)
(-0.0016163826674879117 -8.094242748134569e-05 0.0)
(0.0016472401228945016 -8.084475696787994e-05 0.0)
(1.3108487084284914 -0.0011527838444871429 0.0)
(2.5657676684161643 -0.004780751531146751 0.0)
(3.7477225079202734 -0.011516525505347406 0.0)
(4.820246849560643 -0.02070555215468488 0.0)
(5.762863001450087 -0.0319833951084597 0.0)
(6.580678372515545 -0.04531873949602756 0.0)
(7.298272317285482 -0.059311304622844035 0.0)
(7.934127085373287 -0.07207759050700643 0.0)
(8.490924750815731 -0.08322491315283588 0.0)
(8.961830847593893 -0.09284334326376252 0.0)
(9.345252661798419 -0.10083511228407481 0.0)
(9.641136127932974 -0.10711678985959688 0.0)
(9.849108519434761 -0.11163392415155161 0.0)
(9.968836663896832 -0.11435514058765761 0.0)
(10.000000000000002 -0.11526365693334596 0.0)
(9.942274447214306 -0.1143551405876564 0.0)
(9.795335925009677 -0.11163392415154948 0.0)
(9.558863872067041 -0.1071167898595931 0.0)
(9.232525115979374 -0.10083511228407106 0.0)
(8.815946930183891 -0.0928433432637584 0.0)
(8.309075249184298 -0.08322491315283113 0.0)
(7.710317359071153 -0.07207759050700183 0.0)
(7.012838793825596 -0.05931130462283952 0.0)
(6.219321627484468 -0.045318739496022366 0.0)
(5.348248109661024 -0.031983395108454736 0.0)
(4.424197594883746 -0.020705552154682207 0.0)
(3.4522774920796917 -0.011516525505346584 0.0)
(2.412010109361591 -0.004780751531146895 0.0)
(1.266929069349271 -0.0011527838444871294 0.0)
(-0.001647240122907186 -8.08447569678785e-05 0.0)
(0.0016718123538214315 -8.074862794651902e-05 0.0)
(1.3109449649802933 -0.0011514514128657778 0.0)
(2.566018872727912 -0.004775538298722208 0.0)
(3.7482218566707135 -0.011505012593598766 0.0)
(4.820691892857633 -0.020686378173663592 0.0)
(5.7621650320704605 -0.0319539121434011 0.0)
(6.578875729374531 -0.04527627327237954 0.0)
(7.297520419343294 -0.05926079107237392 0.0)
(7.934295086914669 -0.07202759972944192 0.0)
(8.490912240320412 -0.0831777277643997 0.0)
(8.961802890475727 -0.09279889952092431 0.0)
(9.345239637854963 -0.10079345257505846 0.0)
(9.641128011224984 -0.10707757631827758 0.0)
(9.849103738373866 -0.11159660321993824 0.0)
(9.968834673462798 -0.11431900454951607 0.0)
(10.000000000000002 -0.11522792648322745 0.0)
(9.94227643764834 -0.11431900454951484 0.0)
(9.795340706070572 -0.1115966032199361 0.0)
(9.558871988775032 -0.10707757631827373 0.0)
(9.23253813992283 -0.10079345257505469 0.0)
(8.815974887302056 -0.0927988995209201 0.0)
(8.309087759679617 -0.08317772776439487 0.0)
(7.710149357529771 -0.07202759972943723 0.0)
(7.013590691767787 -0.059260791072369305 0.0)
(6.221124270625487 -0.045276273272374275 0.0)
(5.348946079040651 -0.03195391214339611 0.0)
(4.4237525515867535 -0.02068637817366089 0.0)
(3.4517781433292503 -0.011505012593597923 0.0)
(2.411758905049843 -0.004775538298722341 0.0)
(1.2668328127974688 -0.0011514514128657617 0.0)
(-0.0016718123538341481 -8.074862794651737e-05 0.0)
(0.0016890197013827684 -8.065826415059968e-05 0.0)
(1.311015289073836 -0.0011502389576136288 0.0)
(2.5662324626348765 -0.004771044647296895 0.0)
(3.7487319623810875 -0.011495821663704574 0.0)
(4.821316802004247 -0.02067225084708531 0.0)
(5.761793662287809 -0.03193256342058541 0.0)
(6.577171942335557 -0.04524363040622696 0.0)
(7.296573875059477 -0.059219506515111126 0.0)
(7.934375753806746 -0.07198566228578382 0.0)
(8.490887792003027 -0.0831378615343464 0.0)
(8.961760059691231 -0.09276112460892526 0.0)
(9.345218246390465 -0.10075787085552489 0.0)
(9.641114601196469 -0.1070439567222112 0.0)
(9.849096047008954 -0.11156451845998243 0.0)
(9.96883132124917 -0.11428788480298918 0.0)
(10.0 -0.11519713883759079 0.0)
(9.942279789861967 -0.11428788480298795 0.0)
(9.795348397435484 -0.11156451845998026 0.0)
(9.558885398803548 -0.10704395672220736 0.0)
(9.232559531387327 -0.10075787085552106 0.0)
(8.816017718086552 -0.09276112460892103 0.0)
(8.309112207997002 -0.08313786153434154 0.0)
(7.710068690637693 -0.07198566228577907 0.0)
(7.014537236051607 -0.059219506515106456 0.0)
(6.222828057664463 -0.045243630406221653 0.0)
(5.349317448823301 -0.03193256342058041 0.0)
(4.423127642440138 -0.020672250847082588 0.0)
(3.451268037618875 -0.011495821663703717 0.0)
(2.4115453151428774 -0.00477104464729702 0.0)
(1.2667624887039262 -0.0011502389576136106 0.0)
(-0.0016890197013954946 -8.065826415059784e-05 0.0)
(0.0016981061062066192 -8.057763599999872e-05 0.0)
(1.311056590797103 -0.001149199751796352 0.0)
(2.5663990533872982 -0.004767468019693539 0.0)
(3.749230411939694 -0.011489356548310042 0.0)
(4.822094119635821 -0.020663790903834665 0.0)
(5.761765209410982 -0.03192028696383678 0.0)
(6.575641872684127 -0.04522224516539011 0.0)
(7.295474273858208 -0.05918926491897383 0.0)
(7.934365541693858 -0.07195362083058413 0.0)
(8.490852480077914 -0.08310706611189132 0.0)
(8.961704237146717 -0.09273167828829139 0.0)
(9.345189427306742 -0.10072993052113542 0.0)
(9.641096487059546 -0.10701740825494363 0.0)
(9.84908578328453 -0.11153907961733918 0.0)
(9.968826754546086 -0.11426314869280735 0.0)
(10.0 -0.11517264674926085 0.0)
(9.942284356565052 -0.11426314869280609 0.0)
(9.795358661159911 -0.11153907961733701 0.0)
(9.55890351294047 -0.10701740825493976 0.0)
(9.232588350471051 -0.10072993052113156 0.0)
(8.816073540631066 -0.09273167828828713 0.0)
(8.309147519922115 -0.08310706611188644 0.0)
(7.710078902750582 -0.07195362083057935 0.0)
(7.015636837252879 -0.05918926491896915 0.0)
(6.224358127315897 -0.04522224516538482 0.0)
(5.349345901700127 -0.03192028696383178 0.0)
(4.422350324808561 -0.020663790903831948 0.0)
(3.4507695880602673 -0.011489356548309185 0.0)
(2.4113787243904556 -0.00476746801969366 0.0)
(1.2667211869806592 -0.001149199751796332 0.0)
(-0.001698106106219331 -8.057763599999671e-05 0.0)
(0.0016986723282881317 -8.051028614814848e-05 0.0)
(1.3110670554279336 -0.0011483794562163845 0.0)
(2.566511325292285 -0.004764965566385778 0.0)
(3.7496953043848156 -0.01148590131275802 0.0)
(4.8229896918376856 -0.02066137005834107 0.0)
(5.762080923607334 -0.031917622178205596 0.0)
(6.574352748881541 -0.0452130571782282 0.0)
(7.294269930204608 -0.059171395044370884 0.0)
(7.934264899277562 -0.07193288320676605 0.0)
(8.490807856086462 -0.0830866945915585 0.0)
(8.961637875582669 -0.09271185437648082 0.0)
(9.34515444686161 -0.10071085921906776 0.0)
(9.641074464716256 -0.1069990974075575 0.0)
(9.849073398169864 -0.11152140442821522 0.0)
(9.968821174006122 -0.1142458830783985 0.0)
(10.0 -0.11515552635579186 0.0)
(9.942289937105016 -0.11424588307839727 0.0)
(9.795371046274575 -0.11152140442821305 0.0)
(9.558925535283759 -0.10699909740755363 0.0)
(9.232623330916184 -0.1007108592190639 0.0)
(8.816139902195117 -0.09271185437647655 0.0)
(8.309192143913567 -0.08308669459155361 0.0)
(7.710179545166879 -0.07193288320676128 0.0)
(7.016841180906482 -0.0591713950443662 0.0)
(6.225647251118485 -0.04521305717822292 0.0)
(5.3490301875037725 -0.03191762217820062 0.0)
(4.421454752606694 -0.020661370058338374 0.0)
(3.4503046956151446 -0.011485901312757167 0.0)
(2.411266452485469 -0.004764965566385898 0.0)
(1.2667107223498286 -0.0011483794562163637 0.0)
(-0.0016986723283008071 -8.051028614814637e-05 0.0)
(0.0016906934888649189 -8.045917382432624e-05 0.0)
(1.3110462231695936 -0.0011478141131608221 0.0)
(2.566564345327727 -0.0047636472405938445 0.0)
(3.7501062131929097 -0.011485607773777488 0.0)
(4.823964168805694 -0.020665094678126692 0.0)
(5.762726932972659 -0.031924686149497394 0.0)
(6.573361212669299 -0.04521647014808815 0.0)
(7.2930137607555325 -0.05916668206090031 0.0)
(7.93407824860151 -0.07192436058758184 0.0)
(8.490755880725217 -0.08307764206068273 0.0)
(8.961563890804802 -0.09270252389991167 0.0)
(9.345114842031832 -0.1007014949074448 0.0)
(9.641049501788075 -0.10698982872518828 0.0)
(9.849059435844241 -0.11151226950808481 0.0)
(9.968814824827996 -0.11423684657927327 0.0)
(10.0 -0.11514652989595196 0.0)
(9.942296286283142 -0.11423684657927201 0.0)
(9.7953850086002 -0.11151226950808264 0.0)
(9.558950498211942 -0.10698982872518441 0.0)
(9.23266293574596 -0.10070149490744097 0.0)
(8.816213886972982 -0.09270252389990744 0.0)
(8.309244119274812 -0.08307764206067784 0.0)
(7.710366195842932 -0.07192436058757709 0.0)
(7.0180973503555615 -0.05916668206089567 0.0)
(6.226638787330728 -0.04521647014808292 0.0)
(5.348384178138445 -0.031924686149492475 0.0)
(4.420480275638683 -0.02066509467812403 0.0)
(3.4498937868070496 -0.011485607773776645 0.0)
(2.411213432450027 -0.004763647240593966 0.0)
(1.266731554608169 -0.0011478141131608004 0.0)
(-0.0016906934888775362 -8.045917382432404e-05 0.0)
(0.001674520163544362 -8.042654481053335e-05 0.0)
(1.3109950093534026 -0.0011475285627692599 0.0)
(2.5665557838902644 -0.0047635709671412264 0.0)
(3.7504450837826857 -0.011488488828934232 0.0)
(4.824974733804628 -0.020674801110212162 0.0)
(5.763674853037286 -0.031941168499736786 0.0)
(6.572710830334603 -0.04523233411531817 0.0)
(7.291760959298475 -0.059175333048433656 0.0)
(7.9338137907549395 -0.07192842744132669 0.0)
(8.490698837696467 -0.08308030627090955 0.0)
(8.96148553356891 -0.0927040968226548 0.0)
(9.345072352981175 -0.10070224903698773 0.0)
(9.641022695100395 -0.10699000945678264 0.0)
(9.849044509786703 -0.11151207622862659 0.0)
(9.968807985982979 -0.11423643624267135 0.0)
(10.0 -0.11514605265772794 0.0)
(9.942303125128158 -0.11423643624267012 0.0)
(9.795399934657736 -0.11151207622862443 0.0)
(9.55897730489962 -0.10699000945677882 0.0)
(9.232705424796618 -0.10070224903698392 0.0)
(8.816292244208876 -0.0927040968226506 0.0)
(8.309301162303562 -0.08308030627090472 0.0)
(7.710630653689503 -0.071928427441322 0.0)
(7.019350151812621 -0.0591753330484291 0.0)
(6.227289169665424 -0.04523233411531304 0.0)
(5.347436258073815 -0.03194116849973195 0.0)
(4.419469710639747 -0.02067480111020955 0.0)
(3.4495549162172736 -0.01148848882893341 0.0)
(2.41122199388749 -0.004763570967141353 0.0)
(1.26678276842436 -0.001147528562769239 0.0)
(-0.001674520163556903 -8.042654481053115e-05 0.0)
(0.0016508629786527837 -8.041383276594277e-05 0.0)
(1.3109156642207516 -0.0011475353516035038 0.0)
(2.5664860171537964 -0.004764740097343895 0.0)
(3.750697026800375 -0.011494417889935406 0.0)
(4.825976984457209 -0.02069006287172905 0.0)
(5.764883033927745 -0.031966345024607865 0.0)
(6.572430178487399 -0.04525995204622048 0.0)
(7.290566571637524 -0.05919696789840524 0.0)
(7.9334831455318175 -0.07194490507788717 0.0)
(8.490639233366537 -0.0830945701617156 0.0)
(8.96140624674858 -0.09271650403336242 0.0)
(9.345028846600792 -0.10071308847262404 0.0)
(9.640995222490034 -0.106999631661325 0.0)
(9.849029275820913 -0.1115208330821864 0.0)
(9.968800957957411 -0.11424467009803241 0.0)
(10.0 -0.11515411561009432 0.0)
(9.942310153153727 -0.11424467009803117 0.0)
(9.795415168623526 -0.11152083308218426 0.0)
(9.559004777509982 -0.10699963166132119 0.0)
(9.232748931177001 -0.1007130884726203 0.0)
(8.816371531029203 -0.09271650403335827 0.0)
(8.309360766633493 -0.08309457016171083 0.0)
(7.710961298912626 -0.07194490507788256 0.0)
(7.020544539473575 -0.05919696789840078 0.0)
(6.227569821512627 -0.045259952046215475 0.0)
(5.34622807718335 -0.03196634502460314 0.0)
(4.418467459987163 -0.0206900628717265 0.0)
(3.4493029731995843 -0.011494417889934612 0.0)
(2.4112917606239583 -0.004764740097344029 0.0)
(1.2668621135570115 -0.0011475353516034843 0.0)
(-0.001650862978665233 -8.041383276594063e-05 0.0)
(0.0016207613876147236 -8.042159623453784e-05 0.0)
(1.3108116740516107 -0.001147834181374597 0.0)
(2.5663581105410893 -0.004767103261759607 0.0)
(3.750850972330696 -0.011503134444687532 0.0)
(4.82692688370333 -0.020710209388796915 0.0)
(5.766298390386016 -0.031999109513666954 0.0)
(6.572531588456414 -0.045298110459436824 0.0)
(7.289483076981432 -0.05923063601508714 0.0)
(7.933100840878349 -0.0719730695000578 0.0)
(8.490579686640643 -0.08311980700383396 0.0)
(8.961329514061655 -0.09273920038189441 0.0)
(9.344986234481444 -0.1007335369493821 0.0)
(9.640968291053232 -0.10701827255675109 0.0)
(9.849014403299458 -0.11153815530863899 0.0)
(9.968794049549876 -0.11426118636481522 0.0)
(10.0 -0.11517036448167485 0.0)
(9.942317061561262 -0.11426118636481401 0.0)
(9.79543004114498 -0.11153815530863688 0.0)
(9.559031708946785 -0.10701827255674733 0.0)
(9.232791543296347 -0.10073353694937841 0.0)
(8.81644826371613 -0.09273920038189035 0.0)
(8.309420313359388 -0.08311980700382927 0.0)
(7.711343603566095 -0.07197306950005328 0.0)
(7.0216280341296695 -0.059230636015082806 0.0)
(6.22746841154361 -0.045298110459431946 0.0)
(5.344812720725076 -0.031999109513662326 0.0)
(4.4175175607410395 -0.020710209388794434 0.0)
(3.4491490276692627 -0.011503134444686772 0.0)
(2.411419667236666 -0.004767103261759751 0.0)
(1.2669661037261526 -0.0011478341813745791 0.0)
(-0.0016207613876270703 -8.042159623453578e-05 0.0)
(0.0015855379992710898 -8.044949410371129e-05 0.0)
(1.310687607983768 -0.0011484119220490907 0.0)
(2.5661776840347064 -0.004770556627267225 0.0)
(3.750900156288684 -0.011514255503721288 0.0)
(4.827782694707908 -0.0207343554603128 0.0)
(5.767858734238642 -0.032038022355205725 0.0)
(6.573010604473135 -0.045345132744099306 0.0)
(7.288558082103188 -0.05927485808302645 0.0)
(7.932683674561601 -0.07201168321465376 0.0)
(8.49052281389298 -0.0831549079365914 0.0)
(8.961258707002013 -0.09277118863221807 0.0)
(9.3449463889217 -0.10076269599860259 0.0)
(9.64094308410805 -0.10704511309621842 0.0)
(9.849000545693722 -0.11156328180104418 0.0)
(9.968787564303163 -0.11428525934847306 0.0)
(10.0 -0.11519408532677873 0.0)
(9.942323546807973 -0.11428525934847188 0.0)
(9.795443898750717 -0.11156328180104212 0.0)
(9.559056915891967 -0.10704511309621469 0.0)
(9.232831388856091 -0.10076269599859895 0.0)
(8.816519070775772 -0.09277118863221406 0.0)
(8.309477186107049 -0.08315490793658685 0.0)
(7.7117607698828445 -0.07201168321464937 0.0)
(7.022553029007914 -0.05927485808302225 0.0)
(6.2269893955268865 -0.04534513274409457 0.0)
(5.343252376872446 -0.03203802235520122 0.0)
(4.41666174973646 -0.020734355460310397 0.0)
(3.449099843711276 -0.011514255503720563 0.0)
(2.4116000937430497 -0.004770556627267381 0.0)
(1.2670901697939958 -0.0011484119220490756 0.0)
(-0.0015855379992833268 -8.044949410370939e-05 0.0)
(0.0015467404648663336 -8.04963005921294e-05 0.0)
(1.3105489172532716 -0.001149243188758695 0.0)
(2.5659526652452573 -0.004774948459304094 0.0)
(3.750842417621202 -0.01152729242804813 0.0)
(4.828506814701063 -0.02076144015206829 0.0)
(5.769495506831308 -0.03208137379015599 0.0)
(6.573846179450121 -0.04539895282704469 0.0)
(7.287832229585515 -0.05932769106545989 0.0)
(7.932249976106348 -0.07205904960569748 0.0)
(8.490471114008038 -0.08319833068921793 0.0)
(8.96119693670232 -0.092811063279135 0.0)
(9.344911060662561 -0.10079928442500773 0.0)
(9.640920709201547 -0.10707897395552618 0.0)
(9.848988311881548 -0.1115951085472933 0.0)
(9.96878178716715 -0.11431583132614426 0.0)
(10.0 -0.1152242358948682 0.0)
(9.942329323943987 -0.11431583132614308 0.0)
(9.79545613256289 -0.11159510854729125 0.0)
(9.55907929079847 -0.10707897395552253 0.0)
(9.232866717115233 -0.10079928442500417 0.0)
(8.816580841075465 -0.0928110632791311 0.0)
(8.309528885991991 -0.08319833068921349 0.0)
(7.712194468338098 -0.07205904960569323 0.0)
(7.023278881525589 -0.059327691065455844 0.0)
(6.2261538205498965 -0.045398952827040116 0.0)
(5.3416156042797756 -0.032081373790151614 0.0)
(4.415937629743304 -0.02076144015206597 0.0)
(3.4491575823787577 -0.011527292428047446 0.0)
(2.411825112532499 -0.004774948459304266 0.0)
(1.2672288605244926 -0.0011492431887586828 0.0)
(-0.001546740464878459 -8.049630059212767e-05 0.0)
(0.001506073477084117 -8.055995910832108e-05 0.0)
(1.3104016956770923 -0.0011502914571649492 0.0)
(2.56569294108669 -0.0047800857888051496 0.0)
(3.7506802932596712 -0.011541672399063521 0.0)
(4.829067427175037 -0.020790273412257688 0.0)
(5.771136791370682 -0.03212725903577525 0.0)
(6.575001599751525 -0.04545720595228943 0.0)
(7.287337412060127 -0.059386813577794545 0.0)
(7.931818801429284 -0.0721130874806209 0.0)
(8.490426858584176 -0.08324816734540284 0.0)
(8.961146917236539 -0.09285707230360833 0.0)
(9.344881801963098 -0.1008416946000779 0.0)
(9.640902149446179 -0.1071183673504631 0.0)
(9.848978239394265 -0.11163223713838157 0.0)
(9.968776971978622 -0.11435155902105978 0.0)
(10.0 -0.11525949142514029 0.0)
(9.942334139132514 -0.11435155902105863 0.0)
(9.795466205050174 -0.11163223713837954 0.0)
(9.559097850553838 -0.1071183673504595 0.0)
(9.232895975814694 -0.1008416946000744 0.0)
(8.816630860541247 -0.09285707230360452 0.0)
(8.309573141415854 -0.08324816734539849 0.0)
(7.712625643015164 -0.07211308748061679 0.0)
(7.0237736990509765 -0.05938681357779065 0.0)
(6.224998400248487 -0.04545720595228501 0.0)
(5.3399743197403975 -0.032127259035770996 0.0)
(4.41537701726933 -0.02079027341225545 0.0)
(3.44931970674029 -0.011541672399062876 0.0)
(2.412084836691067 -0.004780085788805335 0.0)
(1.267376082100672 -0.0011502914571649401 0.0)
(-0.001506073477096134 -8.055995910831959e-05 0.0)
)
