(
(-0.0010831293928238942 -8.024121690458047e-05 0.0)
(1.301606287267554 -0.0011567815891371607 0.0)
(2.5508863634487478 -0.004874343679769246 0.0)
(3.7326654725362944 -0.011961476770655679 0.0)
(4.809247897569124 -0.021889135189456076 0.0)
(5.749376107857527 -0.034210524791054166 0.0)
(6.554527785797485 -0.048616900182680174 0.0)
(7.271792683789057 -0.06350805002376653 0.0)
(7.91925452409009 -0.0770579850573965 0.0)
(8.479806348073797 -0.08892366513116516 0.0)
(8.952674353196471 -0.09916766684065294 0.0)
(9.338311739813966 -0.10768069287041074 0.0)
(9.636102136198982 -0.11437302378835838 0.0)
(9.845835423680684 -0.11918595021945058 0.0)
(9.96722436468429 -0.12208543910888137 0.0)
(10.000000000000002 -0.12305354885403821 0.0)
(9.943886746426847 -0.12208543910888034 0.0)
(9.798609020763756 -0.11918595021944879 0.0)
(9.563897863801035 -0.11437302378835495 0.0)
(9.239466037963826 -0.10768069287040762 0.0)
(8.825103424581314 -0.09916766684064954 0.0)
(8.320193651926232 -0.08892366513116137 0.0)
(7.725189920354356 -0.07705798505739303 0.0)
(7.039318427322046 -0.06350805002376313 0.0)
(6.245472214202534 -0.04861690018267614 0.0)
(5.361735003253556 -0.03421052479105037 0.0)
(4.4351965468752415 -0.0218891351894541 0.0)
(3.4673345274636627 -0.011961476770655129 0.0)
(2.4268914143290083 -0.004874343679769468 0.0)
(1.276171490510211 -0.0011567815891371706 0.0)
(0.001083129392811192 -8.024121690458089e-05 0.0)
(-0.001122590633891003 -8.029732276922818e-05 0.0)
(1.3014641479666051 -0.0011577301008036903 0.0)
(2.550643601524734 -0.004879121483828432 0.0)
(3.732547589179295 -0.011975152934459011 0.0)
(4.809868890490342 -0.021916941435519578 0.0)
(5.750997588255903 -0.03425487688788768 0.0)
(6.555540437528794 -0.04867271211346131 0.0)
(7.271209294040542 -0.06356396656922353 0.0)
(7.918827043143072 -0.07710871724532808 0.0)
(8.479759548604902 -0.08897034688339352 0.0)
(8.95262010087536 -0.0992106765821373 0.0)
(9.338280332223086 -0.10772027034566192 0.0)
(9.636082227557651 -0.11440973516820326 0.0)
(9.845824582197768 -0.1192205154396608 0.0)
(9.967219210873363 -0.1221186782172545 0.0)
(10.000000000000002 -0.12308634161509677 0.0)
(9.943891900237775 -0.12211867821725347 0.0)
(9.798619862246673 -0.11922051543965907 0.0)
(9.563917772442366 -0.11440973516819988 0.0)
(9.239497445554706 -0.10772027034565888 0.0)
(8.825157676902426 -0.09921067658213398 0.0)
(8.320240451395128 -0.08897034688338984 0.0)
(7.725617401301375 -0.07710871724532473 0.0)
(7.039901817070562 -0.0635639665692203 0.0)
(6.244459562471222 -0.04867271211345743 0.0)
(5.360113522855176 -0.034254876887884006 0.0)
(4.434575553954022 -0.021916941435517676 0.0)
(3.467452410820663 -0.0119751529344585 0.0)
(2.4271341762530225 -0.00487912148382867 0.0)
(1.2763136298111604 -0.0011577301008037033 0.0)
(0.001122590633878409 -8.029732276922879e-05 0.0)
(-0.0011628605084378796 -8.036846763905184e-05 0.0)
(1.3013173374749047 -0.0011588664213852764 0.0)
(2.5503731585122056 -0.0048845051992468975 0.0)
(3.732330610437971 -0.011989789569314157 0.0)
(4.810313824221551 -0.021945739487015312 0.0)
(5.752581543441683 -0.03430056120737141 0.0)
(6.556839874695334 -0.048731418307676404 0.0)
(7.270867068488804 -0.06362459130021858 0.0)
(7.918413088765642 -0.0771646654676891 0.0)
(8.47972124424961 -0.08902209738634774 0.0)
(8.952578750352206 -0.09925857652802263 0.0)
(9.338255676246611 -0.10776452088573873 0.0)
(9.636066567100052 -0.11445091074215398 0.0)
(9.845816136054763 -0.11925937462755754 0.0)
(9.967215131662023 -0.12215610260359352 0.0)
(10.000000000000002 -0.12312328153375737 0.0)
(9.943895979449115 -0.12215610260359253 0.0)
(9.798628308389677 -0.1192593746275558 0.0)
(9.563933432899965 -0.11445091074215066 0.0)
(9.23952210153118 -0.10776452088573575 0.0)
(8.82519902742558 -0.09925857652801942 0.0)
(8.320278755750419 -0.08902209738634417 0.0)
(7.726031355678806 -0.07716466546768591 0.0)
(7.0402440426223 -0.06362459130021549 0.0)
(6.2431601253046765 -0.04873141830767269 0.0)
(5.358529567669392 -0.034300561207367866 0.0)
(4.434130620222812 -0.021945739487013487 0.0)
(3.467669389561988 -0.011989789569313687 0.0)
(2.4274046192655523 -0.004884505199247151 0.0)
(1.276460440302861 -0.001158866421385293 0.0)
(0.0011628605084253885 -8.036846763905267e-05 0.0)
(-0.0012021696318485883 -8.045152553862726e-05 0.0)
(1.301172306376876 -0.0011601406230344038 0.0)
(2.550086917182371 -0.004890258275418386 0.0)
(3.7320240699612657 -0.012004743568262552 0.0)
(4.810563149188586 -0.021974264010245107 0.0)
(5.754058377321771 -0.03434557046408437 0.0)
(6.558369002405262 -0.04879043932255162 0.0)
(7.270781043898503 -0.06368726047698156 0.0)
(7.918030849355838 -0.07722337146194347 0.0)
(8.479693118031218 -0.08907664281760284 0.0)
(8.952552118493351 -0.09930926204231723 0.0)
(9.338238855223041 -0.10781150020286423 0.0)
(9.636055842918042 -0.11449474133081973 0.0)
(9.845810456359741 -0.1193008203815154 0.0)
(9.96721230628335 -0.1221960679088287 0.0)
(10.000000000000002 -0.12316274553757381 0.0)
(9.943898804827786 -0.12219606790882773 0.0)
(9.798633988084699 -0.11930082038151373 0.0)
(9.563944157081975 -0.11449474133081647 0.0)
(9.23953892255475 -0.10781150020286133 0.0)
(8.825225659284435 -0.0993092620423141 0.0)
(8.320306881968811 -0.08907664281759942 0.0)
(7.72641359508861 -0.07722337146194042 0.0)
(7.040330067212599 -0.0636872604769786 0.0)
(6.241630997594744 -0.048790439322548035 0.0)
(5.357052733789302 -0.03434557046408092 0.0)
(4.4338812952557785 -0.02197426401024335 0.0)
(3.467975930038694 -0.012004743568262116 0.0)
(2.4276908605953875 -0.004890258275418653 0.0)
(1.27660547140089 -0.0011601406230344238 0.0)
(0.0012021696318361892 -8.045152553862835e-05 0.0)
(-0.0012387908331544706 -8.054284705579724e-05 0.0)
(1.3010354270736395 -0.001161496719661696 0.0)
(2.549797454455599 -0.004896127932700873 0.0)
(3.731641436576925 -0.012019357879947968 0.0)
(4.810605910508521 -0.022001261689842382 0.0)
(5.755363200517264 -0.03438792703362866 0.0)
(6.560060633584463 -0.048847181882669226 0.0)
(7.27095500003276 -0.06374922053053553 0.0)
(7.917697119814039 -0.0772822557941032 0.0)
(8.479676405764307 -0.08913158655069757 0.0)
(8.95254137545395 -0.09936050609624951 0.0)
(9.33823060823738 -0.10785914411179015 0.0)
(9.636050526212557 -0.11453930109832032 0.0)
(9.84580779266811 -0.11934303165092838 0.0)
(9.96721085887932 -0.12223681813056245 0.0)
(10.000000000000002 -0.1232029996504157 0.0)
(9.943900252231819 -0.1222368181305615 0.0)
(9.79863665177633 -0.11934303165092676 0.0)
(9.56394947378746 -0.11453930109831711 0.0)
(9.239547169540412 -0.1078591441117873 0.0)
(8.825236402323835 -0.09936050609624647 0.0)
(8.320323594235722 -0.08913158655069423 0.0)
(7.72674732463041 -0.07728225579410025 0.0)
(7.040156111078341 -0.06374922053053271 0.0)
(6.239939366415539 -0.04884718188266576 0.0)
(5.355747910593806 -0.03438792703362531 0.0)
(4.433838533935844 -0.02200126168984069 0.0)
(3.468358563423036 -0.012019357879947568 0.0)
(2.42798032332216 -0.004896127932701154 0.0)
(1.276742350704127 -0.0011614967196617195 0.0)
(0.0012387908331421495 -8.054284705579858e-05 0.0)
(-0.001271115043766741 -8.063841969016533e-05 0.0)
(1.3009127137913656 -0.0011628751268622582 0.0)
(2.5495174887945478 -0.0049018562690916045 0.0)
(3.7311995224958494 -0.012032990378251078 0.0)
(4.810440229327188 -0.02202554629715649 0.0)
(5.756438681484061 -0.03442576984582769 0.0)
(6.561840441053674 -0.04889915282374522 0.0)
(7.271381293577279 -0.06380774904948003 0.0)
(7.917426563605771 -0.07733873119433898 0.0)
(8.479671841755309 -0.08918451445851643 0.0)
(8.952546993263502 -0.09941005711983804 0.0)
(9.338231297647088 -0.10790535922632036 0.0)
(9.63605085058991 -0.11458263216999158 0.0)
(9.845808262017606 -0.11938415374984185 0.0)
(9.967210853046213 -0.12227656277860222 0.0)
(10.000000000000002 -0.12324227518020761 0.0)
(9.943900258064925 -0.12227656277860127 0.0)
(9.798636182426835 -0.11938415374984022 0.0)
(9.563949149410107 -0.1145826321699884 0.0)
(9.239546480130706 -0.1079053592263176 0.0)
(8.825230784514284 -0.09941005711983508 0.0)
(8.32032815824472 -0.08918451445851319 0.0)
(7.7270178808386785 -0.07733873119433618 0.0)
(7.03972981753382 -0.06380774904947735 0.0)
(6.2381595589463235 -0.04889915282374187 0.0)
(5.354672429627008 -0.03442576984582442 0.0)
(4.434004215117177 -0.022025546297154846 0.0)
(3.468800477504113 -0.012032990378250705 0.0)
(2.428260288983212 -0.004901856269091899 0.0)
(1.276865063986401 -0.001162875126862285 0.0)
(0.0012711150437544803 -8.063841969016692e-05 0.0)
(-0.0012977219970065682 -8.073404415502258e-05 0.0)
(1.3008095583271801 -0.001164215279945423 0.0)
(2.5492593213781807 -0.004907191591969265 0.0)
(3.730717744614302 -0.012045042076136393 0.0)
(4.810073385372591 -0.022046050810969494 0.0)
(5.757237565556016 -0.034457436156744896 0.0)
(6.563630223328764 -0.04894406863770689 0.0)
(7.272041193973596 -0.06386027439776754 0.0)
(7.917231068475856 -0.07739031623688339 0.0)
(8.479679626538433 -0.08923310098561875 0.0)
(8.952568725085731 -0.09945573793175737 0.0)
(9.338240893160762 -0.10794811493887058 0.0)
(9.636056801797556 -0.11462283065781621 0.0)
(9.845811843785873 -0.11942237984846024 0.0)
(9.967212289040326 -0.1223135555458239 0.0)
(10.000000000000002 -0.12327884643202303 0.0)
(9.943898822070812 -0.12231355554582296 0.0)
(9.798632600658568 -0.11942237984845865 0.0)
(9.56394319820246 -0.11462283065781309 0.0)
(9.23953688461703 -0.10794811493886787 0.0)
(8.825209052692054 -0.09945573793175447 0.0)
(8.320320373461596 -0.0892331009856156 0.0)
(7.727213375968593 -0.07739031623688064 0.0)
(7.039069917137501 -0.06386027439776494 0.0)
(6.2363697766712285 -0.04894406863770362 0.0)
(5.353873545555051 -0.03445743615674167 0.0)
(4.434371059071776 -0.022046050810967877 0.0)
(3.4692822553856617 -0.012045042076136044 0.0)
(2.42851845639958 -0.004907191591969571 0.0)
(1.2769682194505867 -0.0011642152799454526 0.0)
(0.0012977219969943477 -8.073404415502441e-05 0.0)
(-0.0013174426320246397 -8.082551888632318e-05 0.0)
(1.3007304931434613 -0.0011654582950364563 0.0)
(2.549034295610469 -0.004911899477007308 0.0)
(3.7302172713710102 -0.012054983444046792 0.0)
(4.809521497096972 -0.02206187430045638 0.0)
(5.757724751228526 -0.034481534606610444 0.0)
(6.5653513406508806 -0.04897995580585992 0.0)
(7.272905706405551 -0.06390448870768672 0.0)
(7.917119224122656 -0.07743474436933909 0.0)
(8.479699418064547 -0.08927521132889017 0.0)
(8.952605616064126 -0.09949554140070242 0.0)
(9.33825897316909 -0.1079855326416507 0.0)
(9.636068118350316 -0.11465813031378029 0.0)
(9.845818380596564 -0.11945603036194297 0.0)
(9.967215103766705 -0.12234617103771214 0.0)
(10.000000000000002 -0.1233111065319624 0.0)
(9.943896007344431 -0.12234617103771123 0.0)
(9.798626063847877 -0.1194560303619414 0.0)
(9.563931881649703 -0.1146581303137772 0.0)
(9.239518804608702 -0.10798553264164802 0.0)
(8.82517216171366 -0.0994955414006996 0.0)
(8.320300581935482 -0.08927521132888708 0.0)
(7.727325220321794 -0.07743474436933642 0.0)
(7.038205404705543 -0.06390448870768421 0.0)
(6.234648659349109 -0.04897995580585669 0.0)
(5.353386359882541 -0.034481534606607245 0.0)
(4.434922947347398 -0.022061874300454785 0.0)
(3.469782728628955 -0.012054983444046458 0.0)
(2.4287434821672917 -0.004911899477007622 0.0)
(1.2770472846343055 -0.0011654582950364884 0.0)
(0.0013174426320124366 -8.082551888632522e-05 0.0)
(-0.001329410460196143 -8.090882465172208e-05 0.0)
(1.3006789922197366 -0.0011665495563262902 0.0)
(2.548852298711973 -0.004915773068349994 0.0)
(3.729720092644695 -0.012062377676463511 0.0)
(4.80880881346151 -0.02207232151043737 0.0)
(5.757878832454422 -0.03449700635362412 0.0)
(6.566928170273584 -0.04900523751168937 0.0)
(7.273936845778462 -0.06393844928334755 0.0)
(7.917095944782435 -0.07747006350084498 0.0)
(8.479730346730202 -0.08930899523688608 0.0)
(8.952656045276587 -0.0995277186350662 0.0)
(9.33828474326958 -0.10801596826925433 0.0)
(9.636084303019564 -0.11468698013557961 0.0)
(9.845827585234177 -0.11948362674828944 0.0)
(9.967219173551424 -0.12237297618922172 0.0)
(10.000000000000002 -0.12333763803025258 0.0)
(9.943891937559714 -0.12237297618922083 0.0)
(9.798616859210263 -0.1194836267482879 0.0)
(9.563915696980454 -0.11468698013557652 0.0)
(9.239493034508211 -0.10801596826925168 0.0)
(8.825121732501199 -0.09952771863506338 0.0)
(8.320269653269827 -0.08930899523688299 0.0)
(7.727348499662014 -0.07747006350084237 0.0)
(7.037174265332627 -0.06393844928334506 0.0)
(6.233071829726401 -0.04900523751168616 0.0)
(5.353232278656647 -0.03449700635362092 0.0)
(4.435635630982863 -0.022072321510435772 0.0)
(3.4702799073552715 -0.012062377676463183 0.0)
(2.428925479065788 -0.004915773068350313 0.0)
(1.2770987855580302 -0.0011665495563263244 0.0)
(0.0013294104601839348 -8.090882465172429e-05 0.0)
(-0.0013330996370457457 -8.098030114829123e-05 0.0)
(1.300657318412376 -0.0011674411157902556 0.0)
(2.548721327293459 -0.004918642167480261 0.0)
(3.7292480535590267 -0.012066899884341521 0.0)
(4.8079666484813295 -0.02207693340961851 0.0)
(5.7576930391865195 -0.034503171597526895 0.0)
(6.568291429187982 -0.049018802923292686 0.0)
(7.275089305714704 -0.06396066395918454 0.0)
(7.917162253306815 -0.07749472177337727 0.0)
(8.479771053586413 -0.089332968306495 0.0)
(8.952717796955776 -0.09955085582603727 0.0)
(9.338317071171163 -0.10803808453588498 0.0)
(9.636104644680545 -0.11470811251482359 0.0)
(9.845839053263775 -0.11950395647276979 0.0)
(9.967224319575585 -0.12239279323103397 0.0)
(10.000000000000002 -0.12335727518139669 0.0)
(9.94388679153555 -0.12239279323103305 0.0)
(9.798605391180665 -0.11950395647276825 0.0)
(9.563895355319472 -0.11470811251482052 0.0)
(9.239460706606629 -0.10803808453588233 0.0)
(8.82505998082201 -0.09955085582603448 0.0)
(8.320228946413616 -0.08933296830649193 0.0)
(7.727282191137634 -0.07749472177337463 0.0)
(7.036021805396383 -0.06396066395918205 0.0)
(6.2317085708120015 -0.04901880292328946 0.0)
(5.353418071924551 -0.03450317159752367 0.0)
(4.436477795963046 -0.022076933409616906 0.0)
(3.4707519464409406 -0.012066899884341193 0.0)
(2.429056450484302 -0.004918642167480582 0.0)
(1.2771204593653909 -0.0011674411157902912 0.0)
(0.0013330996370335092 -8.098030114829355e-05 0.0)
(-0.001328348066891834 -8.103680782953394e-05 0.0)
(1.3006664240288237 -0.001168093799936568 0.0)
(2.5486471359994507 -0.004920380711431194 0.0)
(3.7288218946478597 -0.012068351370139814 0.0)
(4.807032005344963 -0.02207550735958703 0.0)
(5.757175534841114 -0.03449975944878069 0.0)
(6.569381218291387 -0.04902005600130122 0.0)
(7.27631244923304 -0.06397015666298209 0.0)
(7.917315236220543 -0.07750763574755185 0.0)
(8.479819750048387 -0.08934607720489583 0.0)
(8.952788157845879 -0.09956393636777273 0.0)
(9.338354536444985 -0.10805090969324743 0.0)
(9.636128249557888 -0.11472059893342883 0.0)
(9.845852280801118 -0.11951612628448255 0.0)
(9.967230315732305 -0.1224047514385859 0.0)
(10.000000000000002 -0.1233691551648986 0.0)
(9.943880795378833 -0.12240475143858498 0.0)
(9.798592163643322 -0.11951612628448098 0.0)
(9.56387175044213 -0.11472059893342576 0.0)
(9.239423241332807 -0.10805090969324478 0.0)
(8.824989619931905 -0.09956393636776995 0.0)
(8.320180249951642 -0.08934607720489277 0.0)
(7.727129208223905 -0.07750763574754921 0.0)
(7.034798661878043 -0.06397015666297955 0.0)
(6.230618781708595 -0.04902005600129794 0.0)
(5.3539355762699605 -0.03449975944877742 0.0)
(4.437412439099414 -0.022075507359585394 0.0)
(3.4711781053521085 -0.012068351370139476 0.0)
(2.4291306417783103 -0.004920380711431515 0.0)
(1.277111353748943 -0.0011680937999366035 0.0)
(0.0013283480668795484 -8.103680782953637e-05 0.0)
(-0.0013153645250342193 -8.107586189525247e-05 0.0)
(1.3007059089849513 -0.0011684789310178894 0.0)
(2.548632984659678 -0.0049209123117621625 0.0)
(3.7284603405541143 -0.012066668358227827 0.0)
(4.806045950561941 -0.022068106018372415 0.0)
(5.756349057612392 -0.03448691983095905 0.0)
(6.570149654244307 -0.04900894168775973 0.0)
(7.277552533644955 -0.06396651030270167 0.0)
(7.917548171734263 -0.07750823800696896 0.0)
(8.479874296482675 -0.0893477459510749 0.0)
(8.95286403641811 -0.09956638552519888 0.0)
(9.338395492935454 -0.10805388022739018 0.0)
(9.636154080496466 -0.1147238907610051 0.0)
(9.845866686652414 -0.11951960146416504 0.0)
(9.967236898561422 -0.12240832539011459 0.0)
(10.000000000000002 -0.12337275599601707 0.0)
(9.943874212549714 -0.12240832539011368 0.0)
(9.798577757792026 -0.11951960146416347 0.0)
(9.563845919503551 -0.114723890761002 0.0)
(9.239382284842337 -0.1080538802273875 0.0)
(8.824913741359676 -0.09956638552519603 0.0)
(8.320125703517354 -0.08934774595107181 0.0)
(7.726896272710184 -0.0775082380069663 0.0)
(7.033558577466126 -0.0639665103026991 0.0)
(6.229850345755675 -0.04900894168775638 0.0)
(5.3547620534986855 -0.03448691983095571 0.0)
(4.438398493882438 -0.022068106018370736 0.0)
(3.4715396594458547 -0.012066668358227471 0.0)
(2.429144793118083 -0.00492091231176248 0.0)
(1.277071868792815 -0.001168478931017925 0.0)
(0.0013153645250218648 -8.107586189525489e-05 0.0)
(-0.0012947194845494066 -8.109574738124654e-05 0.0)
(1.3007740383840223 -0.001168579587079085 0.0)
(2.5486794950581206 -0.004920213610927163 0.0)
(3.728179277303225 -0.012061924797069986 0.0)
(4.8050518095754935 -0.022055054587367274 0.0)
(5.755249921397788 -0.03446521689337965 0.0)
(6.570562973376787 -0.048985948325272165 0.0)
(7.278755071910059 -0.06394988509274324 0.0)
(7.917850825087647 -0.07749650208945166 0.0)
(8.479932296218742 -0.089337901223378 0.0)
(8.952942098706817 -0.09955809568681896 0.0)
(9.338438141089307 -0.1080468656184774 0.0)
(9.636181002532096 -0.11471784336067091 0.0)
(9.84588163785091 -0.11951422931877972 0.0)
(9.967243778825473 -0.12240335805272823 0.0)
(10.000000000000002 -0.12336791946082032 0.0)
(9.943867332285665 -0.12240335805272731 0.0)
(9.79856280659353 -0.11951422931877813 0.0)
(9.563818997467923 -0.11471784336066779 0.0)
(9.239339636688484 -0.1080468656184747 0.0)
(8.824835679070967 -0.09955809568681609 0.0)
(8.320067703781286 -0.08933790122337482 0.0)
(7.726593619356799 -0.07749650208944889 0.0)
(7.032356039201019 -0.06394988509274056 0.0)
(6.229437026623196 -0.0489859483252687 0.0)
(5.355861189713292 -0.03446521689337621 0.0)
(4.439392634868889 -0.022055054587365532 0.0)
(3.471820722696744 -0.01206192479706961 0.0)
(2.42909828271964 -0.004920213610927473 0.0)
(1.277003739393744 -0.0011685795870791198 0.0)
(0.0012947194845369671 -8.109574738124894e-05 0.0)
(-0.0012673200507472644 -8.1095590555641e-05 0.0)
(1.3008678187448808 -0.0011683913454769701 0.0)
(2.54878462361296 -0.004918315308562645 0.0)
(3.727991054300246 -0.012054329110065475 0.0)
(4.8040932631218345 -0.022036926522573042 0.0)
(5.7539264202317595 -0.034435604223415316 0.0)
(6.57060301520229 -0.04895208620012106 0.0)
(7.279867226696965 -0.06392101151441737 0.0)
(7.918209898246036 -0.07747294364974533 0.0)
(8.479991200854295 -0.08931697558112965 0.0)
(8.95301891479785 -0.09953943109296563 0.0)
(9.338480607024689 -0.10803017407559187 0.0)
(9.636207832759782 -0.11470272244413353 0.0)
(9.8458964774683 -0.11950024589056674 0.0)
(9.967250654218239 -0.12239006768214411 0.0)
(10.000000000000002 -0.12335485806781665 0.0)
(9.9438604568929 -0.12239006768214317 0.0)
(9.798547966976141 -0.11950024589056511 0.0)
(9.563792167240235 -0.11470272244413035 0.0)
(9.239297170753105 -0.10803017407558911 0.0)
(8.824758862979936 -0.0995394310929627 0.0)
(8.320008799145734 -0.08931697558112642 0.0)
(7.72623454619841 -0.0774729436497425 0.0)
(7.031243884414112 -0.06392101151441458 0.0)
(6.229396984797694 -0.04895208620011747 0.0)
(5.3571846908793255 -0.034435604223411784 0.0)
(4.44035118132255 -0.022036926522571238 0.0)
(3.472008945699723 -0.012054329110065067 0.0)
(2.4289931541647998 -0.0049183153085629455 0.0)
(1.276909959032885 -0.0011683913454770035 0.0)
(0.0012673200507347273 -8.109559055564335e-05 0.0)
(-0.0012343701046232112 -8.10753983090661e-05 0.0)
(1.300983129530037 -0.001167922477203164 0.0)
(2.548943751167824 -0.0049153008126016605 0.0)
(3.727903941719583 -0.012044215037805351 0.0)
(4.8032124279785275 -0.022014518337992433 0.0)
(5.752436706334263 -0.03439938294760945 0.0)
(6.5702680203562585 -0.04890884315213654 0.0)
(7.280840131958965 -0.06388115821993298 0.0)
(7.918609614191754 -0.0774385978025918 0.0)
(8.480048422227409 -0.08928588845876793 0.0)
(8.953091109532696 -0.09951121183174687 0.0)
(9.338521024866084 -0.10800453899459167 0.0)
(9.636233392308407 -0.11467919239680267 0.0)
(9.845910553478939 -0.11947826558577981 0.0)
(9.96725722264754 -0.1223690382329316 0.0)
(10.000000000000002 -0.12333414571071952 0.0)
(9.943853888463599 -0.12236903823293066 0.0)
(9.798533890965501 -0.11947826558577819 0.0)
(9.56376660769161 -0.11467919239679947 0.0)
(9.23925675291171 -0.10800453899458883 0.0)
(8.82468666824509 -0.09951121183174386 0.0)
(8.31995157777262 -0.08928588845876459 0.0)
(7.7258348302526905 -0.07743859780258883 0.0)
(7.03027097915211 -0.06388115821993005 0.0)
(6.229731979643728 -0.048908843152132814 0.0)
(5.358674404776826 -0.03439938294760579 0.0)
(4.441232016465858 -0.02201451833799056 0.0)
(3.472096058280386 -0.012044215037804909 0.0)
(2.4288340266099353 -0.00491530081260195 0.0)
(1.2767946482477286 -0.0011679224772031952 0.0)
(0.0012343701046105683 -8.107539830906831e-05 0.0)
(-0.0011973174065297153 -8.103605785189565e-05 0.0)
(1.3011149041945458 -0.0011671935834718474 0.0)
(2.549149885949067 -0.004911302574481873 0.0)
(3.727921767128663 -0.012032026974121554 0.0)
(4.802448006430327 -0.0219888146082613 0.0)
(5.750846235008602 -0.03435814456255599 0.0)
(6.569572707899371 -0.048858119201736126 0.0)
(7.281631040018727 -0.0638320762901402 0.0)
(7.919032410137408 -0.07739497364168096 0.0)
(8.480101446135633 -0.08924600576757709 0.0)
(8.953155510806784 -0.09947467780587495 0.0)
(9.338557618727485 -0.10797108673403788 0.0)
(9.636256558138163 -0.11464828708591109 0.0)
(9.845923247408676 -0.11944925417879948 0.0)
(9.967263195508611 -0.12234119370061688 0.0)
(10.000000000000002 -0.12330669245260759 0.0)
(9.943847915602527 -0.12234119370061591 0.0)
(9.798521197035765 -0.1194492541787978 0.0)
(9.563743441861854 -0.11464828708590782 0.0)
(9.239220159050307 -0.10797108673403498 0.0)
(8.824622266971 -0.09947467780587183 0.0)
(8.319898553864396 -0.08924600576757363 0.0)
(7.725412034307035 -0.07739497364167788 0.0)
(7.029480071092347 -0.06383207629013714 0.0)
(6.230427292100619 -0.04885811920173226 0.0)
(5.360264876102492 -0.034358144562552206 0.0)
(4.44199643801406 -0.021988814608259345 0.0)
(3.472078232871305 -0.01203202697412107 0.0)
(2.4286278918286914 -0.004911302574482149 0.0)
(1.2766628735832193 -0.0011671935834718756 0.0)
(0.0011973174065169627 -8.10360578518977e-05 0.0)
(-0.0011577899842350095 -8.09792977318464e-05 0.0)
(1.3012573528007243 -0.0011662366905401003 0.0)
(2.549393970771514 -0.004906496269471691 0.0)
(3.7280437473116215 -0.012018300440234912 0.0)
(4.801833585761591 -0.021960944708240383 0.0)
(5.749224888655139 -0.0343137010074507 0.0)
(6.568547628588946 -0.04880214306650358 0.0)
(7.282205199823032 -0.06377592229524126 0.0)
(7.919459709202629 -0.07734398793283515 0.0)
(8.480147942805445 -0.08919907988004476 0.0)
(8.95320928894595 -0.09943143425360958 0.0)
(9.33858878074157 -0.10793128712506006 0.0)
(9.63627631238487 -0.11461136443427965 0.0)
(9.845934001509459 -0.11941448637777355 0.0)
(9.967268310364862 -0.12230775752300968 0.0)
(10.000000000000002 -0.12327370453941797 0.0)
(9.943842800746275 -0.12230775752300871 0.0)
(9.798510442934981 -0.11941448637777184 0.0)
(9.563723687615147 -0.11461136443427633 0.0)
(9.239188997036221 -0.10793128712505708 0.0)
(8.824568488831835 -0.09943143425360637 0.0)
(8.319852057194584 -0.0891990798800412 0.0)
(7.724984735241813 -0.07734398793283193 0.0)
(7.028905911288041 -0.06377592229523806 0.0)
(6.231452371411049 -0.04880214306649956 0.0)
(5.361886222455959 -0.03431370100744681 0.0)
(4.442610858682798 -0.02196094470823835 0.0)
(3.4719562526883463 -0.01201830044023439 0.0)
(2.428383807006244 -0.004906496269471953 0.0)
(1.2765204249770403 -0.0011662366905401255 0.0)
(0.0011577899842221484 -8.097929773184823e-05 0.0)
(-0.0011175246003613472 -8.09076118847536e-05 0.0)
(1.3014042164174189 -0.0011650938425327585 0.0)
(2.5496652809946077 -0.004901093077820381 0.0)
(3.7282645226823754 -0.012003638554932425 0.0)
(4.801396162492453 -0.021932133190350065 0.0)
(5.747643906266477 -0.034268005050797724 0.0)
(6.567237822534553 -0.048743374235415575 0.0)
(7.282537383840473 -0.06371516353904119 0.0)
(7.9198727366482125 -0.0772878808948253 0.0)
(8.480185869258236 -0.08914717263382059 0.0)
(8.953250081037142 -0.09938338121752542 0.0)
(9.33861314170645 -0.10788688888966538 0.0)
(9.63629178708307 -0.11457004675567296 0.0)
(9.845942343265774 -0.11937548981627322 0.0)
(9.967272342478868 -0.12227019882458431 0.0)
(10.000000000000002 -0.12323663139970656 0.0)
(9.94383876863227 -0.12227019882458331 0.0)
(9.798502101178666 -0.11937548981627148 0.0)
(9.563708212916948 -0.11457004675566959 0.0)
(9.239164636071342 -0.10788688888966232 0.0)
(8.824527696740644 -0.0993833812175221 0.0)
(8.319814130741793 -0.08914717263381691 0.0)
(7.72457170779623 -0.07728788089482194 0.0)
(7.028573727270601 -0.06371516353903782 0.0)
(6.232762177465446 -0.04874337423541139 0.0)
(5.363467204844625 -0.03426800505079371 0.0)
(4.443048281951937 -0.021932133190347956 0.0)
(3.471735477317591 -0.012003638554931865 0.0)
(2.428112496783149 -0.004901093077820627 0.0)
(1.2763735613603453 -0.0011650938425327802 0.0)
(0.0011175246003483842 -8.090761188475522e-05 0.0)
(-0.0010782904422127002 -8.082415005559293e-05 0.0)
(1.3015490421259917 -0.0011638152541004825 0.0)
(2.5499518957434932 -0.0048953304058842375 0.0)
(3.7285743927750317 -0.011988685534631125 0.0)
(4.801154956201115 -0.021903645979977255 0.0)
(5.746172753316448 -0.03422306448933401 0.0)
(6.565700840217999 -0.048684394903395566 0.0)
(7.282612996513037 -0.06365246965013241 0.0)
(7.920253344803811 -0.07722911776825667 0.0)
(8.480213559075054 -0.08909256473834208 0.0)
(8.9532760947505 -0.09933263006011751 0.0)
(9.338629631245894 -0.10783984280509279 0.0)
(9.636302302302832 -0.11452614947330046 0.0)
(9.845947906156109 -0.11933397793186865 0.0)
(9.967275114686915 -0.1222301678658379 0.0)
(10.000000000000002 -0.12319710195940886 0.0)
(9.943835996424221 -0.12223016786583688 0.0)
(9.798496538288331 -0.11933397793186686 0.0)
(9.563697697697185 -0.11452614947329703 0.0)
(9.239148146531898 -0.10783984280508964 0.0)
(8.824501683027284 -0.09933263006011411 0.0)
(8.319786440924974 -0.08909256473833829 0.0)
(7.724191099640629 -0.07722911776825317 0.0)
(7.028498114598038 -0.06365246965012887 0.0)
(6.234299159782004 -0.04868439490339124 0.0)
(5.3649383577946566 -0.03422306448932988 0.0)
(4.443289488243273 -0.021903645979975076 0.0)
(3.471425607224934 -0.011988685534630526 0.0)
(2.427825882034263 -0.00489533040588447 0.0)
(1.2762287356517723 -0.0011638152541005003 0.0)
(0.001078290442199645 -8.08241500555943e-05 0.0)
(-0.0010418113869212554 -8.073257940444868e-05 0.0)
(1.301685466549759 -0.0011624571040798751 0.0)
(2.5502412216904515 -0.004889461454925626 0.0)
(3.72895974246461 -0.011974098387687268 0.0)
(4.801120565050745 -0.02187673475302986 0.0)
(5.7448760695742775 -0.03418085392911382 0.0)
(6.5640042138304455 -0.04862779651439287 0.0)
(7.282428715558222 -0.06359059528329836 0.0)
(7.920584810443372 -0.07717028049740657 0.0)
(8.480229795616008 -0.08903765556463424 0.0)
(8.95328618709105 -0.09928141069439574 0.0)
(9.338637524839704 -0.10779221599023 0.0)
(9.636307396024637 -0.11448160135344178 0.0)
(9.84595044575724 -0.11929177468081667 0.0)
(9.967276505183255 -0.12218942353386317 0.0)
(10.000000000000002 -0.1231568530698145 0.0)
(9.943834605927883 -0.12218942353386214 0.0)
(9.798493998687201 -0.11929177468081485 0.0)
(9.563692603975381 -0.1144816013534383 0.0)
(9.239140252938087 -0.10779221599022683 0.0)
(8.824491590686733 -0.09928141069439222 0.0)
(8.319770204384021 -0.08903765556463031 0.0)
(7.723859634001069 -0.07717028049740293 0.0)
(7.028682395552854 -0.06359059528329468 0.0)
(6.235995786169563 -0.048627796514388436 0.0)
(5.366235041536829 -0.034180853929109606 0.0)
(4.443323879393643 -0.021876734753027625 0.0)
(3.4710402575353543 -0.011974098387686635 0.0)
(2.4275365560873037 -0.004889461454925845 0.0)
(1.2760923112280047 -0.0011624571040798899 0.0)
(0.0010418113869081229 -8.073257940444978e-05 0.0)
(-0.0010096902574399738 -8.063692337820829e-05 0.0)
(1.301807495449122 -0.0011610790670981772 0.0)
(2.5505205463826797 -0.004883744095912726 0.0)
(3.729403640190727 -0.01196051804665114 0.0)
(4.8012945001255725 -0.021852581939587248 0.0)
(5.743810828951382 -0.034143228024931215 0.0)
(6.562222490031469 -0.04857606589807646 0.0)
(7.281992637944049 -0.06353225908502175 0.0)
(7.920852569573091 -0.07711395428431639 0.0)
(8.48023386547719 -0.08898485772133626 0.0)
(8.953279914619815 -0.09923197360558668 0.0)
(9.338636475657811 -0.10774610108019136 0.0)
(9.636306844439668 -0.11443835975898502 0.0)
(9.84594985048374 -0.1192507343967599 0.0)
(9.967276452872019 -0.12214975606006745 0.0)
(10.000000000000002 -0.12311765319349896 0.0)
(9.943834658239117 -0.1221497560600664 0.0)
(9.798494593960703 -0.11925073439675803 0.0)
(9.56369315556035 -0.11443835975898148 0.0)
(9.23914130211998 -0.1077461010801881 0.0)
(8.824497863157971 -0.09923197360558311 0.0)
(8.319766134522839 -0.08898485772133224 0.0)
(7.723591874871349 -0.07711395428431264 0.0)
(7.029118473167029 -0.06353225908501796 0.0)
(6.237777509968543 -0.04857606589807191 0.0)
(5.367300282159726 -0.03414322802492692 0.0)
(4.443149944318814 -0.021852581939584965 0.0)
(3.4705963598092358 -0.011960518046650478 0.0)
(2.4272572313950747 -0.004883744095912931 0.0)
(1.2759702823286414 -0.0011610790670981885 0.0)
(0.0010096902574267819 -8.063692337820915e-05 0.0)
(-0.0009833383974343168 -8.054138492766703e-05 0.0)
(1.3019097670974882 -0.0011597416915793168 0.0)
(2.550777596804212 -0.0048784295391409525 0.0)
(3.729886581899386 -0.01194854120686333 0.0)
(4.801669119036616 -0.021832248770085775 0.0)
(5.743023836171927 -0.03411183999018131 0.0)
(6.5604339545052275 -0.048531476003088776 0.0)
(7.281323924123105 -0.0634800242411318 0.0)
(7.9210448573466605 -0.07706261399974343 0.0)
(8.480225589836346 -0.08893649104909175 0.0)
(8.9532575529377 -0.09918649096893005 0.0)
(9.338626529799349 -0.10770352427975907 0.0)
(9.636300671783559 -0.11439832464648235 0.0)
(9.845946146490835 -0.11921266031469865 0.0)
(9.967274960051672 -0.12211290836067976 0.0)
(10.000000000000002 -0.12308122470131347 0.0)
(9.943836151059466 -0.12211290836067867 0.0)
(9.798498297953605 -0.11921266031469678 0.0)
(9.563699328216458 -0.11439832464647878 0.0)
(9.239151247978443 -0.10770352427975578 0.0)
(8.824520224840084 -0.09918649096892643 0.0)
(8.319774410163683 -0.08893649104908766 0.0)
(7.723399587097779 -0.0770626139997396 0.0)
(7.029787186987976 -0.0634800242411279 0.0)
(6.239566045494789 -0.04853147600308416 0.0)
(5.368087274939182 -0.03411183999017697 0.0)
(4.442775325407769 -0.021832248770083457 0.0)
(3.470113418100576 -0.011948541206862649 0.0)
(2.4270001809735424 -0.004878429539141147 0.0)
(1.275868010680275 -0.001159741691579325 0.0)
(0.0009833383974210859 -8.054138492766766e-05 0.0)
(-0.0009639136594235682 -8.045016183755901e-05 0.0)
(1.301987787865729 -0.0011585037393569326 0.0)
(2.551001078629786 -0.004873751296512147 0.0)
(3.730387348015425 -0.011938694108753116 0.0)
(4.8022279617142685 -0.021816628646794834 0.0)
(5.742549670258882 -0.03408806895768824 0.0)
(6.558717192230709 -0.048495986027840686 0.0)
(7.280451956157302 -0.0634361858551081 0.0)
(7.92115322499109 -0.07701851544186744 0.0)
(8.480205332309994 -0.0888946806909948 0.0)
(8.953220084576111 -0.09914696120827242 0.0)
(9.33860812426714 -0.10766635633565211 0.0)
(9.636289149271526 -0.11436325508553498 0.0)
(9.8459394965252 -0.11917922534014422 0.0)
(9.967272092314003 -0.1220804994562002 0.0)
(10.000000000000002 -0.12304916819456055 0.0)
(9.943839018797133 -0.12208049945619912 0.0)
(9.798504947919241 -0.11917922534014232 0.0)
(9.56371085072849 -0.11436325508553138 0.0)
(9.239169653510652 -0.10766635633564876 0.0)
(8.824557693201672 -0.09914696120826871 0.0)
(8.319794667690035 -0.08889468069099066 0.0)
(7.723291219453349 -0.07701851544186356 0.0)
(7.030659154953781 -0.06343618585510415 0.0)
(6.241282807769312 -0.048495986027836016 0.0)
(5.368561440852227 -0.034088068957683876 0.0)
(4.442216482730114 -0.021816628646792503 0.0)
(3.469612651984536 -0.01193869410875242 0.0)
(2.426776699147968 -0.004873751296512333 0.0)
(1.2757899899120342 -0.0011585037393569387 0.0)
(0.0009639136594103205 -8.045016183755946e-05 0.0)
(-0.0009522695308593662 -8.036726228357569e-05 0.0)
(1.3020381296640229 -0.0011574196037869077 0.0)
(2.5511811724768347 -0.004869914921448818 0.0)
(3.73088393579183 -0.011931409415796698 0.0)
(4.802946473633649 -0.02180640788935564 0.0)
(5.742409165195 -0.03407295938313188 0.0)
(6.557147634601529 -0.04847115533691749 0.0)
(7.27941504672384 -0.06340267010543246 0.0)
(7.921172911030337 -0.07698359622064543 0.0)
(8.480173982976783 -0.08886126371769033 0.0)
(8.953169155826311 -0.0991151211889794 0.0)
(9.3385820677666 -0.10763623033933764 0.0)
(9.636272783181672 -0.11433469196849301 0.0)
(9.845930192774158 -0.1191518985447109 0.0)
(9.967267975662164 -0.1220539533346012 0.0)
(10.000000000000002 -0.12302289217750123 0.0)
(9.943843135448972 -0.12205395333460009 0.0)
(9.798514251670282 -0.11915189854470896 0.0)
(9.563727216818345 -0.11433469196848939 0.0)
(9.239195710011192 -0.10763623033933427 0.0)
(8.824608621951475 -0.09911512118897567 0.0)
(8.319826017023246 -0.08886126371768616 0.0)
(7.7232715334141036 -0.07698359622064152 0.0)
(7.031696064387246 -0.06340267010542848 0.0)
(6.242852365398495 -0.048471155336912805 0.0)
(5.368701945916107 -0.034072959383127516 0.0)
(4.4414979708107305 -0.02180640788935331 0.0)
(3.4691160642081287 -0.011931409415795992 0.0)
(2.4265966053009187 -0.004869914921449 0.0)
(1.2757396481137402 -0.001157419603786912 0.0)
(0.0009522695308461247 -8.036726228357595e-05 0.0)
(-0.0009489176334484906 -8.029632872045861e-05 0.0)
(1.3020585805658509 -0.0011565369198028184 0.0)
(2.5513099653511917 -0.0048670889772528 0.0)
(3.7313545260701892 -0.011927007204075612 0.0)
(4.8037930846955 -0.021802035579151714 0.0)
(5.7426084945157445 -0.03406717515357604 0.0)
(6.555794245108488 -0.04845807494545191 0.0)
(7.278258755726252 -0.0633809496128303 0.0)
(7.921103050495851 -0.07695939062277504 0.0)
(8.480132919269062 -0.08883770840985068 0.0)
(8.953107004404393 -0.09909236990324909 0.0)
(9.338549505172693 -0.10761446997197985 0.0)
(9.63625229261004 -0.11431389030646445 0.0)
(9.84591864402751 -0.11913188061779706 0.0)
(9.967262790974305 -0.12203443638390105 0.0)
(10.000000000000002 -0.12300355117025447 0.0)
(9.943848320136834 -0.12203443638389996 0.0)
(9.798525800416932 -0.11913188061779516 0.0)
(9.563747707389977 -0.11431389030646086 0.0)
(9.2392282726051 -0.10761446997197645 0.0)
(8.824670773373393 -0.09909236990324535 0.0)
(8.319867080730967 -0.0888377084098465 0.0)
(7.72334139394859 -0.0769593906227711 0.0)
(7.032852355384837 -0.06338094961282635 0.0)
(6.244205754891538 -0.04845807494544724 0.0)
(5.368502616595361 -0.0340671751535717 0.0)
(4.440651359748877 -0.021802035579149396 0.0)
(3.4686454739297687 -0.01192700720407491 0.0)
(2.4264678124265617 -0.0048670889772529785 0.0)
(1.2757191972119124 -0.0011565369198028215 0.0)
(0.0009489176334352778 -8.029632872045876e-05 0.0)
(-0.0009540052434310521 -8.024047783920189e-05 0.0)
(1.302048241996 -0.0011558944709241013 0.0)
(2.551381798329577 -0.004865397630742145 0.0)
(3.7317784419745914 -0.011925680898719261 0.0)
(4.804730596358596 -0.021803703827494508 0.0)
(5.743138900055424 -0.03407097041748546 0.0)
(6.554716489209955 -0.04845731958191502 0.0)
(7.277033888475597 -0.06337197873601008 0.0)
(7.92094671293171 -0.07694696219794375 0.0)
(8.480083945451025 -0.08882504974460913 0.0)
(8.953036361130131 -0.09907970700095413 0.0)
(9.338511867226224 -0.1076020313443109 0.0)
(9.636228577874862 -0.11430176408642335 0.0)
(9.845905357716052 -0.1191200511104896 0.0)
(9.96725676605612 -0.12202280614320829 0.0)
(10.000000000000002 -0.12299199498129532 0.0)
(9.943854345055016 -0.12202280614320718 0.0)
(9.798539086728388 -0.11912005111048769 0.0)
(9.563771422125155 -0.11430176408641973 0.0)
(9.23926591055157 -0.10760203134430753 0.0)
(8.824741416647655 -0.09907970700095042 0.0)
(8.319916054549005 -0.08882504974460495 0.0)
(7.7234977315127304 -0.07694696219793984 0.0)
(7.034077222635495 -0.06337197873600613 0.0)
(6.245283510790071 -0.04845731958191041 0.0)
(5.367972211055679 -0.03407097041748118 0.0)
(4.43971384808578 -0.021803703827492218 0.0)
(3.468221558025366 -0.01192568089871857 0.0)
(2.4263959794481766 -0.004865397630742323 0.0)
(1.2757295357817635 -0.0011558944709241035 0.0)
(0.0009540052434178896 -8.024047783920195e-05 0.0)
(-0.0009673088205319368 -8.02021636253516e-05 0.0)
(1.3020075682123158 -0.0011555204851791598 0.0)
(2.551393515202335 -0.0048649151965883 0.0)
(3.732137057415729 -0.011927488775158602 0.0)
(4.805717816075587 -0.021811339334603806 0.0)
(5.743977076764974 -0.03408417841790721 0.0)
(6.553961721528413 -0.04846892243559877 0.0)
(7.275794263398039 -0.06337615163888746 0.0)
(7.920710767524473 -0.07694685702840151 0.0)
(8.48002921334264 -0.08882384392055802 0.0)
(8.952960329939762 -0.09907768886685529 0.0)
(9.338470807669703 -0.10759946098687478 0.0)
(9.636202680958217 -0.11429884611229398 0.0)
(9.845890917616009 -0.1191169297896981 0.0)
(9.9672501656315 -0.12201957362402199 0.0)
(10.000000000000002 -0.1229887313684252 0.0)
(9.943860945479639 -0.12201957362402091 0.0)
(9.798553526828432 -0.1191169297896962 0.0)
(9.5637973190418 -0.11429884611229038 0.0)
(9.23930697010809 -0.10759946098687144 0.0)
(8.824817447838024 -0.09907768886685162 0.0)
(8.31997078665739 -0.08882384392055387 0.0)
(7.723733676919969 -0.07694685702839765 0.0)
(7.035316847713057 -0.06337615163888356 0.0)
(6.246038278471614 -0.048468922435594225 0.0)
(5.367134034346125 -0.034084178417903 0.0)
(4.4387266283687845 -0.021811339334601557 0.0)
(3.467862942584228 -0.011927488775157927 0.0)
(2.426384262575419 -0.004864915196588484 0.0)
(1.2757702095654477 -0.0011555204851791624 0.0)
(0.0009673088205188439 -8.020216362535165e-05 0.0)
(-0.000988243829911538 -8.018306953537049e-05 0.0)
(1.3019383463464431 -0.001155431394817439 0.0)
(2.551344601151513 -0.004865662872065399 0.0)
(3.732414615487187 -0.011932351398610304 0.0)
(4.8067113672181785 -0.02182460661026599 0.0)
(5.745086196693178 -0.03410621881946609 0.0)
(6.55356310517498 -0.04849237369833908 0.0)
(7.2745943473516546 -0.06339328497174415 0.0)
(7.920405581283683 -0.07695907973510563 0.0)
(8.47997112777262 -0.08883414391940013 0.0)
(8.952882251504693 -0.09908640417407276 0.0)
(9.338428130584926 -0.10760687183647488 0.0)
(9.636175739723246 -0.1143052645945213 0.0)
(9.845875958198956 -0.11912265380054782 0.0)
(9.96724327971102 -0.12202488085732152 0.0)
(10.000000000000002 -0.12299390372882302 0.0)
(9.943867831400116 -0.12202488085732047 0.0)
(9.798568486245484 -0.11912265380054594 0.0)
(9.563824260276771 -0.11430526459451773 0.0)
(9.239349647192865 -0.10760687183647157 0.0)
(8.824895526273092 -0.09908640417406914 0.0)
(8.32002887222741 -0.08883414391939606 0.0)
(7.72403886316076 -0.07695907973510183 0.0)
(7.036516763759445 -0.06339328497174036 0.0)
(6.246436894825046 -0.048492373698334645 0.0)
(5.366024914417917 -0.034106218819461964 0.0)
(4.437733077226191 -0.021824606610263798 0.0)
(3.4675853845127698 -0.011932351398609653 0.0)
(2.4264331766262415 -0.00486566287206559 0.0)
(1.2758394314313208 -0.0011554313948174426 0.0)
(0.0009882438298985307 -8.018306953537056e-05 0.0)
(-0.001015890425557233 -8.018403452864068e-05 0.0)
(1.3018436178805302 -0.0011556311143064467 0.0)
(2.551237205371017 -0.0048676078056808115 0.0)
(3.7325989207950836 -0.011940055114295816 0.0)
(4.807667594966814 -0.021842922714660266 0.0)
(5.746417527139468 -0.034136123207239404 0.0)
(6.553538154622979 -0.048526642964554036 0.0)
(7.273486862452337 -0.06342262592727896 0.0)
(7.920044563534438 -0.07698309327468428 0.0)
(8.479912240914647 -0.08885549717802967 0.0)
(8.952805556448522 -0.09910546998795165 0.0)
(9.338385711124927 -0.10762393827393754 0.0)
(9.636148937918525 -0.1143207375167385 0.0)
(9.84586113675431 -0.11913697164047385 0.0)
(9.967236410849434 -0.122038494652985 0.0)
(10.000000000000002 -0.12300728479843548 0.0)
(9.943874700261702 -0.12203849465298394 0.0)
(9.79858330769013 -0.119136971640472 0.0)
(9.563851062081492 -0.114320737516735 0.0)
(9.239392066652865 -0.10762393827393431 0.0)
(8.824972221329263 -0.09910546998794809 0.0)
(8.320087759085382 -0.08885549717802568 0.0)
(7.724399880910006 -0.07698309327468059 0.0)
(7.037624248658764 -0.06342262592727528 0.0)
(6.246461845377047 -0.04852664296454973 0.0)
(5.364693583971623 -0.03413612320723537 0.0)
(4.436776849477553 -0.021842922714658142 0.0)
(3.467401079204873 -0.011940055114295196 0.0)
(2.4265405724067377 -0.004867607805681009 0.0)
(1.2759341598972342 -0.001155631114306452 0.0)
(0.001015890425544324 -8.01840345286408e-05 0.0)
(-0.0010490338666343678 -8.020501620512323e-05 0.0)
(1.3017275450100683 -0.0011561108683372132 0.0)
(2.551076046634968 -0.0048706645406096285 0.0)
(3.732681875301367 -0.01195026143504147 0.0)
(4.808544484423588 -0.021865482871667907 0.0)
(5.747912571879636 -0.0341725776371369 0.0)
(6.553887966154017 -0.04857022450537999 0.0)
(7.272520469560477 -0.06346288531758348 0.0)
(7.919643576736176 -0.07701784253613994 0.0)
(8.479855140149532 -0.08888696547332715 0.0)
(8.952733614611706 -0.09913404859151 0.0)
(9.338345413123172 -0.10764991043122285 0.0)
(9.636123453166322 -0.11434458502705035 0.0)
(9.845847104509236 -0.11915925420978354 0.0)
(9.967229860851953 -0.12205981684573666 0.0)
(10.000000000000002 -0.12302828663754373 0.0)
(9.943881250259185 -0.12205981684573564 0.0)
(9.798597339935204 -0.11915925420978173 0.0)
(9.563876546833695 -0.11434458502704686 0.0)
(9.23943236465462 -0.10764991043121964 0.0)
(8.82504416316608 -0.09913404859150651 0.0)
(8.320144859850497 -0.08888696547332328 0.0)
(7.724800867708269 -0.07701784253613636 0.0)
(7.038590641550625 -0.06346288531757995 0.0)
(6.246112033846005 -0.04857022450537582 0.0)
(5.363198539231451 -0.034172577637132995 0.0)
(4.435899960020778 -0.02186548287166586 0.0)
(3.46731812469859 -0.011950261435040885 0.0)
(2.426701731142787 -0.00487066454060984 0.0)
(1.2760502327676964 -0.0011561108683372206 0.0)
(0.0010490338666215649 -8.020501620512349e-05 0.0)
(-0.0010862178909762249 -8.024509266833844e-05 0.0)
(1.3015952277646365 -0.0011568495773953108 0.0)
(2.5508682059633965 -0.004874698769511219 0.0)
(3.732659834136792 -0.011962521913785632 0.0)
(4.809303506669995 -0.021891295829262646 0.0)
(5.749505641382903 -0.034213980368200385 0.0)
(6.554597169689384 -0.048621203427643235 0.0)
(7.271737630211776 -0.06351229421870017 0.0)
(7.919220239515228 -0.07706180070049623 0.0)
(8.479802334380429 -0.08892716614596684 0.0)
(8.952669586986943 -0.09917088429319056 0.0)
(9.338309007200133 -0.10768364713925435 0.0)
(9.636100405220025 -0.11437575930948145 0.0)
(9.84583447801491 -0.11918852245314629 0.0)
(9.96722391751348 -0.12208791057743493 0.0)
(10.000000000000002 -0.12305598646375918 0.0)
(9.943887193597657 -0.1220879105774339 0.0)
(9.798609966429531 -0.1191885224531445 0.0)
(9.563899594779992 -0.11437575930947802 0.0)
(9.239468770577659 -0.10768364713925123 0.0)
(8.825108190790843 -0.09917088429318716 0.0)
(8.3201976656196 -0.08892716614596305 0.0)
(7.7252242049292175 -0.07706180070049279 0.0)
(7.039373480899327 -0.06351229421869677 0.0)
(6.245402830310635 -0.04862120342763922 0.0)
(5.36160546972818 -0.0342139803681966 0.0)
(4.43514093777437 -0.021891295829260676 0.0)
(3.467340165863165 -0.011962521913785086 0.0)
(2.4269095718143596 -0.004874698769511444 0.0)
(1.2761825500131285 -0.0011568495773953207 0.0)
(0.0010862178909635312 -8.024509266833887e-05 0.0)
)
