(
(-0.019139008032299377 -5.8667503192469286e-05 0.0)
(1.2360221136081688 -0.0009230756651257427 0.0)
(2.4296497403617443 -0.0043554268176212935 0.0)
(3.5701879700704704 -0.01199845833086924 0.0)
(4.623904887468936 -0.02425494654760767 0.0)
(5.560446014858814 -0.04045269210932686 0.0)
(6.38923073588445 -0.058846759930308294 0.0)
(7.136966912812518 -0.07672552205899658 0.0)
(7.804574228135851 -0.0925641148114648 0.0)
(8.385731274935157 -0.10648532759344996 0.0)
(8.877644507404082 -0.1185313427911462 0.0)
(9.280126384687813 -0.12854132548626312 0.0)
(9.593597219421824 -0.13640991576508874 0.0)
(9.818016966324262 -0.1420684340101451 0.0)
(9.9534790558146 -0.14547693668688555 0.0)
(10.000000000000005 -0.14661506962247334 0.0)
(9.957632055296532 -0.14547693668688563 0.0)
(9.82642747812019 -0.1420684340101456 0.0)
(9.606402780578193 -0.13640991576508796 0.0)
(9.297651393089971 -0.12854132548626404 0.0)
(8.900133270373708 -0.1185313427911471 0.0)
(8.414268725064863 -0.10648532759345176 0.0)
(7.839870216308587 -0.0925641148114677 0.0)
(7.174144198298569 -0.07672552205899859 0.0)
(6.410769264115566 -0.058846759930309134 0.0)
(5.550665096252284 -0.04045269210932795 0.0)
(4.620539556975444 -0.024254946547608548 0.0)
(3.629812029929483 -0.011998458330869774 0.0)
(2.548128037416013 -0.0043554268176218556 0.0)
(1.3417556641696051 -0.0009230756651259135 0.0)
(0.019139008032285774 -5.8667503192485244e-05 0.0)
(-0.019114371763217 -5.8582813000942314e-05 0.0)
(1.236117141050982 -0.0009218814645552008 0.0)
(2.4298824893897493 -0.004350627540764968 0.0)
(3.570607253647896 -0.011987487895439632 0.0)
(4.624192207889249 -0.02423607775948537 0.0)
(5.559686680690616 -0.04042348861723106 0.0)
(6.387647291728356 -0.05880565633361775 0.0)
(7.136426082497008 -0.0766778749721306 0.0)
(7.804761423978309 -0.09251750868013987 0.0)
(8.385726688509044 -0.10644148006143321 0.0)
(8.877628271337283 -0.11849015711151988 0.0)
(9.280119550680736 -0.12850280754263171 0.0)
(9.593593000217076 -0.13637372400570255 0.0)
(9.818014375716423 -0.14203403354166858 0.0)
(9.95347805346915 -0.14544365559588968 0.0)
(10.000000000000005 -0.14658217079182878 0.0)
(9.957633057641983 -0.14544365559588976 0.0)
(9.826430068728028 -0.14203403354166907 0.0)
(9.60640699978294 -0.13637372400570177 0.0)
(9.29765822709705 -0.12850280754263252 0.0)
(8.900149506440505 -0.11849015711152075 0.0)
(8.414273311490977 -0.10644148006143493 0.0)
(7.839683020466129 -0.09251750868014269 0.0)
(7.174685028614081 -0.0766778749721325 0.0)
(6.412352708271663 -0.05880565633361852 0.0)
(5.551424430420483 -0.04042348861723209 0.0)
(4.62025223655513 -0.024236077759486212 0.0)
(3.6293927463520563 -0.011987487895440145 0.0)
(2.5478952883880073 -0.004350627540765519 0.0)
(1.3416606367267918 -0.000921881464555369 0.0)
(0.019114371763203356 -5.858281300095807e-05 0.0)
(-0.019095616495489798 -5.850101284627755e-05 0.0)
(1.2361916778821556 -0.0009207622943270602 0.0)
(2.430088004023638 -0.004346340187488271 0.0)
(3.5710470548343864 -0.011978287684236396 0.0)
(4.6246464461512495 -0.024221186756989855 0.0)
(5.559196871743984 -0.04040072824107389 0.0)
(6.386109963795991 -0.058772180898247796 0.0)
(7.1356985944984785 -0.07663715790509029 0.0)
(7.804876131805317 -0.09247681801849571 0.0)
(8.385711403089276 -0.1064029696767511 0.0)
(8.877598429426715 -0.11845380202490623 0.0)
(9.280105122654136 -0.128468666506166 0.0)
(9.593583979736392 -0.13634154115841565 0.0)
(9.818009138237542 -0.14200337187212184 0.0)
(9.95347581810665 -0.14541394778240369 0.0)
(10.000000000000005 -0.1465527901324869 0.0)
(9.957635293004483 -0.14541394778240377 0.0)
(9.826435306206909 -0.14200337187212228 0.0)
(9.606416020263625 -0.13634154115841482 0.0)
(9.297672655123648 -0.1284686665061668 0.0)
(8.900179348351072 -0.11845380202490702 0.0)
(8.414288596910744 -0.10640296967675276 0.0)
(7.839568312639121 -0.09247681801849844 0.0)
(7.175412516612613 -0.07663715790509214 0.0)
(6.413890036204033 -0.058772180898248524 0.0)
(5.551914239367115 -0.04040072824107491 0.0)
(4.619797998293127 -0.024221186756990677 0.0)
(3.628952945165565 -0.011978287684236892 0.0)
(2.5476897737541186 -0.004346340187488814 0.0)
(1.341586099895618 -0.0009207622943272263 0.0)
(0.019095616495476125 -5.8501012846293115e-05 0.0)
(-0.0190835663012699 -5.8425696877621795e-05 0.0)
(1.2362424490896895 -0.0009197673287336815 0.0)
(2.4302572543263743 -0.00434275313625069 0.0)
(3.5714880495704002 -0.011971261937708493 0.0)
(4.625247643856711 -0.024210927823528464 0.0)
(5.558998109327953 -0.04038541103014478 0.0)
(6.384686299464238 -0.05874780447358704 0.0)
(7.134816413308683 -0.07660515989131161 0.0)
(7.8049133115648095 -0.09244383069976343 0.0)
(8.385686090289232 -0.10637148851525384 0.0)
(8.877556292871336 -0.11842387490730126 0.0)
(9.280083734549113 -0.1284404024715491 0.0)
(9.59357055432319 -0.136314781278661 0.0)
(9.818001484012859 -0.1419777962191707 0.0)
(9.953472447944838 -0.14538911855340336 0.0)
(10.000000000000005 -0.14652821857686882 0.0)
(9.957638663166295 -0.1453891185534034 0.0)
(9.826442960431592 -0.14197779621917114 0.0)
(9.606429445676827 -0.13631478127866017 0.0)
(9.297694043228672 -0.12844040247154984 0.0)
(8.900221484906453 -0.11842387490730205 0.0)
(8.414313909710788 -0.10637148851525545 0.0)
(7.839531132879629 -0.09244383069976614 0.0)
(7.176294697802411 -0.07660515989131343 0.0)
(6.415313700535788 -0.05874780447358774 0.0)
(5.5521130017831455 -0.040385411030145785 0.0)
(4.619196800587664 -0.024210927823529287 0.0)
(3.6285119504295498 -0.011971261937708982 0.0)
(2.547520523451382 -0.0043427531362512295 0.0)
(1.3415353286880842 -0.0009197673287338456 0.0)
(0.019083566301256228 -5.842569687763721e-05 0.0)
(-0.019078750644046127 -5.8360174340851126e-05 0.0)
(1.2362672238796075 -0.0009189402847429994 0.0)
(2.430382803749292 -0.004340023995521281 0.0)
(3.5719108613540147 -0.011966719354305119 0.0)
(4.6259693854783155 -0.0242057517178693 0.0)
(5.559099126699457 -0.04037820999466991 0.0)
(6.3834388519393155 -0.05873359811513964 0.0)
(7.133818300355197 -0.07658328686498131 0.0)
(7.804871329646172 -0.09241999612637956 0.0)
(8.38565186230704 -0.10634841980158442 0.0)
(8.8775037130743 -0.11840169070150246 0.0)
(9.280056326119869 -0.12841925730875448 0.0)
(9.593553313865563 -0.13629462014659918 0.0)
(9.817991749355004 -0.14195843033021663 0.0)
(9.953468091062462 -0.14537025885978705 0.0)
(10.000000000000005 -0.14650953575417608 0.0)
(9.957643020048671 -0.14537025885978713 0.0)
(9.826452695089447 -0.14195843033021707 0.0)
(9.606446686134454 -0.13629462014659835 0.0)
(9.297721451657916 -0.12841925730875522 0.0)
(8.900274064703488 -0.11840169070150322 0.0)
(8.414348137692981 -0.10634841980158603 0.0)
(7.839573114798267 -0.09241999612638224 0.0)
(7.1772928107559 -0.0765832868649831 0.0)
(6.416561148060713 -0.058733598115140354 0.0)
(5.552011984411639 -0.04037820999467093 0.0)
(4.618475058966057 -0.02420575171787013 0.0)
(3.6280891386459344 -0.011966719354305608 0.0)
(2.5473949740284643 -0.004340023995521817 0.0)
(1.3415105538981662 -0.0009189402847431622 0.0)
(0.019078750644032482 -5.836017434086642e-05 0.0)
(-0.019081381114986896 -5.830732417636115e-05 0.0)
(1.236264913692965 -0.0009183175011549301 0.0)
(2.430459135880433 -0.004338272678750871 0.0)
(3.5722969126089703 -0.011964859526830593 0.0)
(4.626779959009599 -0.02420588586862561 0.0)
(5.55949548534 -0.040379441534974116 0.0)
(6.382422431783327 -0.058730186024306 0.0)
(7.1327481108952 -0.07657249988686077 0.0)
(7.804752030658107 -0.0924063615458945 0.0)
(8.385610223057615 -0.10633477713281851 0.0)
(8.877443000295697 -0.11838822414092774 0.0)
(9.280024101642644 -0.1284061600975513 0.0)
(9.593533015877682 -0.1362819436054892 0.0)
(9.817980361987034 -0.14194612510699126 0.0)
(9.95346293889296 -0.14535819736198957 0.0)
(10.000000000000005 -0.14649756255345842 0.0)
(9.957648172218173 -0.1453581973619896 0.0)
(9.826464082457417 -0.14194612510699176 0.0)
(9.606466984122337 -0.13628194360548837 0.0)
(9.297753676135141 -0.12840616009755204 0.0)
(8.900334777482092 -0.11838822414092853 0.0)
(8.414389776942405 -0.10633477713282012 0.0)
(7.839692413786333 -0.09240636154589718 0.0)
(7.178363000215899 -0.07657249988686259 0.0)
(6.417577568216702 -0.05873018602430674 0.0)
(5.551615625771094 -0.04037944153497518 0.0)
(4.617664485434772 -0.02420588586862646 0.0)
(3.6277030873909784 -0.011964859526831089 0.0)
(2.547318641897323 -0.004338272678751407 0.0)
(1.3415128640848086 -0.0009183175011550926 0.0)
(0.019081381114973286 -5.8307324176376365e-05 0.0)
(-0.01909134213601138 -5.826946852369291e-05 0.0)
(1.236235620035137 -0.0009179263419409837 0.0)
(2.4304828968256014 -0.004337576135594411 0.0)
(3.572629240949384 -0.011965764172701695 0.0)
(4.627643749332498 -0.024211324381458576 0.0)
(5.560169769976034 -0.040389051539429476 0.0)
(6.38168169863844 -0.05873771812211507 0.0)
(7.131652867095708 -0.07657327291703436 0.0)
(7.804560656379897 -0.09240352603683095 0.0)
(8.385563002093404 -0.10633115994286309 0.0)
(8.87737682214395 -0.11838406692161242 0.0)
(9.279988477002012 -0.12840168630543924 0.0)
(9.593510552215998 -0.13627730863935647 0.0)
(9.817967822249065 -0.1419414212184915 0.0)
(9.953457217813234 -0.14535346402015809 0.0)
(10.000000000000005 -0.14649282505525113 0.0)
(9.957653893297898 -0.14535346402015817 0.0)
(9.826476622195386 -0.14194142121849193 0.0)
(9.606489447784021 -0.13627730863935564 0.0)
(9.297789300775772 -0.12840168630544 0.0)
(8.900400955633838 -0.11838406692161321 0.0)
(8.414436997906618 -0.10633115994286473 0.0)
(7.839883788064544 -0.09240352603683369 0.0)
(7.179458244015394 -0.07657327291703624 0.0)
(6.41831830136159 -0.05873771812211588 0.0)
(5.550941341135057 -0.04038905153943059 0.0)
(4.61680069511187 -0.024211324381459468 0.0)
(3.6273707590505637 -0.011965764172702205 0.0)
(2.5472948809521547 -0.004337576135594949 0.0)
(1.341542157742637 -0.0009179263419411461 0.0)
(0.019091342135997832 -5.8269468523708085e-05 0.0)
(-0.019108196038078937 -5.8248270690969696e-05 0.0)
(1.2361806300158567 -0.0009177839939214147 0.0)
(2.430453042572336 -0.004337964970883902 0.0)
(3.5728932444759565 -0.011969393543433843 0.0)
(4.628522803080486 -0.024221828298063807 0.0)
(5.561092353774219 -0.04040661776202122 0.0)
(6.381249198963907 -0.05875586346196874 0.0)
(7.130580691965579 -0.07658557198997051 0.0)
(7.804305615447218 -0.0924116141862698 0.0)
(8.385512274217183 -0.10633772716442734 0.0)
(8.877308086365975 -0.11838940170416774 0.0)
(9.279951017479513 -0.12840603250265903 0.0)
(9.59348690989271 -0.1362809189001333 0.0)
(9.81795468111424 -0.1419445253449723 0.0)
(9.953451179197064 -0.14535626680867342 0.0)
(10.000000000000005 -0.1464955314165584 0.0)
(9.957659931914069 -0.1453562668086735 0.0)
(9.826489763330208 -0.1419445253449728 0.0)
(9.60651309010731 -0.13628091890013247 0.0)
(9.297826760298271 -0.1284060325026599 0.0)
(8.900469691411814 -0.11838940170416859 0.0)
(8.414487725782838 -0.10633772716442903 0.0)
(7.840138828997223 -0.09241161418627258 0.0)
(7.1805304191455255 -0.07658557198997247 0.0)
(6.418750801036123 -0.05875586346196965 0.0)
(5.5500187573368684 -0.04040661776202242 0.0)
(4.61592164136388 -0.024221828298064747 0.0)
(3.627106755523991 -0.011969393543434374 0.0)
(2.5473247352054207 -0.004337964970884445 0.0)
(1.3415971477619175 -0.0009177839939215778 0.0)
(0.019108196038065458 -5.824827069098488e-05 0.0)
(-0.019131202291566063 -5.824466207218101e-05 0.0)
(1.2361023597959702 -0.0009178967116077849 0.0)
(2.4303708848619077 -0.00433942209990808 0.0)
(3.573077323356711 -0.01197558817111682 0.0)
(4.629378496240058 -0.024236936095562035 0.0)
(5.562222700090284 -0.040431368375065176 0.0)
(6.38114393600419 -0.058783824770829794 0.0)
(7.129578694918542 -0.0766088567069049 0.0)
(7.803998113892067 -0.09243027061572152 0.0)
(8.385460268319031 -0.10635419024581012 0.0)
(8.87723981308611 -0.11840399408800799 0.0)
(9.279913368978033 -0.1284190077252561 0.0)
(9.59346312770825 -0.136292615759566 0.0)
(9.817941515979989 -0.14195530109679513 0.0)
(9.953445088370195 -0.14536648257813567 0.0)
(10.000000000000005 -0.14650556272481546 0.0)
(9.957666022740938 -0.14536648257813575 0.0)
(9.826502928464462 -0.14195530109679563 0.0)
(9.60653687229177 -0.13629261575956517 0.0)
(9.297864408799752 -0.12841900772525697 0.0)
(8.90053796469168 -0.11840399408800886 0.0)
(8.41453973168099 -0.1063541902458119 0.0)
(7.840446330552374 -0.09243027061572437 0.0)
(7.1815324161925655 -0.07660885670690694 0.0)
(6.418856063995838 -0.0587838247708308 0.0)
(5.5488884110208 -0.04043136837506646 0.0)
(4.615065948204306 -0.02423693609556303 0.0)
(3.6269226766432365 -0.011975588171117378 0.0)
(2.5474068929158493 -0.004339422099908632 0.0)
(1.3416754179818042 -0.0009178967116079493 0.0)
(0.019131202291552667 -5.824466207219625e-05 0.0)
(-0.019159350043783274 -5.825880122343467e-05 0.0)
(1.2360042484257479 -0.0009182595423911663 0.0)
(2.4302400335538104 -0.004341883499083365 0.0)
(3.573173389502389 -0.011984075875142981 0.0)
(4.63017323121923 -0.024255983964970123 0.0)
(5.56351114357501 -0.04046221588190415 0.0)
(6.381370534821168 -0.05882037347994063 0.0)
(7.1286909018717415 -0.07664210397997365 0.0)
(7.803651662770221 -0.09245867559580699 0.0)
(8.38540926944297 -0.10637982582933385 0.0)
(8.877175002107366 -0.11842720291048318 0.0)
(9.279877185703851 -0.12844004186568697 0.0)
(9.593440250608294 -0.1363118852790499 0.0)
(9.817928905298219 -0.14197327500713844 0.0)
(9.953439212952416 -0.14538366246632395 0.0)
(10.000000000000005 -0.14652247822268938 0.0)
(9.957671898158717 -0.14538366246632403 0.0)
(9.826515539146232 -0.141973275007139 0.0)
(9.606559749391723 -0.1363118852790491 0.0)
(9.297900592073933 -0.1284400418656879 0.0)
(8.900602775670423 -0.11842720291048414 0.0)
(8.41459073055705 -0.10637982582933568 0.0)
(7.840792781674222 -0.09245867559580995 0.0)
(7.182420209239368 -0.0766421039799758 0.0)
(6.418629465178858 -0.05882037347994175 0.0)
(5.547599967536071 -0.040462215881905544 0.0)
(4.614271213225132 -0.02425598396497118 0.0)
(3.626826610497558 -0.01198407587514357 0.0)
(2.547537744223947 -0.004341883499083926 0.0)
(1.341773529352027 -0.0009182595423913326 0.0)
(0.019159350043769976 -5.825880122345e-05 0.0)
(-0.01919140253399302 -5.82900668962914e-05 0.0)
(1.2358906067393076 -0.0009188565441507176 0.0)
(2.4300662380151357 -0.004345241019032996 0.0)
(3.573177221942299 -0.011994483721325238 0.0)
(4.630872088816943 -0.024278134977753375 0.0)
(5.564901072378818 -0.04049780489952156 0.0)
(6.381919039077372 -0.05886390370588689 0.0)
(7.127956320827482 -0.07668385298482222 0.0)
(7.803281484510158 -0.09249558106366666 0.0)
(8.385361518386315 -0.10641350753435745 0.0)
(8.877116501105585 -0.11845800841839314 0.0)
(9.27984405748384 -0.12846821072230197 0.0)
(9.593419283770766 -0.13633788079115142 0.0)
(9.81791740315922 -0.14199765733526418 0.0)
(9.953433811098837 -0.14540705162038092 0.0)
(10.000000000000005 -0.14654553467414955 0.0)
(9.957677300012296 -0.145407051620381 0.0)
(9.826527041285232 -0.14199765733526473 0.0)
(9.606580716229253 -0.1363378807911507 0.0)
(9.297933720293946 -0.12846821072230294 0.0)
(8.900661276672205 -0.11845800841839418 0.0)
(8.414638481613705 -0.1064135075343594 0.0)
(7.841162959934286 -0.09249558106366976 0.0)
(7.183154790283627 -0.07668385298482451 0.0)
(6.4180809609226515 -0.05886390370588815 0.0)
(5.546210038732258 -0.04049780489952305 0.0)
(4.613572355627418 -0.024278134977754502 0.0)
(3.626822778057649 -0.011994483721325859 0.0)
(2.547711539762622 -0.004345241019033569 0.0)
(1.3418871710384674 -0.0009188565441508863 0.0)
(0.01919140253397981 -5.8290066896306886e-05 0.0)
(-0.019225951434413843 -5.833708533428485e-05 0.0)
(1.2357664279444502 -0.0009196614857213076 0.0)
(2.4298571345039033 -0.004349347136472797 0.0)
(3.573088652286041 -0.012006354407942956 0.0)
(4.631444362508878 -0.02430241585893422 0.0)
(5.566331415572874 -0.040536571711591564 0.0)
(6.382765348499246 -0.05891250281017681 0.0)
(7.127407227932972 -0.07673226934655528 0.0)
(7.802903844067404 -0.0925393654605595 0.0)
(8.385319113243137 -0.10645375544838111 0.0)
(8.877066880507758 -0.11849505707407736 0.0)
(9.27981543991138 -0.12850227660707492 0.0)
(9.593401148440146 -0.1363694601006263 0.0)
(9.817907514945935 -0.1420273767662806 0.0)
(9.95342912015702 -0.14543562236366658 0.0)
(10.000000000000005 -0.14657371902089938 0.0)
(9.957681990954113 -0.14543562236366672 0.0)
(9.826536929498516 -0.14202737676628122 0.0)
(9.606598851559873 -0.1363694601006257 0.0)
(9.297962337866405 -0.12850227660707594 0.0)
(8.900710897270033 -0.11849505707407848 0.0)
(8.414680886756884 -0.10645375544838316 0.0)
(7.841540600377041 -0.09253936546056268 0.0)
(7.183703883178138 -0.07673226934655768 0.0)
(6.417234651500774 -0.05891250281017821 0.0)
(5.544779695538199 -0.04053657171159315 0.0)
(4.613000081935482 -0.024302415858935417 0.0)
(3.6269113477139077 -0.012006354407943608 0.0)
(2.5479206432738555 -0.004349347136473384 0.0)
(1.3420113498333253 -0.0009196614857214789 0.0)
(0.01922595143440074 -5.83370853343005e-05 0.0)
(-0.01926147872956669 -5.839779063326737e-05 0.0)
(1.2356371682302427 -0.0009206389994429235 0.0)
(2.429621910645852 -0.004354021436114393 0.0)
(3.5729115721222784 -0.012019166358742958 0.0)
(4.631864907635956 -0.024327759751014196 0.0)
(5.567739326493968 -0.040576812975313674 0.0)
(6.383872277799071 -0.05896403543707745 0.0)
(7.127067749325458 -0.07678522573881347 0.0)
(7.8025353342721395 -0.09258810498018726 0.0)
(8.38528391721785 -0.10649880115169415 0.0)
(8.877028320552176 -0.1185367210273837 0.0)
(9.279792590390251 -0.1285407427273506 0.0)
(9.593386641449682 -0.136405235670389 0.0)
(9.817899675128366 -0.14206112748275915 0.0)
(9.953425346238369 -0.1454681193499897 0.0)
(10.000000000000005 -0.14660579289430448 0.0)
(9.957685764872764 -0.14546811934998985 0.0)
(9.826544769316085 -0.14206112748275976 0.0)
(9.606613358550335 -0.1364052356703884 0.0)
(9.297985187387535 -0.12854074272735175 0.0)
(8.900749457225613 -0.11853672102738491 0.0)
(8.414716082782173 -0.10649880115169628 0.0)
(7.841909110172306 -0.09258810498019057 0.0)
(7.184043361785652 -0.07678522573881601 0.0)
(6.416127722200946 -0.05896403543707897 0.0)
(5.543371784617102 -0.040576812975315374 0.0)
(4.612579536808404 -0.024327759751015463 0.0)
(3.6270884278776707 -0.012019166358743645 0.0)
(2.548155867131907 -0.004354021436114992 0.0)
(1.342140609547533 -0.0009206389994430978 0.0)
(0.019261478729553676 -5.839779063328322e-05 0.0)
(-0.019296423415097887 -5.8469515513458865e-05 0.0)
(1.2355085070320537 -0.0009217461351509488 0.0)
(2.429370901746976 -0.004359058537782922 0.0)
(3.572653762029448 -0.012032356640045894 0.0)
(4.632115246214659 -0.02435305308974065 0.0)
(5.569062944111929 -0.04061676056317926 0.0)
(6.3851911905284835 -0.059016237337239034 0.0)
(7.126952801073895 -0.07684039535460194 0.0)
(7.802192146770598 -0.09263965809722395 0.0)
(8.385257476759412 -0.10654666541850173 0.0)
(8.877002515492743 -0.1185811696404259 0.0)
(9.279776512886608 -0.12858191895217602 0.0)
(9.59337640021 -0.1364436355873536 0.0)
(9.817894228173756 -0.1420974265399628 0.0)
(9.953422655161964 -0.1455031147212228 0.0)
(10.000000000000005 -0.14664034702704493 0.0)
(9.95768845594917 -0.14550311472122293 0.0)
(9.826550216270695 -0.14209742653996346 0.0)
(9.606623599790018 -0.13644363558735303 0.0)
(9.298001264891177 -0.12858191895217722 0.0)
(8.900775262285046 -0.1185811696404272 0.0)
(8.414742523240609 -0.10654666541850398 0.0)
(7.8422522976738485 -0.09263965809722738 0.0)
(7.184158310037214 -0.07684039535460464 0.0)
(6.414808809471529 -0.05901623733724069 0.0)
(5.542048166999138 -0.04061676056318106 0.0)
(4.612329198229701 -0.02435305308974197 0.0)
(3.6273462379705026 -0.012032356640046619 0.0)
(2.5484068760307848 -0.004359058537783533 0.0)
(1.3422692707457224 -0.0009217461351511262 0.0)
(0.019296423415084956 -5.846951551347493e-05 0.0)
(-0.019329250085454698 -5.854910851484068e-05 0.0)
(1.2353860974875523 -0.0009229342473278199 0.0)
(2.429115136679082 -0.004364237120446183 0.0)
(3.5723265497113776 -0.012045345695022256 0.0)
(4.63218437882582 -0.024377184532082787 0.0)
(5.570244111090112 -0.04065465925125956 0.0)
(6.386664136075035 -0.05906681485466917 0.0)
(7.127067433794167 -0.07689535414193294 0.0)
(7.801889360593755 -0.09269175966202074 0.0)
(8.3852409536132 -0.10659524518048556 0.0)
(8.876990599156564 -0.11862644992246334 0.0)
(9.279767913816551 -0.128623996073562 0.0)
(9.593370874702432 -0.13648297262941936 0.0)
(9.817891413411326 -0.14213467902372537 0.0)
(9.953421165168779 -0.14553907084477608 0.0)
(10.000000000000005 -0.1466758631737432 0.0)
(9.957689945942354 -0.1455390708447762 0.0)
(9.826553031033125 -0.1421346790237261 0.0)
(9.606629125297586 -0.13648297262941886 0.0)
(9.298009863961235 -0.12862399607356326 0.0)
(8.900787178621226 -0.11862644992246471 0.0)
(8.414759046386822 -0.10659524518048792 0.0)
(7.842555083850692 -0.09269175966202428 0.0)
(7.184043677316941 -0.07689535414193575 0.0)
(6.413335863924973 -0.05906681485467094 0.0)
(5.540867000020953 -0.04065465925126145 0.0)
(4.612260065618541 -0.024377184532084165 0.0)
(3.627673450288574 -0.012045345695023009 0.0)
(2.5486626410986783 -0.004364237120446808 0.0)
(1.342391680290224 -0.0009229342473280003 0.0)
(0.019329250085441837 -5.8549108514856976e-05 0.0)
(-0.01935851639679633 -5.8633072466543406e-05 0.0)
(1.2352753180481824 -0.000924151132498075 0.0)
(2.4288658532913465 -0.004369329646655905 0.0)
(3.571944312278706 -0.01205756280835918 0.0)
(4.632069267908979 -0.024399093786611332 0.0)
(5.571230929112381 -0.04068884384053401 0.0)
(6.388226395906088 -0.059113545705780916 0.0)
(7.1274066107342575 -0.07694768731223539 0.0)
(7.801640279612288 -0.09274212042713757 0.0)
(8.385235073776029 -0.10664240593177825 0.0)
(8.876993095125647 -0.11867057234074123 0.0)
(9.279767171007483 -0.12866512529977286 0.0)
(9.593370307707673 -0.136521518398923 0.0)
(9.817891354516586 -0.14217124812806184 0.0)
(9.953420941726389 -0.14557440787436043 0.0)
(10.000000000000005 -0.1467107808198882 0.0)
(9.957690169384744 -0.14557440787436063 0.0)
(9.826553089927865 -0.14217124812806256 0.0)
(9.606629692292344 -0.13652151839892254 0.0)
(9.298010606770301 -0.12866512529977417 0.0)
(8.900784682652143 -0.11867057234074269 0.0)
(8.414764926223992 -0.10664240593178066 0.0)
(7.842804164832159 -0.09274212042714122 0.0)
(7.183704500376849 -0.07694768731223829 0.0)
(6.4117736040939155 -0.05911354570578278 0.0)
(5.539880181998682 -0.04068884384053596 0.0)
(4.612375176535382 -0.02439909378661275 0.0)
(3.628055687721247 -0.012057562808359961 0.0)
(2.548911924486415 -0.00436932964665654 0.0)
(1.3425024597295943 -0.0009241511324982585 0.0)
(0.019358516396783525 -5.8633072466559906e-05 0.0)
(-0.01938293644094364 -5.8717718146136905e-05 0.0)
(1.235181036159844 -0.0009253433229535618 0.0)
(2.4286340046397745 -0.004374112360126944 0.0)
(3.5715238445449407 -0.012068471182447223 0.0)
(4.631774971227234 -0.02441781820076414 0.0)
(5.571980039200169 -0.04071781232268883 0.0)
(6.38980932718274 -0.059154376622468106 0.0)
(7.127955429079926 -0.07699509544174701 0.0)
(7.8014558479888425 -0.09278852763268765 0.0)
(8.385240095597187 -0.1066860755152461 0.0)
(8.87700989373168 -0.11871159823692014 0.0)
(9.279774317097079 -0.1287034994878526 0.0)
(9.593374724138435 -0.13655757926527004 0.0)
(9.817894054077263 -0.14220552707342884 0.0)
(9.953421994652443 -0.1456075731655433 0.0)
(10.000000000000005 -0.1467435657479884 0.0)
(9.95768911645869 -0.14560757316554349 0.0)
(9.826550390367187 -0.14220552707342962 0.0)
(9.606625275861582 -0.1365575792652696 0.0)
(9.298003460680706 -0.12870349948785395 0.0)
(8.90076788404611 -0.11871159823692162 0.0)
(8.414759904402835 -0.1066860755152486 0.0)
(7.842988596455605 -0.09278852763269135 0.0)
(7.1831556820311775 -0.07699509544175002 0.0)
(6.41019067281726 -0.05915437662247004 0.0)
(5.539131071910893 -0.04071781232269084 0.0)
(4.61266947321713 -0.024417818200765593 0.0)
(3.6284761554550133 -0.012068471182448024 0.0)
(2.5491437731379873 -0.0043741123601275895 0.0)
(1.3425967416179325 -0.0009253433229537481 0.0)
(0.019382936440930868 -5.871771814615361e-05 0.0)
(-0.019401437245832 -5.8799326377314745e-05 0.0)
(1.2351073943962276 -0.0009264584360267169 0.0)
(2.428429777729961 -0.00437837511717911 0.0)
(3.57108362109308 -0.012077591523285263 0.0)
(4.631314419638378 -0.024432535058038687 0.0)
(5.572458526826678 -0.04074029187561449 0.0)
(6.391343378800586 -0.05918751356894956 0.0)
(7.1286897747571 -0.0770354955039878 0.0)
(7.801344169311545 -0.09282894223095865 0.0)
(8.385255798427037 -0.1067243351692828 0.0)
(8.877040256874643 -0.11874772500817667 0.0)
(9.279789038099235 -0.12873743254618059 0.0)
(9.593383929944832 -0.13658957077996467 0.0)
(9.817899393479601 -0.14223600970567865 0.0)
(9.953424277683297 -0.1456371094961042 0.0)
(10.000000000000005 -0.14677277744828138 0.0)
(9.957686833427836 -0.14563710949610445 0.0)
(9.82654505096485 -0.14223600970567937 0.0)
(9.606616070055185 -0.13658957077996428 0.0)
(9.297988739678551 -0.128737432546182 0.0)
(8.900737520903146 -0.11874772500817823 0.0)
(8.414744201572983 -0.10672433516928535 0.0)
(7.843100275132902 -0.09282894223096244 0.0)
(7.182421336354001 -0.07703549550399087 0.0)
(6.408656621199411 -0.059187513568951536 0.0)
(5.538652584284384 -0.04074029187561652 0.0)
(4.6131300248059866 -0.024432535058040154 0.0)
(3.6289163789068755 -0.012077591523286078 0.0)
(2.5493480000478015 -0.004378375117179764 0.0)
(1.3426703833815492 -0.0009264584360269053 0.0)
(0.01940143724581925 -5.879932637733164e-05 0.0)
(-0.01941320591994089 -5.887431144369701e-05 0.0)
(1.2350576284417023 -0.0009274474756891477 0.0)
(2.4282621459187004 -0.004381930620066025 0.0)
(3.5706429845362315 -0.012084523099782066 0.0)
(4.630707848936671 -0.024442597726650053 0.0)
(5.572645368120967 -0.04075529478888059 0.0)
(6.392761147338005 -0.059211500568419194 0.0)
(7.129577381960171 -0.07706711239413272 0.0)
(7.801310150537165 -0.09286158847843899 0.0)
(8.385281492311968 -0.10675550383468406 0.0)
(8.877082850453585 -0.11877736531027393 0.0)
(9.279810687200046 -0.12876543351825276 0.0)
(9.59339752064057 -0.13661608729437805 0.0)
(9.81790713812003 -0.14226135667371645 0.0)
(9.953427690506754 -0.14566171909371356 0.0)
(10.000000000000005 -0.14679713241209763 0.0)
(9.95768342060438 -0.14566171909371375 0.0)
(9.826537306324422 -0.14226135667371723 0.0)
(9.606602479359447 -0.13661608729437766 0.0)
(9.297967090577739 -0.12876543351825417 0.0)
(8.900694927324205 -0.11877736531027552 0.0)
(8.414718507688054 -0.10675550383468667 0.0)
(7.843134293907283 -0.09286158847844281 0.0)
(7.181533729150928 -0.07706711239413584 0.0)
(6.4072388526619894 -0.0592115005684212 0.0)
(5.5384657429900965 -0.04075529478888262 0.0)
(4.613736595507696 -0.024442597726651534 0.0)
(3.6293570154637242 -0.012084523099782888 0.0)
(2.549515631859062 -0.004381930620066684 0.0)
(1.3427201493360745 -0.0009274474756893376 0.0)
(0.01941320591992814 -5.8874311443714066e-05 0.0)
(-0.01941772536926014 -5.893937863864816e-05 0.0)
(1.2350339249212656 -0.0009282669853474834 0.0)
(2.428138474641106 -0.004384622646495446 0.0)
(3.5702212956385826 -0.012088961351147327 0.0)
(4.629981910729057 -0.024447564071348602 0.0)
(5.572532353618381 -0.04076216186192529 0.0)
(6.394000338639198 -0.059225283676003306 0.0)
(7.130579250852468 -0.07708855692387029 0.0)
(7.801355286388413 -0.092885031958739 0.0)
(8.385316048309678 -0.10677821201731359 0.0)
(8.877135802984567 -0.11879921680256313 0.0)
(9.279838313177628 -0.12878627209258248 0.0)
(9.593414899075343 -0.1366359637213774 0.0)
(9.817916947713215 -0.14228045427813776 0.0)
(9.953432083169591 -0.14568032065767433 0.0)
(10.000000000000005 -0.14681556052688316 0.0)
(9.957679027941541 -0.14568032065767458 0.0)
(9.826527496731236 -0.14228045427813854 0.0)
(9.606585100924674 -0.136635963721377 0.0)
(9.297939464600157 -0.1287862720925839 0.0)
(8.900641974793222 -0.11879921680256472 0.0)
(8.414683951690343 -0.1067782120173162 0.0)
(7.843089158056034 -0.09288503195874284 0.0)
(7.180531860258628 -0.07708855692387341 0.0)
(6.405999661360794 -0.0592252836760053 0.0)
(5.538578757492684 -0.04076216186192731 0.0)
(4.614462533715312 -0.02444756407135007 0.0)
(3.6297787043613745 -0.012088961351148146 0.0)
(2.549639303136656 -0.004384622646496107 0.0)
(1.3427438528565112 -0.0009282669853476748 0.0)
(0.01941772536924737 -5.8939378638665336e-05 0.0)
(-0.019414797017454757 -5.899166902865911e-05 0.0)
(1.2350373253242415 -0.000928880957246588 0.0)
(2.4280641977868656 -0.004386332913750989 0.0)
(3.5698370826388373 -0.012090711268735602 0.0)
(4.629168501412312 -0.02444721588003394 0.0)
(5.57212444896941 -0.040760591368121955 0.0)
(6.395006504905425 -0.059228257287170134 0.0)
(7.131651361147729 -0.07709888685979546 0.0)
(7.801477593678559 -0.09289824260822295 0.0)
(8.385357948092848 -0.1067914619611701 0.0)
(8.877196787830254 -0.11881231937044927 0.0)
(9.27987070219707 -0.12879903266033688 0.0)
(9.59343530167252 -0.13664832672712332 0.0)
(9.817928391243578 -0.14229246340514232 0.0)
(9.953437262666242 -0.14569209686929674 0.0)
(10.000000000000005 -0.1468272520949876 0.0)
(9.957673848444891 -0.14569209686929693 0.0)
(9.826516053200871 -0.1422924634051431 0.0)
(9.606564698327498 -0.13664832672712293 0.0)
(9.297907075580717 -0.1287990326603383 0.0)
(8.900580989947535 -0.11881231937045086 0.0)
(8.414642051907174 -0.10679146196117272 0.0)
(7.842966850765887 -0.09289824260822677 0.0)
(7.179459749963364 -0.07709888685979856 0.0)
(6.404993495094565 -0.059228257287172084 0.0)
(5.5389866621416575 -0.04076059136812395 0.0)
(4.61527594303206 -0.02444721588003538 0.0)
(3.6301629173611203 -0.012090711268736417 0.0)
(2.549713579990897 -0.00438633291375165 0.0)
(1.3427404524535353 -0.0009288809572467799 0.0)
(0.019414797017441945 -5.899166902867637e-05 0.0)
(-0.019404549530945808 -5.902888506965536e-05 0.0)
(1.2350676802431437 -0.000929262414584444 0.0)
(2.428042578945068 -0.004386986275818288 0.0)
(3.5695072271533066 -0.012089695964369452 0.0)
(4.628303360703723 -0.024441568451595435 0.0)
(5.571439576758089 -0.040750652312095174 0.0)
(6.39573543703168 -0.059220290746885056 0.0)
(7.1327466062809535 -0.07709764832342181 0.0)
(7.80167169844903 -0.09290063997512067 0.0)
(8.385405350661657 -0.10679467148796064 0.0)
(8.877263125428094 -0.11881609731106992 0.0)
(9.279906431144106 -0.1288031545455136 0.0)
(9.593457831979306 -0.13665263310376077 0.0)
(9.817940965903334 -0.14229685639565967 0.0)
(9.9534430014191 -0.14569653030338603 0.0)
(10.000000000000005 -0.1468316934102975 0.0)
(9.957668109692033 -0.14569653030338622 0.0)
(9.826503478541117 -0.14229685639566045 0.0)
(9.606542168020711 -0.13665263310376038 0.0)
(9.297871346633679 -0.12880315454551503 0.0)
(8.900514652349695 -0.11881609731107148 0.0)
(8.414594649338364 -0.10679467148796319 0.0)
(7.842772745995416 -0.09290063997512446 0.0)
(7.178364504830137 -0.07709764832342485 0.0)
(6.40426456296831 -0.05922029074688695 0.0)
(5.539671534352982 -0.040750652312097096 0.0)
(4.616141083740652 -0.02444156845159684 0.0)
(3.630492772846652 -0.01208969596437025 0.0)
(2.5497351988326944 -0.004386986275818946 0.0)
(1.3427100975346329 -0.0009292624145846359 0.0)
(0.01940454953093294 -5.9028885069672647e-05 0.0)
(-0.01938743316554325 -5.904939155688034e-05 0.0)
(1.2351236559383685 -0.000929394596823483 0.0)
(2.4280745680080718 -0.004386554025163401 0.0)
(3.5692462224285713 -0.012085960048665275 0.0)
(4.627424501303294 -0.024430869923706997 0.0)
(5.570507829016445 -0.04073278139778377 0.0)
(6.396155107073878 -0.059201734090353834 0.0)
(7.13381686318468 -0.0770848957337717 0.0)
(7.801929072091315 -0.09289211872351656 0.0)
(8.385456173233953 -0.10678769957694965 0.0)
(8.877331901025398 -0.11881038462862571 0.0)
(9.279943930154172 -0.12879845664001877 0.0)
(9.593481500055239 -0.1366486936369786 0.0)
(9.817954119184934 -0.1422934402297232 0.0)
(9.95344904727786 -0.14569342616295905 0.0)
(10.000000000000005 -0.14682868932954335 0.0)
(9.957662063833272 -0.14569342616295924 0.0)
(9.826490325259517 -0.14229344022972393 0.0)
(9.606518499944778 -0.1366486936369782 0.0)
(9.297833847623613 -0.12879845664002013 0.0)
(8.90044587675239 -0.11881038462862722 0.0)
(8.414543826766067 -0.10678769957695215 0.0)
(7.84251537235313 -0.0928921187235203 0.0)
(7.177294247926408 -0.07708489573377468 0.0)
(6.403844892926112 -0.059201734090355645 0.0)
(5.5406032820946285 -0.04073278139778562 0.0)
(4.617019943141082 -0.024430869923708354 0.0)
(3.630753777571387 -0.012085960048666052 0.0)
(2.54970320976969 -0.004386554025164053 0.0)
(1.3426541218394077 -0.0009293945968236741 0.0)
(0.01938743316553031 -5.904939155689761e-05 0.0)
(-0.019364199983029365 -5.905228747280095e-05 0.0)
(1.2352027929402727 -0.0009292716961179421 0.0)
(2.4281587594349707 -0.004385055154089321 0.0)
(3.5690655365347417 -0.012079667670924448 0.0)
(4.626570538685254 -0.02441559037011164 0.0)
(5.569370145035662 -0.04070776384046867 0.0)
(6.396247075498129 -0.05917340266311603 0.0)
(7.134815106728539 -0.07706118941630419 0.0)
(7.8022384060784225 -0.09287305326161695 0.0)
(8.385508182758887 -0.10677085256115222 0.0)
(8.877400092748246 -0.11879543232793223 0.0)
(9.279981551589367 -0.1287851453612252 0.0)
(9.593505265968362 -0.1366366814197402 0.0)
(9.817967273157251 -0.14228236500741445 0.0)
(9.953455134598553 -0.14568292083826734 0.0)
(10.000000000000005 -0.14681837184653773 0.0)
(9.957655976512582 -0.14568292083826753 0.0)
(9.8264771712872 -0.14228236500741517 0.0)
(9.606494734031655 -0.13663668141973975 0.0)
(9.297796226188417 -0.1287851453612265 0.0)
(8.900377685029543 -0.11879543232793369 0.0)
(8.414491817241133 -0.10677085256115469 0.0)
(7.8422060383660215 -0.0928730532616206 0.0)
(7.1762960043825474 -0.07706118941630706 0.0)
(6.4037529245018625 -0.05917340266311771 0.0)
(5.541740966075415 -0.04070776384047042 0.0)
(4.617873905759124 -0.02441559037011294 0.0)
(3.630934463465217 -0.012079667670925201 0.0)
(2.549619018342791 -0.004385055154089966 0.0)
(1.3425749848375035 -0.0009292716961181318 0.0)
(0.019364199983016337 -5.905228747281817e-05 0.0)
(-0.019335870806939902 -5.903744557616957e-05 0.0)
(1.2353016141137692 -0.0009288991124999819 0.0)
(2.4282914540084906 -0.004382555520248938 0.0)
(3.5689731084794367 -0.012071095306713324 0.0)
(4.625778994404759 -0.024396401146441194 0.0)
(5.5680765125685205 -0.04067669886584998 0.0)
(6.396007301380123 -0.05913654129625356 0.0)
(7.135697475917448 -0.07702757098323931 0.0)
(7.802586108840872 -0.09284428129093837 0.0)
(8.385559094033082 -0.1067448706676218 0.0)
(8.877464704377084 -0.11877189738572745 0.0)
(9.280017642432655 -0.12876380558237088 0.0)
(9.59352808548793 -0.13661712424689523 0.0)
(9.817979849858803 -0.14226411735374014 0.0)
(9.953460995915439 -0.14566547591405887 0.0)
(10.000000000000005 -0.14680119429260846 0.0)
(9.957650115195694 -0.145665475914059 0.0)
(9.826464594585648 -0.1422641173537408 0.0)
(9.606471914512086 -0.1366171242468948 0.0)
(9.297760135345131 -0.12876380558237213 0.0)
(8.900313073400705 -0.11877189738572885 0.0)
(8.414440905966938 -0.10674487066762416 0.0)
(7.841858335603571 -0.09284428129094191 0.0)
(7.175413635193637 -0.07702757098324207 0.0)
(6.403992698619871 -0.05913654129625512 0.0)
(5.54303459854256 -0.040676698865851624 0.0)
(4.618665450039621 -0.024396401146442433 0.0)
(3.6310268915205217 -0.012071095306714049 0.0)
(2.5494863237692704 -0.004382555520249573 0.0)
(1.3424761636640066 -0.0009288991125001699 0.0)
(0.019335870806926784 -5.903744557618668e-05 0.0)
(-0.019303690369445473 -5.9005517992771704e-05 0.0)
(1.235415777437283 -0.0009282932166121537 0.0)
(2.428466821371829 -0.004379164952980247 0.0)
(3.5689729993823147 -0.012060619610032646 0.0)
(4.625084647469404 -0.024374145392078047 0.0)
(5.566683771458995 -0.04064095141208066 0.0)
(6.39544631995595 -0.0590927696107904 0.0)
(7.136425201063495 -0.07698551756702277 0.0)
(7.802956902955384 -0.09280706699923562 0.0)
(8.38560667010829 -0.1067108954932275 0.0)
(8.87752289699515 -0.11874081388431591 0.0)
(9.280050616918407 -0.12873537493429854 0.0)
(9.593548955966003 -0.13659088142483974 0.0)
(9.817991296692332 -0.14223949903721952 0.0)
(9.953466373692983 -0.14564185788838874 0.0)
(10.000000000000005 -0.1467779114180499 0.0)
(9.957644737418152 -0.14564185788838893 0.0)
(9.826453147752117 -0.1422394990372202 0.0)
(9.606451044034014 -0.13659088142483924 0.0)
(9.297727160859377 -0.12873537493429973 0.0)
(8.90025488078264 -0.11874081388431723 0.0)
(8.41439332989173 -0.10671089549322978 0.0)
(7.841487541489057 -0.09280706699923907 0.0)
(7.174685910047589 -0.07698551756702539 0.0)
(6.404553680044046 -0.05909276961079184 0.0)
(5.544427339652089 -0.040640951412082196 0.0)
(4.619359796974978 -0.02437414539207921 0.0)
(3.6310270006176437 -0.012060619610033336 0.0)
(2.5493109564059315 -0.00437916495298087 0.0)
(1.3423620003404924 -0.0009282932166123394 0.0)
(0.019303690369432257 -5.9005517992788665e-05 0.0)
(-0.01926907262009714 -5.895790756221197e-05 0.0)
(1.235540266783235 -0.000927480630411313 0.0)
(2.4286771562038667 -0.004375032427606166 0.0)
(3.569065214036903 -0.01204870086382981 0.0)
(4.624518006213256 -0.024349800984153156 0.0)
(5.565253116203489 -0.04060209215688123 0.0)
(6.3945887797231045 -0.05904401085450777 0.0)
(7.136966307255099 -0.07693687691782855 0.0)
(7.803334496406917 -0.09276304551440452 0.0)
(8.385648820578803 -0.10667041984497642 0.0)
(8.877572113725261 -0.11870354757588399 0.0)
(9.280079026208046 -0.12870110260767215 0.0)
(9.593566960391955 -0.13655910601516494 0.0)
(9.818001110704918 -0.1422095917416427 0.0)
(9.953471031641472 -0.14561310449409703 0.0)
(10.000000000000005 -0.14674954622977526 0.0)
(9.95764007946966 -0.14561310449409717 0.0)
(9.826443333739533 -0.1422095917416433 0.0)
(9.606433039608063 -0.13655910601516438 0.0)
(9.297698751569738 -0.12870110260767328 0.0)
(8.900205664052528 -0.11870354757588522 0.0)
(8.414351179421217 -0.10667041984497859 0.0)
(7.8411099480375235 -0.09276304551440787 0.0)
(7.174144803855984 -0.07693687691783103 0.0)
(6.405411220276896 -0.05904401085450908 0.0)
(5.5458579949076 -0.040602092156882666 0.0)
(4.619926438231126 -0.024349800984154256 0.0)
(3.6309347859630545 -0.012048700863830466 0.0)
(2.5491006215738934 -0.004375032427606776 0.0)
(1.3422375109945401 -0.0009274806304114958 0.0)
(0.019269072620083826 -5.895790756222876e-05 0.0)
(-0.01923353859946987 -5.889670619970836e-05 0.0)
(1.2356696123175104 -0.0009264970574485406 0.0)
(2.4289132167768797 -0.004370339519731392 0.0)
(3.5692457006999816 -0.012035862756008249 0.0)
(4.62410396781647 -0.02432443757141391 0.0)
(5.563847407176619 -0.04056182850483416 0.0)
(6.3934723594305884 -0.05899240739795512 0.0)
(7.137297019276127 -0.07688378621679667 0.0)
(7.8037022984299975 -0.09271415105995352 0.0)
(8.38568369343006 -0.10662522214880464 0.0)
(8.877610192074338 -0.11866173587384739 0.0)
(9.280101622049358 -0.12866249446582417 0.0)
(9.593581307684245 -0.13652319417124045 0.0)
(9.818008860686799 -0.14217570953886335 0.0)
(9.953474765099177 -0.14558047910272603 0.0)
(10.000000000000005 -0.1467173450422647 0.0)
(9.957636346011958 -0.14558047910272612 0.0)
(9.826435583757652 -0.14217570953886396 0.0)
(9.606418692315772 -0.1365231941712398 0.0)
(9.297676155728427 -0.12866249446582526 0.0)
(8.90016758570345 -0.11866173587384851 0.0)
(8.41431630656996 -0.1066252221488067 0.0)
(7.840742146014443 -0.09271415105995673 0.0)
(7.173814091834957 -0.07688378621679902 0.0)
(6.406527640569415 -0.05899240739795629 0.0)
(5.5472637039344725 -0.04056182850483549 0.0)
(4.620340476627912 -0.02432443757141494 0.0)
(3.630754299299975 -0.01203586275600887 0.0)
(2.548864561000879 -0.004370339519731988 0.0)
(1.3421081654602642 -0.0009264970574487206 0.0)
(0.01923353859945647 -5.889670619972495e-05 0.0)
(-0.019198649607422395 -5.882460298116454e-05 0.0)
(1.2357981308339645 -0.0009253857141204248 0.0)
(2.4291646310211514 -0.004365292427142508 0.0)
(3.5695065291177652 -0.012022669369538977 0.0)
(4.62386072436874 -0.02429916957581502 0.0)
(5.562528408661354 -0.040521929567150124 0.0)
(6.3921461125436245 -0.0589402266026075 0.0)
(7.137402806245394 -0.07682857817220384 0.0)
(7.804044148476605 -0.0926625319687613 0.0)
(8.385709756412774 -0.10657728830879505 0.0)
(8.877635458949385 -0.11861721590790121 0.0)
(9.280117411622415 -0.12862124687987586 0.0)
(9.5935913674491 -0.13648472379378943 0.0)
(9.81801420611795 -0.14213934115088592 0.0)
(9.95347741002479 -0.14554541521428604 0.0)
(10.000000000000005 -0.146682722716787 0.0)
(9.957633701086342 -0.14554541521428618 0.0)
(9.826430238326502 -0.14213934115088647 0.0)
(9.606408632550917 -0.13648472379378876 0.0)
(9.297660366155371 -0.12862124687987683 0.0)
(8.900142318828403 -0.11861721590790228 0.0)
(8.414290243587246 -0.106577288308797 0.0)
(7.840400295967834 -0.09266253196876437 0.0)
(7.17370830486569 -0.07682857817220605 0.0)
(6.407853887456383 -0.058940226602608545 0.0)
(5.54858270244974 -0.040521929567151366 0.0)
(4.620583720075642 -0.024299169575815995 0.0)
(3.63049347088219 -0.012022669369539564 0.0)
(2.548613146756607 -0.004365292427143092 0.0)
(1.3419796469438097 -0.0009253857141206016 0.0)
(0.01919864960740891 -5.882460298118092e-05 0.0)
(-0.019165938602437663 -5.8744765990094235e-05 0.0)
(1.2359201754641023 -0.0009241954308196576 0.0)
(2.4294203522547373 -0.004360112909854477 0.0)
(3.569836238966749 -0.012009700397686842 0.0)
(4.623798963542156 -0.02427510722685661 0.0)
(5.561354075039416 -0.040484148430157914 0.0)
(6.3906683119241245 -0.05888976119715043 0.0)
(7.137279020077003 -0.07677367852452913 0.0)
(7.804345026281091 -0.09261045628926039 0.0)
(8.385725864367165 -0.1065287244501852 0.0)
(8.877646804170137 -0.11857194380390222 0.0)
(9.280125701162259 -0.12857917219329346 0.0)
(9.593596697678857 -0.1364453852008176 0.0)
(9.818016912129904 -0.14210208453814402 0.0)
(9.953478850205125 -0.14550945347188765 0.0)
(10.000000000000005 -0.14664720049498392 0.0)
(9.957632260906008 -0.1455094534718878 0.0)
(9.826427532314547 -0.14210208453814452 0.0)
(9.60640330232116 -0.13644538520081687 0.0)
(9.297652076615526 -0.12857917219329437 0.0)
(8.90013097360765 -0.11857194380390321 0.0)
(8.414274135632855 -0.10652872445018706 0.0)
(7.840099418163348 -0.09261045628926334 0.0)
(7.1738320910340825 -0.07677367852453125 0.0)
(6.409331688075888 -0.058889761197151363 0.0)
(5.54975703607168 -0.04048414843015906 0.0)
(4.620645480902225 -0.02427510722685753 0.0)
(3.6301637610332054 -0.0120097003976874 0.0)
(2.5483574255230206 -0.004360112909855049 0.0)
(1.3418576023136717 -0.0009241954308198312 0.0)
(0.019165938602424108 -5.8744765990110396e-05 0.0)
(-0.019136842846231607 -5.86607031178274e-05 0.0)
(1.2360303837901498 -0.000922978506416913 0.0)
(2.4296691445544627 -0.004355028546381275 0.0)
(3.5702203433993556 -0.011997525673348964 0.0)
(4.623921398994452 -0.02425330778013109 0.0)
(5.56037600438177 -0.04045014512789833 0.0)
(6.38910388942775 -0.05884322853917583 0.0)
(7.1369310997087325 -0.07672149946385537 0.0)
(7.804591711823165 -0.0925602121315383 0.0)
(8.385731309539187 -0.10648166438007735 0.0)
(8.87764372924835 -0.11852790873527712 0.0)
(9.280126126441678 -0.12853811909083185 0.0)
(9.593597064172968 -0.1364069068581321 0.0)
(9.818016859825448 -0.1420655766880425 0.0)
(9.953479022361288 -0.14547417396870166 0.0)
(10.000000000000005 -0.1466123391582954 0.0)
(9.957632088749845 -0.14547417396870174 0.0)
(9.826427584619003 -0.142065576688043 0.0)
(9.606402935827049 -0.1364069068581313 0.0)
(9.297651651336107 -0.1285381190908327 0.0)
(8.900134048529438 -0.11852790873527802 0.0)
(8.414268690460833 -0.10648166438007912 0.0)
(7.8398527326212735 -0.09256021213154117 0.0)
(7.174180011402354 -0.07672149946385735 0.0)
(6.410896110572266 -0.05884322853917667 0.0)
(5.550735106729328 -0.040450145127899406 0.0)
(4.620523045449929 -0.02425330778013196 0.0)
(3.6297796566005975 -0.011997525673349494 0.0)
(2.5481086332232943 -0.004355028546381835 0.0)
(1.341747393987624 -0.0009229785064170839 0.0)
(0.019136842846217996 -5.8660703117843344e-05 0.0)
)
