(
(-0.028677770705627034 -2.9873484732411856e-06 0.0)
(1.1924078750694806 -0.00016495713850860433 0.0)
(2.329089141230351 -0.0014296280161583835 0.0)
(3.412707430454843 -0.0055728826092432794 0.0)
(4.433108639727063 -0.01380750505450617 0.0)
(5.365113037820212 -0.025532569158590198 0.0)
(6.209459978469951 -0.0382907140449539 0.0)
(6.985150300911042 -0.04962964905829084 0.0)
(7.685399229186692 -0.05929454928249282 0.0)
(8.290168859207654 -0.06786723861033858 0.0)
(8.80096166153087 -0.07531170879919227 0.0)
(9.220903091459446 -0.08149766544393108 0.0)
(9.550387158088915 -0.0863602559381967 0.0)
(9.789777879263657 -0.08985703183968277 0.0)
(9.93953145797116 -0.09196302993434065 0.0)
(10.000000000000007 -0.09266636243438234 0.0)
(9.971579653139957 -0.09196302993434206 0.0)
(9.8546665651808 -0.08985703183968573 0.0)
(9.649612841911093 -0.08636025593819956 0.0)
(9.356874686318326 -0.08149766544393636 0.0)
(8.976816116246917 -0.07531170879919803 0.0)
(8.509831140792347 -0.06786723861034627 0.0)
(7.959045215257754 -0.05929454928250193 0.0)
(7.3259608102000735 -0.04962964905829872 0.0)
(6.590540021530044 -0.038290714044960865 0.0)
(5.7459980732908615 -0.025532569158597137 0.0)
(4.811335804717339 -0.013807505054510375 0.0)
(3.7872925695451274 -0.005572882609244997 0.0)
(2.648688636547423 -0.0014296280161590882 0.0)
(1.3853699027083084 -0.0001649571385088689 0.0)
(0.028677770705620872 -2.9873484732656805e-06 0.0)
(-0.028680606814455202 -3.0419732642340994e-06 0.0)
(1.192391254009564 -0.00016563861250515677 0.0)
(2.3289889844080807 -0.0014318218345922209 0.0)
(3.4123467974697186 -0.005576343264245365 0.0)
(4.432465614356437 -0.013811040681074376 0.0)
(5.364971856036616 -0.025537298909942757 0.0)
(6.210501801447612 -0.038301101841331 0.0)
(6.986030370190889 -0.04964664386371763 0.0)
(7.68544968525247 -0.05931340832195596 0.0)
(8.290199932787605 -0.06788557238868859 0.0)
(8.801008807329412 -0.07532940239190947 0.0)
(9.220927771596372 -0.08151457760871511 0.0)
(9.55040268748598 -0.08637641522545524 0.0)
(9.789786634455332 -0.08987257701764845 0.0)
(9.93953538653735 -0.09197818288042663 0.0)
(10.000000000000007 -0.09268137776237392 0.0)
(9.971575724573766 -0.09197818288042806 0.0)
(9.854657809989126 -0.0898725770176514 0.0)
(9.649597312514029 -0.0863764152254581 0.0)
(9.356850006181402 -0.08151457760872038 0.0)
(8.976768970448376 -0.07532940239191523 0.0)
(8.509800067212396 -0.06788557238869627 0.0)
(7.9589947591919765 -0.05931340832196508 0.0)
(7.3250807409202245 -0.049646643863725505 0.0)
(6.5894981985523815 -0.038301101841337955 0.0)
(5.746139255074458 -0.025537298909949675 0.0)
(4.811978830087965 -0.01381104068107857 0.0)
(3.7876532025302523 -0.005576343264247083 0.0)
(2.6487887933696936 -0.0014318218345929273 0.0)
(1.3853865237682248 -0.00016563861250542227 0.0)
(0.02868060681444902 -3.0419732642586926e-06 0.0)
(-0.02867699561286903 -3.0851698537539617e-06 0.0)
(1.1923981424629728 -0.00016613770133737667 0.0)
(2.328932187880597 -0.0014331523265480024 0.0)
(3.412021165932348 -0.005577458708827444 0.0)
(4.431751866712872 -0.013809964519369501 0.0)
(5.364577271128484 -0.02553471333441711 0.0)
(6.211334858614446 -0.03830208587036427 0.0)
(6.986964543160196 -0.0496539228181269 0.0)
(7.685566355945387 -0.0593232985635232 0.0)
(8.290237113314774 -0.06789560960940821 0.0)
(8.801062535390589 -0.07533941619165466 0.0)
(9.220956379132225 -0.08152439465851938 0.0)
(9.550420711515907 -0.08638597211550962 0.0)
(9.789796734786764 -0.08988189100067423 0.0)
(9.93953996499017 -0.09198733456839477 0.0)
(10.000000000000007 -0.09269046947546467 0.0)
(9.971571146120946 -0.09198733456839621 0.0)
(9.854647709657694 -0.08988189100067719 0.0)
(9.649579288484103 -0.08638597211551245 0.0)
(9.356821398645549 -0.08152439465852465 0.0)
(8.9767152423872 -0.07533941619166042 0.0)
(8.509762886685227 -0.06789560960941587 0.0)
(7.958878088499059 -0.0593232985635323 0.0)
(7.324146567950915 -0.04965392281813475 0.0)
(6.588665141385547 -0.038302085870371184 0.0)
(5.746533839982592 -0.025534713334423993 0.0)
(4.812692577731533 -0.013809964519373672 0.0)
(3.787978834067624 -0.005577458708829155 0.0)
(2.6488455898971774 -0.0014331523265487085 0.0)
(1.385379635314816 -0.0001661377013376426 0.0)
(0.028676995612862813 -3.085169853778616e-06 0.0)
(-0.02866709577045972 -3.1150402626831964e-06 0.0)
(1.192428237763666 -0.0001664324759550335 0.0)
(2.3289212471834104 -0.0014335610326432584 0.0)
(3.4117448434967566 -0.005576179932395228 0.0)
(4.430998757562062 -0.013804323853968072 0.0)
(5.363946620434805 -0.025524926037471685 0.0)
(6.211922546962577 -0.03829362289561821 0.0)
(6.9879117739677135 -0.04965116609757837 0.0)
(7.685744114968638 -0.05932378544807375 0.0)
(8.290278767144818 -0.06789690925538158 0.0)
(8.801120485001682 -0.07534131021038679 0.0)
(9.220987657104216 -0.08152668525013529 0.0)
(9.550440438235793 -0.08638850669609464 0.0)
(9.78980773646787 -0.0898845645493854 0.0)
(9.939544992160776 -0.09199008288981832 0.0)
(10.000000000000007 -0.09269323810041413 0.0)
(9.97156611895034 -0.09199008288981973 0.0)
(9.854636707976589 -0.08988456454938833 0.0)
(9.649559561764217 -0.08638850669609748 0.0)
(9.356790120673558 -0.08152668525014053 0.0)
(8.976657292776105 -0.07534131021039252 0.0)
(8.509721232855183 -0.06789690925538922 0.0)
(7.958700329475808 -0.059323785448082825 0.0)
(7.323199337143396 -0.04965116609758618 0.0)
(6.588077453037416 -0.03829362289562507 0.0)
(5.7471644906762736 -0.02552492603747852 0.0)
(4.813445686882345 -0.013804323853972211 0.0)
(3.7882551565032156 -0.005576179932396925 0.0)
(2.6488565305943634 -0.0014335610326439618 0.0)
(1.3853495400141227 -0.00016643247595529926 0.0)
(0.028667095770453448 -3.1150402627078726e-06 0.0)
(-0.02865134226819148 -3.1302720398998224e-06 0.0)
(1.1924802175791889 -0.0001665099845007023 0.0)
(2.328956643030741 -0.00143302999507987 0.0)
(3.411529971265247 -0.005572563122045693 0.0)
(4.430239377142318 -0.013794366525388525 0.0)
(5.363107613593318 -0.02550836705502892 0.0)
(6.212239044541134 -0.03827608476472059 0.0)
(6.988830443024668 -0.04963849482732968 0.0)
(7.685975151915943 -0.059314847582791194 0.0)
(8.29032306408465 -0.0678894142225423 0.0)
(8.801180109962802 -0.0753350012283878 0.0)
(9.221020231215478 -0.08152134873915773 0.0)
(9.550461000889657 -0.08638390760237634 0.0)
(9.789819156104908 -0.08988048019294267 0.0)
(9.93955024716449 -0.09198630708848178 0.0)
(10.000000000000007 -0.09268956198890713 0.0)
(9.971560863946626 -0.09198630708848322 0.0)
(9.85462528833955 -0.0898804801929456 0.0)
(9.649538999110353 -0.08638390760237914 0.0)
(9.356757546562296 -0.08152134873916297 0.0)
(8.976597667814985 -0.07533500122839347 0.0)
(8.509676935915351 -0.06788941422254988 0.0)
(7.958469292528501 -0.059314847582800215 0.0)
(7.322280668086439 -0.04963849482733743 0.0)
(6.587760955458859 -0.03827608476472736 0.0)
(5.7480034975177645 -0.025508367055035678 0.0)
(4.814205067302091 -0.013794366525392622 0.0)
(3.7884700287347255 -0.005572563122047369 0.0)
(2.648821134747033 -0.0014330299950805678 0.0)
(1.3852975601985995 -0.00016650998450096736 0.0)
(0.028651342268185144 -3.13027203992448e-06 0.0)
(-0.028630427286133762 -3.130195928978689e-06 0.0)
(1.1925517980115419 -0.00016636682139068432 0.0)
(2.3290368201938114 -0.0014315825466768657 0.0)
(3.411385990330574 -0.005566767193808828 0.0)
(4.429507091240036 -0.013780530040432228 0.0)
(5.362097115029717 -0.025485763958483527 0.0)
(6.21227044502553 -0.03825024207105795 0.0)
(6.989680185693355 -0.04961646575981413 0.0)
(7.686249315446509 -0.05929687768112468 0.0)
(8.290368057807772 -0.06787345382892152 0.0)
(8.801238790462232 -0.07532076645078473 0.0)
(9.221052670219153 -0.08150861960211622 0.0)
(9.550481495992106 -0.08637237691011886 0.0)
(9.789830491939918 -0.0898698173904961 0.0)
(9.939555499106064 -0.09197617306618831 0.0)
(10.000000000000007 -0.09267960266255801 0.0)
(9.971555612005053 -0.09197617306618973 0.0)
(9.85461395250454 -0.089869817390499 0.0)
(9.649518504007904 -0.08637237691012163 0.0)
(9.35672510755862 -0.08150861960212141 0.0)
(8.976538987315555 -0.07532076645079035 0.0)
(8.509631942192229 -0.06787345382892904 0.0)
(7.958195128997935 -0.05929687768113363 0.0)
(7.32143092541775 -0.04961646575982178 0.0)
(6.587729554974464 -0.03825024207106462 0.0)
(5.749013996081368 -0.02548576395849021 0.0)
(4.814937353204375 -0.013780530040436273 0.0)
(3.7886140096693985 -0.005566767193810481 0.0)
(2.648740957583962 -0.001431582546677557 0.0)
(1.3852259797662463 -0.00016636682139094814 0.0)
(0.02863042728612735 -3.130195929003289e-06 0.0)
(-0.028605269790335307 -3.1148152740944306e-06 0.0)
(1.19263983394748 -0.00016600927695012416 0.0)
(2.329158255834756 -0.0014292822856690425 0.0)
(3.4113192269516017 -0.0055590468101680115 0.0)
(4.428834075158085 -0.013763422348935026 0.0)
(5.360959524202232 -0.025458109886546527 0.0)
(6.212015368735928 -0.03821723029531195 0.0)
(6.990423665835473 -0.04958604681195729 0.0)
(7.686554559316368 -0.05927066530767845 0.0)
(8.290411771372302 -0.06784972934501624 0.0)
(8.801293948186185 -0.07529923132766367 0.0)
(9.221083548804767 -0.08148905713400506 0.0)
(9.550501023025832 -0.08635442125684518 0.0)
(9.789841245897051 -0.08985304464607805 0.0)
(9.93956051722479 -0.0919601260933378 0.0)
(10.000000000000007 -0.09266379771594649 0.0)
(9.971550593886327 -0.09196012609333919 0.0)
(9.854603198547407 -0.08985304464608095 0.0)
(9.649498976974176 -0.0863544212568479 0.0)
(9.356694228973005 -0.0814890571340102 0.0)
(8.976483829591603 -0.07529923132766926 0.0)
(8.509588228627699 -0.0678497293450237 0.0)
(7.957889885128075 -0.059270665307687306 0.0)
(7.320687445275631 -0.04958604681196483 0.0)
(6.587984631264068 -0.03821723029531852 0.0)
(5.750151586908856 -0.02545810988655312 0.0)
(4.815610369286327 -0.013763422348939012 0.0)
(3.7886807730483705 -0.005559046810169639 0.0)
(2.648619521943017 -0.0014292822856697247 0.0)
(1.3851379438303077 -0.0001660092769503863 0.0)
(0.028605269790328812 -3.1148152741189365e-06 0.0)
(-0.02857697515513715 -3.084805873084549e-06 0.0)
(1.1927404572490354 -0.00016545306102763109 0.0)
(2.329315614293672 -0.0014262302813168755 0.0)
(3.411332614589062 -0.005549741190656379 0.0)
(4.428249899991856 -0.013743795131563668 0.0)
(5.359744824770659 -0.025426619908547134 0.0)
(6.211485023257843 -0.038178499914515544 0.0)
(6.991028216293736 -0.0495485745366781 0.0)
(7.68687747166831 -0.059237362186187525 0.0)
(8.290452284084187 -0.06781928318124655 0.0)
(8.801343159605175 -0.0752713420729372 0.0)
(9.221111510223759 -0.08146352087388453 0.0)
(9.5505187240087 -0.08633082958111123 0.0)
(9.7898509454671 -0.08983089892339344 0.0)
(9.939565081033713 -0.09193887124456017 0.0)
(10.000000000000007 -0.09264284158951233 0.0)
(9.971546030077404 -0.09193887124456156 0.0)
(9.854593498977358 -0.08983089892339631 0.0)
(9.64948127599131 -0.08633082958111392 0.0)
(9.356666267554015 -0.08146352087388961 0.0)
(8.976434618172613 -0.07527134207294271 0.0)
(8.509547715915813 -0.06781928318125391 0.0)
(7.9575669727761325 -0.05923736218619628 0.0)
(7.320082894817367 -0.049548574536685534 0.0)
(6.588514976742156 -0.038178499914522 0.0)
(5.751366286340433 -0.025426619908553636 0.0)
(4.816194544452557 -0.013743795131567595 0.0)
(3.7886673854109096 -0.005549741190657977 0.0)
(2.6484621634841 -0.0014262302813175473 0.0)
(1.385037320528752 -0.0001654530610278911 0.0)
(0.02857697515513058 -3.084805873108927e-06 0.0)
(-0.028546786595046343 -3.041486284128769e-06 0.0)
(1.192849246712423 -0.00016472261273327106 0.0)
(2.3295019815277547 -0.0014225606331081141 0.0)
(3.4114255650146568 -0.005539259207171119 0.0)
(4.427780233329436 -0.013722510772342473 0.0)
(5.358506388405792 -0.025392677636509358 0.0)
(6.210702711001343 -0.03813575267074567 0.0)
(6.991467274227 -0.04950569539719876 0.0)
(7.6872038643243386 -0.059198431594883874 0.0)
(8.290487815888985 -0.06778345308634878 0.0)
(8.801384262459482 -0.07523832408943604 0.0)
(9.22113532590253 -0.08143313283830703 0.0)
(9.550533821191904 -0.08630263845798901 0.0)
(9.789859164468703 -0.08980435326498257 0.0)
(9.939568990007418 -0.09191334241902609 0.0)
(10.000000000000007 -0.09261765505711292 0.0)
(9.971542121103697 -0.09191334241902745 0.0)
(9.854585279975755 -0.08980435326498541 0.0)
(9.649466178808105 -0.08630263845799167 0.0)
(9.356642451875242 -0.08143313283831205 0.0)
(8.976393515318305 -0.07523832408944149 0.0)
(8.509512184111015 -0.06778345308635605 0.0)
(7.957240580120103 -0.059198431594892534 0.0)
(7.319643836884103 -0.04950569539720607 0.0)
(6.589297288998659 -0.03813575267075201 0.0)
(5.7526047227053025 -0.025392677636515763 0.0)
(4.816664211114977 -0.013722510772346342 0.0)
(3.7885744349853145 -0.005539259207172687 0.0)
(2.648275796250017 -0.0014225606331087746 0.0)
(1.3849285310653643 -0.0001647226127335287 0.0)
(0.028546786595039682 -3.041486284152993e-06 0.0)
(-0.028516030540164848 -2.9867598907148614e-06 0.0)
(1.1929614223276461 -0.0001638500266287809 0.0)
(2.3297091689016867 -0.00141843457867162 0.0)
(3.4115939941567333 -0.005528061418890332 0.0)
(4.427445711464741 -0.013700504467076985 0.0)
(5.357298629735848 -0.025357774431770907 0.0)
(6.209702805335779 -0.03809086679968974 0.0)
(6.991721548232913 -0.0494592934244628 0.0)
(7.687519396188268 -0.059155584072727904 0.0)
(8.290516805584195 -0.06774381336914345 0.0)
(8.801415450764884 -0.07520162812695053 0.0)
(9.221153949423728 -0.0813992282219625 0.0)
(9.550545651232833 -0.08627108655385428 0.0)
(9.789865541773969 -0.08977457403851208 0.0)
(9.939572072392753 -0.09188466130662583 0.0)
(10.000000000000007 -0.0925893447689044 0.0)
(9.971539038718364 -0.09188466130662719 0.0)
(9.85457890267049 -0.0897745740385149 0.0)
(9.649454348767177 -0.08627108655385692 0.0)
(9.356623828354046 -0.08139922822196746 0.0)
(8.976362327012904 -0.0752016281269559 0.0)
(8.509483194415806 -0.06774381336915064 0.0)
(7.956925048256172 -0.05915558407273645 0.0)
(7.3193895628781895 -0.049459293424469995 0.0)
(6.590297194664227 -0.038090866799695956 0.0)
(5.75381248137525 -0.02535777443177722 0.0)
(4.816998732979673 -0.013700504467080795 0.0)
(3.788406005843237 -0.005528061418891869 0.0)
(2.6480686088760845 -0.0014184345786722693 0.0)
(1.384816355450141 -0.00016385002662903594 0.0)
(0.02851603054015811 -2.986759890738911e-06 0.0)
(-0.02848605835527756 -2.9230312704503254e-06 0.0)
(1.193072055303391 -0.00016287364255124082 0.0)
(2.3299280729812963 -0.0014140334092909294 0.0)
(3.411830501546921 -0.0055166398361452965 0.0)
(4.427261032676514 -0.013678743132561172 0.0)
(5.356174615467252 -0.025323443877294374 0.0)
(6.208529240286818 -0.03804581450440555 0.0)
(6.991779865976836 -0.04941140743626224 0.0)
(7.687810203367247 -0.05911070226145579 0.0)
(8.290537979415642 -0.06770210572628577 0.0)
(8.8014353541643 -0.07516286653893892 0.0)
(9.2211665625039 -0.0813632967316664 0.0)
(9.550553694341131 -0.08623756020165217 0.0)
(9.789869797175768 -0.08974286968871356 0.0)
(9.939574192755346 -0.09185408810296768 0.0)
(10.000000000000007 -0.09255915462715847 0.0)
(9.97153691835577 -0.09185408810296901 0.0)
(9.85457464726869 -0.08974286968871635 0.0)
(9.649446305658879 -0.08623756020165475 0.0)
(9.356611215273874 -0.08136329673167131 0.0)
(8.976342423613488 -0.0751628665389442 0.0)
(8.509462020584357 -0.06770210572629287 0.0)
(7.956634241077193 -0.05911070226146424 0.0)
(7.319331245134268 -0.049411407436269324 0.0)
(6.59147075971319 -0.038045814504411656 0.0)
(5.7549364956438485 -0.025323443877300605 0.0)
(4.8171834117679 -0.01367874313256493 0.0)
(3.7881694984530485 -0.005516639836146806 0.0)
(2.6478497047964744 -0.0014140334092915673 0.0)
(1.3847057224743955 -0.00016287364255149314 0.0)
(0.028486058355270752 -2.9230312704741868e-06 0.0)
(-0.028458186963355857 -2.8531005423213684e-06 0.0)
(1.1931762846291014 -0.00016183636103077366 0.0)
(2.330149075521799 -0.0014095505042969181 0.0)
(3.4121246954831737 -0.005505496302386634 0.0)
(4.4272343114128505 -0.013658182922022423 0.0)
(5.35518373273064 -0.02529119439483748 0.0)
(6.207233580155738 -0.038002575300327045 0.0)
(6.99163966508379 -0.04936414145531366 0.0)
(7.688063508325847 -0.0590657581857459 0.0)
(8.290550407043915 -0.06766016271530087 0.0)
(8.801443098138769 -0.0751237424386661 0.0)
(9.221172610947377 -0.08132691713136753 0.0)
(9.550557597117335 -0.08620353248796374 0.0)
(9.789871743699532 -0.08971063324671569 0.0)
(9.93957525793034 -0.09182296613868825 0.0)
(10.000000000000007 -0.09252841113147214 0.0)
(9.971535853180775 -0.09182296613868958 0.0)
(9.854572700744926 -0.08971063324671842 0.0)
(9.649442402882675 -0.08620353248796626 0.0)
(9.356605166830397 -0.08132691713137238 0.0)
(8.976334679639018 -0.07512374243867133 0.0)
(8.509449592956086 -0.06766016271530789 0.0)
(7.956380936118593 -0.059065758185754255 0.0)
(7.319471446027315 -0.049364141455320636 0.0)
(6.592766419844274 -0.038002575300333054 0.0)
(5.755927378380462 -0.02529119439484365 0.0)
(4.817210133031563 -0.013658182922026136 0.0)
(3.7878753045167954 -0.005505496302388119 0.0)
(2.647628702255971 -0.0014095505042975456 0.0)
(1.384601493148685 -0.00016183636103102333 0.0)
(0.028458186963348987 -2.8531005423450383e-06 0.0)
(-0.028433640982371507 -2.780040334587326e-06 0.0)
(1.1932695306588874 -0.00016078375831973582 0.0)
(2.3303624660758784 -0.0014051828343337803 0.0)
(3.4124636496221443 -0.005495120444101186 0.0)
(4.42736672175719 -0.013639727213497968 0.0)
(5.35436951910069 -0.02526244296766064 0.0)
(6.205872753878354 -0.037963049038977535 0.0)
(6.991307105724525 -0.04931957226234929 0.0)
(7.6882681813075955 -0.059022726606062045 0.0)
(8.290553542421756 -0.06761982723535892 0.0)
(8.801438342432224 -0.07508597486752258 0.0)
(9.22117182899662 -0.08129168787414842 0.0)
(9.550557188080596 -0.08617049852827645 0.0)
(9.789871295818566 -0.0896792811228049 0.0)
(9.939575221115899 -0.09179266285596198 0.0)
(10.000000000000007 -0.09249846509480225 0.0)
(9.971535889995218 -0.09179266285596328 0.0)
(9.854573148625892 -0.08967928112280764 0.0)
(9.649442811919412 -0.08617049852827895 0.0)
(9.356605948781153 -0.08129168787415322 0.0)
(8.976339435345563 -0.07508597486752773 0.0)
(8.509446457578244 -0.06761982723536586 0.0)
(7.956176263136844 -0.059022726606070317 0.0)
(7.319804005386581 -0.04931957226235618 0.0)
(6.594127246121662 -0.037963049038983475 0.0)
(5.756741592010413 -0.025262442967666745 0.0)
(4.817077722687222 -0.013639727213501646 0.0)
(3.7875363503778234 -0.005495120444102649 0.0)
(2.6474153117018915 -0.0014051828343343978 0.0)
(1.384508247118899 -0.00016078375831998304 0.0)
(0.028433640982364596 -2.780040334610808e-06 0.0)
(-0.02841349891782336 -2.707060779116159e-06 0.0)
(1.193347696332789 -0.00015976208385556817 0.0)
(2.3305588686529743 -0.0014011223068292695 0.0)
(3.412832470939066 -0.0054859681575199154 0.0)
(4.4276524458412405 -0.013624186917056606 0.0)
(5.3537677496347404 -0.025238452880874732 0.0)
(6.204506553671732 -0.037928972431969486 0.0)
(6.990796799948887 -0.04927965814617094 0.0)
(7.688415229356113 -0.0589834982512915 0.0)
(8.290547247786405 -0.06758287155365686 0.0)
(8.801421296001706 -0.07505122326349056 0.0)
(9.221164251009116 -0.08125915686912119 0.0)
(9.550552485203244 -0.08613990977434506 0.0)
(9.789868473211943 -0.08965019087194878 0.0)
(9.939574083929578 -0.09176450972559357 0.0)
(10.000000000000007 -0.0924706322912153 0.0)
(9.971537027181538 -0.09176450972559487 0.0)
(9.854575971232515 -0.08965019087195149 0.0)
(9.649447514796766 -0.08613990977434753 0.0)
(9.356613526768658 -0.08125915686912596 0.0)
(8.976356481776081 -0.07505122326349566 0.0)
(8.509452752213596 -0.06758287155366374 0.0)
(7.956029215088327 -0.0589834982512997 0.0)
(7.320314311162221 -0.04927965814617776 0.0)
(6.595493446328287 -0.03792897243197537 0.0)
(5.757343361476363 -0.025238452880880804 0.0)
(4.81679199860317 -0.01362418691706026 0.0)
(3.787167529060901 -0.0054859681575213605 0.0)
(2.6472189091247946 -0.0014011223068298789 0.0)
(1.3844300814449972 -0.00015976208385581311 0.0)
(0.028413498917816422 -2.707060779139465e-06 0.0)
(-0.028398645775178803 -2.637368464062948e-06 0.0)
(1.193407347194095 -0.00015881622814512548 0.0)
(2.3307296536831585 -0.0013975473339334092 0.0)
(3.4132149541000123 -0.005478441577371567 0.0)
(4.428078929471466 -0.013612244844893805 0.0)
(5.3534048649822195 -0.025220278215004523 0.0)
(6.20319500787356 -0.03790184274307345 0.0)
(6.99013116965908 -0.04924615286002268 0.0)
(7.688498191449165 -0.05894979674357663 0.0)
(8.290531799712621 -0.06755091943524016 0.0)
(8.80139270783619 -0.07502101454847493 0.0)
(9.22115020994777 -0.08123075346913292 0.0)
(9.550543695121103 -0.08611311024005681 0.0)
(9.789863399899831 -0.08962464066655085 0.0)
(9.939571896337267 -0.09173974374462666 0.0)
(10.000000000000007 -0.09244613564318224 0.0)
(9.97153921477385 -0.09173974374462797 0.0)
(9.854581044544627 -0.08962464066655355 0.0)
(9.649456304878907 -0.08611311024005926 0.0)
(9.356627567830005 -0.08123075346913763 0.0)
(8.976385069941598 -0.07502101454848 0.0)
(8.50946820028738 -0.06755091943524702 0.0)
(7.9559462529952745 -0.058949796743584776 0.0)
(7.3209799414520305 -0.049246152860029445 0.0)
(6.5968049921264615 -0.03790184274307929 0.0)
(5.757706246128884 -0.025220278215010574 0.0)
(4.816365514972944 -0.013612244844897444 0.0)
(3.7867850458999532 -0.0054784415773730015 0.0)
(2.6470481240946104 -0.001397547333934012 0.0)
(1.3843704305836912 -0.00015881622814536858 0.0)
(0.028398645775171844 -2.637368464086098e-06 0.0)
(-0.028389734174352574 -2.5740255422526423e-06 0.0)
(1.1934458622930877 -0.00015798775035793066 0.0)
(2.3308673171846466 -0.0013946149934150147 0.0)
(3.413594293494625 -0.005472871407818373 0.0)
(4.428627433737384 -0.013604425709812991 0.0)
(5.353296809630879 -0.025208717531618723 0.0)
(6.201995743406803 -0.03788285200118712 0.0)
(6.9893394614323014 -0.04922052856488168 0.0)
(7.688513422384157 -0.05892310286551125 0.0)
(8.290507876960502 -0.06752537479773735 0.0)
(8.801353834047365 -0.07499667603814822 0.0)
(9.221130322751128 -0.08120772566761653 0.0)
(9.550531204054302 -0.0860912774479199 0.0)
(9.789856298794284 -0.0896037531358935 0.0)
(9.939568754457769 -0.09171945308495695 0.0)
(10.000000000000007 -0.09242605148860233 0.0)
(9.971542356653348 -0.09171945308495826 0.0)
(9.854588145650174 -0.08960375313589618 0.0)
(9.649468795945706 -0.08609127744792235 0.0)
(9.356647455026645 -0.08120772566762124 0.0)
(8.976423943730422 -0.07499667603815328 0.0)
(8.509492123039498 -0.06752537479774418 0.0)
(7.955931022060282 -0.05892310286551937 0.0)
(7.321771649678811 -0.04922052856488842 0.0)
(6.598004256593221 -0.03788285200119295 0.0)
(5.757814301480224 -0.025208717531624774 0.0)
(4.815817010707023 -0.01360442570981663 0.0)
(3.78640570650534 -0.005472871407819802 0.0)
(2.646910460593122 -0.0013946149934156136 0.0)
(1.3843319154846985 -0.0001579877503581723 0.0)
(0.02838973417434562 -2.5740255422756634e-06 0.0)
(-0.028387155674781665 -2.5198151857869875e-06 0.0)
(1.1934615493467788 -0.0001573130522922956 0.0)
(2.3309658104750315 -0.0013924541269518997 0.0)
(3.413953821643886 -0.0054695023919201615 0.0)
(4.429273858365011 -0.013601073070304915 0.0)
(5.353448331335176 -0.025204278785995644 0.0)
(6.200961453758139 -0.03787283462476642 0.0)
(6.988456461479647 -0.0492039111453981 0.0)
(7.68846025294167 -0.0589045894972625 0.0)
(8.290476530652017 -0.06750736002578767 0.0)
(8.801306382678398 -0.07497927712212815 0.0)
(9.221105463226232 -0.08119108526404253 0.0)
(9.550515560837464 -0.08607537069087894 0.0)
(9.789847481904891 -0.08958844603986116 0.0)
(9.93956479633952 -0.09170452928104954 0.0)
(10.000000000000007 -0.09241126228848484 0.0)
(9.971546314771597 -0.09170452928105084 0.0)
(9.854596962539567 -0.08958844603986384 0.0)
(9.649484439162544 -0.08607537069088135 0.0)
(9.35667231455154 -0.08119108526404722 0.0)
(8.97647139509939 -0.07497927712213319 0.0)
(8.509523469347984 -0.0675073600257945 0.0)
(7.955984191502769 -0.05890458949727062 0.0)
(7.322654649631469 -0.04920391114540484 0.0)
(6.599038546241887 -0.03787283462477226 0.0)
(5.7576627797759246 -0.025204278786001715 0.0)
(4.815170586079394 -0.013601073070308565 0.0)
(3.7860461783560777 -0.005469502391921593 0.0)
(2.646811967302737 -0.0013924541269524967 0.0)
(1.3843162284310073 -0.00015731305229253637 0.0)
(0.028387155674774733 -2.519815185809913e-06 0.0)
(-0.02839102357101999 -2.4771192985540403e-06 0.0)
(1.193453719094728 -0.00015682177894689922 0.0)
(2.3310208059393216 -0.0013911596790632593 0.0)
(3.4142777415386556 -0.005468482558072062 0.0)
(4.429989800638809 -0.013602334235216078 0.0)
(5.353852772508625 -0.025207157008497506 0.0)
(6.200137583722551 -0.03787223075900501 0.0)
(6.987520967203634 -0.049197030740583333 0.0)
(7.688341019289737 -0.05889507008236197 0.0)
(8.290439138086608 -0.06749766665551349 0.0)
(8.801252438655629 -0.07496958227695419 0.0)
(9.221076723655127 -0.08118156340730115 0.0)
(9.55049745280492 -0.08606608888273763 0.0)
(9.789837336629638 -0.08957939194424994 0.0)
(9.939560195894995 -0.09169562805754584 0.0)
(10.000000000000007 -0.09240241785322689 0.0)
(9.971550915216122 -0.09169562805754712 0.0)
(9.85460710781482 -0.08957939194425261 0.0)
(9.649502547195087 -0.08606608888274007 0.0)
(9.356701054122647 -0.08118156340730587 0.0)
(8.976525339122158 -0.07496958227695925 0.0)
(8.509560861913393 -0.06749766665552032 0.0)
(7.956103425154703 -0.05889507008237009 0.0)
(7.323590143907484 -0.0491970307405901 0.0)
(6.599862416277476 -0.037872230759010896 0.0)
(5.757258338602473 -0.025207157008503612 0.0)
(4.814454643805593 -0.013602334235219749 0.0)
(3.7857222584613077 -0.0054684825580735 0.0)
(2.646756971838447 -0.001391159679063857 0.0)
(1.3843240586830583 -0.00015682177894713956 0.0)
(0.0283910235710131 -2.4771192985769055e-06 0.0)
(-0.028401167914782956 -2.4478138597288978e-06 0.0)
(1.193422715583885 -0.00015653551597377894 0.0)
(2.3310298871774284 -0.0013907885254211955 0.0)
(3.414551820731352 -0.005469856715907623 0.0)
(4.430743803365048 -0.013608153791267523 0.0)
(5.354492362745968 -0.02521722573529313 0.0)
(6.199560332642173 -0.03788106693665969 0.0)
(6.98657408251131 -0.04920018966283762 0.0)
(7.688160960336891 -0.05889496288648512 0.0)
(8.290397342225194 -0.06749672059587117 0.0)
(8.801194372180731 -0.0749680174763871 0.0)
(9.221045366801986 -0.0811795784703579 0.0)
(9.550477675590493 -0.0860638398491652 0.0)
(9.789826308733362 -0.08957698866945699 0.0)
(9.93955515525931 -0.09169314051792223 0.0)
(10.000000000000007 -0.09239990679113327 0.0)
(9.971555955851805 -0.09169314051792353 0.0)
(9.854618135711096 -0.08957698866945969 0.0)
(9.649522324409517 -0.08606383984916764 0.0)
(9.356732410975786 -0.08117957847036264 0.0)
(8.976583405597056 -0.07496801747639216 0.0)
(8.509602657774806 -0.06749672059587802 0.0)
(7.9562834841075505 -0.05889496288649328 0.0)
(7.32453702859981 -0.04920018966284443 0.0)
(6.600439667357853 -0.037881066936665646 0.0)
(5.756618748365128 -0.025217225735299293 0.0)
(4.813700641079354 -0.013608153791271229 0.0)
(3.785448179268611 -0.005469856715909075 0.0)
(2.6467478906003405 -0.0013907885254217961 0.0)
(1.3843550621939014 -0.00015653551597401944 0.0)
(0.02840116791477612 -2.4478138597517427e-06 0.0)
(-0.02841714298216417 -2.4331864966807523e-06 0.0)
(1.1933699010517973 -0.00015646684124427041 0.0)
(2.3309926551763622 -0.001391356973837734 0.0)
(3.414764016683662 -0.0054735644874455034 0.0)
(4.431502737043344 -0.013618276037812923 0.0)
(5.355338999622274 -0.02523404256494734 0.0)
(6.199255063873429 -0.037898954912249656 0.0)
(6.985657411783781 -0.049213249114896176 0.0)
(7.687927987544111 -0.05890427261962265 0.0)
(8.290352979501462 -0.06750456341499059 0.0)
(8.801134734588382 -0.07497465147490104 0.0)
(9.221012770429574 -0.0811852176677107 0.0)
(9.550457098168799 -0.08606872240858228 0.0)
(9.78981488276165 -0.08958134181098007 0.0)
(9.939549895908778 -0.09169717596011896 0.0)
(10.000000000000007 -0.0924038394336785 0.0)
(9.971561215202339 -0.09169717596012027 0.0)
(9.854629561682808 -0.08958134181098278 0.0)
(9.649542901831209 -0.08606872240858475 0.0)
(9.3567650073482 -0.08118521766771547 0.0)
(8.976643043189405 -0.07497465147490616 0.0)
(8.509647020498539 -0.0675045634149975 0.0)
(7.956516456900331 -0.05890427261963087 0.0)
(7.3254536993273405 -0.04921324911490305 0.0)
(6.600744936126597 -0.03789895491225569 0.0)
(5.7557721114888185 -0.02523404256495357 0.0)
(4.812941707401056 -0.01361827603781667 0.0)
(3.785235983316301 -0.005473564487446973 0.0)
(2.6467851226014067 -0.0013913569738383399 0.0)
(1.3844078767259893 -0.00015646684124451168 0.0)
(0.028417142982157396 -2.4331864967036167e-06 0.0)
(-0.028438246857928465 -2.4338799089819336e-06 0.0)
(1.1932975960723833 -0.0001566187722003514 0.0)
(2.3309107458421363 -0.0013928400477293986 0.0)
(3.414905005893642 -0.005479442959987505 0.0)
(4.432233255516302 -0.0136322562218572 0.0)
(5.356355483462077 -0.025256868596730642 0.0)
(6.199235190367542 -0.03792510872085262 0.0)
(6.984811231855813 -0.04923563528832714 0.0)
(7.687652337309702 -0.058922590229132196 0.0)
(8.290307999132335 -0.0675208505137477 0.0)
(8.801076146245286 -0.07498919278673788 0.0)
(9.22098036676286 -0.08119823322334452 0.0)
(9.550436624674107 -0.08608052203026047 0.0)
(9.789803560750796 -0.0895922600997445 0.0)
(9.939544648929637 -0.09170755707418858 0.0)
(10.000000000000007 -0.09241404298774372 0.0)
(9.97156646218148 -0.09170755707418989 0.0)
(9.854640883693662 -0.08959226009974723 0.0)
(9.649563375325902 -0.08608052203026297 0.0)
(9.356797411014915 -0.08119823322334932 0.0)
(8.976701631532503 -0.07498919278674306 0.0)
(8.509692000867666 -0.06752085051375467 0.0)
(7.956792107134741 -0.05892259022914048 0.0)
(7.326299879255311 -0.0492356352883341 0.0)
(6.600764809632484 -0.03792510872085874 0.0)
(5.754755627649012 -0.025256868596736957 0.0)
(4.812211188928095 -0.013632256221861002 0.0)
(3.7850949941063208 -0.005479442959988998 0.0)
(2.646867031935633 -0.0013928400477300118 0.0)
(1.3844801817054038 -0.0001566187722005939 0.0)
(0.028438246857921762 -2.4338799090048573e-06 0.0)
(-0.028463552276383197 -2.4498636293644907e-06 0.0)
(1.19320897759416 -0.00015698463327376151 0.0)
(2.3307877581210477 -0.0013951725835425974 0.0)
(3.4149685935533385 -0.005487233844204491 0.0)
(4.432903261138669 -0.013649480079689478 0.0)
(5.3574971518250605 -0.025284700896565527 0.0)
(6.199501585330004 -0.03795837921196558 0.0)
(6.984072722325398 -0.049266364575624305 0.0)
(7.687346121200674 -0.058949110872763014 0.0)
(8.29026437747294 -0.06754486626681952 0.0)
(8.801021181416052 -0.0750110024932581 0.0)
(9.220949579559676 -0.08121805325755604 0.0)
(9.550417154674316 -0.08609872026041003 0.0)
(9.789792840169243 -0.08960926380611639 0.0)
(9.939539644864551 -0.09172382773297051 0.0)
(10.000000000000007 -0.0924300691278302 0.0)
(9.971571466246564 -0.09172382773297184 0.0)
(9.854651604275215 -0.08960926380611915 0.0)
(9.649582845325694 -0.08609872026041258 0.0)
(9.356828198218096 -0.0812180532575609 0.0)
(8.976756596361735 -0.07501100249326333 0.0)
(8.50973562252706 -0.06754486626682657 0.0)
(7.957098323243769 -0.058949110872771396 0.0)
(7.327038388785727 -0.049266364575631376 0.0)
(6.60049841467002 -0.03795837921197181 0.0)
(5.753613959286026 -0.02528470089657193 0.0)
(4.811541183305727 -0.013649480079693332 0.0)
(3.7850314064466244 -0.005487233844206011 0.0)
(2.6469900196567226 -0.0013951725835432192 0.0)
(1.3845688001836274 -0.0001569846332740057 0.0)
(0.028463552276376577 -2.44986362938751e-06 0.0)
(-0.028491947363736427 -2.4804353623962036e-06 0.0)
(1.1931079393509376 -0.00015754834919825896 0.0)
(2.3306290958685607 -0.0013982520939209515 0.0)
(3.4149519857373147 -0.00549659482289699 0.0)
(4.433483315089137 -0.013669190826506755 0.0)
(5.358713841891977 -0.025316316564115007 0.0)
(6.200042543853519 -0.0379973045410757 0.0)
(6.983474331950237 -0.04930408678812148 0.0)
(7.687022793792653 -0.058982669281952116 0.0)
(8.290224031179191 -0.06757555546595162 0.0)
(8.800972255154726 -0.07503912231585694 0.0)
(9.220921761553411 -0.0812438069143018 0.0)
(9.550399543645597 -0.08612251750209095 0.0)
(9.789783192059732 -0.0896316058183452 0.0)
(9.939535103582989 -0.09174527303348427 0.0)
(10.000000000000007 -0.0924512136946615 0.0)
(9.971576007528128 -0.0917452730334856 0.0)
(9.854661252384727 -0.08963160581834796 0.0)
(9.649600456354412 -0.08612251750209353 0.0)
(9.356856016224363 -0.08124380691430672 0.0)
(8.976805522623062 -0.07503912231586223 0.0)
(8.509775968820811 -0.06757555546595875 0.0)
(7.957421650651791 -0.058982669281960595 0.0)
(7.327636779160889 -0.04930408678812866 0.0)
(6.599957456146502 -0.03799730454108204 0.0)
(5.752397269219106 -0.0253163165641215 0.0)
(4.810961129355259 -0.013669190826510672 0.0)
(3.7850480142626486 -0.005496594822898541 0.0)
(2.6471486819092096 -0.0013982520939215834 0.0)
(1.3846698384268499 -0.00015754834919850532 0.0)
(0.02849194736372989 -2.4804353624193526e-06 0.0)
(-0.028522184491797192 -2.5242518420570643e-06 0.0)
(1.1929989207782792 -0.00015828515132741057 0.0)
(2.3304417304137863 -0.001401943270812241 0.0)
(3.4148559121626234 -0.00550711459178668 0.0)
(4.433947930858301 -0.01369052240815368 0.0)
(5.359952094527159 -0.025350326464786178 0.0)
(6.200834297210221 -0.038040174400433745 0.0)
(6.983042352908691 -0.04934714448081237 0.0)
(7.686696561500435 -0.0590217909615931 0.0)
(8.29018873299342 -0.06761156968387849 0.0)
(8.800931517191719 -0.07507231672097311 0.0)
(9.220898135016366 -0.08127436262501936 0.0)
(9.550384565384334 -0.08615086814803956 0.0)
(9.789775040342544 -0.0896583044692871 0.0)
(9.93953122462055 -0.09177095070845832 0.0)
(10.000000000000007 -0.09247654763465393 0.0)
(9.971579886490566 -0.09177095070845966 0.0)
(9.854669404101914 -0.08965830446928992 0.0)
(9.649615434615674 -0.08615086814804217 0.0)
(9.356879642761408 -0.08127436262502433 0.0)
(8.97684626058607 -0.07507231672097849 0.0)
(8.509811267006581 -0.06761156968388571 0.0)
(7.95774788294401 -0.05902179096160169 0.0)
(7.328068758202435 -0.04934714448081968 0.0)
(6.599165702789797 -0.0380401744004402 0.0)
(5.75115901658392 -0.02535032646479277 0.0)
(4.810496513586093 -0.013690522408157652 0.0)
(3.7851440878373404 -0.005507114591788259 0.0)
(2.647336047363985 -0.0014019432708128842 0.0)
(1.3847788569995085 -0.0001582851513276593 0.0)
(0.028522184491790746 -2.5242518420803683e-06 0.0)
(-0.02855293509647578 -2.5793878523907585e-06 0.0)
(1.1928867119528237 -0.00015916266592360276 0.0)
(2.330233894252031 -0.0014060839306566802 0.0)
(3.4146845941263755 -0.005518330931473918 0.0)
(4.434276694079255 -0.013712537553957708 0.0)
(5.361157503175136 -0.025385236265762914 0.0)
(6.201842057206088 -0.03808510516684772 0.0)
(6.982795765569562 -0.049393645777451964 0.0)
(7.686381758374115 -0.05906475697665366 0.0)
(8.290160033853336 -0.06765132652175052 0.0)
(8.800900757478598 -0.07510912720717333 0.0)
(9.220879738055354 -0.08130837782767983 0.0)
(9.550372878007927 -0.0861825265227389 0.0)
(9.789768743189219 -0.08968818666906356 0.0)
(9.939528178411749 -0.09179973252783026 0.0)
(10.000000000000007 -0.0925049578208314 0.0)
(9.971582932699366 -0.09179973252783165 0.0)
(9.854675701255239 -0.0896881866690664 0.0)
(9.649627121992083 -0.08618252652274157 0.0)
(9.356898039722418 -0.08130837782768485 0.0)
(8.976877020299192 -0.07510912720717879 0.0)
(8.509839966146664 -0.06765132652175782 0.0)
(7.958062686070329 -0.059064756976662344 0.0)
(7.328315345541564 -0.04939364577745938 0.0)
(6.598157942793927 -0.038085105166854295 0.0)
(5.749953607935941 -0.02538523626576959 0.0)
(4.81016775036514 -0.01371253755396174 0.0)
(3.7853154058735896 -0.00551833093147553 0.0)
(2.6475438835257408 -0.001406083930657335 0.0)
(1.3848910658249645 -0.0001591626659238541 0.0)
(0.028552935096469403 -2.579387852414238e-06 0.0)
(-0.02858284805245924 -2.6434208179717035e-06 0.0)
(1.1927762431250812 -0.00016014233660084642 0.0)
(2.330014719324017 -0.0014104921404358278 0.0)
(3.4144455590296654 -0.005529751016512566 0.0)
(4.434455159497526 -0.013734268958687781 0.0)
(5.362277104385147 -0.025419512094255966 0.0)
(6.203021544710545 -0.038130122664639894 0.0)
(6.982745404529412 -0.04944154749613763 0.0)
(7.6860922162871494 -0.0591096794790361 0.0)
(8.29013919474665 -0.06769307913684475 0.0)
(8.800881327540884 -0.0751479363890368 0.0)
(9.22086737899919 -0.08134435795650741 0.0)
(9.550364995038311 -0.0862161016151221 0.0)
(9.789764577285155 -0.08971993944848433 0.0)
(9.93952609880143 -0.09183035387111178 0.0)
(10.000000000000007 -0.09253519596158824 0.0)
(9.971585012309687 -0.09183035387111317 0.0)
(9.854679867159303 -0.08971993944848718 0.0)
(9.649635004961699 -0.08621610161512479 0.0)
(9.356910398778584 -0.08134435795651251 0.0)
(8.976896450236904 -0.07514793638904231 0.0)
(8.50986080525335 -0.06769307913685213 0.0)
(7.958352228157296 -0.059109679479044885 0.0)
(7.328365706581713 -0.049441547496145176 0.0)
(6.596978455289466 -0.03813012266464658 0.0)
(5.748834006725927 -0.025419512094262724 0.0)
(4.8099892849468695 -0.013734268958691865 0.0)
(3.7855544409703006 -0.0055297510165142035 0.0)
(2.647763058453755 -0.001410492140436494 0.0)
(1.3850015346527071 -0.00016014233660110045 0.0)
(0.028582848052452932 -2.643420817995371e-06 0.0)
(-0.028610609039185865 -2.713537247437273e-06 0.0)
(1.1926723680932456 -0.00016118111842184033 0.0)
(2.3297938357751127 -0.0014149742114765794 0.0)
(3.4141493096373403 -0.005540873069258475 0.0)
(4.434475485669128 -0.013754761784176546 0.0)
(5.363261704928279 -0.025451647933067204 0.0)
(6.204320935200459 -0.0381732489073145 0.0)
(6.982893482560214 -0.04948874492298405 0.0)
(7.685840657189136 -0.05915458465616914 0.0)
(8.290127131305587 -0.06773499299563812 0.0)
(8.800874081094495 -0.07518703906211185 0.0)
(9.220861600882186 -0.08138072211046521 0.0)
(9.55036126283875 -0.08625011819705368 0.0)
(9.789762725672555 -0.08975216764851168 0.0)
(9.939525077163863 -0.09186146929249923 0.0)
(10.000000000000007 -0.09256593344833869 0.0)
(9.971586033947254 -0.09186146929250062 0.0)
(9.854681718771904 -0.08975216764851458 0.0)
(9.64963873716126 -0.0862501181970564 0.0)
(9.356916176895588 -0.08138072211047034 0.0)
(8.976903696683294 -0.07518703906211742 0.0)
(8.509872868694414 -0.06773499299564559 0.0)
(7.95860378725531 -0.05915458465617804 0.0)
(7.32821762855091 -0.04948874492299169 0.0)
(6.595679064799548 -0.038173248907321274 0.0)
(5.7478494061827945 -0.025451647933074032 0.0)
(4.8099689587752685 -0.013754761784180674 0.0)
(3.785850690362626 -0.005540873069260138 0.0)
(2.6479839420026603 -0.001414974211477256 0.0)
(1.385105409684543 -0.00016118111842209704 0.0)
(0.02861060903917962 -2.713537247461132e-06 0.0)
(-0.028634998289686187 -2.7866563531511317e-06 0.0)
(1.192579650936182 -0.00016223336921376768 0.0)
(2.329580948824361 -0.0014193332097771217 0.0)
(3.413808862605727 -0.005551208407061214 0.0)
(4.434336779499265 -0.013773115613162584 0.0)
(5.364068043257941 -0.025480231792230124 0.0)
(6.205683135834871 -0.03821258900666561 0.0)
(6.983233493384193 -0.04953316428940084 0.0)
(7.685638134126627 -0.059197499456721286 0.0)
(8.290124373575676 -0.06777522647985454 0.0)
(8.800879336535028 -0.07522471712647985 0.0)
(9.220862657584236 -0.08141587251515464 0.0)
(9.550361845395265 -0.08628308164215516 0.0)
(9.789763269707887 -0.08978345522099629 0.0)
(9.939525158387934 -0.09189171163730091 0.0)
(10.000000000000007 -0.09259581973214756 0.0)
(9.971585952723181 -0.09189171163730232 0.0)
(9.854681174736571 -0.08978345522099922 0.0)
(9.649638154604743 -0.08628308164215794 0.0)
(9.356915120193538 -0.0814158725151598 0.0)
(8.97689844124276 -0.0752247171264855 0.0)
(8.509875626424325 -0.06777522647986209 0.0)
(7.9588063103178195 -0.05919749945673025 0.0)
(7.327877617726929 -0.049533164289408564 0.0)
(6.594316864165132 -0.038212589006672466 0.0)
(5.747043067853132 -0.025480231792237008 0.0)
(4.810107664945131 -0.01377311561316675 0.0)
(3.786191137394241 -0.005551208407062898 0.0)
(2.6481968289534126 -0.0014193332097778082 0.0)
(1.385198126841607 -0.00016223336921402683 0.0)
(0.02863499828967999 -2.7866563531751786e-06 0.0)
(-0.028654944184912087 -2.859565415375836e-06 0.0)
(1.1925021654761503 -0.00016325285500186959 0.0)
(2.3293854123349123 -0.001423377608926691 0.0)
(3.413439176554563 -0.005560302914085695 0.0)
(4.434045135483288 -0.013788524011977636 0.0)
(5.364660690343082 -0.0255040077492658 0.0)
(6.20704829400998 -0.038246414430698435 0.0)
(6.983750497547778 -0.04957285388969057 0.0)
(7.685493545592483 -0.05923653828286665 0.0)
(8.290131042726525 -0.06781201180380259 0.0)
(8.80089686294804 -0.07525931507692257 0.0)
(9.220870502675785 -0.08144826472609948 0.0)
(9.550366717111391 -0.08631354359695372 0.0)
(9.789766185487236 -0.08981242744724216 0.0)
(9.939526338904807 -0.09191975211221302 0.0)
(10.000000000000007 -0.09262354166437972 0.0)
(9.97158477220631 -0.09191975211221444 0.0)
(9.854678258957222 -0.08981242744724509 0.0)
(9.649633282888619 -0.08631354359695652 0.0)
(9.356907275101989 -0.08144826472610472 0.0)
(8.976880914829747 -0.07525931507692828 0.0)
(8.509868957273477 -0.06781201180381019 0.0)
(7.958950898851963 -0.059236538282875686 0.0)
(7.327360613563343 -0.049572853889698364 0.0)
(6.5929517059900205 -0.038246414430705346 0.0)
(5.74645042076799 -0.02550400774927272 0.0)
(4.81039930896111 -0.013788524011981827 0.0)
(3.786560823445406 -0.0055603029140873965 0.0)
(2.648392365442861 -0.0014233776089273853 0.0)
(1.3852756123016385 -0.00016325285500213096 0.0)
(0.02865494418490592 -2.859565415400058e-06 0.0)
(-0.02866957033871733 -2.929060943300593e-06 0.0)
(1.1924433162825088 -0.00016419478144571333 0.0)
(2.32921581782239 -0.0014269297054256742 0.0)
(3.4130564948126154 -0.005567756994331193 0.0)
(4.433613367925709 -0.013800309963766634 0.0)
(5.3650136063549985 -0.025521931132118963 0.0)
(6.208356427173058 -0.03827323895216283 0.0)
(6.984421778833852 -0.04960606983542659 0.0)
(7.685413244542379 -0.059269985840003925 0.0)
(8.290146845727845 -0.06784373268764488 0.0)
(8.800925890255009 -0.07528931274279271 0.0)
(9.22088479145786 -0.08147647548881073 0.0)
(9.550375663932831 -0.08634016561888407 0.0)
(9.789771344896591 -0.08983781134063124 0.0)
(9.93952856684473 -0.09194435867006655 0.0)
(10.000000000000007 -0.09264788119404874 0.0)
(9.971582544266386 -0.09194435867006799 0.0)
(9.854673099547867 -0.08983781134063419 0.0)
(9.649624336067179 -0.0863401656188869 0.0)
(9.356892986319913 -0.08147647548881598 0.0)
(8.97685188752278 -0.07528931274279844 0.0)
(8.509853154272156 -0.06784373268765251 0.0)
(7.959031199902069 -0.059269985840013015 0.0)
(7.326689332277266 -0.04960606983543444 0.0)
(6.591643572826939 -0.03827323895216977 0.0)
(5.746097504756074 -0.0255219311321259 0.0)
(4.810831076518691 -0.01380030996377084 0.0)
(3.786943505187354 -0.005567756994332907 0.0)
(2.6485619599553845 -0.001426929705426375 0.0)
(1.3853344614952803 -0.0001641947814459766 0.0)
(0.02866957033871117 -2.929060943324969e-06 0.0)
(-0.0286782341046615 -2.9920894305668625e-06 0.0)
(1.1924056890811645 -0.00016501776202056223 0.0)
(2.329079616959409 -0.0014298334266522833 0.0)
(3.412677631715529 -0.005573243129148577 0.0)
(4.433060447903112 -0.01380795561536976 0.0)
(5.365111284809768 -0.025533214420136948 0.0)
(6.209550058346082 -0.03829188395065971 0.0)
(6.98521784237078 -0.04963135267872011 0.0)
(7.685400759257547 -0.05929637250366308 0.0)
(8.290171088224671 -0.06786899537377705 0.0)
(8.800965143049167 -0.07531339208153112 0.0)
(9.220904896107522 -0.08149926527398496 0.0)
(9.550388292752618 -0.08636177798500617 0.0)
(9.789778521240944 -0.08985849157932654 0.0)
(9.939531744316099 -0.09196445014372583 0.0)
(10.000000000000007 -0.09266776888674885 0.0)
(9.971579366795018 -0.09196445014372724 0.0)
(9.854665923203513 -0.0898584915793295 0.0)
(9.64961170724739 -0.08636177798500903 0.0)
(9.356872881670252 -0.08149926527399023 0.0)
(8.97681263472862 -0.07531339208153685 0.0)
(8.50982891177533 -0.06786899537378471 0.0)
(7.9590436851868995 -0.0592963725036722 0.0)
(7.325893268740336 -0.04963135267872799 0.0)
(6.5904499416539135 -0.038291883950666676 0.0)
(5.745999826301305 -0.025533214420143887 0.0)
(4.81138399654129 -0.013807955615373966 0.0)
(3.7873223682844412 -0.005573243129150294 0.0)
(2.6486981608183653 -0.001429833426652988 0.0)
(1.3853720886966245 -0.00016501776202082691 0.0)
(0.02867823410465533 -2.9920894305913667e-06 0.0)
)
