(
(-0.020315996852028867 5.421773077303016e-05 0.0)
(1.2092829347424026 0.0006911012092634094 0.0)
(2.3291479630526393 0.0023659779706871505 0.0)
(3.371721366324182 0.0042693906032082425 0.0)
(4.352181799534321 0.005126458665748527 0.0)
(5.270238626874559 0.005072098844542834 0.0)
(6.137667734982879 0.0056959889523551755 0.0)
(6.945741850771556 0.007648444278681675 0.0)
(7.655365206062034 0.009849957055816734 0.0)
(8.262962381209176 0.01168509451214291 0.0)
(8.779207152220865 0.01323479422834742 0.0)
(9.204024865817562 0.014519034798678991 0.0)
(9.5380436159791 0.015526911375625691 0.0)
(9.78169890974669 0.016250920842432525 0.0)
(9.9355383054052 0.016687176443799457 0.0)
(10.000000000000004 0.016832650788682197 0.0)
(9.975572805705896 0.016687176443797816 0.0)
(9.862745534697765 0.01625092084242933 0.0)
(9.661956384020895 0.015526911375621564 0.0)
(9.373752911960201 0.01451903479867343 0.0)
(8.998570625556916 0.013234794228341425 0.0)
(8.537037618790805 0.011685094512135334 0.0)
(7.989079238382409 0.009849957055808434 0.0)
(7.3653692603395795 0.007648444278674425 0.0)
(6.662332265017138 0.005695988952348079 0.0)
(5.840872484236557 0.005072098844535663 0.0)
(4.892262644910137 0.005126458665744439 0.0)
(3.828278633675815 0.00426939060320682 0.0)
(2.6486298147251457 0.002365977970686885 0.0)
(1.3684948430353898 0.0006911012092632453 0.0)
(0.020315996852032583 5.421773077301413e-05 0.0)
(-0.020329255487156805 5.423176159761707e-05 0.0)
(1.209239340279586 0.0006911811266418956 0.0)
(2.3291201530482555 0.0023655753363372176 0.0)
(3.3719106409142543 0.004266405905969695 0.0)
(4.352837381552069 0.005118115072924984 0.0)
(5.270950931334344 0.005058199214290975 0.0)
(6.137378159889352 0.005681380986639285 0.0)
(6.944946595879581 0.007638090419269654 0.0)
(7.655168814608616 0.00984279890020315 0.0)
(8.26292427503675 0.011679145082849592 0.0)
(8.779155747884014 0.013229834007323376 0.0)
(9.20399680549843 0.0145148802363614 0.0)
(9.538025903749022 0.015523364352818328 0.0)
(9.78168907035356 0.0162477960283527 0.0)
(9.935533779704889 0.016684304210278365 0.0)
(10.000000000000004 0.016829859930386017 0.0)
(9.975577331406209 0.016684304210276717 0.0)
(9.862755374090897 0.01624779602834949 0.0)
(9.661974096250976 0.015523364352814184 0.0)
(9.373780972279333 0.01451488023635581 0.0)
(8.998622029893768 0.01322983400731735 0.0)
(8.53707572496323 0.011679145082841975 0.0)
(7.989275629835828 0.009842798900194804 0.0)
(7.3661645152315565 0.007638090419262347 0.0)
(6.662621840110665 0.00568138098663212 0.0)
(5.840160179776769 0.0050581992142837455 0.0)
(4.891607062892388 0.005118115072920858 0.0)
(3.8280893590857428 0.004266405905968255 0.0)
(2.6486576247295295 0.002365575336336947 0.0)
(1.3685384374982066 0.000691181126641731 0.0)
(0.020329255487160584 5.4231761597601034e-05 0.0)
(-0.020347013937114335 5.4232609336259955e-05 0.0)
(1.2091786784256477 0.000691070630068592 0.0)
(2.329053567933498 0.00236437970978518 0.0)
(3.372039242668877 0.004261529393657309 0.0)
(4.353471550274212 0.005106394539434028 0.0)
(5.271813570970651 0.005039035233744304 0.0)
(6.137334023111802 0.005659553517528486 0.0)
(6.944208471193118 0.007619620028479101 0.0)
(7.65493456444547 0.00982781539580843 0.0)
(8.262885450834588 0.011665863584790959 0.0)
(8.77910500304269 0.013218010906168526 0.0)
(9.203968776477556 0.01450432589796746 0.0)
(9.53800819595553 0.015513817725085626 0.0)
(9.781679273407073 0.016238978013733602 0.0)
(9.935529242871215 0.01667592981663382 0.0)
(10.000000000000004 0.016821631963972048 0.0)
(9.975581868239882 0.016675929816632164 0.0)
(9.862765171037383 0.01623897801373038 0.0)
(9.661991804044465 0.015513817725081458 0.0)
(9.373809001300208 0.014504325897961839 0.0)
(8.998672774735093 0.013218010906162458 0.0)
(8.537114549165393 0.011665863584783293 0.0)
(7.989509879998974 0.009827815395800025 0.0)
(7.36690263991802 0.007619620028471719 0.0)
(6.662665976888214 0.00565955351752124 0.0)
(5.83929754014046 0.005039035233737005 0.0)
(4.890972894170244 0.005106394539429859 0.0)
(3.82796075733112 0.00426152939365585 0.0)
(2.6487242098442874 0.0023643797097849034 0.0)
(1.368599099352145 0.0006910706300684264 0.0)
(0.02034701393711817 5.423260933624387e-05 0.0)
(-0.020368491928098476 5.422023674087376e-05 0.0)
(1.2091036145514722 0.0006907745745607818 0.0)
(2.3289511333364956 0.0023624436246743987 0.0)
(3.3721015210622234 0.004254975331300765 0.0)
(4.354056441487278 0.005091812044075143 0.0)
(5.272788642976015 0.005015448933148529 0.0)
(6.137537263939489 0.005631465604083281 0.0)
(6.94355990856053 0.0075938446614907265 0.0)
(7.654672748096217 0.009805664890404133 0.0)
(8.2628476144671 0.0116458335826939 0.0)
(8.779057147332384 0.013199844410317864 0.0)
(9.203942010298837 0.01448783552181758 0.0)
(9.537991270646682 0.015498690953785099 0.0)
(9.781669949367137 0.016224854246005508 0.0)
(9.935524894244352 0.016662421218402026 0.0)
(10.000000000000004 0.016808328411231876 0.0)
(9.975586216866745 0.016662421218400364 0.0)
(9.86277449507732 0.016224854246002264 0.0)
(9.662008729353314 0.015498690953780899 0.0)
(9.373835767478928 0.014487835521811918 0.0)
(8.998720630445398 0.013199844410311743 0.0)
(8.537152385532881 0.011645833582686168 0.0)
(7.989771696348228 0.009805664890395655 0.0)
(7.36755120255061 0.007593844661483258 0.0)
(6.662462736060526 0.005631465604075943 0.0)
(5.838322468135092 0.005015448933141156 0.0)
(4.890388002957177 0.005091812044070925 0.0)
(3.8278984789377737 0.004254975331299283 0.0)
(2.6488266444412902 0.002362443624674114 0.0)
(1.368674163226321 0.0006907745745606148 0.0)
(0.020368491928102386 5.422023674085759e-05 0.0)
(-0.020392745756478266 5.41951874406647e-05 0.0)
(1.209017446826365 0.0006903059682558599 0.0)
(2.3288173500460414 0.0023598521490426723 0.0)
(3.3720947396956245 0.004247031692409691 0.0)
(4.354566356141392 0.005075008315016478 0.0)
(5.273833304470364 0.004988476651401914 0.0)
(6.137978952342262 0.005598351377835071 0.0)
(6.9430294046373815 0.007561896840775298 0.0)
(7.654394869292263 0.009777320636674523 0.0)
(8.262812428395058 0.011619935158206697 0.0)
(8.77901428344546 0.0131761327223644 0.0)
(9.203917683019199 0.014466133664871504 0.0)
(9.53797587148958 0.015478648681574048 0.0)
(9.781661507915006 0.016206045297683675 0.0)
(9.935520924895007 0.01664437195867603 0.0)
(10.000000000000004 0.01679053380593475 0.0)
(9.97559018621609 0.016644371958674353 0.0)
(9.86278293652945 0.01620604529768041 0.0)
(9.662024128510415 0.015478648681569814 0.0)
(9.373860094758566 0.014466133664865793 0.0)
(8.998763494332321 0.01317613272235822 0.0)
(8.537187571604923 0.011619935158198896 0.0)
(7.990049575152183 0.009777320636665959 0.0)
(7.368081706473759 0.0075618968407677335 0.0)
(6.66202104765775 0.005598351377827633 0.0)
(5.837277806640741 0.004988476651394459 0.0)
(4.889878088303061 0.00507500831501221 0.0)
(3.827905260304373 0.004247031692408184 0.0)
(2.648960427731745 0.00235985214904238 0.0)
(1.3687603309514285 0.000690305968255691 0.0)
(0.020392745756482245 5.419518744064842e-05 0.0)
(-0.020418709753405824 5.415856205605758e-05 0.0)
(1.208923961302528 0.0006896854008575736 0.0)
(2.3286580962551686 0.00235671914758829 0.0)
(3.372019196529922 0.004238047505944483 0.0)
(4.354978889519517 0.005056721677371316 0.0)
(5.274901654938791 0.0049593035012200064 0.0)
(6.13863968133975 0.005561665817304432 0.0)
(6.942640268795525 0.007525180295128167 0.0)
(7.6541131375198885 0.009744028029274125 0.0)
(8.262781438630094 0.011589306240721494 0.0)
(8.77897829474269 0.013147917690497503 0.0)
(9.203896863534805 0.014440173867021011 0.0)
(9.537962675095018 0.01545457152922712 0.0)
(9.781654319952647 0.01618337759954738 0.0)
(9.935517509229129 0.016622575088907982 0.0)
(10.000000000000004 0.016769030010483108 0.0)
(9.975593601881966 0.016622575088906293 0.0)
(9.86279012449181 0.016183377599544087 0.0)
(9.662037324904977 0.015454571529222852 0.0)
(9.37388091424296 0.014440173867015252 0.0)
(8.998799483035091 0.013147917690491262 0.0)
(8.537218561369887 0.01158930624071362 0.0)
(7.990331306924558 0.009744028029265474 0.0)
(7.368470842315616 0.0075251802951205 0.0)
(6.661360318660259 0.005561665817296893 0.0)
(5.836209456172312 0.004959303501212472 0.0)
(4.889465554924937 0.005056721677366996 0.0)
(3.827980803470076 0.00423804750594295 0.0)
(2.649119681522618 0.002356719147587987 0.0)
(1.3688538164752657 0.0006896854008574027 0.0)
(0.020418709753409873 5.415856205604118e-05 0.0)
(-0.020445243108355937 5.4111969839447796e-05 0.0)
(1.2088272655628518 0.0006889401389621074 0.0)
(2.3284803692841014 0.0023531822786634913 0.0)
(3.3718782107936156 0.00422841752062232 0.0)
(4.355275915659724 0.005037755612543329 0.0)
(5.275946753016204 0.004929211297451032 0.0)
(6.139490419708574 0.005523020818906749 0.0)
(6.942409598951948 0.007485308282394046 0.0)
(7.653839931557759 0.009707249884465015 0.0)
(8.26275600680579 0.011555292608838573 0.0)
(8.778950762501836 0.013116439031599461 0.0)
(9.203880466615708 0.014411096754291544 0.0)
(9.537952261288432 0.015427517402770544 0.0)
(9.781648701305974 0.016157847128783338 0.0)
(9.93551479732483 0.016597988323679255 0.0)
(10.000000000000004 0.01674476186230901 0.0)
(9.975596313786268 0.016597988323677558 0.0)
(9.862795743138483 0.016157847128780017 0.0)
(9.662047738711564 0.015427517402766234 0.0)
(9.373897311162056 0.014411096754285733 0.0)
(8.998827015275946 0.013116439031593157 0.0)
(8.537243993194194 0.01155529260883062 0.0)
(7.990604512886688 0.009707249884456273 0.0)
(7.368701512159192 0.007485308282386275 0.0)
(6.660509580291434 0.005523020818899111 0.0)
(5.835164358094895 0.004929211297443419 0.0)
(4.8891685287847295 0.0050377556125389585 0.0)
(3.8281217892063832 0.004228417520620761 0.0)
(2.649297408493686 0.002353182278663179 0.0)
(1.3689505122149421 0.0006889401389619344 0.0)
(0.020445243108360055 5.4111969839431235e-05 0.0)
(-0.020471179994253505 5.4057457967595115e-05 0.0)
(1.2087316082412378 0.0006881029280137303 0.0)
(2.3282919781308062 0.0023493969458183144 0.0)
(3.3716779771420318 0.004218564860380696 0.0)
(4.355444383776808 0.005018943454723622 0.0)
(5.276922679005037 0.004899522236476467 0.0)
(6.140493787561187 0.0054841143731725875 0.0)
(6.94234753031758 0.007444032705868687 0.0)
(7.653587255576034 0.009668602166646391 0.0)
(8.262737250349973 0.011519388759316683 0.0)
(8.77893289643919 0.01308307986035368 0.0)
(9.20386921271254 0.014380179921821362 0.0)
(9.537945087633428 0.015398675011026687 0.0)
(9.781644898848043 0.016130575647570252 0.0)
(9.93551290833822 0.016571691960473787 0.0)
(10.000000000000004 0.01671879565944592 0.0)
(9.975598202772876 0.01657169196047207 0.0)
(9.862799545596415 0.01613057564756691 0.0)
(9.66205491236657 0.015398675011022342 0.0)
(9.373908565065225 0.014380179921815502 0.0)
(8.998844881338592 0.01308307986034731 0.0)
(8.537262749650008 0.011519388759308653 0.0)
(7.990857188868414 0.00966860216663756 0.0)
(7.36876358079356 0.007444032705860816 0.0)
(6.659506212438817 0.005484114373164854 0.0)
(5.834188432106061 0.0048995222364687846 0.0)
(4.889000060667645 0.005018943454719206 0.0)
(3.8283220228579675 0.004218564860379112 0.0)
(2.6494857996469814 0.0023493969458179926 0.0)
(1.3690461695365563 0.0006881029280135549 0.0)
(0.020471179994257686 5.405745796757839e-05 0.0)
(-0.020495380791782376 5.3997421592422104e-05 0.0)
(1.2086411923453977 0.0006872105535298798 0.0)
(2.3281012003579074 0.002345529469652905 0.0)
(3.371427293475504 0.004208922433085695 0.0)
(4.355476891689907 0.0050011117757109225 0.0)
(5.277786552502744 0.004871540801320934 0.0)
(6.141605698749757 0.0054466559581501746 0.0)
(6.942456790074662 0.007403167138873079 0.0)
(7.653366211695092 0.009629782985835196 0.0)
(8.262725993387004 0.011483172241619584 0.0)
(8.778925481556863 0.013049305917715815 0.0)
(9.203863596301215 0.014348781798668463 0.0)
(9.537941469327285 0.015369311635923113 0.0)
(9.781643079651898 0.016102761414900853 0.0)
(9.93551192526792 0.016544841413382975 0.0)
(10.000000000000004 0.016692272309343798 0.0)
(9.975599185843178 0.01654484141338125 0.0)
(9.862801364792558 0.016102761414897485 0.0)
(9.662058530672711 0.015369311635918733 0.0)
(9.373914181476549 0.014348781798662554 0.0)
(8.99885229622092 0.013049305917709387 0.0)
(8.537274006612977 0.011483172241611484 0.0)
(7.991078232749356 0.009629782985826282 0.0)
(7.368654321036477 0.007403167138865118 0.0)
(6.658394301250244 0.00544665595814236 0.0)
(5.833324558608353 0.004871540801313189 0.0)
(4.888967552754546 0.005001111775706469 0.0)
(3.828572706524496 0.004208922433084089 0.0)
(2.6496765774198807 0.0023455294696525736 0.0)
(1.3691365854323967 0.000687210553529702 0.0)
(0.020495380791786606 5.399742159240522e-05 0.0)
(-0.020516782162173237 5.3934498602420414e-05 0.0)
(1.2085599905843833 0.0006863022248128232 0.0)
(2.3279164183917276 0.002341749779994624 0.0)
(3.3711371743757272 0.004199913909352339 0.0)
(4.355372011060792 0.004985044066858916 0.0)
(5.2785004164882485 0.004846496445054575 0.0)
(6.1427772979308415 0.005412291428067363 0.0)
(6.942732577549354 0.007364507139659569 0.0)
(7.653186512178674 0.009592497985818594 0.0)
(8.262722730527239 0.011448234343278638 0.0)
(8.778928843651215 0.013016601168937695 0.0)
(9.203863864156574 0.014318281960922934 0.0)
(9.537941565351755 0.015340717450443096 0.0)
(9.781643323649693 0.01607562653727394 0.0)
(9.935511891308233 0.01651861644632432 0.0)
(10.000000000000004 0.016666357199483044 0.0)
(9.975599219802863 0.016518616446322583 0.0)
(9.862801120794764 0.01607562653727055 0.0)
(9.662058434648241 0.015340717450438685 0.0)
(9.373913913621191 0.014318281960916987 0.0)
(8.998848934126565 0.013016601168931214 0.0)
(8.537277269472742 0.011448234343270473 0.0)
(7.991257932265774 0.009592497985809606 0.0)
(7.368378533561784 0.007364507139651529 0.0)
(6.657222702069156 0.005412291428059479 0.0)
(5.832610694622846 0.004846496445046782 0.0)
(4.889072433383662 0.004985044066854429 0.0)
(3.828862825624274 0.004199913909350713 0.0)
(2.6498613593860614 0.002341749779994284 0.0)
(1.369217787193411 0.0006863022248126432 0.0)
(0.02051678216217751 5.3934498602403365e-05 0.0)
(-0.020534443768363823 5.387145371865636e-05 0.0)
(1.2084915708150192 0.0006854178521646473 0.0)
(2.3277457512138113 0.002338223949492309 0.0)
(3.3708203671451873 0.004191935107232841 0.0)
(4.355134350152433 0.004971446313899516 0.0)
(5.279032905084006 0.004825489570874383 0.0)
(6.143957107179804 0.005382530697507861 0.0)
(6.943162775144557 0.007329751357867128 0.0)
(7.65305605269478 0.009558385401286335 0.0)
(8.262727605134769 0.011416110171629865 0.0)
(8.778942834997975 0.012986402600848984 0.0)
(9.20387000450954 0.014290020515657444 0.0)
(9.537945371487698 0.015314148830785045 0.0)
(9.781645620120607 0.01605036327157058 0.0)
(9.935512807951293 0.016494169336373144 0.0)
(10.000000000000004 0.01664218899238058 0.0)
(9.975598303159805 0.0164941693363714 0.0)
(9.86279882432385 0.016050363271567177 0.0)
(9.662054628512298 0.015314148830780609 0.0)
(9.373907773268225 0.014290020515651463 0.0)
(8.998834942779805 0.012986402600842458 0.0)
(8.537272394865214 0.011416110171621651 0.0)
(7.991388391749668 0.009558385401277288 0.0)
(7.367948335966579 0.007329751357859026 0.0)
(6.6560428928201905 0.005382530697499925 0.0)
(5.832078206027089 0.004825489570866555 0.0)
(4.889310094292022 0.004971446313895006 0.0)
(3.8291796328548147 0.004191935107231201 0.0)
(2.6500320265639776 0.002338223949491962 0.0)
(1.3692862069627751 0.0006854178521644654 0.0)
(0.020534443768368122 5.3871453718639163e-05 0.0)
(-0.020547589591689105 5.381105701798519e-05 0.0)
(1.2084389392768011 0.0006845962933015993 0.0)
(2.3275966976277305 0.002335106896687907 0.0)
(3.3704907917140114 0.0041853366006955285 0.0)
(4.354774351350354 0.00496091597722137 0.0)
(5.279360621715278 0.004809443182400843 0.0)
(6.145093287836645 0.005358681398526734 0.0)
(6.943728480764961 0.007300426898963811 0.0)
(7.652980565394465 0.009528944076795555 0.0)
(8.262740403028253 0.011388211204006004 0.0)
(8.778966840842962 0.012960037083284777 0.0)
(9.203881747564237 0.014265239219074105 0.0)
(9.537952720500467 0.015290773153490818 0.0)
(9.781649868161912 0.01602808163946794 0.0)
(9.935514634921475 0.016472574244815987 0.0)
(10.000000000000004 0.01662082959484201 0.0)
(9.975596476189622 0.016472574244814235 0.0)
(9.862794576282544 0.01602808163946453 0.0)
(9.66204727949953 0.015290773153486361 0.0)
(9.373896030213526 0.014265239219068096 0.0)
(8.99881093693482 0.01296003708327822 0.0)
(8.537259596971728 0.011388211203997751 0.0)
(7.9914638790499835 0.009528944076786464 0.0)
(7.367382630346173 0.007300426898955664 0.0)
(6.654906712163347 0.005358681398518766 0.0)
(5.831750489395817 0.004809443182392996 0.0)
(4.889670093094104 0.004960915977216849 0.0)
(3.829509208285991 0.004185336600693879 0.0)
(2.650181080150059 0.002335106896687555 0.0)
(1.3693388385009935 0.0006845962933014158 0.0)
(0.020547589591693418 5.3811057017967845e-05 0.0)
(-0.02055564202872178 5.375596222094174e-05 0.0)
(1.2084044085032315 0.0006838736460171221 0.0)
(2.3274758067753707 0.002332535579179157 0.0)
(3.370162929023705 0.004180408316046022 0.0)
(4.354307832343319 0.004953915740553414 0.0)
(5.279469167112826 0.0047990623285874435 0.0)
(6.146135918201887 0.005341791425690153 0.0)
(6.944404838340535 0.007277822226026247 0.0)
(7.652963367051602 0.009505467610282996 0.0)
(8.262760561891668 0.01136576327000473 0.0)
(8.778999806413262 0.012938663068852501 0.0)
(9.203898577352328 0.014245026916008686 0.0)
(9.53796328948788 0.015271617503056133 0.0)
(9.781655881122445 0.016009760655117524 0.0)
(9.935517291945056 0.016454780020468757 0.0)
(10.000000000000004 0.01660321749971926 0.0)
(9.975593819166042 0.016454780020467005 0.0)
(9.862788563322011 0.0160097606551141 0.0)
(9.662036710512115 0.015271617503051662 0.0)
(9.373879200425437 0.01424502691600266 0.0)
(8.998777971364518 0.012938663068845923 0.0)
(8.537239438108314 0.011365763269996453 0.0)
(7.991481077392846 0.00950546761027388 0.0)
(7.366706272770596 0.0072778222260180755 0.0)
(6.653864081798104 0.005341791425682175 0.0)
(5.831641943998269 0.004799062328579595 0.0)
(4.89013661210114 0.004953915740548889 0.0)
(3.8298370709762986 0.004180408316044367 0.0)
(2.6503019710024187 0.0023325355791788014 0.0)
(1.369373369274563 0.0006838736460169373 0.0)
(0.020555642028726086 5.37559622209243e-05 0.0)
(-0.020558247270110144 5.370859009211504e-05 0.0)
(1.2083894957133285 0.0006832816621108495 0.0)
(2.3273883903796215 0.002330622975953301 0.0)
(3.369851184761072 0.004177366793095779 0.0)
(4.353755291123025 0.004950753181488263 0.0)
(5.279353771990463 0.00479480312515951 0.0)
(6.147039187004719 0.005332602893505226 0.0)
(6.945162129956771 0.007262930547029234 0.0)
(7.653005213329915 0.009488987514738244 0.0)
(8.262787195981433 0.011349752690778722 0.0)
(8.779040283262027 0.012923219692643649 0.0)
(9.20391975440371 0.014230271698080516 0.0)
(9.537976614067972 0.015257523543716813 0.0)
(9.781663394803719 0.01599620530905439 0.0)
(9.935520662277279 0.016441568508995665 0.0)
(10.000000000000004 0.01659012655025161 0.0)
(9.975590448833819 0.016441568508993913 0.0)
(9.862781049640738 0.015996205309050965 0.0)
(9.662023385932024 0.01525752354371234 0.0)
(9.373858023374053 0.014230271698074486 0.0)
(8.998737494515753 0.012923219692637064 0.0)
(8.537212804018548 0.011349752690770435 0.0)
(7.9914392311145335 0.009488987514729118 0.0)
(7.365948981154359 0.007262930547021059 0.0)
(6.65296081299527 0.0053326028934972585 0.0)
(5.831757339120633 0.004794803125151678 0.0)
(4.890689153321436 0.004950753181483749 0.0)
(3.8301488152389322 0.004177366793094126 0.0)
(2.650389387398168 0.0023306229759529435 0.0)
(1.369388282064466 0.0006832816621106637 0.0)
(0.020558247270114436 5.37085900920975e-05 0.0)
(-0.02055529084631376 5.367102207618085e-05 0.0)
(1.2083948561477986 0.0006828463522726191 0.0)
(2.3273382893569883 0.0023294531232970744 0.0)
(3.3695692563986923 0.004176345670798926 0.0)
(4.353141005339846 0.0049515672570855035 0.0)
(5.279019506598754 0.004796852713723676 0.0)
(6.147763406266428 0.005331519529266215 0.0)
(6.945967081605476 0.007256406175104342 0.0)
(7.65310426558049 0.009480227895410047 0.0)
(8.26281913504437 0.011340882941888645 0.0)
(8.779086492910572 0.012914385508355984 0.0)
(9.203944348237492 0.014221621882571457 0.0)
(9.537992108783065 0.01524911053826206 0.0)
(9.781672079068324 0.015988011198385745 0.0)
(9.935524597831911 0.016433520200041064 0.0)
(10.000000000000004 0.01658213193880945 0.0)
(9.975586513279186 0.016433520200039305 0.0)
(9.862772365376133 0.01598801119838232 0.0)
(9.66200789121693 0.01524911053825759 0.0)
(9.373833429540273 0.01422162188256543 0.0)
(8.998691284867208 0.012914385508349406 0.0)
(8.53718086495561 0.011340882941880365 0.0)
(7.9913401788639575 0.009480227895400935 0.0)
(7.365144029505652 0.007256406175096186 0.0)
(6.65223659373356 0.005331519529258277 0.0)
(5.832091604512345 0.0047968527137158745 0.0)
(4.891303439104616 0.004951567257081008 0.0)
(3.8304307436013127 0.004176345670797279 0.0)
(2.650439488420801 0.002329453123296717 0.0)
(1.3693829216299958 0.0006828463522724333 0.0)
(0.020555290846318016 5.367102207616326e-05 0.0)
(-0.020546902657185603 5.364490884303059e-05 0.0)
(1.2084202542789577 0.0006825868432203465 0.0)
(2.3273277050547483 0.002329077422396006 0.0)
(3.3693295313530354 0.004177389815401095 0.0)
(4.352491965587291 0.004956322198352702 0.0)
(5.27848105794749 0.004805121039108046 0.0)
(6.1482767551175765 0.005338588934015824 0.0)
(6.946784325183823 0.0072585357792179514 0.0)
(7.653256171628647 0.00947957363394642 0.0)
(8.262854975736486 0.011339543743873979 0.0)
(8.77913640499148 0.01291254867388542 0.0)
(9.203971278245605 0.014219457526550582 0.0)
(9.538009092823728 0.0152467481387604 0.0)
(9.781681552345562 0.015985538357343666 0.0)
(9.935528925687883 0.01643098872157645 0.0)
(10.000000000000004 0.016579584933993825 0.0)
(9.975582185423214 0.016430988721574696 0.0)
(9.862762892098894 0.015985538357340255 0.0)
(9.66199090717627 0.01524674813875594 0.0)
(9.373806499532158 0.01421945752654457 0.0)
(8.9986413727863 0.012912548673878864 0.0)
(8.537145024263495 0.011339543743865726 0.0)
(7.9911882728158 0.009479573633937335 0.0)
(7.364326785927303 0.007258535779209834 0.0)
(6.651723244882411 0.005338588934007934 0.0)
(5.832630053163611 0.004805121039100292 0.0)
(4.891952478857172 0.0049563221983482345 0.0)
(3.8306704686469697 0.004177389815399459 0.0)
(2.6504500727230407 0.002329077422395651 0.0)
(1.3693575234988367 0.0006825868432201605 0.0)
(0.020546902657189812 5.364490884301297e-05 0.0)
(-0.020533451264410203 5.363139776035606e-05 0.0)
(1.2084645741593871 0.0006825145373070294 0.0)
(2.327357102527779 0.0023295123808603647 0.0)
(3.369142542704043 0.004180453349098677 0.0)
(4.351836689484703 0.004964809081869495 0.0)
(5.277762084485342 0.004819244806221706 0.0)
(6.1485566779487915 0.005353500491042462 0.0)
(6.947577952504085 0.00726922578846131 0.0)
(7.6534542570005355 0.009487053477399135 0.0)
(8.262893143283337 0.0113457939386455 0.0)
(8.779187826459225 0.012917789896378202 0.0)
(9.203999361172764 0.01422387372786187 0.0)
(9.538026819942283 0.015250540144724045 0.0)
(9.781691398396964 0.015988895438039618 0.0)
(9.935533455687121 0.016434085302134343 0.0)
(10.000000000000004 0.01658259744653671 0.0)
(9.975577655423976 0.016434085302132598 0.0)
(9.862753046047493 0.015988895438036214 0.0)
(9.661973180057714 0.015250540144719603 0.0)
(9.373778416604999 0.014223873727855885 0.0)
(8.998589951318555 0.012917789896371676 0.0)
(8.537106856716644 0.011345793938637286 0.0)
(7.990990187443911 0.009487053477390095 0.0)
(7.363533158607039 0.007269225788453251 0.0)
(6.651443322051197 0.0053535004910346415 0.0)
(5.833349026625761 0.00481924480621401 0.0)
(4.892607754959763 0.004964809081865066 0.0)
(3.8308574572959624 0.004180453349097057 0.0)
(2.65042067525001 0.0023295123808600134 0.0)
(1.3693132036184068 0.0006825145373068443 0.0)
(0.020533451264414363 5.363139776033847e-05 0.0)
(-0.0205155276975775 5.363108248041216e-05 0.0)
(1.208525868454622 0.0006826326115222195 0.0)
(2.3274251901048957 0.0023307388874109596 0.0)
(3.3690165063908664 0.004185401665825573 0.0)
(4.351203968665235 0.004976655009500472 0.0)
(5.276894176590915 0.004838603442576382 0.0)
(6.148590875462972 0.0053755990138103045 0.0)
(6.94831309303371 0.007288006503385082 0.0)
(7.6536898181873 0.009502338775130867 0.0)
(8.26293196067274 0.011359358904079351 0.0)
(8.779238497948587 0.01292987888610654 0.0)
(9.204027363106524 0.014234676446698919 0.0)
(9.538044511241573 0.015260319942348232 0.0)
(9.78170118460504 0.015997934936489416 0.0)
(9.935537988789745 0.016442673883630073 0.0)
(10.000000000000004 0.016591037112148214 0.0)
(9.975573122321352 0.016442673883628335 0.0)
(9.862743259839416 0.015997934936486026 0.0)
(9.661955488758423 0.015260319942343817 0.0)
(9.373750414671239 0.014234676446692966 0.0)
(8.998539279829194 0.012929878886100058 0.0)
(8.537068039327242 0.01135935890407119 0.0)
(7.990754626257146 0.00950233877512189 0.0)
(7.362798018077412 0.0072880065033771 0.0)
(6.651409124537018 0.005375599013802566 0.0)
(5.8342169345201915 0.004838603442568755 0.0)
(4.893240475779232 0.004976655009496086 0.0)
(3.830983493609139 0.004185401665823973 0.0)
(2.6503525876728933 0.0023307388874106143 0.0)
(1.3692519093231719 0.0006826326115220354 0.0)
(0.020515527697581592 5.363108248039462e-05 0.0)
(-0.020493919485423874 5.364397685602284e-05 0.0)
(1.2086014440054642 0.000682935877900912 0.0)
(2.327528976142523 0.0023327030515937876 0.0)
(3.3689569602185285 0.004192017345597497 0.0)
(4.350621603724165 0.004991339492857038 0.0)
(5.275915468549296 0.004862346365106275 0.0)
(6.148377845083908 0.005403913533657034 0.0)
(6.948957446042728 0.007314052733733868 0.0)
(7.653952505061343 0.009524757919122944 0.0)
(8.262969722339617 0.011379642620410772 0.0)
(8.779286193047026 0.012948284474977955 0.0)
(9.204054053693145 0.014251391031359043 0.0)
(9.538061389398273 0.015275657825216987 0.0)
(9.781710480981713 0.016012259673668473 0.0)
(9.935542325819519 0.016456377099505082 0.0)
(10.000000000000004 0.0166045331073613 0.0)
(9.975568785291578 0.016456377099503358 0.0)
(9.862733963462743 0.016012259673665104 0.0)
(9.661938610601723 0.015275657825212603 0.0)
(9.37372372408462 0.01425139103135313 0.0)
(8.998491584730754 0.012948284474971527 0.0)
(8.537030277660364 0.011379642620402676 0.0)
(7.990491939383102 0.00952475791911404 0.0)
(7.362153665068393 0.007314052733725972 0.0)
(6.651622154916083 0.005403913533649389 0.0)
(5.835195642561813 0.004862346365098725 0.0)
(4.893822840720303 0.0049913394928527005 0.0)
(3.8310430397814765 0.004192017345595918 0.0)
(2.650248801635265 0.002332703051593451 0.0)
(1.3691763337723295 0.0006829358779007294 0.0)
(0.020493919485427895 5.364397685600538e-05 0.0)
(-0.020469576053260247 5.366951433191336e-05 0.0)
(1.2086879801604713 0.0006834110114732373 0.0)
(2.327663900472039 0.0023353185716279935 0.0)
(3.368966520536906 0.004200009707548312 0.0)
(4.350115182711598 0.005008217322605008 0.0)
(5.274868963001337 0.004889430353231871 0.0)
(6.147926946976727 0.005437199962380539 0.0)
(6.9494826998387325 0.007346220055796371 0.0)
(7.65423077564199 0.009553325853203018 0.0)
(8.263004769105411 0.011405753858252177 0.0)
(8.779328816119172 0.01297219795508951 0.0)
(9.204078260197079 0.014273283073570741 0.0)
(9.538076712817054 0.015295879874816926 0.0)
(9.7817188790612 0.016031240246831505 0.0)
(9.93554627621529 0.016474592855523145 0.0)
(10.000000000000004 0.01662249244283653 0.0)
(9.975564834895808 0.016474592855521428 0.0)
(9.862725565383256 0.016031240246828164 0.0)
(9.661923287182942 0.015295879874812573 0.0)
(9.373699517580686 0.014273283073564878 0.0)
(8.998448961658609 0.01297219795508314 0.0)
(8.53699523089457 0.011405753858244147 0.0)
(7.990213668802454 0.0095533258531942 0.0)
(7.361628411272389 0.007346220055788572 0.0)
(6.652073053023266 0.005437199962372993 0.0)
(5.836242148109775 0.0048894303532244 0.0)
(4.894329261732872 0.005008217322600723 0.0)
(3.8310334794630987 0.004200009707546759 0.0)
(2.650113877305749 0.0023353185716276648 0.0)
(1.369089797617322 0.0006834110114730562 0.0)
(0.0204695760532642 5.3669514331896e-05 0.0)
(-0.020443567006960837 5.370657283811257e-05 0.0)
(1.2087816746793059 0.0006840371357392595 0.0)
(2.3278240347652415 0.002338470526348232 0.0)
(3.3690447672830994 0.004209027581915512 0.0)
(4.349706956840353 0.005026546917782377 0.0)
(5.273800641486289 0.004918665386063685 0.0)
(6.147257992779365 0.005473995755198508 0.0)
(6.949865775730852 0.007383095096289617 0.0)
(7.654512403229009 0.009586787354611175 0.0)
(8.263035561079349 0.011436545337581963 0.0)
(8.779364494385211 0.013000568611873582 0.0)
(9.204098919028826 0.014299390677049596 0.0)
(9.538089808214929 0.015320097571283813 0.0)
(9.781726009847251 0.016054042684317715 0.0)
(9.935549666403892 0.01649652078468961 0.0)
(10.000000000000004 0.0166441260182288 0.0)
(9.975561444707205 0.016496520784687906 0.0)
(9.862718434597205 0.016054042684314394 0.0)
(9.661910191785067 0.015320097571279499 0.0)
(9.373678858748937 0.01429939067704378 0.0)
(8.99841328339257 0.013000568611867271 0.0)
(8.536964438920633 0.011436545337574013 0.0)
(7.989932041215435 0.009586787354602444 0.0)
(7.361245335380269 0.007383095096281921 0.0)
(6.652742007220631 0.005473995755191064 0.0)
(5.837310469624826 0.004918665386056296 0.0)
(4.894737487604116 0.0050265469177781415 0.0)
(3.830955232716905 0.0042090275819139855 0.0)
(2.649953743012546 0.0023384705263479128 0.0)
(1.3689961030984872 0.0006840371357390804 0.0)
(0.02044356700696472 5.3706572838095356e-05 0.0)
(-0.020417035136437847 5.375352409165471e-05 0.0)
(1.2088784107962196 0.0006847867399441917 0.0)
(2.3280023430142447 0.0023420204246304335 0.0)
(3.369188262438229 0.00421867473979714 0.0)
(4.349414862808386 0.005045522909510093 0.0)
(5.272757444097084 0.004948766929743071 0.0)
(6.146400375115436 0.00551268417229052 0.0)
(6.950089842065204 0.007423057633395315 0.0)
(7.65478501362145 0.009623672186191623 0.0)
(8.263060745318427 0.011470664137129811 0.0)
(8.779391660207404 0.01303214989057372 0.0)
(9.204115122477118 0.014328566721461253 0.0)
(9.538100100204073 0.015347246833339927 0.0)
(9.781731560026172 0.01607966508873983 0.0)
(9.935552347426643 0.016521197413912923 0.0)
(10.000000000000004 0.01666848329381287 0.0)
(9.975558763684454 0.016521197413911226 0.0)
(9.862712884418285 0.01607966508873654 0.0)
(9.661899899795923 0.01534724683333565 0.0)
(9.373662655300647 0.01432856672145549 0.0)
(8.998386117570377 0.013032149890567475 0.0)
(8.536939254681554 0.011470664137121937 0.0)
(7.989659430822994 0.009623672186182982 0.0)
(7.361021269045917 0.007423057633387721 0.0)
(6.653599624884563 0.005512684172283173 0.0)
(5.838353667014033 0.004948766929735758 0.0)
(4.895029581636084 0.0050455229095059066 0.0)
(3.8308117375617745 0.004218674739795639 0.0)
(2.649775434763542 0.0023420204246301247 0.0)
(1.3688993669815732 0.000684786739944015 0.0)
(0.020417035136441653 5.375352409163765e-05 0.0)
(-0.020391146203543355 5.380830514035403e-05 0.0)
(1.2089739381032087 0.0006856268878506312 0.0)
(2.328190990680793 0.0023458122904384347 0.0)
(3.369390701087696 0.0042285273027248505 0.0)
(4.34925173469309 0.005064311527427238 0.0)
(5.271785207018527 0.004978412377509973 0.0)
(6.145391776136127 0.005551565315388008 0.0)
(6.950145053776976 0.007464351786342434 0.0)
(7.655036628817395 0.009662359695923608 0.0)
(8.263079215273255 0.011506611139262159 0.0)
(8.779409119969225 0.013065554167580163 0.0)
(9.204126158592075 0.014359529264790331 0.0)
(9.538107136573311 0.015376134772078685 0.0)
(9.781735285733255 0.016106981658522413 0.0)
(9.935554201484308 0.016547538497249614 0.0)
(10.000000000000004 0.016694494055459964 0.0)
(9.975556909626789 0.016547538497247938 0.0)
(9.862709158711201 0.01610698165851914 0.0)
(9.661892863426685 0.015376134772074444 0.0)
(9.37365161918569 0.01435952926478462 0.0)
(8.998368657808555 0.01306555416757398 0.0)
(8.536920784726727 0.011506611139254358 0.0)
(7.989407815627048 0.009662359695915057 0.0)
(7.360966057334146 0.007464351786334939 0.0)
(6.654608223863875 0.005551565315380755 0.0)
(5.839325904092592 0.004978412377502731 0.0)
(4.89519270975138 0.005064311527423098 0.0)
(3.8306092989123073 0.004228527302723374 0.0)
(2.649586787096993 0.0023458122904381354 0.0)
(1.3688038396745839 0.0006856268878504568 0.0)
(0.020391146203547105 5.3808305140337115e-05 0.0)
(-0.020367037720626292 5.386850900514977e-05 0.0)
(1.209064059305167 0.0006865206648965766 0.0)
(2.3283816889315396 0.002349679516125654 0.0)
(3.369643188447593 0.004238152367108357 0.0)
(4.3492247400454165 0.00508208723403534 0.0)
(5.270926648569193 0.005006299162624328 0.0)
(6.1442765118354075 0.005588930818194312 0.0)
(6.9500289849645585 0.007505163165595995 0.0)
(7.655256193305452 0.009701150025406306 0.0)
(8.263090159407806 0.011542806898468495 0.0)
(8.779416106520678 0.013099313720072643 0.0)
(9.204131542467 0.014390917869527325 0.0)
(9.538110608157451 0.015405492104320899 0.0)
(9.781737023267748 0.016134792153563466 0.0)
(9.935555147112984 0.01657438665568754 0.0)
(10.000000000000004 0.01672101543788865 0.0)
(9.975555963998113 0.01657438665568587 0.0)
(9.862707421176708 0.016134792153560215 0.0)
(9.661889391842545 0.015405492104316696 0.0)
(9.373646235310765 0.01439091786952166 0.0)
(8.998361671257102 0.01309931372006652 0.0)
(8.536909840592175 0.011542806898460767 0.0)
(7.989188251138991 0.009701150025397839 0.0)
(7.361082126146564 0.007505163165588592 0.0)
(6.655723488164597 0.005588930818187143 0.0)
(5.840184462541926 0.005006299162617147 0.0)
(4.895219704399052 0.005082087234031238 0.0)
(3.8303568115524094 0.004238152367106903 0.0)
(2.6493960888462462 0.002349679516125364 0.0)
(1.3687137184726257 0.0006865206648964045 0.0)
(0.020367037720629994 5.386850900513302e-05 0.0)
(-0.02034576897032081 5.393149043836267e-05 0.0)
(1.2091448146413517 0.0006874288001537475 0.0)
(2.3285660588342196 0.002353452182870284 0.0)
(3.3699346306852394 0.004247127025227203 0.0)
(4.3493350649608 0.005098068997305771 0.0)
(5.2702194922366585 0.0050312019907656404 0.0)
(6.143103584886334 0.005623138908874379 0.0)
(6.949746735479228 0.007543698593813908 0.0)
(7.655434059823697 0.009738338798527152 0.0)
(8.263093096856831 0.011577661039307565 0.0)
(8.779412312885476 0.013131945215075996 0.0)
(9.204131037544276 0.014421353377803918 0.0)
(9.538110362421438 0.015434028922595568 0.0)
(9.781736696285563 0.016161874631588743 0.0)
(9.935555142763477 0.016600562230262236 0.0)
(10.000000000000004 0.01674688214007451 0.0)
(9.97555596834762 0.016600562230260574 0.0)
(9.862707748158893 0.01616187463158552 0.0)
(9.661889637578557 0.015434028922591396 0.0)
(9.37364674023349 0.014421353377798294 0.0)
(8.998365464892304 0.013131945215069928 0.0)
(8.53690690314315 0.0115776610392999 0.0)
(7.989010384620745 0.009738338798518754 0.0)
(7.361364375631896 0.007543698593806582 0.0)
(6.656896415113674 0.005623138908867277 0.0)
(5.840891618874463 0.005031201990758508 0.0)
(4.895109379483668 0.005098068997301702 0.0)
(3.8300653693147617 0.004247127025225768 0.0)
(2.6492117189435658 0.002353452182870002 0.0)
(1.3686329631364407 0.0006874288001535775 0.0)
(0.02034576897032447 5.393149043834608e-05 0.0)
(-0.020328274462605246 5.399448215103862e-05 0.0)
(1.2092126558700291 0.0006883113918203305 0.0)
(2.328735999512604 0.002356964526597464 0.0)
(3.3702522223618914 0.004255056947022323 0.0)
(4.349577861964292 0.0051115546077982405 0.0)
(5.2696948091764675 0.00505202667722382 0.0)
(6.141924531553239 0.005652686546505658 0.0)
(6.949310706847008 0.007578264894778847 0.0)
(7.655562413242716 0.009772292008630152 0.0)
(8.263087898554193 0.01160964213459475 0.0)
(8.77939790574901 0.01316201488439741 0.0)
(9.204124666009283 0.014449498509066624 0.0)
(9.538106410162463 0.01546049137131434 0.0)
(9.7817343191537 0.016187039138059817 0.0)
(9.935554188626897 0.01662491511411376 0.0)
(10.000000000000004 0.016770957626445284 0.0)
(9.9755569224842 0.016624915114112106 0.0)
(9.862710125290757 0.016187039138056608 0.0)
(9.661893589837533 0.015460491371310192 0.0)
(9.373653111768482 0.014449498509061035 0.0)
(8.99837987202877 0.013162014884391384 0.0)
(8.536912101445788 0.011609642134587136 0.0)
(7.988882031201726 0.009772292008621813 0.0)
(7.361800404264117 0.0075782648947715844 0.0)
(6.658075468446771 0.005652686546498606 0.0)
(5.841416301934655 0.005052026677216722 0.0)
(4.894866582480176 0.005111554607794194 0.0)
(3.8297477776381093 0.004255056947020902 0.0)
(2.649041778265181 0.00235696452659719 0.0)
(1.368565121907763 0.0006883113918201624 0.0)
(0.02032827446260888 5.3994482151022183e-05 0.0)
(-0.02031532287414333 5.4054716402562735e-05 0.0)
(1.209264602171723 0.0006891296604331518 0.0)
(2.328884044084182 0.002360062221349474 0.0)
(3.370582009080294 0.004261593706237418 0.0)
(4.349942462999742 0.005121951532458937 0.0)
(5.269375653002404 0.0050678582233735815 0.0)
(6.140791157282562 0.005676275461946508 0.0)
(6.948740057368308 0.0076073432884636765 0.0)
(7.655635613948093 0.009801517813779024 0.0)
(8.2630747929038 0.011637344993510887 0.0)
(8.779373518134497 0.013188201521777807 0.0)
(9.204112707815614 0.014474116617737821 0.0)
(9.538098925035554 0.015483716738892189 0.0)
(9.781729996318981 0.016209179990599506 0.0)
(9.93555232662626 0.016646375286078017 0.0)
(10.000000000000004 0.016792184064174705 0.0)
(9.975558784484837 0.016646375286076376 0.0)
(9.862714448125475 0.016209179990596304 0.0)
(9.661901074964442 0.015483716738888058 0.0)
(9.373665069962149 0.01447411661773226 0.0)
(8.998404259643284 0.013188201521771815 0.0)
(8.53692520709618 0.011637344993503312 0.0)
(7.988808830496348 0.00980151781377073 0.0)
(7.3623710537428195 0.007607343288456457 0.0)
(6.659208842717451 0.005676275461939489 0.0)
(5.841735458108717 0.005067858223366501 0.0)
(4.894501981444724 0.005121951532454901 0.0)
(3.8294179909197057 0.004261593706236007 0.0)
(2.648893733693603 0.002360062221349206 0.0)
(1.368513175606069 0.0006891296604329854 0.0)
(0.020315322874146956 5.405471640254643e-05 0.0)
(-0.02030748327403782 5.410954661011848e-05 0.0)
(1.20929837112097 0.0006898476527663441 0.0)
(2.329003687741319 0.0023626091600859834 0.0)
(3.370909500615369 0.004266450089631242 0.0)
(4.350412848164673 0.005128802949438903 0.0)
(5.2692760468528785 0.0050780010200400984 0.0)
(6.139753260466306 0.005692869201407157 0.0)
(6.948059860337247 0.007629656123447302 0.0)
(7.655650445634753 0.009824732085562624 0.0)
(8.263054355743954 0.011659552403116153 0.0)
(8.779340221589104 0.01320935453427779 0.0)
(9.204095688384424 0.01449412602916006 0.0)
(9.538088235923494 0.015502684545167351 0.0)
(9.78172391771886 0.016227324360652762 0.0)
(9.935549638574466 0.01666399982545917 0.0)
(10.000000000000004 0.01680962880242162 0.0)
(9.975561472536631 0.016663999825457534 0.0)
(9.862720526725598 0.016227324360649567 0.0)
(9.661911764076502 0.015502684545163235 0.0)
(9.373682089393341 0.014494126029154512 0.0)
(8.998437556188676 0.013209354534271816 0.0)
(8.536945644256026 0.011659552403108602 0.0)
(7.988793998809689 0.009824732085554354 0.0)
(7.363051250773882 0.007629656123440106 0.0)
(6.660246739533709 0.005692869201400149 0.0)
(5.841835064258242 0.005078001020033018 0.0)
(4.894031596279791 0.005128802949434869 0.0)
(3.82909049938463 0.004266450089629835 0.0)
(2.648774090036466 0.002362609160085718 0.0)
(1.3684794066568222 0.0006898476527661788 0.0)
(0.020307483274041447 5.41095466101023e-05 0.0)
(-0.020305100119975203 5.41565636346949e-05 0.0)
(1.2093124789719187 0.0006904338215503167 0.0)
(2.3290896735606017 0.002364493434978401 0.0)
(3.3712203075881937 0.0042694127166019715 0.0)
(4.350968349595482 0.005131807820010354 0.0)
(5.269400367239876 0.005082009411293567 0.0)
(6.1388564443918 0.005701738666333095 0.0)
(6.947300002366986 0.00764422301458072 0.0)
(7.655606256625514 0.009840914831348089 0.0)
(8.26302748504607 0.011675288610459798 0.0)
(8.77929947910212 0.013224544497226454 0.0)
(9.204074355518378 0.014508647566401627 0.0)
(9.538074812486313 0.015516561379432726 0.0)
(9.781716350435902 0.016240675017793627 0.0)
(9.935546242579594 0.01667701434224 0.0)
(10.000000000000004 0.016822525351301684 0.0)
(9.975564868531503 0.01667701434223836 0.0)
(9.862728094008554 0.01624067501779044 0.0)
(9.661925187513683 0.015516561379428613 0.0)
(9.373703422259386 0.014508647566396082 0.0)
(8.99847829867566 0.013224544497220487 0.0)
(8.53697251495391 0.011675288610452254 0.0)
(7.988838187818928 0.00984091483133983 0.0)
(7.363811108744146 0.007644223014573527 0.0)
(6.661143555608216 0.005701738666326075 0.0)
(5.841710743871244 0.005082009411286471 0.0)
(4.89347609484898 0.0051318078200063115 0.0)
(3.8287796924118047 0.004269412716600565 0.0)
(2.648688104217183 0.002364493434978138 0.0)
(1.3684652988058734 0.0006904338215501523 0.0)
(0.02030510011997885 5.41565636346788e-05 0.0)
(-0.020308278123385134 5.4193701634247305e-05 0.0)
(1.2093063058514082 0.0006908624116010673 0.0)
(2.3291382234824383 0.002365632254435139 0.0)
(3.3715007737089873 0.004270351414740486 0.0)
(4.351584559575562 0.005130834115657636 0.0)
(5.269743151753029 0.005079707275755454 0.0)
(6.138140113516679 0.005702494148661701 0.0)
(6.9464938702266155 0.007650403919316903 0.0)
(7.655504988504603 0.009849355010891106 0.0)
(8.262995361459456 0.01168386219537972 0.0)
(8.779253080823889 0.013233103991441083 0.0)
(9.204049646544586 0.01451704317968253 0.0)
(9.53805924452528 0.015524737518977635 0.0)
(9.781707626962678 0.016248645358571682 0.0)
(9.935542287855448 0.01668484700236254 0.0)
(10.000000000000004 0.0168303070600507 0.0)
(9.97556882325565 0.0166848470023609 0.0)
(9.862736817481778 0.016248645358568486 0.0)
(9.661940755474715 0.015524737518973519 0.0)
(9.373728131233177 0.014517043179676982 0.0)
(8.998524696953892 0.013233103991435109 0.0)
(8.537004638540525 0.011683862195372166 0.0)
(7.988939455939839 0.009849355010882837 0.0)
(7.3646172408845185 0.007650403919309691 0.0)
(6.661859886483339 0.005702494148654651 0.0)
(5.841367959358089 0.005079707275748325 0.0)
(4.892859884868899 0.005130834115653573 0.0)
(3.8284992262910102 0.004270351414739072 0.0)
(2.6486395542953467 0.0023656322544348754 0.0)
(1.368471471926384 0.0006908624116009034 0.0)
(0.020308278123388816 5.419370163423126e-05 0.0)
(-0.02031687764861178 5.4219328833017426e-05 0.0)
(1.2092801229950603 0.0006911145914558497 0.0)
(2.3291472043120818 0.0023659755808126794 0.0)
(3.3717385758095006 0.004269224939367878 0.0)
(4.352234402965712 0.005125924619168664 0.0)
(5.270289339067936 0.0050711957650496665 0.0)
(6.137635742109104 0.005695102453881574 0.0)
(6.945676883887607 0.007647927260009389 0.0)
(7.655351090807988 0.009849681778143429 0.0)
(8.262959396435736 0.011684896450239473 0.0)
(8.779203065409872 0.013234656928405043 0.0)
(9.204022647130152 0.014518943981114543 0.0)
(9.538042216068124 0.015526853719188303 0.0)
(9.781698130592643 0.016250885180794452 0.0)
(9.935537948165369 0.01668715365307045 0.0)
(10.000000000000004 0.016832632014622453 0.0)
(9.975573162945729 0.016687153653068804 0.0)
(9.862746313851813 0.01625088518079125 0.0)
(9.661957783931872 0.015526853719184176 0.0)
(9.373755130647611 0.014518943981108982 0.0)
(8.998574712367908 0.013234656928399048 0.0)
(8.537040603564245 0.01168489645023189 0.0)
(7.989093353636455 0.009849681778135128 0.0)
(7.365434227223528 0.007647927260002135 0.0)
(6.662364257890914 0.005695102453874472 0.0)
(5.840821772043179 0.005071195765042491 0.0)
(4.892210041478748 0.0051259246191645725 0.0)
(3.8282614241904964 0.004269224939366454 0.0)
(2.648630573465703 0.002365975580812413 0.0)
(1.368497654782732 0.0006911145914556856 0.0)
(0.020316877648615502 5.4219328833001394e-05 0.0)
)
