(
(-0.02736957557543321 -2.4000259772090236e-05 0.0)
(1.20103623825886 -0.0004605007393263129 0.0)
(2.3536558487975556 -0.002630270800792519 0.0)
(3.4557718764814895 -0.008393581036842707 0.0)
(4.488683530440029 -0.01875289127102122 0.0)
(5.424909423034738 -0.033037573550264 0.0)
(6.265574014712708 -0.04886669503482212 0.0)
(7.029809557193284 -0.06349043792795842 0.0)
(7.718684115497041 -0.07615994995064612 0.0)
(8.317241737418575 -0.08734596953123992 0.0)
(8.822732958286801 -0.09704324852333597 0.0)
(9.237697166948488 -0.10510016052354053 0.0)
(9.562637691019356 -0.11143289133089118 0.0)
(9.797781999161874 -0.11598659954217976 0.0)
(9.94348412261677 -0.11872925744243348 0.0)
(10.000000000000007 -0.1196451205799736 0.0)
(9.967626988494354 -0.11872925744243452 0.0)
(9.846662445282583 -0.11598659954218211 0.0)
(9.637362308980657 -0.11143289133089304 0.0)
(9.34008061082929 -0.10510016052354469 0.0)
(8.955044819490988 -0.09704324852334052 0.0)
(8.482758262581433 -0.0873459695312462 0.0)
(7.925760328947404 -0.07615994995065387 0.0)
(7.2813015539178165 -0.06349043792796494 0.0)
(6.534425985287285 -0.048866695034827524 0.0)
(5.6862016880763395 -0.03303757355026943 0.0)
(4.755760914004365 -0.01875289127102459 0.0)
(3.7442281235184756 -0.008393581036844167 0.0)
(2.624121928980213 -0.002630270800793248 0.0)
(1.3767415395189246 -0.00046050073932656945 0.0)
(0.02736957557542394 -2.4000259772113943e-05 0.0)
(-0.027347644541507416 -2.400029634567464e-05 0.0)
(1.201111281340714 -0.0004603520321724315 0.0)
(2.353739730711803 -0.0026287572919134225 0.0)
(3.455620090834406 -0.008387509241597133 0.0)
(4.487914088143154 -0.01873838614435934 0.0)
(5.423849241500259 -0.03301387594058193 0.0)
(6.2656091698063205 -0.048839611569095914 0.0)
(7.030702701392741 -0.0634673685360696 0.0)
(7.718971784662522 -0.07614114206486419 0.0)
(8.317288996159682 -0.08732926823695815 0.0)
(8.822794606913597 -0.09702835581008835 0.0)
(9.237731243808538 -0.10508684536489328 0.0)
(9.562659220790955 -0.11142083157953761 0.0)
(9.79779390762558 -0.11597544878494691 0.0)
(9.943489639587467 -0.1187186604705078 0.0)
(10.000000000000007 -0.11963470654795859 0.0)
(9.967621471523657 -0.11871866047050884 0.0)
(9.846650536818876 -0.11597544878494924 0.0)
(9.637340779209058 -0.11142083157953944 0.0)
(9.34004653396924 -0.10508684536489739 0.0)
(8.95498317086419 -0.09702835581009285 0.0)
(8.482711003840326 -0.08732926823696437 0.0)
(7.925472659781921 -0.07614114206487185 0.0)
(7.2804084097183575 -0.06346736853607601 0.0)
(6.534390830193673 -0.04883961156910121 0.0)
(5.687261869610822 -0.03301387594058727 0.0)
(4.756530356301242 -0.01873838614436266 0.0)
(3.744379909165559 -0.008387509241598572 0.0)
(2.6240380470659654 -0.0026287572919141437 0.0)
(1.3766664964370703 -0.00046035203217268674 0.0)
(0.02734764454149807 -2.4000296345698287e-05 0.0)
(-0.027321249927129993 -2.3984256103405697e-05 0.0)
(1.201203634189314 -0.0004599780784156943 0.0)
(2.3538669797666425 -0.0026263474545523044 0.0)
(3.45554937087964 -0.008379413947037541 0.0)
(4.487206661419812 -0.018720440122765573 0.0)
(5.42265521682695 -0.03298486493031541 0.0)
(6.26534340340052 -0.048804988635796714 0.0)
(7.0314845054092245 -0.063435478554043 0.0)
(7.719292194135912 -0.07611366979317433 0.0)
(8.31733492519579 -0.08730440574884442 0.0)
(8.82285257463681 -0.09700578962485577 0.0)
(9.237763692363542 -0.1050663478172003 0.0)
(9.562679740501219 -0.11140201881582146 0.0)
(9.79780520864204 -0.11595787622010335 0.0)
(9.943494912693506 -0.11870184879916054 0.0)
(10.000000000000007 -0.11961814860264057 0.0)
(9.967616198417618 -0.11870184879916156 0.0)
(9.846639235802416 -0.11595787622010566 0.0)
(9.637320259498795 -0.11140201881582323 0.0)
(9.340014085414236 -0.10506634781720438 0.0)
(8.954925203140979 -0.09700578962486021 0.0)
(8.482665074804217 -0.08730440574885055 0.0)
(7.92515225030853 -0.07611366979318188 0.0)
(7.279626605701872 -0.0634354785540493 0.0)
(6.5346565965994765 -0.04880498863580191 0.0)
(5.688455894284134 -0.032984864930320656 0.0)
(4.7572377830245856 -0.01872044012276883 0.0)
(3.7444506291203252 -0.008379413947038953 0.0)
(2.623910798011125 -0.002626347454553016 0.0)
(1.3765741435884702 -0.0004599780784159478 0.0)
(0.027321249927120556 -2.3984256103429248e-05 0.0)
(-0.027291551463369108 -2.3952843824183915e-05 0.0)
(1.2013092389894464 -0.0004593953089000434 0.0)
(2.354032004871401 -0.002623147172554139 0.0)
(3.455562823922625 -0.008369650845596956 0.0)
(4.486592333306026 -0.018699841721597422 0.0)
(5.421379812274552 -0.03295181521018141 0.0)
(6.264788392784969 -0.048764347503272854 0.0)
(7.0321206182045195 -0.06339616916934773 0.0)
(7.719631265711122 -0.07607874021693548 0.0)
(8.31737750648908 -0.08727247447914178 0.0)
(8.822904314460729 -0.09697654148453368 0.0)
(9.237793086883357 -0.10503956850520806 0.0)
(9.562698348551617 -0.1113772796381634 0.0)
(9.797815405665263 -0.11593465395400025 0.0)
(9.943499710244254 -0.11867956110247466 0.0)
(10.000000000000007 -0.11959617426984494 0.0)
(9.967611400866868 -0.11867956110247564 0.0)
(9.846629038779195 -0.1159346539540025 0.0)
(9.637301651448395 -0.11137727963816516 0.0)
(9.33998469089442 -0.10503956850521205 0.0)
(8.954873463317059 -0.09697654148453803 0.0)
(8.482622493510927 -0.08727247447914784 0.0)
(7.92481317873332 -0.07607874021694294 0.0)
(7.278990492906576 -0.0633961691693539 0.0)
(6.53521160721503 -0.04876434750327791 0.0)
(5.689731298836536 -0.03295181521018656 0.0)
(4.757852111138372 -0.018699841721600618 0.0)
(3.74443717607734 -0.008369650845598334 0.0)
(2.6237457729063665 -0.0026231471725548404 0.0)
(1.3764685387883373 -0.0004593953089002947 0.0)
(0.027291551463359588 -2.395284382420733e-05 0.0)
(-0.027259854046390603 -2.3907439706091155e-05 0.0)
(1.2014234556593926 -0.0004586293294518497 0.0)
(2.3542275551248797 -0.0026192970604551756 0.0)
(3.4556598588612637 -0.008358648910091585 0.0)
(4.486098096255236 -0.01867749599691851 0.0)
(5.420079066785808 -0.032916178924419864 0.0)
(6.263968524110754 -0.048719473868536534 0.0)
(7.032583090146137 -0.06335116756443285 0.0)
(7.719974101203451 -0.07603788807782574 0.0)
(8.317414869095424 -0.08723487742942439 0.0)
(8.822947553032147 -0.09694189649889988 0.0)
(9.23781813582656 -0.10500768406289408 0.0)
(9.56271422733846 -0.11134770104077071 0.0)
(9.797824050656702 -0.1159068023305262 0.0)
(9.943503821444109 -0.1186527766610683 0.0)
(10.000000000000007 -0.1195697490615538 0.0)
(9.967607289667015 -0.11865277666106928 0.0)
(9.846620393787754 -0.11590680233052843 0.0)
(9.637285772661553 -0.1113477010407724 0.0)
(9.339959641951218 -0.10500768406289802 0.0)
(8.95483022474564 -0.09694189649890415 0.0)
(8.482585130904585 -0.08723487742943033 0.0)
(7.92447034324099 -0.0760378880778331 0.0)
(7.278528020964958 -0.0633511675644389 0.0)
(6.5360314758892475 -0.04871947386854148 0.0)
(5.691032044325283 -0.03291617892442493 0.0)
(4.758346348189163 -0.01867749599692164 0.0)
(3.7443401411387 -0.008358648910092931 0.0)
(2.623550222652887 -0.0026192970604558656 0.0)
(1.376354322118391 -0.0004586293294520985 0.0)
(0.027259854046380993 -2.3907439706114408e-05 0.0)
(-0.027227550402707735 -2.3850038723011926e-05 0.0)
(1.2015412657276283 -0.0004577137958067471 0.0)
(2.35444503840669 -0.0026149662851374625 0.0)
(3.4558362121578736 -0.008346891545440063 0.0)
(4.48574566613927 -0.018654384778990868 0.0)
(5.418810132737849 -0.0328795218662324 0.0)
(6.262919820907512 -0.04867233939700412 0.0)
(7.03285160106303 -0.06330245102749019 0.0)
(7.720305637048566 -0.07599290834410072 0.0)
(8.317445371370251 -0.08719326654527494 0.0)
(8.82298039052734 -0.09690337690524191 0.0)
(9.237837738588409 -0.10497209543432275 0.0)
(9.562726679176903 -0.11131458265310032 0.0)
(9.797830763771252 -0.11587554509906355 0.0)
(9.943507065654469 -0.11862267233429613 0.0)
(10.000000000000007 -0.11954003405307596 0.0)
(9.967604045456653 -0.11862267233429709 0.0)
(9.846613680673205 -0.11587554509906577 0.0)
(9.63727332082311 -0.11131458265310196 0.0)
(9.339940039189369 -0.10497209543432663 0.0)
(8.954797387250448 -0.0969033769052461 0.0)
(8.482554628629757 -0.0871932665452808 0.0)
(7.924138807395874 -0.07599290834410793 0.0)
(7.278259510048065 -0.06330245102749613 0.0)
(6.537080179092494 -0.04867233939700894 0.0)
(5.692300978373245 -0.03287952186623737 0.0)
(4.7586987783051296 -0.018654384778993945 0.0)
(3.7441637878420897 -0.008346891545441378 0.0)
(2.6233327393710764 -0.0026149662851381403 0.0)
(1.3762365120501547 -0.0004577137958069931 0.0)
(0.02722755040269804 -2.3850038723034995e-05 0.0)
(-0.027196059895326082 -2.3783162969130604e-05 0.0)
(1.2016574928352828 -0.00045668893483817986 0.0)
(2.3546748988993036 -0.002610345132945529 0.0)
(3.45608413517123 -0.008334895348735688 0.0)
(4.485550528092673 -0.018631523532449477 0.0)
(5.417628764771292 -0.03284345467969359 0.0)
(6.261688361275444 -0.04862501509112464 0.0)
(7.032914353076738 -0.06325216007402867 0.0)
(7.72061130616796 -0.07594577734297217 0.0)
(8.31746767309941 -0.087149470132818 0.0)
(8.823001384126842 -0.09686267518403548 0.0)
(9.237851033859412 -0.1049343663187259 0.0)
(9.562735156955942 -0.11127937963651804 0.0)
(9.797835250046939 -0.11584225564517932 0.0)
(9.943509300330668 -0.1185905708512022 0.0)
(10.000000000000007 -0.11950833486752181 0.0)
(9.967601810780454 -0.11859057085120316 0.0)
(9.846609194397518 -0.11584225564518148 0.0)
(9.637264843044072 -0.11127937963651965 0.0)
(9.339926743918365 -0.1049343663187297 0.0)
(8.954776393650945 -0.09686267518403958 0.0)
(8.482532326900598 -0.08714947013282377 0.0)
(7.923833138276479 -0.0759457773429793 0.0)
(7.278196758034358 -0.06325216007403447 0.0)
(6.538311638724565 -0.04862501509112934 0.0)
(5.693482346339804 -0.03284345467969846 0.0)
(4.7588939163517265 -0.018631523532452492 0.0)
(3.743915864828732 -0.008334895348736972 0.0)
(2.6231028788784623 -0.002610345132946195 0.0)
(1.3761202849425 -0.00045668893483842305 0.0)
(0.02719605989531632 -2.3783162969153478e-05 0.0)
(-0.027166766159529735 -2.3709750842726992e-05 0.0)
(1.2017670301758774 -0.00045559977706217676 0.0)
(2.354907036953193 -0.002605636648852531 0.0)
(3.4563927346176886 -0.008323187410915228 0.0)
(4.4855212561242155 -0.018609916738643886 0.0)
(5.416586870033336 -0.03280956209099686 0.0)
(6.260328253297893 -0.048579580294321065 0.0)
(7.0327685889785805 -0.06320250439653866 0.0)
(7.720877678019734 -0.07589856592440597 0.0)
(8.317480794385718 -0.08710541252629368 0.0)
(8.8230096114103 -0.0968215796944487 0.0)
(9.237857437469684 -0.1048961544644194 0.0)
(9.562739288177477 -0.11124363874717047 0.0)
(9.797837312365017 -0.11580839664657579 0.0)
(9.943510427285121 -0.11855788269222567 0.0)
(10.000000000000007 -0.11947604430911261 0.0)
(9.967600683826003 -0.11855788269222663 0.0)
(9.84660713207944 -0.11580839664657792 0.0)
(9.637260711822535 -0.11124363874717202 0.0)
(9.339920340308094 -0.10489615446442314 0.0)
(8.95476816636749 -0.09682157969445275 0.0)
(8.48251920561429 -0.08710541252629934 0.0)
(7.923566766424705 -0.07589856592441299 0.0)
(7.278342522132517 -0.06320250439654435 0.0)
(6.53967174670212 -0.04857958029432568 0.0)
(5.694524241077762 -0.032809562091001665 0.0)
(4.758923188320184 -0.018609916738646853 0.0)
(3.7436072653822725 -0.008323187410916488 0.0)
(2.622870740824572 -0.0026056366488531853 0.0)
(1.3760107476019054 -0.00045559977706241723 0.0)
(0.02716676615951991 -2.370975084274967e-05 0.0)
(-0.027140956308478213 -2.3633027938331586e-05 0.0)
(1.2018650648790588 -0.0004544941780788575 0.0)
(2.3551312528469546 -0.0026010477150355854 0.0)
(3.4567484512021394 -0.008312282157347445 0.0)
(4.485659136390641 -0.0185905137605654 0.0)
(5.415730227472674 -0.03277933327848484 0.0)
(6.258899257631144 -0.04853803132844435 0.0)
(7.032420713376361 -0.06315566577464654 0.0)
(7.721093048712033 -0.07585334847176309 0.0)
(8.317484158703863 -0.08706302953633153 0.0)
(8.823004710885925 -0.09678189609711198 0.0)
(9.237856668056304 -0.10485913883037486 0.0)
(9.562738891323194 -0.11120893037434937 0.0)
(9.797836860111001 -0.11577545580570835 0.0)
(9.94351039700151 -0.11852604411527065 0.0)
(10.000000000000007 -0.11944458116591096 0.0)
(9.967600714109613 -0.11852604411527161 0.0)
(9.846607584333455 -0.11577545580571048 0.0)
(9.63726110867682 -0.1112089303743509 0.0)
(9.339921109721471 -0.10485913883037858 0.0)
(8.954773066891862 -0.09678189609711597 0.0)
(8.482515841296145 -0.08706302953633714 0.0)
(7.923351395732405 -0.07585334847177003 0.0)
(7.278690397734739 -0.06315566577465218 0.0)
(6.541100742368872 -0.04853803132844888 0.0)
(5.695380883638425 -0.032779333278489586 0.0)
(4.758785308053756 -0.018590513760568337 0.0)
(3.743251548797821 -0.008312282157348683 0.0)
(2.62264652493081 -0.0026010477150362303 0.0)
(1.3759127128987236 -0.00045449417807909536 0.0)
(0.02714095630846834 -2.363302793835406e-05 0.0)
(-0.027119764379808935 -2.355636532000292e-05 0.0)
(1.2019472894793188 -0.00045342071588491293 0.0)
(2.3553376949444083 -0.0025967799608513924 0.0)
(3.4571356553886257 -0.008302658744923516 0.0)
(4.485958110685289 -0.01857416712957405 0.0)
(5.41509647639624 -0.03275409644087725 0.0)
(6.257464161730521 -0.048502193779043426 0.0)
(7.031886011287622 -0.06311370221170948 0.0)
(7.721247955250647 -0.07581211175718963 0.0)
(8.317477618231859 -0.08702418339397298 0.0)
(8.822986897873799 -0.09674536801669316 0.0)
(9.23784875942589 -0.10482494581583403 0.0)
(9.562733983830142 -0.11117677954045935 0.0)
(9.79783391315611 -0.11574488048286115 0.0)
(9.943509210810443 -0.11849645404916154 0.0)
(10.000000000000007 -0.11941532787086893 0.0)
(9.96760190030068 -0.11849645404916247 0.0)
(9.846610531288347 -0.11574488048286326 0.0)
(9.637266016169871 -0.11117677954046082 0.0)
(9.339929018351887 -0.10482494581583769 0.0)
(8.954790879903989 -0.0967453680166971 0.0)
(8.482522381768149 -0.08702418339397854 0.0)
(7.923196489193791 -0.07581211175719649 0.0)
(7.2792250998234795 -0.06311370221171503 0.0)
(6.542535838269498 -0.04850219377904789 0.0)
(5.69601463471486 -0.03275409644088195 0.0)
(4.758486333759108 -0.018574167129576952 0.0)
(3.742864344611333 -0.008302658744924734 0.0)
(2.622440082833356 -0.0025967799608520286 0.0)
(1.3758304882984633 -0.0004534207158851484 0.0)
(0.027119764379799027 -2.355636532002521e-05 0.0)
(-0.027104121508098083 -2.3483131402940072e-05 0.0)
(1.2020100911781482 -0.0004524265564453014 0.0)
(2.3555172925574666 -0.0025930209036111695 0.0)
(3.457537334133564 -0.008294740008779809 0.0)
(4.486405042624607 -0.01856159508673027 0.0)
(5.414713462666915 -0.03273496043864907 0.0)
(6.256086021084465 -0.048473642282476026 0.0)
(7.031187976543932 -0.06307845750991273 0.0)
(7.721335591325665 -0.07577666764648353 0.0)
(8.31746146034608 -0.08699058092764629 0.0)
(8.822956955045083 -0.09671360043021963 0.0)
(9.237834059069195 -0.10479507779930146 0.0)
(9.562724781324587 -0.11114859889432324 0.0)
(9.797828600984145 -0.1157180141017841 0.0)
(9.943506920830984 -0.11847041262726968 0.0)
(10.000000000000007 -0.11938956976025326 0.0)
(9.967604190280138 -0.11847041262727058 0.0)
(9.846615843460311 -0.11571801410178618 0.0)
(9.637275218675425 -0.11114859889432471 0.0)
(9.339943718708582 -0.1047950777993051 0.0)
(8.954820822732705 -0.09671360043022355 0.0)
(8.482538539653929 -0.08699058092765179 0.0)
(7.923108853118774 -0.07577666764649033 0.0)
(7.279923134567172 -0.06307845750991822 0.0)
(6.543913978915559 -0.04847364228248046 0.0)
(5.696397648444185 -0.03273496043865376 0.0)
(4.7580394018197865 -0.018561595086733166 0.0)
(3.742462665866394 -0.008294740008781012 0.0)
(2.622260485220297 -0.002593020903611799 0.0)
(1.3757676865996342 -0.00045242655644553496 0.0)
(0.027104121508088167 -2.34831314029622e-05 0.0)
(-0.027094715012510814 -2.341654395148111e-05 0.0)
(1.202050710583792 -0.00045155538130703626 0.0)
(2.355662154495577 -0.002589935709413052 0.0)
(3.457935838407752 -0.008288873883695556 0.0)
(4.486980294836824 -0.018553350024596724 0.0)
(5.414598015207264 -0.03272276607272989 0.0)
(6.2548253886717236 -0.04845363133926783 0.0)
(7.030357279514911 -0.06305148025697488 0.0)
(7.721352106368274 -0.07574857348902603 0.0)
(8.317436394994466 -0.08696369856824786 0.0)
(8.822916198032894 -0.09668798914732392 0.0)
(9.237813212892995 -0.10477084712678163 0.0)
(9.56271168814779 -0.11112562664197723 0.0)
(9.797821157002227 -0.11569603712211109 0.0)
(9.943503627680643 -0.11844906406203151 0.0)
(10.000000000000007 -0.11936843859832132 0.0)
(9.967607483430479 -0.11844906406203244 0.0)
(9.84662328744223 -0.11569603712211317 0.0)
(9.637288311852224 -0.1111256266419787 0.0)
(9.339964564884783 -0.10477084712678524 0.0)
(8.954861579744895 -0.09668798914732778 0.0)
(8.482563605005542 -0.08696369856825335 0.0)
(7.923092338076165 -0.0757485734890328 0.0)
(7.280753831596195 -0.06305148025698035 0.0)
(6.545174611328302 -0.04845363133927225 0.0)
(5.696513095903835 -0.03272276607273458 0.0)
(4.757464149607568 -0.018553350024599614 0.0)
(3.742064161592205 -0.008288873883696757 0.0)
(2.6221156232821867 -0.002589935709413677 0.0)
(1.3757270671939903 -0.0004515553813072683 0.0)
(0.027094715012500905 -2.3416543951503097e-05 0.0)
(-0.027091958197254535 -2.3359528696424843e-05 0.0)
(1.202067362953878 -0.00045084546831192283 0.0)
(2.3557659157901956 -0.002587659936045901 0.0)
(3.4583136586624246 -0.008285318116475194 0.0)
(4.487658591792128 -0.018549794216119637 0.0)
(5.414755206567457 -0.032718049141249234 0.0)
(6.253737654374253 -0.04844304019365443 0.0)
(7.029430419508296 -0.06303395578403656 0.0)
(7.7212967747377155 -0.07572906369069901 0.0)
(8.317403523502716 -0.08694471747746978 0.0)
(8.822866417625782 -0.09666965948092186 0.0)
(9.237787136840137 -0.10475331844969625 0.0)
(9.562695279589983 -0.11110887214216286 0.0)
(9.797811908285302 -0.11567991517212321 0.0)
(9.94349947605442 -0.11843334637034755 0.0)
(10.000000000000007 -0.11935286284966996 0.0)
(9.967611635056702 -0.11843334637034848 0.0)
(9.846632536159154 -0.1156799151721253 0.0)
(9.63730472041003 -0.11110887214216433 0.0)
(9.339990640937641 -0.10475331844969986 0.0)
(8.954911360152007 -0.09666965948092575 0.0)
(8.482596476497292 -0.08694471747747524 0.0)
(7.923147669706724 -0.07572906369070578 0.0)
(7.281680691602812 -0.063033955784042 0.0)
(6.546262345625775 -0.04844304019365885 0.0)
(5.69635590454364 -0.03271804914125394 0.0)
(4.756785852652262 -0.018549794216122534 0.0)
(3.7416863413375316 -0.008285318116476398 0.0)
(2.622011861987568 -0.002587659936046524 0.0)
(1.3757104148239043 -0.0004508454683121539 0.0)
(0.027091958197244647 -2.3359528696446734e-05 0.0)
(-0.02709597219174815 -2.3314590783771985e-05 0.0)
(1.202059316613729 -0.00045032800973821734 0.0)
(2.355824017359863 -0.0025862935768280596 0.0)
(3.4586541941667948 -0.00828422894102529 0.0)
(4.488410130363212 -0.018551083897018324 0.0)
(5.4151781300467015 -0.03272101689754697 0.0)
(6.252870611247129 -0.04844233420119812 0.0)
(7.028448121057137 -0.06302665408437852 0.0)
(7.72117202760461 -0.07571899547634883 0.0)
(8.317364290184035 -0.08693447164971592 0.0)
(8.822809801083768 -0.09665941680302205 0.0)
(9.237756976644679 -0.10474326194604867 0.0)
(9.56267627661318 -0.11109907155695051 0.0)
(9.797801261205073 -0.11567035662080864 0.0)
(9.943494648367176 -0.1184239501588357 0.0)
(10.000000000000007 -0.11934352688419998 0.0)
(9.967616462743946 -0.1184239501588366 0.0)
(9.846643183239383 -0.11567035662081072 0.0)
(9.637323723386833 -0.11109907155695195 0.0)
(9.340020801133099 -0.10474326194605231 0.0)
(8.954967976694022 -0.09665941680302594 0.0)
(8.482635709815973 -0.08693447164972139 0.0)
(7.923272416839829 -0.0757189954763556 0.0)
(7.282662990053975 -0.06302665408438399 0.0)
(6.547129388752899 -0.04844233420120258 0.0)
(5.695932981064393 -0.03272101689755172 0.0)
(4.756034314081177 -0.01855108389702125 0.0)
(3.741345805833161 -0.008284228941026501 0.0)
(2.6219537604179006 -0.002586293576828683 0.0)
(1.3757184611640536 -0.00045032800973844795 0.0)
(0.027095972191738305 -2.3314590783793814e-05 0.0)
(-0.027106580628417015 -2.3283704703192912e-05 0.0)
(1.2020269251048106 -0.0004500257417689847 0.0)
(2.355833906327902 -0.0025858966670838763 0.0)
(3.458942482413792 -0.008285654213722522 0.0)
(4.489201889320163 -0.01855716240107351 0.0)
(5.415848203161037 -0.032731538943840746 0.0)
(6.252262355579148 -0.048451544381915845 0.0)
(7.027453544558312 -0.06302989598132566 0.0)
(7.72098334612977 -0.07571881122489471 0.0)
(8.317320418878674 -0.08693341126791355 0.0)
(8.82274883603413 -0.09665771115815293 0.0)
(9.237724057490432 -0.10474111948021132 0.0)
(9.562655514173416 -0.11109665550612469 0.0)
(9.797789683574765 -0.11566778145342528 0.0)
(9.943489356738658 -0.11842128827983986 0.0)
(10.000000000000007 -0.1193408409071544 0.0)
(9.967621754372466 -0.11842128827984076 0.0)
(9.846654760869692 -0.11566778145342736 0.0)
(9.637344485826597 -0.11109665550612616 0.0)
(9.340053720287345 -0.10474111948021496 0.0)
(8.95502894174366 -0.09665771115815684 0.0)
(8.482679581121335 -0.08693341126791905 0.0)
(7.923461098314671 -0.07571881122490154 0.0)
(7.283657566552802 -0.06302989598133119 0.0)
(6.547737644420881 -0.04845154438192036 0.0)
(5.695262907950055 -0.03273153894384555 0.0)
(4.755242555124223 -0.01855716240107647 0.0)
(3.7410575175861633 -0.008285654213723747 0.0)
(2.6219438714498615 -0.002585896667084503 0.0)
(1.375750852672972 -0.00045002574176921555 0.0)
(0.027106580628407224 -2.3283704703214715e-05 0.0)
(-0.02712331739196148 -2.3268227532563786e-05 0.0)
(1.2019716116507664 -0.00044995194550580947 0.0)
(2.3557951481911488 -0.002586486646301384 0.0)
(3.4591658565452517 -0.008289531310692037 0.0)
(4.489999080222896 -0.018567762649937307 0.0)
(5.416735984123682 -0.03274915296066595 0.0)
(6.251939613011589 -0.04847026605731643 0.0)
(7.026490389883653 -0.06304353903185703 0.0)
(7.720739020632013 -0.07572851903200847 0.0)
(8.317273837211529 -0.08694158292329916 0.0)
(8.822686201169615 -0.09666461748922968 0.0)
(9.23768982578481 -0.10474698518821356 0.0)
(9.56263390453431 -0.11110173014653868 0.0)
(9.797777684094273 -0.11567230281811679 0.0)
(9.943483833673339 -0.11842547769145337 0.0)
(10.000000000000007 -0.11934492293545075 0.0)
(9.967627277437783 -0.11842547769145427 0.0)
(9.846666760350182 -0.1156723028181189 0.0)
(9.637366095465703 -0.11110173014654018 0.0)
(9.340087951992967 -0.10474698518821725 0.0)
(8.955091576608174 -0.09666461748923362 0.0)
(8.48272616278848 -0.08694158292330471 0.0)
(7.923705423812428 -0.07572851903201536 0.0)
(7.284620721227463 -0.06304353903186263 0.0)
(6.548060386988439 -0.04847026605732104 0.0)
(5.694375126987407 -0.032749152960670824 0.0)
(4.754445364221488 -0.018567762649940315 0.0)
(3.740834143454703 -0.008289531310693283 0.0)
(2.6219826295866153 -0.002586486646302016 0.0)
(1.3758061661270164 -0.00044995194550604106 0.0)
(0.027123317391951753 -2.326822753258561e-05 0.0)
(-0.027145447099610445 -2.326883931044736e-05 0.0)
(1.201895806623574 -0.000450109863421489 0.0)
(2.3557094459112253 -0.0025880375918731035 0.0)
(3.459314501910489 -0.008295689879385944 0.0)
(4.490766675961563 -0.018582418888067255 0.0)
(5.417802465463288 -0.03277308502034722 0.0)
(6.251916564262428 -0.0484976766312331 0.0)
(7.025600976287524 -0.06306698378529152 0.0)
(7.720449786326732 -0.07574769235440551 0.0)
(8.317226591895835 -0.08695862756828472 0.0)
(8.822624648551583 -0.09667983234469955 0.0)
(9.237655785606336 -0.10476060134157676 0.0)
(9.562612397183871 -0.11111407250777647 0.0)
(9.79776578999882 -0.11568372205439025 0.0)
(9.943478321844609 -0.11843633431859421 0.0)
(10.000000000000007 -0.1193555936122336 0.0)
(9.967632789266514 -0.11843633431859514 0.0)
(9.846678654445636 -0.11568372205439238 0.0)
(9.63738760281614 -0.111114072507778 0.0)
(9.340121992171442 -0.10476060134158048 0.0)
(8.955153129226206 -0.09667983234470355 0.0)
(8.482773408104173 -0.08695862756829036 0.0)
(7.92399465811771 -0.07574769235441248 0.0)
(7.2855101348235936 -0.06306698378529721 0.0)
(6.548083435737598 -0.04849767663123781 0.0)
(5.6933086456477975 -0.03277308502035217 0.0)
(4.753677768482819 -0.01858241888807032 0.0)
(3.7406854980894657 -0.00829568987938721 0.0)
(2.622068331866539 -0.0025880375918737432 0.0)
(1.3758819711542092 -0.0004501098634217219 0.0)
(0.027145447099600793 -2.3268839310469244e-05 0.0)
(-0.02717199741249496 -2.3285513156442647e-05 0.0)
(1.2018028407574466 -0.00045049255689171106 0.0)
(2.3555805650895243 -0.002590481358087987 0.0)
(3.4593818873040947 -0.008303859323562614 0.0)
(4.491470949783684 -0.01860048714717276 0.0)
(5.419000787940866 -0.032802283591964604 0.0)
(6.252194222051539 -0.048532571733194196 0.0)
(7.024824382976202 -0.06309920012205417 0.0)
(7.720128351640162 -0.07577548875137624 0.0)
(8.317180758804334 -0.08698379629235191 0.0)
(8.822566882689467 -0.09670268721164797 0.0)
(9.237623432618173 -0.10478136967143221 0.0)
(9.562591937115732 -0.11113314028906501 0.0)
(9.797754523893198 -0.11570153742189472 0.0)
(9.943473063432135 -0.11845338114092749 0.0)
(10.000000000000007 -0.1193723840874865 0.0)
(9.967638047678987 -0.11845338114092845 0.0)
(9.846689920551258 -0.11570153742189686 0.0)
(9.637408062884282 -0.11113314028906657 0.0)
(9.340154345159604 -0.10478136967143599 0.0)
(8.955210895088323 -0.09670268721165202 0.0)
(8.482819241195676 -0.0869837962923576 0.0)
(7.924316092804281 -0.07577548875138329 0.0)
(7.286286728134917 -0.06309920012205997 0.0)
(6.5478057779484855 -0.04853257173319902 0.0)
(5.692110323170216 -0.032802283591969655 0.0)
(4.752973494660696 -0.018600487147175878 0.0)
(3.74061811269586 -0.008303859323563912 0.0)
(2.6221972126882407 -0.0025904813580886355 0.0)
(1.3759749370203367 -0.0004504925568919458 0.0)
(0.0271719974124854 -2.3285513156464632e-05 0.0)
(-0.027201801758439326 -2.331751645226056e-05 0.0)
(1.2016967988024658 -0.000451083211065512 0.0)
(2.35541416851357 -0.0025937105703292963 0.0)
(3.4593650519351518 -0.008313680692790499 0.0)
(4.492080957185949 -0.018621173541003656 0.0)
(5.420278299459019 -0.03283546574369853 0.0)
(6.252760386603628 -0.04857341813625832 0.0)
(7.0241947320390485 -0.06313877251524577 0.0)
(7.719788839824382 -0.07581068690008991 0.0)
(8.317138351759212 -0.08701598322781003 0.0)
(8.822515441709562 -0.09673217788903303 0.0)
(9.237594188351434 -0.10480837765536065 0.0)
(9.562573423307853 -0.11115809568697796 0.0)
(9.797744380789478 -0.11572496614597431 0.0)
(9.943468289480943 -0.11847586915226616 0.0)
(10.000000000000007 -0.11939455661844418 0.0)
(9.967642821630179 -0.11847586915226711 0.0)
(9.846700063654978 -0.11572496614597648 0.0)
(9.637426576692159 -0.11115809568697954 0.0)
(9.340183589426344 -0.10480837765536448 0.0)
(8.955262336068227 -0.09673217788903717 0.0)
(8.482861648240796 -0.0870159832278158 0.0)
(7.924655604620062 -0.07581068690009704 0.0)
(7.28691637907207 -0.06313877251525168 0.0)
(6.547239613396394 -0.048573418136263265 0.0)
(5.69083281165206 -0.032835465743703676 0.0)
(4.752363487258431 -0.018621173541006838 0.0)
(3.7406349480648036 -0.008313680692791828 0.0)
(2.6223636092641955 -0.002593710570329956 0.0)
(1.376080978975318 -0.0004510832110657489 0.0)
(0.027201801758429855 -2.331751645228268e-05 0.0)
(-0.027233550589008244 -2.3363443031631227e-05 0.0)
(1.2015823400481351 -0.0004518558736790662 0.0)
(2.355217567344496 -0.0025975833429188262 0.0)
(3.459264735518972 -0.008324722454073417 0.0)
(4.492569895559078 -0.01864356914725971 0.0)
(5.421578868498782 -0.03287117351250683 0.0)
(6.253590181684044 -0.04861842112420123 0.0)
(7.02373968918633 -0.06318396222630515 0.0)
(7.719446168407458 -0.07585174025828514 0.0)
(8.317101234048454 -0.08705377413959943 0.0)
(8.822472585834422 -0.09676700861044214 0.0)
(9.2375693377457 -0.10484043861195798 0.0)
(9.562557669223086 -0.11118784220698566 0.0)
(9.797735806357082 -0.11575297881135464 0.0)
(9.943464209749717 -0.11850281027053264 0.0)
(10.000000000000007 -0.11942113698465985 0.0)
(9.967646901361407 -0.1185028102705336 0.0)
(9.846708638087375 -0.11575297881135684 0.0)
(9.637442330776928 -0.1111878422069873 0.0)
(9.340208440032077 -0.10484043861196186 0.0)
(8.955305191943367 -0.09676700861044636 0.0)
(8.482898765951553 -0.08705377413960529 0.0)
(7.924998276036987 -0.07585174025829242 0.0)
(7.28737142192479 -0.06318396222631117 0.0)
(6.546409818315976 -0.0486184211242063 0.0)
(5.689532242612294 -0.03287117351251208 0.0)
(4.751874548885302 -0.018643569147262954 0.0)
(3.740735264480984 -0.008324722454074777 0.0)
(2.6225602104332704 -0.002597583342919497 0.0)
(1.3761954377296488 -0.0004518558736793056 0.0)
(0.027233550588998855 -2.336344303165351e-05 0.0)
(-0.02726584891866936 -2.3421274964677405e-05 0.0)
(1.2014644936027234 -0.00045277659535068043 0.0)
(2.354999399878 -0.0026019295133140282 0.0)
(3.4590853457753585 -0.008336499452620924 0.0)
(4.492916281845443 -0.018666689943973636 0.0)
(5.422845350435869 -0.032907837964353606 0.0)
(6.254647147615022 -0.048665603348063344 0.0)
(7.023479248168517 -0.06323278370200056 0.0)
(7.71911539374455 -0.07589684501650792 0.0)
(8.317071036556367 -0.08709550856419258 0.0)
(8.822440198072796 -0.09680564897769754 0.0)
(9.237549972691124 -0.10487614384144513 0.0)
(9.562545367067091 -0.11122107284141869 0.0)
(9.797729177340882 -0.11578434459276658 0.0)
(9.94346100349438 -0.11853302075227767 0.0)
(10.000000000000007 -0.1194509572934694 0.0)
(9.967650107616743 -0.11853302075227866 0.0)
(9.846715267103574 -0.11578434459276883 0.0)
(9.63745463293292 -0.11122107284142038 0.0)
(9.340227805086656 -0.10487614384144907 0.0)
(8.955337579704993 -0.09680564897770182 0.0)
(8.482928963443642 -0.08709550856419855 0.0)
(7.925329050699895 -0.07589684501651531 0.0)
(7.287631862942603 -0.06323278370200672 0.0)
(6.545352852384994 -0.04866560334806854 0.0)
(5.688265760675203 -0.03290783796435895 0.0)
(4.751528162598936 -0.018666689943976942 0.0)
(3.740914654224598 -0.008336499452622315 0.0)
(2.622778377899767 -0.002601929513314712 0.0)
(1.376313284175061 -0.00045277659535092264 0.0)
(0.027265848918660057 -2.3421274964699872e-05 0.0)
(-0.027297277617905496 -2.348847122206158e-05 0.0)
(1.2013484374234482 -0.0004538049212545167 0.0)
(2.3547692519934333 -0.002606558118738833 0.0)
(3.4588347647614617 -0.008348494228662257 0.0)
(4.493104896465318 -0.01868952004563612 0.0)
(5.424022098370931 -0.03294384813030041 0.0)
(6.255884843247218 -0.048712891707245604 0.0)
(7.023424852287468 -0.0632830918160063 0.0)
(7.7188110494692115 -0.07594401935419873 0.0)
(8.317049086105504 -0.08713935276732383 0.0)
(8.822419701483678 -0.09684640120375258 0.0)
(9.237536944052774 -0.10491392452135935 0.0)
(9.562537057374099 -0.1112563274969938 0.0)
(9.797724785007723 -0.115817685335157 0.0)
(9.943458811591926 -0.1185651732042019 0.0)
(10.000000000000007 -0.11948270729505846 0.0)
(9.967652299519198 -0.11856517320420291 0.0)
(9.846719659436733 -0.11581768533515928 0.0)
(9.637462942625913 -0.11125632749699552 0.0)
(9.340240833725003 -0.10491392452136335 0.0)
(8.955358076294111 -0.09684640120375697 0.0)
(8.482950913894504 -0.08713935276732988 0.0)
(7.925633394975234 -0.0759440193542062 0.0)
(7.287686258823651 -0.0632830918160126 0.0)
(6.5441151567527935 -0.04871289170725091 0.0)
(5.687089012740139 -0.03294384813030583 0.0)
(4.751339547979061 -0.018689520045639483 0.0)
(3.7411652352384963 -0.008348494228663676 0.0)
(2.623008525784334 -0.0026065581187395288 0.0)
(1.3764293403543364 -0.00045380492125476175 0.0)
(0.02729727761789626 -2.3488471222084244e-05 0.0)
(-0.027326455767169387 -2.3562079323166368e-05 0.0)
(1.201239270806508 -0.00045489566863162953 0.0)
(2.3545372359678005 -0.0026112657867386683 0.0)
(3.458524002548607 -0.008360179753681977 0.0)
(4.493127452037366 -0.01871105633934661 0.0)
(5.425057408152499 -0.032977621789534284 0.0)
(6.257248886498855 -0.04875820843775716 0.0)
(7.023578891598682 -0.0633326761218291 0.0)
(7.718546507912119 -0.07599119051726241 0.0)
(8.317036347158522 -0.0871833803149183 0.0)
(8.822411996649697 -0.09688747471034855 0.0)
(9.237530824285185 -0.104952120637743 0.0)
(9.562533105256817 -0.11129205714864154 0.0)
(9.797722822348689 -0.11585153610730044 0.0)
(9.94345773035054 -0.11859785490638905 0.0)
(10.000000000000007 -0.11951499195244218 0.0)
(9.967653380760582 -0.11859785490639009 0.0)
(9.846721622095767 -0.11585153610730274 0.0)
(9.637466894743197 -0.11129205714864332 0.0)
(9.340246953492592 -0.10495212063774705 0.0)
(8.955365781128092 -0.09688747471035299 0.0)
(8.482963652841487 -0.08718338031492447 0.0)
(7.925897936532327 -0.07599119051726999 0.0)
(7.287532219512436 -0.06333267612183552 0.0)
(6.542751113501153 -0.04875820843776255 0.0)
(5.68605370295857 -0.03297762178953978 0.0)
(4.751316992407014 -0.01871105633935002 0.0)
(3.741475997451352 -0.008360179753683424 0.0)
(2.6232405418099676 -0.002611265786739375 0.0)
(1.3765385069712768 -0.0004548956686318774 0.0)
(0.027326455767160213 -2.3562079323189235e-05 0.0)
(-0.027352101331962298 -2.363886506269144e-05 0.0)
(1.2011417903333366 -0.00045600091203773453 0.0)
(2.3543135461608067 -0.002615845670994056 0.0)
(3.4581667134599035 -0.008371042587088783 0.0)
(4.492982957511015 -0.018730352559759002 0.0)
(5.425905790162816 -0.03300767498925565 0.0)
(6.258679343804902 -0.04879956240536393 0.0)
(7.023934597896631 -0.06337935797578303 0.0)
(7.7183333925453255 -0.07603628589109121 0.0)
(8.317033379441444 -0.08722565671708084 0.0)
(8.82241742210716 -0.09692706480274742 0.0)
(9.237531882279752 -0.10498905392311998 0.0)
(9.562533684364046 -0.11132669190083413 0.0)
(9.797723375599425 -0.11588440956819711 0.0)
(9.94345780727799 -0.11862962988463449 0.0)
(10.000000000000007 -0.11954639273683824 0.0)
(9.967653303833133 -0.11862962988463553 0.0)
(9.846721068845032 -0.11588440956819944 0.0)
(9.637466315635965 -0.11132669190083594 0.0)
(9.340245895498025 -0.10498905392312409 0.0)
(8.95536035567063 -0.09692706480275191 0.0)
(8.482966620558564 -0.08722565671708706 0.0)
(7.926111051899121 -0.07603628589109887 0.0)
(7.287176513214485 -0.0633793579757895 0.0)
(6.5413206561951025 -0.0487995624053694 0.0)
(5.685205320948251 -0.0330076749892612 0.0)
(4.7514614869333665 -0.018730352559762447 0.0)
(3.7418332865400563 -0.008371042587090254 0.0)
(2.623464231616962 -0.002615845670994773 0.0)
(1.3766359874444485 -0.0004560009120379849 0.0)
(0.027352101331953173 -2.36388650627145e-05 0.0)
(-0.027373087493084463 -2.3715454615717605e-05 0.0)
(1.2010602791175895 -0.0004570720890995529 0.0)
(2.354108011093342 -0.0026200965397694767 0.0)
(3.4577785961242675 -0.008380605435855774 0.0)
(4.492677761711408 -0.01874656086624981 0.0)
(5.426529968048421 -0.03303268724684953 0.0)
(6.260113363488279 -0.048835136592384226 0.0)
(7.024476342097331 -0.06342108626260734 0.0)
(7.718181067268164 -0.07607732406745871 0.0)
(8.317040313350333 -0.08726432442604286 0.0)
(8.822435739471395 -0.09696343196471723 0.0)
(9.237540071550127 -0.1050231015964984 0.0)
(9.562538769250878 -0.11135870996592268 0.0)
(9.797726420451108 -0.11591486131811556 0.0)
(9.943459038994225 -0.11865910200452476 0.0)
(10.000000000000007 -0.11957552995522637 0.0)
(9.967652072116898 -0.11865910200452583 0.0)
(9.846718023993349 -0.11591486131811789 0.0)
(9.637461230749135 -0.11135870996592451 0.0)
(9.34023770622765 -0.10502310159650256 0.0)
(8.955342038306394 -0.09696343196472178 0.0)
(8.482959686649677 -0.08726432442604916 0.0)
(7.926263377176283 -0.07607732406746645 0.0)
(7.286634769013784 -0.06342108626261392 0.0)
(6.539886636511722 -0.04883513659238977 0.0)
(5.684581143062645 -0.033032687246855125 0.0)
(4.751766682732974 -0.018746560866253283 0.0)
(3.7422214038756936 -0.008380605435857263 0.0)
(2.623669766684427 -0.0026200965397702013 0.0)
(1.3767174986601958 -0.00045707208909980565 0.0)
(0.027373087493075366 -2.371545461574085e-05 0.0)
(-0.027388492157009264 -2.3788482777401518e-05 0.0)
(1.200998318612966 -0.00045806213425665166 0.0)
(2.3539296616002545 -0.0026238316176676823 0.0)
(3.457376703707386 -0.008388448125902864 0.0)
(4.49222527438364 -0.018758969095484093 0.0)
(5.426902516574922 -0.03305155956947588 0.0)
(6.261487937347563 -0.04886336793412151 0.0)
(7.025180320951694 -0.06345602751771875 0.0)
(7.7180962249746425 -0.07611250190397256 0.0)
(8.317056844221913 -0.0872976844534132 0.0)
(8.822466143910928 -0.09699497828969288 0.0)
(9.23755503227475 -0.10505276766539846 0.0)
(9.562548136496686 -0.11138670452870258 0.0)
(9.797731823118525 -0.11594155336287422 0.0)
(9.943461371379886 -0.11868497631502967 0.0)
(10.000000000000007 -0.11960112337153565 0.0)
(9.967649739731236 -0.11868497631503071 0.0)
(9.846712621325931 -0.11594155336287655 0.0)
(9.637451863503328 -0.11138670452870444 0.0)
(9.340222745503027 -0.10505276766540263 0.0)
(8.955311633866861 -0.09699497828969746 0.0)
(8.482943155778097 -0.08729768445341952 0.0)
(7.926348219469805 -0.07611250190398033 0.0)
(7.2859307901594175 -0.06345602751772536 0.0)
(6.538512062652435 -0.04886336793412709 0.0)
(5.684208594536145 -0.033051559569481484 0.0)
(4.752219170060744 -0.01875896909548758 0.0)
(3.742623296292576 -0.008388448125904363 0.0)
(2.6238481161775145 -0.002623831617668414 0.0)
(1.3767794591648193 -0.00045806213425690634 0.0)
(0.027388492157000188 -2.3788482777424927e-05 0.0)
(-0.027397638470985895 -2.3854740823920034e-05 0.0)
(1.200958631250686 -0.0004589275467360642 0.0)
(2.3537863340319904 -0.002626886792198957 0.0)
(3.4569786946268155 -0.00839422606377718 0.0)
(4.49164537699309 -0.0187670320525695 0.0)
(5.427007066641622 -0.033063462741804425 0.0)
(6.2627426691220895 -0.048883015997067625 0.0)
(7.026015602916754 -0.06348264648629087 0.0)
(7.718082593479923 -0.07614027375085233 0.0)
(8.31708224571993 -0.08732427102061961 0.0)
(8.822507299510306 -0.09702031768986728 0.0)
(9.237576107106754 -0.1050767486570252 0.0)
(9.562561374521824 -0.11140944555929991 0.0)
(9.797739346218354 -0.11596331290285812 0.0)
(9.943464701954216 -0.11870611594628128 0.0)
(10.000000000000007 -0.11962204845787529 0.0)
(9.967646409156906 -0.11870611594628232 0.0)
(9.846705098226103 -0.11596331290286048 0.0)
(9.63743862547819 -0.1114094455593018 0.0)
(9.340201670671023 -0.10507674865702941 0.0)
(8.955270478267483 -0.09702031768987189 0.0)
(8.482917754280077 -0.08732427102062597 0.0)
(7.926361850964524 -0.07614027375086016 0.0)
(7.285095508194355 -0.0634826464862975 0.0)
(6.537257330877906 -0.048883015997073224 0.0)
(5.684104044469446 -0.033063462741810046 0.0)
(4.752799067451296 -0.018767032052572987 0.0)
(3.7430213053731474 -0.008394226063778685 0.0)
(2.623991443745779 -0.002626886792199694 0.0)
(1.3768191465270994 -0.0004589275467363204 0.0)
(0.02739763847097681 -2.3854740823943585e-05 0.0)
(-0.02740012456271092 -2.3911317497924807e-05 0.0)
(1.2009429608208417 -0.0004596303018966725 0.0)
(2.353684325939688 -0.0026291278245836824 0.0)
(3.4566020566734195 -0.008397685377458965 0.0)
(4.490963549170208 -0.01877039546592247 0.0)
(5.426839024509858 -0.0330678737602193 0.0)
(6.263822428193152 -0.04889321748128185 0.0)
(7.026945487231071 -0.06349977357954267 0.0)
(7.718140771726946 -0.07615941936395335 0.0)
(8.317115401749035 -0.08734291596253783 0.0)
(8.822557397967788 -0.09703833679835393 0.0)
(9.237602370056575 -0.10509399089047856 0.0)
(9.562577901671688 -0.11142593385843375 0.0)
(9.79774865919935 -0.11597918386368837 0.0)
(9.94346888437787 -0.11872159206155627 0.0)
(10.000000000000007 -0.11963738580423285 0.0)
(9.967642226733252 -0.11872159206155732 0.0)
(9.846695785245107 -0.11597918386369073 0.0)
(9.637422098328324 -0.11142593385843563 0.0)
(9.340175407721203 -0.10509399089048278 0.0)
(8.955220379810001 -0.09703833679835853 0.0)
(8.482884598250973 -0.08734291596254419 0.0)
(7.9263036727175 -0.07615941936396117 0.0)
(7.284165623880035 -0.06349977357954933 0.0)
(6.536177571806841 -0.04889321748128742 0.0)
(5.6842720866012115 -0.033067873760224895 0.0)
(4.753480895274181 -0.018770395465925942 0.0)
(3.7433979433265443 -0.008397685377460468 0.0)
(2.6240934518380814 -0.002629127824584421 0.0)
(1.3768348169569433 -0.0004596303018969297 0.0)
(0.027400124562701817 -2.3911317497948453e-05 0.0)
(-0.02739584119786213 -2.395572692386416e-05 0.0)
(1.2009519958534527 -0.00046013952196237375 0.0)
(2.353628119372305 -0.002630456247958726 0.0)
(3.45626333862983 -0.008398674071033674 0.0)
(4.490209749182162 -0.018768911553313457 0.0)
(5.426405773643477 -0.033064598812641094 0.0)
(6.264679771922532 -0.04889352415221088 0.0)
(7.027929116479048 -0.0635066562643298 0.0)
(7.718268203469972 -0.07616909752006182 0.0)
(8.317154855493964 -0.0873528000545299 0.0)
(8.822614238048804 -0.09704824388849091 0.0)
(9.237632667178243 -0.10510373677356437 0.0)
(9.56259699177355 -0.11143544496040467 0.0)
(9.797759352866166 -0.11598846890438115 0.0)
(9.943473734882806 -0.11873072466866225 0.0)
(10.000000000000007 -0.11964646151566831 0.0)
(9.967637376228318 -0.11873072466866329 0.0)
(9.84668509157829 -0.11598846890438351 0.0)
(9.637403008226464 -0.11143544496040655 0.0)
(9.340145110599535 -0.10510373677356856 0.0)
(8.955163539728986 -0.09704824388849552 0.0)
(8.482845144506044 -0.08735280005453623 0.0)
(7.926176240974474 -0.07616909752006965 0.0)
(7.283181994632056 -0.06350665626433644 0.0)
(6.5353202280774605 -0.04889352415221642 0.0)
(5.684705337467594 -0.033064598812646645 0.0)
(4.754234695262229 -0.01876891155331691 0.0)
(3.743736661370135 -0.00839867407103517 0.0)
(2.6241496584054644 -0.0026304562479594626 0.0)
(1.3768257819243324 -0.00046013952196263125 0.0)
(0.027395841197852978 -2.3955726923887868e-05 0.0)
(-0.02738497657965477 -2.3986017832807063e-05 0.0)
(1.200985339365715 -0.0004604328327350727 0.0)
(2.3536201839435846 -0.002630813693831268 0.0)
(3.455977423147215 -0.0083971487031144 0.0)
(4.489417097621388 -0.018762645515147766 0.0)
(5.425726350292938 -0.03305378179427504 0.0)
(6.265277030195226 -0.04888392253529514 0.0)
(7.0289232717910295 -0.06350299212807425 0.0)
(7.71845928959134 -0.07616888297870406 0.0)
(8.317198873429344 -0.08735348900767613 0.0)
(8.822675322304178 -0.09704960366086217 0.0)
(9.23766566727166 -0.10510555809000939 0.0)
(9.562617806043255 -0.1114375609647921 0.0)
(9.797770957358647 -0.11599076005723492 0.0)
(9.943479040346709 -0.11873311249755056 0.0)
(10.000000000000007 -0.1196488768220247 0.0)
(9.967632070764415 -0.11873311249755163 0.0)
(9.846673487085809 -0.11599076005723725 0.0)
(9.637382193956759 -0.11143756096479396 0.0)
(9.340112110506118 -0.10510555809001358 0.0)
(8.955102455473611 -0.09704960366086675 0.0)
(8.482801126570665 -0.08735348900768243 0.0)
(7.925985154853104 -0.07616888297871183 0.0)
(7.282187839320072 -0.06350299212808083 0.0)
(6.534722969804766 -0.04888392253530061 0.0)
(5.6853847608181365 -0.033053781794280535 0.0)
(4.755027346823005 -0.018762645515151177 0.0)
(3.7440225768527498 -0.008397148703115882 0.0)
(2.6241575938341843 -0.0026308136938320023 0.0)
(1.37679243841207 -0.00046043283273533 0.0)
(0.027384976579645563 -2.398601783283079e-05 0.0)
(-0.027368008079536623 -2.4000859297630227e-05 0.0)
(1.2010415263046998 -0.000460497346676014 0.0)
(2.3536608683217484 -0.002630184456683601 0.0)
(3.4557568728288137 -0.008393176295576933 0.0)
(4.488620422147351 -0.018751872669679003 0.0)
(5.4248306070772925 -0.03303589798511895 0.0)
(6.2655879605753855 -0.04886483450801625 0.0)
(7.029884271801362 -0.06348894216621973 0.0)
(7.7187056341164615 -0.07615878516643479 0.0)
(8.317245521487623 -0.08734495255063567 0.0)
(8.822737966803482 -0.09704235636955728 0.0)
(9.237699920373094 -0.10509937481450109 0.0)
(9.562639429939873 -0.11143218889823442 0.0)
(9.797782962796624 -0.11598595665318485 0.0)
(9.943484567657203 -0.1187286506313883 0.0)
(10.000000000000007 -0.11964452559915943 0.0)
(9.967626543453921 -0.11872865063138936 0.0)
(9.846661481647832 -0.11598595665318719 0.0)
(9.63736057006014 -0.11143218889823625 0.0)
(9.340077857404683 -0.10509937481450525 0.0)
(8.955039810974307 -0.09704235636956184 0.0)
(8.482754478512385 -0.08734495255064194 0.0)
(7.925738810327982 -0.0761587851664425 0.0)
(7.2812268393097375 -0.06348894216622622 0.0)
(6.534412039424607 -0.04886483450802164 0.0)
(5.686280504033785 -0.033035897985124366 0.0)
(4.755824022297043 -0.01875187266968237 0.0)
(3.7442431271711514 -0.008393176295578394 0.0)
(2.6241169094560206 -0.002630184456684329 0.0)
(1.3767362514730848 -0.0004604973466762704 0.0)
(0.027368008079527353 -2.4000859297653934e-05 0.0)
)
