(
(-0.028688696121243935 -1.3767483568009187e-06 0.0)
(1.1920511548438142 -0.0001419280009637867 0.0)
(2.3277200822068327 -0.0013337542017870202 0.0)
(3.4100080055538977 -0.005340908745676131 0.0)
(4.429400474625753 -0.013388567838917965 0.0)
(5.36098524100499 -0.02488309378206018 0.0)
(6.205647664875034 -0.037369219236210637 0.0)
(6.982301026230401 -0.048425135977238125 0.0)
(7.683314960750617 -0.057833817487924724 0.0)
(8.2884412291186 -0.06618315947900497 0.0)
(8.799572333556068 -0.07343495384962063 0.0)
(9.21983108832324 -0.07946092404643237 0.0)
(9.549605002412703 -0.08419781494266747 0.0)
(9.789266750107982 -0.08760422796751204 0.0)
(9.939279042452956 -0.08965579909948845 0.0)
(10.000000000000007 -0.09034096228117858 0.0)
(9.97183206865816 -0.08965579909948988 0.0)
(9.855177694336476 -0.08760422796751502 0.0)
(9.650394997587307 -0.08419781494267042 0.0)
(9.357946689454534 -0.07946092404643769 0.0)
(8.97820544422172 -0.07343495384962642 0.0)
(8.5115587708814 -0.06618315947901272 0.0)
(7.96112948369383 -0.057833817487933904 0.0)
(7.3288100848807165 -0.04842513597724607 0.0)
(6.594352335124962 -0.03736921923621768 0.0)
(5.750125870106083 -0.0248830937820672 0.0)
(4.815043969818649 -0.013388567838922213 0.0)
(3.789991994446073 -0.005340908745677864 0.0)
(2.6500576955709416 -0.0013337542017877193 0.0)
(1.385726622933975 -0.00014192800096405077 0.0)
(0.02868869612123803 -1.376748356825383e-06 0.0)
(-0.028693445933599213 -1.4341537117731264e-06 0.0)
(1.1920276330738735 -0.00014265619707397992 0.0)
(2.3276080549127425 -0.0013361819058603911 0.0)
(3.409641240400874 -0.0053450355589992 0.0)
(4.428786753796672 -0.013393453763853239 0.0)
(5.360922390230025 -0.02488997624151285 0.0)
(6.206739740031953 -0.03738232119573689 0.0)
(6.983153890935778 -0.04844485780233671 0.0)
(7.683344781535443 -0.05785515476564519 0.0)
(8.288470073735581 -0.06620377479043751 0.0)
(8.799616908546376 -0.07345475045464502 0.0)
(9.219854277093486 -0.07947977214244842 0.0)
(9.549619586326925 -0.08421577052265845 0.0)
(9.789274990777955 -0.08762146481618947 0.0)
(9.93928272615111 -0.08967257905528456 0.0)
(10.000000000000007 -0.09035758284845283 0.0)
(9.971828384960007 -0.08967257905528599 0.0)
(9.855169453666504 -0.08762146481619246 0.0)
(9.650380413673084 -0.08421577052266141 0.0)
(9.357923500684286 -0.07947977214245373 0.0)
(8.978160869231411 -0.0734547504546508 0.0)
(8.51152992626442 -0.06620377479044527 0.0)
(7.961099662909003 -0.057855154765654386 0.0)
(7.327957220175336 -0.04844485780234467 0.0)
(6.593260259968041 -0.03738232119574392 0.0)
(5.75018872088105 -0.024889976241519857 0.0)
(4.815657690647733 -0.013393453763857477 0.0)
(3.7903587595990977 -0.005345035559000933 0.0)
(2.6501697228650323 -0.0013361819058610928 0.0)
(1.3857501447039156 -0.00014265619707424506 0.0)
(0.028693445933593287 -1.4341537117976982e-06 0.0)
(-0.028691779978629543 -1.4808454408560297e-06 0.0)
(1.192027422406272 -0.00014321088494293843 0.0)
(2.327538098981091 -0.0013377745980699528 0.0)
(3.4093047206666314 -0.005346860893441527 0.0)
(4.428093704083735 -0.013393770475880229 0.0)
(5.360604020844226 -0.024889599240959053 0.0)
(6.207636686742781 -0.03738614841175512 0.0)
(6.984072598141772 -0.0484550802460063 0.0)
(7.683441549873034 -0.057867765181580766 0.0)
(8.288505443759123 -0.06621632914300804 0.0)
(8.79966869815129 -0.07346709494924243 0.0)
(9.219881724746973 -0.0794917429836263 0.0)
(9.54963687347496 -0.08422733203503328 0.0)
(9.789284694134922 -0.08763267099646109 0.0)
(9.939287112524793 -0.08968355328889466 0.0)
(10.000000000000007 -0.09036847358288158 0.0)
(9.971823998586322 -0.08968355328889611 0.0)
(9.855159750309536 -0.08763267099646407 0.0)
(9.65036312652505 -0.08422733203503621 0.0)
(9.3578960530308 -0.07949174298363161 0.0)
(8.978109079626497 -0.07346709494924825 0.0)
(8.511494556240876 -0.0662163291430158 0.0)
(7.961002894571411 -0.057867765181589946 0.0)
(7.327038512969341 -0.04845508024601425 0.0)
(6.592363313257212 -0.03738614841176212 0.0)
(5.75050709026685 -0.024889599240966034 0.0)
(4.816350740360671 -0.01339377047588445 0.0)
(3.790695279333341 -0.005346860893443254 0.0)
(2.6502396787966838 -0.001337774598070655 0.0)
(1.3857503553715171 -0.00014321088494320417 0.0)
(0.028691779978623582 -1.480845440880674e-06 0.0)
(-0.028683771455348523 -1.5147719948938304e-06 0.0)
(1.1920505320973585 -0.000143567692600473 0.0)
(2.3275132881475353 -0.0013384622984337646 0.0)
(3.409013232412647 -0.005346304547147071 0.0)
(4.427351776823431 -0.013389504059251876 0.0)
(5.3600441214159655 -0.024881979345113426 0.0)
(6.20829909480996 -0.03738053272339519 0.0)
(6.985016781534476 -0.04845535415277349 0.0)
(7.68360101393967 -0.057871094657125324 0.0)
(8.288545785095101 -0.06622027092143218 0.0)
(8.799725426830319 -0.07347144493890394 0.0)
(9.21991222528402 -0.07949631059310475 0.0)
(9.549656104291143 -0.08423199148808934 0.0)
(9.789295433831132 -0.08763735412926683 0.0)
(9.939292008844777 -0.08968823961257077 0.0)
(10.000000000000007 -0.09037315596551809 0.0)
(9.97181910226634 -0.08968823961257223 0.0)
(9.855149010613326 -0.08763735412926982 0.0)
(9.650343895708865 -0.08423199148809227 0.0)
(9.357865552493754 -0.07949631059311003 0.0)
(8.978052350947468 -0.07347144493890972 0.0)
(8.5114542149049 -0.06622027092143994 0.0)
(7.9608434305047755 -0.05787109465713449 0.0)
(7.326094329576634 -0.04845535415278139 0.0)
(6.591700905190032 -0.03738053272340214 0.0)
(5.751066989695113 -0.02488197934512035 0.0)
(4.817092667620977 -0.013389504059256069 0.0)
(3.790986767587326 -0.005346304547148787 0.0)
(2.650264489630239 -0.0013384622984344645 0.0)
(1.3857272456804306 -0.00014356769260073874 0.0)
(0.02868377145534252 -1.5147719949185085e-06 0.0)
(-0.028669772243617945 -1.5344427031689836e-06 0.0)
(1.1920959467495844 -0.00014371094257087272 0.0)
(2.3275347125547112 -0.0013382147906559534 0.0)
(3.408779583099538 -0.005343390964954208 0.0)
(4.42659357094226 -0.013380841972509645 0.0)
(5.359267292901815 -0.02486745135825921 0.0)
(6.208697859234862 -0.03736572087373003 0.0)
(6.9859449554229505 -0.048445667487676 0.0)
(7.683816167175993 -0.05786499690121458 0.0)
(8.288589325219014 -0.06621542693117727 0.0)
(8.799784602029087 -0.07346760929304184 0.0)
(9.219944438566827 -0.07949327427847944 0.0)
(9.5496764338086 -0.08422954415398361 0.0)
(9.789306737983978 -0.0876353084463188 0.0)
(9.939297199975716 -0.08968643211782396 0.0)
(10.000000000000007 -0.0903714242610355 0.0)
(9.9718139111354 -0.08968643211782538 0.0)
(9.85513770646048 -0.08763530844632175 0.0)
(9.650323566191409 -0.08422954415398654 0.0)
(9.357833339210947 -0.07949327427848472 0.0)
(8.9779931757487 -0.0734676092930476 0.0)
(8.511410674780986 -0.06621542693118497 0.0)
(7.960628277268451 -0.05786499690122369 0.0)
(7.325166155688157 -0.04844566748768385 0.0)
(6.591302140765131 -0.03736572087373689 0.0)
(5.751843818209267 -0.024867451358266072 0.0)
(4.817850873502151 -0.013380841972513796 0.0)
(3.791220416900435 -0.005343390964955906 0.0)
(2.650243065223063 -0.0013382147906566486 0.0)
(1.3856818310282042 -0.0001437109425711379 0.0)
(0.028669772243611873 -1.5344427031936557e-06 0.0)
(-0.028650397443190406 -1.5389932707464232e-06 0.0)
(1.1921616709262153 -0.00014363434071250662 0.0)
(2.327601430853363 -0.0013370429497754728 0.0)
(3.408614038850673 -0.005338248164334238 0.0)
(4.425852400619542 -0.01336816481189815 0.0)
(5.358307667725517 -0.024846653613560584 0.0)
(6.208815459038173 -0.0373423636683364 0.0)
(6.986816337544582 -0.048426445865057004 0.0)
(7.684077556142412 -0.05784973983808768 0.0)
(8.288634151057472 -0.06620201000831324 0.0)
(8.799843623697617 -0.07345575654291824 0.0)
(9.219976949202682 -0.07948276744986027 0.0)
(9.549696968785522 -0.08422009756409944 0.0)
(9.789318109909667 -0.08762662383118323 0.0)
(9.939302457828814 -0.08967821022266664 0.0)
(10.000000000000007 -0.09036335455736072 0.0)
(9.971808653282302 -0.08967821022266807 0.0)
(9.855126334534791 -0.08762662383118616 0.0)
(9.650303031214488 -0.08422009756410231 0.0)
(9.357800828575092 -0.0794827674498655 0.0)
(8.977934154080168 -0.07345575654292394 0.0)
(8.511365848942528 -0.06620201000832086 0.0)
(7.9603668883020315 -0.05784973983809672 0.0)
(7.324294773566524 -0.048426445865064754 0.0)
(6.59118454096182 -0.037342363668343176 0.0)
(5.752803443385568 -0.02484665361356737 0.0)
(4.818592043824871 -0.013368164811902252 0.0)
(3.7913859611493 -0.005338248164335914 0.0)
(2.650176346924411 -0.0013370429497761615 0.0)
(1.3856161068515733 -0.00014363434071277078 0.0)
(0.028650397443184265 -1.5389932707710496e-06 0.0)
(-0.028626498347351505 -1.5282237540118246e-06 0.0)
(1.1922448168271684 -0.00014334125277089223 0.0)
(2.327710511563504 -0.001334998264336789 0.0)
(3.4085238733774927 -0.005331102110537919 0.0)
(4.425160831523324 -0.013352029588662445 0.0)
(5.357207410061734 -0.024820499925871205 0.0)
(6.208646727099681 -0.037311487380088486 0.0)
(6.987592640963094 -0.048398533847849375 0.0)
(7.68437369588594 -0.05782599383518644 0.0)
(8.288678293045141 -0.06618060966788519 0.0)
(8.799899898531775 -0.07343640747668954 0.0)
(9.22000832873372 -0.07946525175807503 0.0)
(9.54971680695259 -0.08420406678431426 0.0)
(9.789329049946588 -0.08761168186996114 0.0)
(9.939307551383624 -0.0896639351821305 0.0)
(10.000000000000007 -0.09034930142251008 0.0)
(9.97180355972749 -0.08966393518213193 0.0)
(9.85511539449787 -0.08761168186996404 0.0)
(9.650283193047418 -0.0842040667843171 0.0)
(9.357769449044055 -0.07946525175808024 0.0)
(8.977877879246012 -0.07343640747669519 0.0)
(8.51132170695486 -0.06618060966789276 0.0)
(7.960070748558503 -0.0578259938351954 0.0)
(7.32351847014801 -0.04839853384785704 0.0)
(6.591353272900315 -0.03731148738009517 0.0)
(5.753903701049355 -0.02482049992587791 0.0)
(4.819283612921089 -0.013352029588666492 0.0)
(3.7914761266224803 -0.0053311021105395704 0.0)
(2.6500672662142692 -0.0013349982643374694 0.0)
(1.3855329609506197 -0.00014334125277115476 0.0)
(0.02862649834734528 -1.5282237540363674e-06 0.0)
(-0.028599125038650235 -1.5026073458282319e-06 0.0)
(1.1923417311736673 -0.00014284455649399476 0.0)
(2.3278571618782897 -0.0013321705740774324 0.0)
(3.408513048385936 -0.005322266788095724 0.0)
(4.424549249934504 -0.013333145254992953 0.0)
(5.356014863219348 -0.024790139440381328 0.0)
(6.208199077192075 -0.03727444865660536 0.0)
(6.988239756326486 -0.04836315783902565 0.0)
(7.684691574568017 -0.05779480224843625 0.0)
(8.288719811663835 -0.0661521662017007 0.0)
(8.799950953918296 -0.07341041225692775 0.0)
(9.220037198400755 -0.07944149681057677 0.0)
(9.549735076657038 -0.08418215617776435 0.0)
(9.789339077409531 -0.08759113908509307 0.0)
(9.939312256838669 -0.08964423421538129 0.0)
(10.000000000000007 -0.09032988232551944 0.0)
(9.971798854272448 -0.08964423421538269 0.0)
(9.855105367034927 -0.08759113908509597 0.0)
(9.650264923342972 -0.08418215617776717 0.0)
(9.357740579377019 -0.0794414968105819 0.0)
(8.977826823859491 -0.07341041225693332 0.0)
(8.511280188336166 -0.0661521662017082 0.0)
(7.959752869876425 -0.05779480224844511 0.0)
(7.322871354784618 -0.04836315783903321 0.0)
(6.591800922807923 -0.03727444865661192 0.0)
(5.755096247891744 -0.02479013944038794 0.0)
(4.81989519450991 -0.013333145254996941 0.0)
(3.7914869516140373 -0.005322266788097348 0.0)
(2.6499206158994832 -0.001332170574078103 0.0)
(1.3854360466041207 -0.00014284455649425534 0.0)
(0.028599125038643935 -1.5026073458526571e-06 0.0)
(-0.028569480250192885 -1.4632695843073377e-06 0.0)
(1.1924481557266264 -0.000142166075807541 0.0)
(2.328034938251177 -0.001328684122534285 0.0)
(3.408582039506327 -0.005312130404911999 0.0)
(4.424044527629238 -0.013312341553963202 0.0)
(5.354782425524911 -0.024756906141280437 0.0)
(6.207492178233344 -0.03723287491163641 0.0)
(6.988729250569552 -0.04832187219569497 0.0)
(7.685017225180897 -0.057757535579095506 0.0)
(8.288756882661406 -0.06611792936362809 0.0)
(8.799994546576901 -0.07337891306603227 0.0)
(9.220062289723433 -0.07941254635630005 0.0)
(9.549750975161475 -0.0841553284564172 0.0)
(9.789347751710121 -0.08756589808896419 0.0)
(9.939316367444858 -0.08961997294685603 0.0)
(10.000000000000007 -0.09030595050598436 0.0)
(9.971794743666258 -0.0896199729468574 0.0)
(9.855096692734337 -0.08756589808896706 0.0)
(9.650249024838535 -0.08415532845641999 0.0)
(9.357715488054339 -0.07941254635630514 0.0)
(8.977783231200885 -0.07337891306603778 0.0)
(8.511243117338594 -0.06611792936363552 0.0)
(7.959427219263544 -0.05775753557910427 0.0)
(7.322381860541551 -0.0483218721957024 0.0)
(6.592507821766657 -0.03723287491164287 0.0)
(5.756328685586184 -0.024756906141286953 0.0)
(4.820399916815177 -0.013312341553967131 0.0)
(3.791417960493645 -0.005312130404913591 0.0)
(2.649742839526595 -0.0013286841225349445 0.0)
(1.3853296220511613 -0.00014216607580779927 0.0)
(0.0285694802501865 -1.4632695843316164e-06 0.0)
(-0.02853886651975066 -1.41193889872397e-06 0.0)
(1.192559414385887 -0.00014133562191164835 0.0)
(2.328236029513574 -0.00132469209800987 0.0)
(3.408727815395052 -0.005301138335119845 0.0)
(4.423668841182257 -0.013290532562137141 0.0)
(5.353564248036035 -0.024722260238932422 0.0)
(6.206557090070499 -0.03718859281947858 0.0)
(6.989039616210758 -0.04827649093349531 0.0)
(7.6853363392324106 -0.0577158312564376 0.0)
(8.288787877206042 -0.06607940345769775 0.0)
(8.800028761125922 -0.0733432939208249 0.0)
(9.220082500234941 -0.07937967242524246 0.0)
(9.5497638039147 -0.08412476238126888 0.0)
(9.78935469171546 -0.08753706792476727 0.0)
(9.93931970258968 -0.08959221737230899 0.0)
(10.000000000000007 -0.09027855748427316 0.0)
(9.971791408521437 -0.08959221737231036 0.0)
(9.855089752728999 -0.08753706792477012 0.0)
(9.65023619608531 -0.08412476238127162 0.0)
(9.357695277542833 -0.07937967242524747 0.0)
(8.977749016651865 -0.07334329392083033 0.0)
(8.511212122793957 -0.06607940345770506 0.0)
(7.95910810521203 -0.05771583125644627 0.0)
(7.322071494900346 -0.04827649093350263 0.0)
(6.593442909929505 -0.03718859281948492 0.0)
(5.757546863075063 -0.024722260238938847 0.0)
(4.820775603262158 -0.013290532562141012 0.0)
(3.791272184604919 -0.0053011383351214076 0.0)
(2.649541748264198 -0.0013246920980105182 0.0)
(1.3852183633919002 -0.0001413356219119041 0.0)
(0.0285388665197442 -1.4119388987480796e-06 0.0)
(-0.028508628958632955 -1.350870665495825e-06 0.0)
(1.1926706186495033 -0.0001403896834312299 0.0)
(2.3284516000832967 -0.001320369902758588 0.0)
(3.408943970926251 -0.005289773550156507 0.0)
(4.423438697568742 -0.013268676526717182 0.0)
(5.352413855242989 -0.024687724010903567 0.0)
(6.205434898766719 -0.03714354805424947 0.0)
(6.989157216351626 -0.048229008022065055 0.0)
(7.685634895434936 -0.05767152169210424 0.0)
(8.288811433454153 -0.06603828124173505 0.0)
(8.800052094240668 -0.07330511986138268 0.0)
(9.220096941922375 -0.07934431943779352 0.0)
(9.54977299924477 -0.08409180096974238 0.0)
(9.789359592494407 -0.08750591533717385 0.0)
(9.939322115732969 -0.0895621870209084 0.0)
(10.000000000000007 -0.0902489068596457 0.0)
(9.971788995378146 -0.08956218702090975 0.0)
(9.855084851950052 -0.08750591533717667 0.0)
(9.65022700075524 -0.08409180096974506 0.0)
(9.3576808358554 -0.07934431943779847 0.0)
(8.97772568353712 -0.07330511986138805 0.0)
(8.511188566545846 -0.06603828124174228 0.0)
(7.958809549009504 -0.057671521692112794 0.0)
(7.321953894759478 -0.048229008022072264 0.0)
(6.594565101233288 -0.037143548054255696 0.0)
(5.75869725586811 -0.02468772401090991 0.0)
(4.821005746875674 -0.013268676526721 0.0)
(3.79105602907372 -0.005289773550158043 0.0)
(2.6493261776944745 -0.0013203699027592246 0.0)
(1.3851071591282837 -0.000140389683431483 0.0)
(0.02850862895862642 -1.3508706655197513e-06 0.0)
(-0.028480096149957227 -1.282748111069774e-06 0.0)
(1.1927768824055742 -0.00013936982317256969 0.0)
(2.3286721781838873 -0.0013159074461325474 0.0)
(3.4092210086213264 -0.0052785353978819895 0.0)
(4.423364208878034 -0.013247733761915197 0.0)
(5.351381793300515 -0.024654814915871227 0.0)
(6.204174911354904 -0.0370997198005262 0.0)
(6.989076883857111 -0.04818150977366494 0.0)
(7.6858997757751295 -0.057626553767290145 0.0)
(8.288826516387292 -0.0659963695506785 0.0)
(8.800063520706763 -0.07326606818604002 0.0)
(9.22010498024441 -0.07930804073954525 0.0)
(9.549778157125699 -0.08405789248595892 0.0)
(9.789362238715704 -0.08747380911389073 0.0)
(9.939323500845626 -0.08953120137135578 0.0)
(10.000000000000007 -0.09021830142630388 0.0)
(9.971787610265489 -0.08953120137135713 0.0)
(9.855082205728754 -0.08747380911389352 0.0)
(9.65022184287431 -0.08405789248596154 0.0)
(9.357672797533365 -0.07930804073955015 0.0)
(8.977714257071023 -0.07326606818604531 0.0)
(8.511173483612707 -0.06599636955068565 0.0)
(7.958544668669311 -0.057626553767298604 0.0)
(7.322034227253995 -0.04818150977367203 0.0)
(6.595825088645107 -0.037099719800532324 0.0)
(5.759729317810586 -0.024654814915877492 0.0)
(4.821080235566381 -0.013247733761918967 0.0)
(3.7907789913786436 -0.005278535397883497 0.0)
(2.6491055995938835 -0.0013159074461331732 0.0)
(1.3850008953722126 -0.00013936982317282008 0.0)
(0.028480096149950628 -1.2827481110935094e-06 0.0)
(-0.028454521773137387 -1.2105644158606059e-06 0.0)
(1.1928735366190621 -0.0001383208519296516 0.0)
(2.328888072017141 -0.0013115008003120629 0.0)
(3.409546755950784 -0.005267917662147616 0.0)
(4.42344864800693 -0.013228624454502876 0.0)
(5.350513409122262 -0.024624978919265617 0.0)
(6.202832489376844 -0.037059033791595815 0.0)
(6.988802148390056 -0.048136083174434054 0.0)
(7.6861193418954254 -0.05758290329034517 0.0)
(8.288832463288973 -0.06595550990755777 0.0)
(8.800062538466193 -0.0732278547539685 0.0)
(9.22010626201188 -0.07927243035012868 0.0)
(9.549779050929638 -0.08402452680666216 0.0)
(9.789362514109225 -0.08744215994363229 0.0)
(9.939323797068335 -0.08950062187640587 0.0)
(10.000000000000007 -0.09018808593099764 0.0)
(9.97178731404278 -0.08950062187640721 0.0)
(9.855081930335233 -0.08744215994363505 0.0)
(9.65022094907037 -0.08402452680666475 0.0)
(9.357671515765892 -0.07927243035013355 0.0)
(8.977715239311594 -0.07322785475397373 0.0)
(8.511167536711028 -0.06595550990756487 0.0)
(7.958325102549014 -0.057582903290353545 0.0)
(7.32230896272105 -0.048136083174441055 0.0)
(6.59716751062317 -0.03705903379160186 0.0)
(5.760597701988841 -0.024624978919271828 0.0)
(4.820995796437484 -0.013228624454506607 0.0)
(3.790453244049185 -0.005267917662149099 0.0)
(2.6488897057606287 -0.0013115008003126787 0.0)
(1.3849042411587245 -0.00013832085192989945 0.0)
(0.028454521773130733 -1.210564415884152e-06 0.0)
(-0.0284330295195039 -1.137491199379473e-06 0.0)
(1.1929563344806504 -0.00013728885957985082 0.0)
(2.329089795602993 -0.0013073435852527559 0.0)
(3.409906900172905 -0.005258386866836952 0.0)
(4.423688304854584 -0.01321218823248843 0.0)
(5.349846857920358 -0.024599526960194188 0.0)
(6.201466616398365 -0.03702327769625779 0.0)
(6.988345081324271 -0.048094724186037004 0.0)
(7.686283946462184 -0.05754248818336999 0.0)
(8.28882901286321 -0.06591749761034107 0.0)
(8.800049190676809 -0.07319215859346377 0.0)
(9.220100730906271 -0.07923905292490743 0.0)
(9.549775641384478 -0.08399316995875959 0.0)
(9.789360406574685 -0.08741235843303917 0.0)
(9.93932299138561 -0.08947179214312317 0.0)
(10.000000000000007 -0.09015958798731308 0.0)
(9.971788119725506 -0.08947179214312449 0.0)
(9.855084037869773 -0.08741235843304193 0.0)
(9.650224358615532 -0.08399316995876216 0.0)
(9.357677046871503 -0.07923905292491225 0.0)
(8.977728587100977 -0.07319215859346895 0.0)
(8.51117098713679 -0.06591749761034808 0.0)
(7.958160497982255 -0.05754248818337828 0.0)
(7.3227660297868375 -0.04809472418604392 0.0)
(6.598533383601652 -0.03702327769626376 0.0)
(5.761264253190745 -0.024599526960200357 0.0)
(4.820756139589829 -0.01321218823249213 0.0)
(3.7900930998270628 -0.005258386866838418 0.0)
(2.648687982174777 -0.001307343585253363 0.0)
(1.3848214432971362 -0.0001372888595800964 0.0)
(0.028433029519497218 -1.1374911994028394e-06 0.0)
(-0.028416563719362454 -1.0667391650748849e-06 0.0)
(1.193021638003775 -0.000136319189979041 0.0)
(2.3292684855761223 -0.001303618461378922 0.0)
(3.4102856172094347 -0.005250361777659856 0.0)
(4.424072649337549 -0.01319914727339795 0.0)
(5.349411426735193 -0.024579577351175493 0.0)
(6.2001373063793475 -0.03699402257192733 0.0)
(6.9877257653504445 -0.04805925004675981 0.0)
(7.686386357051878 -0.057507084212227735 0.0)
(8.288816316715405 -0.06588400284982648 0.0)
(8.80002406381606 -0.07316054812851418 0.0)
(9.220088629954242 -0.07920937500688344 0.0)
(9.549768078299394 -0.08396519970478235 0.0)
(9.789356008713295 -0.08738571400596652 0.0)
(9.939321119197679 -0.08944597889724559 0.0)
(10.000000000000007 -0.09013405974276012 0.0)
(9.971789991913438 -0.08944597889724688 0.0)
(9.855088435731163 -0.08738571400596926 0.0)
(9.650231921700616 -0.08396519970478489 0.0)
(9.357689147823532 -0.07920937500688822 0.0)
(8.977753713961727 -0.07316054812851933 0.0)
(8.511183683284596 -0.06588400284983346 0.0)
(7.958058087392562 -0.05750708421223597 0.0)
(7.3233853457606655 -0.04805925004676667 0.0)
(6.599862693620673 -0.036994022571933266 0.0)
(5.761699684375911 -0.024579577351181634 0.0)
(4.820371795106862 -0.013199147273401633 0.0)
(3.789714382790532 -0.00525036177766131 0.0)
(2.648509292201647 -0.0013036184613795226 0.0)
(1.3847561397740114 -0.00013631918997928456 0.0)
(0.02841656371935575 -1.0667391650980896e-06 0.0)
(-0.028405847849847937 -1.0014170278969972e-06 0.0)
(1.1930665778710994 -0.00013545444863552122 0.0)
(2.329416290626014 -0.0013004891038186565 0.0)
(3.4106662669266314 -0.005244195002353282 0.0)
(4.424584794062382 -0.013190074573116111 0.0)
(5.349226247616445 -0.024566006641533033 0.0)
(6.198902966770123 -0.0369725538352468 0.0)
(6.986971412079461 -0.04803121942538422 0.0)
(7.68642207393055 -0.05747824696264066 0.0)
(8.28879493269106 -0.06585649732451415 0.0)
(8.799988261912238 -0.0731344122651199 0.0)
(9.220070490849487 -0.07918470058948046 0.0)
(9.549756693982507 -0.08394184500652006 0.0)
(9.789349513759039 -0.0873633973697953 0.0)
(9.939318262765052 -0.08942431632557299 0.0)
(10.000000000000007 -0.09011262286170188 0.0)
(9.971792848346064 -0.08942431632557428 0.0)
(9.85509493068542 -0.08736339736979801 0.0)
(9.6502433060175 -0.08394184500652258 0.0)
(9.357707286928287 -0.07918470058948522 0.0)
(8.977789515865549 -0.07313441226512502 0.0)
(8.51120506730894 -0.06585649732452108 0.0)
(7.9580223705138895 -0.05747824696264887 0.0)
(7.324139699031652 -0.04803121942539104 0.0)
(6.6010970332299 -0.03697255383525272 0.0)
(5.761884863494657 -0.024566006641539167 0.0)
(4.8198596503820275 -0.01319007457311979 0.0)
(3.7893337330733345 -0.0052441950023547285 0.0)
(2.648361487151755 -0.001300489103819252 0.0)
(1.384711199906687 -0.00013545444863576322 0.0)
(0.028405847849841234 -1.0014170279200646e-06 0.0)
(-0.02840135274666269 -9.443949230499328e-07 0.0)
(1.1930891795070684 -0.00013473263070192622 0.0)
(2.329526716469178 -0.001298093010818159 0.0)
(3.4110321242723 -0.0052401574977424025 0.0)
(4.425202236326816 -0.013185368769495267 0.0)
(5.349299456995817 -0.024559411103421584 0.0)
(6.19781783219496 -0.036959814783229995 0.0)
(6.986115166413997 -0.04801186393613289 0.0)
(7.686389527763893 -0.05745724349059937 0.0)
(8.288765800365088 -0.06583618957686635 0.0)
(8.799943358035499 -0.07311489936530426 0.0)
(9.220047110591086 -0.0791661138214586 0.0)
(9.549741988639878 -0.08392413202668812 0.0)
(9.789341207088325 -0.08734638907669175 0.0)
(9.939314547594154 -0.08940775624187411 0.0)
(10.000000000000007 -0.09009621924147437 0.0)
(9.971796563516962 -0.08940775624187543 0.0)
(9.855103237356133 -0.08734638907669445 0.0)
(9.650258011360132 -0.08392413202669066 0.0)
(9.357730667186688 -0.07916611382146337 0.0)
(8.977834419742289 -0.07311489936530935 0.0)
(8.511234199634913 -0.06583618957687325 0.0)
(7.958054916680546 -0.05745724349060757 0.0)
(7.324995944697118 -0.04801186393613972 0.0)
(6.602182167805065 -0.036959814783235914 0.0)
(5.761811654115284 -0.02455941110342773 0.0)
(4.819242208117591 -0.013185368769498957 0.0)
(3.788967875727665 -0.005240157497743849 0.0)
(2.648251061308591 -0.0012980930108187523 0.0)
(1.384688598270718 -0.00013473263070216718 0.0)
(0.028401352746656002 -9.443949230728939e-07 0.0)
(-0.028403275916417104 -8.981782975016799e-07 0.0)
(1.1930884498371463 -0.00013418545153772961 0.0)
(2.3295949111960836 -0.0012965354623203436 0.0)
(3.4113671141439896 -0.005238426664393417 0.0)
(4.425897846847332 -0.013185236626937493 0.0)
(5.349627838187111 -0.02456008053271957 0.0)
(6.196929581481894 -0.036956365146517074 0.0)
(6.985194650222136 -0.04800203402379368 0.0)
(7.68629014857093 -0.057444996650240596 0.0)
(8.288730199758595 -0.06582397189216271 0.0)
(8.799891325180038 -0.0731028667901873 0.0)
(9.220019516464818 -0.07915443137140124 0.0)
(9.549724608397357 -0.0839128390412154 0.0)
(9.789331453681067 -0.087335436439939 0.0)
(9.939310136922797 -0.0893970262659309 0.0)
(10.000000000000007 -0.09008556962714082 0.0)
(9.97180097418832 -0.0893970262659322 0.0)
(9.855112990763391 -0.08733543643994171 0.0)
(9.650275391602653 -0.08391283904121793 0.0)
(9.357758261312956 -0.079154431371406 0.0)
(8.97788645259775 -0.0731028667901924 0.0)
(8.511269800241406 -0.06582397189216964 0.0)
(7.958154295873509 -0.057444996650248804 0.0)
(7.325916460888982 -0.048002034023800516 0.0)
(6.603070418518132 -0.036956365146523035 0.0)
(5.761483272923988 -0.024560080532725747 0.0)
(4.818546597597074 -0.0131852366269412 0.0)
(3.7886328858559746 -0.005238426664394867 0.0)
(2.6481828665816853 -0.0012965354623209369 0.0)
(1.3846893279406403 -0.00013418545153796998 0.0)
(0.02840327591641045 -8.981782975245699e-07 0.0)
(-0.028411532858550515 -8.647978252279015e-07 0.0)
(1.1930644209216943 -0.00013383695319437014 0.0)
(2.3296178784551898 -0.0012958848941567497 0.0)
(3.4116565176995843 -0.005239078551957208 0.0)
(4.4266410617702405 -0.013189683951545022 0.0)
(5.3501969627215376 -0.024567985515928325 0.0)
(6.196277242742248 -0.0369623564958343 0.0)
(6.984250309301309 -0.04800216159673145 0.0)
(7.68612830289159 -0.05744204454532474 0.0)
(8.288689695097098 -0.06582038109311752 0.0)
(8.799834449574332 -0.0730988432291067 0.0)
(9.21998892090611 -0.07915016654479143 0.0)
(9.549705316911004 -0.08390846224322364 0.0)
(9.789320682084137 -0.08733102069835876 0.0)
(9.939305224547812 -0.08939259785325632 0.0)
(10.000000000000007 -0.09008114194327213 0.0)
(9.971805886563304 -0.08939259785325764 0.0)
(9.85512376236032 -0.08733102069836149 0.0)
(9.650294683089006 -0.08390846224322618 0.0)
(9.357788856871663 -0.07915016654479619 0.0)
(8.977943328203455 -0.07309884322911184 0.0)
(8.511310304902903 -0.06582038109312448 0.0)
(7.95831614155285 -0.05744204454533298 0.0)
(7.3268608018098105 -0.04800216159673833 0.0)
(6.603722757257779 -0.0369623564958403 0.0)
(5.760914148389559 -0.024567985515934556 0.0)
(4.817803382674163 -0.01318968395154876 0.0)
(3.7883434823003794 -0.00523907855195867 0.0)
(2.6481598993225792 -0.0012958848941573451 0.0)
(1.3847133568560923 -0.0001338369531946105 0.0)
(0.028411532858543916 -8.647978252507595e-07 0.0)
(-0.028425760778131238 -8.457201831124591e-07 0.0)
(1.193018148547298 -0.00013370244805149535 0.0)
(2.3295946091071484 -0.001296169891102305 0.0)
(3.4118876190763 -0.0052420845176868154 0.0)
(4.427399225591502 -0.013198515336010757 0.0)
(5.350981824308239 -0.024582778722547414 0.0)
(6.195889478546822 -0.03697752558225351 0.0)
(6.983323636263958 -0.048012241049624683 0.0)
(7.6859111019289355 -0.05744851688594109 0.0)
(8.288646066081325 -0.06582557495287167 0.0)
(8.799775230228445 -0.07310300546997546 0.0)
(9.219956668227839 -0.0791535067303081 0.0)
(9.549684961813435 -0.08391119394120942 0.0)
(9.789309365581799 -0.08733333587155766 0.0)
(9.939300026309969 -0.08939466558020176 0.0)
(10.000000000000007 -0.09008313073419724 0.0)
(9.971811084801146 -0.08939466558020308 0.0)
(9.85513507886266 -0.08733333587156036 0.0)
(9.650315038186573 -0.08391119394121199 0.0)
(9.357821109549933 -0.07915350673031292 0.0)
(8.978002547549343 -0.07310300546998061 0.0)
(8.511353933918674 -0.06582557495287865 0.0)
(7.958533342515507 -0.05744851688594937 0.0)
(7.327787474847163 -0.04801224104963163 0.0)
(6.6041105214532045 -0.0369775255822596 0.0)
(5.760129286802855 -0.024582778722553707 0.0)
(4.8170452188529 -0.013198515336014537 0.0)
(3.7881123809236636 -0.005242084517688295 0.0)
(2.648183168670621 -0.0012961698911029048 0.0)
(1.384759629230489 -0.0001337024480517363 0.0)
(0.028425760778124694 -8.457201831353249e-07 0.0)
(-0.028445334526402122 -8.417836078483458e-07 0.0)
(1.192951665837435 -0.000133787846019013 0.0)
(2.3295261255645423 -0.0012973779309126084 0.0)
(3.4120502641024326 -0.005247312484947342 0.0)
(4.428139025979832 -0.013211342745457834 0.0)
(5.351947937564959 -0.0246038101661414 0.0)
(6.195783326544969 -0.03700120590386854 0.0)
(6.982455347428043 -0.04803182950975312 0.0)
(7.685648089095905 -0.05746412928928375 0.0)
(8.288601229690412 -0.0658393252627294 0.0)
(8.799716269132096 -0.07311517063154437 0.0)
(9.219924175553684 -0.07916430516631043 0.0)
(9.549664437470403 -0.08392091410936083 0.0)
(9.78929800140046 -0.08734228023506078 0.0)
(9.939294770610328 -0.08940313859462803 0.0)
(10.000000000000007 -0.09009144861608132 0.0)
(9.971816340500787 -0.08940313859462938 0.0)
(9.855146443043997 -0.08734228023506355 0.0)
(9.650335562529607 -0.08392091410936342 0.0)
(9.357853602224088 -0.07916430516631527 0.0)
(8.978061508645691 -0.07311517063154957 0.0)
(8.511398770309587 -0.06583932526273643 0.0)
(7.958796355348537 -0.0574641292892921 0.0)
(7.328655763683081 -0.048031829509760135 0.0)
(6.604216673455056 -0.03700120590387471 0.0)
(5.759163173546132 -0.02460381016614777 0.0)
(4.816305418464567 -0.013211342745461662 0.0)
(3.787949735897531 -0.005247312484948845 0.0)
(2.6482516522132276 -0.0012973779309132147 0.0)
(1.384826111940352 -0.000133787846019255 0.0)
(0.028445334526395655 -8.417836078712589e-07 0.0)
(-0.028469394068673323 -8.531610653509057e-07 0.0)
(1.1928678939207507 -0.0001340893948664614 0.0)
(2.329415436868947 -0.0012994559345284422 0.0)
(3.4121373064530833 -0.0052545327464216555 0.0)
(4.428827957459595 -0.013227602566982228 0.0)
(5.353052853242652 -0.024630155763554696 0.0)
(6.19596345086145 -0.037032356990669514 0.0)
(6.9816835938165225 -0.04806006629601476 0.0)
(7.685350820695217 -0.057488195774911946 0.0)
(8.28855715595335 -0.06586102785923109 0.0)
(8.799660156927994 -0.07313480419886965 0.0)
(9.219892870552304 -0.0791820873892756 0.0)
(9.549644645683989 -0.08393719566127177 0.0)
(9.789287088861462 -0.08735746078989913 0.0)
(9.939289688374718 -0.0894176446077822 0.0)
(10.000000000000007 -0.09010573011641151 0.0)
(9.971821422736399 -0.08941764460778355 0.0)
(9.855157355582996 -0.08735746078990189 0.0)
(9.650355354316021 -0.08393719566127439 0.0)
(9.357884907225468 -0.07918208738928047 0.0)
(8.978117620849794 -0.07313480419887491 0.0)
(8.51144284404665 -0.06586102785923818 0.0)
(7.959093623749226 -0.05748819577492038 0.0)
(7.329427517294603 -0.048060066296021886 0.0)
(6.6040365491385735 -0.037032356990675794 0.0)
(5.758058257868436 -0.024630155763561156 0.0)
(4.815616486984803 -0.013227602566986109 0.0)
(3.7878626935468804 -0.005254532746423182 0.0)
(2.6483623409088235 -0.0012994559345290567 0.0)
(1.3849098838570368 -0.00013408939486670503 0.0)
(0.028469394068666925 -8.531610653739037e-07 0.0)
(-0.028496882272673118 -8.793526509519464e-07 0.0)
(1.192770513582007 -0.00013459384508915183 0.0)
(2.329267406479147 -0.001302312598272526 0.0)
(3.412144921646605 -0.005263428057029667 0.0)
(4.429435749641934 -0.013246580373772661 0.0)
(5.354248023367825 -0.024660657937434886 0.0)
(6.196421937163328 -0.03706961012089172 0.0)
(6.981042284871205 -0.04809571073567904 0.0)
(7.685032358156558 -0.05751965890547557 0.0)
(8.288515781389513 -0.0658897291699902 0.0)
(8.79960935908373 -0.07316104350892165 0.0)
(9.219864128708187 -0.07920607208085817 0.0)
(9.549626456069081 -0.08395932321533757 0.0)
(9.789277107441801 -0.08737821053026511 0.0)
(9.93928500290727 -0.08943754625198427 0.0)
(10.000000000000007 -0.09012534773219058 0.0)
(9.971826108203844 -0.08943754625198562 0.0)
(9.855167337002657 -0.0873782105302679 0.0)
(9.650373543930929 -0.08395932321534022 0.0)
(9.357913649069586 -0.0792060720808631 0.0)
(8.978168418694057 -0.07316104350892697 0.0)
(8.511484218610487 -0.0658897291699974 0.0)
(7.959412086287886 -0.057519658905484085 0.0)
(7.330068826239921 -0.04809571073568626 0.0)
(6.603578062836693 -0.0370696101208981 0.0)
(5.75686308774326 -0.02466065793744143 0.0)
(4.815008694802463 -0.0132465803737766 0.0)
(3.787855078353359 -0.005263428057031225 0.0)
(2.6485103712986238 -0.001302312598273151 0.0)
(1.3850072641957805 -0.00013459384508939746 0.0)
(0.028496882272666803 -8.793526509750633e-07 0.0)
(-0.02852659135700601 -9.192075542963099e-07 0.0)
(1.1926638035351367 -0.00013527903206716482 0.0)
(2.3290885385796565 -0.0013058224055660646 0.0)
(3.4120727750853255 -0.005273607573096775 0.0)
(4.429935697250281 -0.013267442315717677 0.0)
(5.3554809343516805 -0.024693976478063807 0.0)
(6.197138640401275 -0.03711132846014586 0.0)
(6.980559598533906 -0.048137196677276735 0.0)
(7.684706694141267 -0.057557136248577806 0.0)
(8.288478923921545 -0.06592416811191956 0.0)
(8.799566107563653 -0.0731927356544201 0.0)
(9.219839212885383 -0.07923520539758877 0.0)
(9.54961066784408 -0.08398632452731376 0.0)
(9.789268495706798 -0.08740361775052762 0.0)
(9.939280920078858 -0.089461969085397 0.0)
(10.000000000000007 -0.09014943950127058 0.0)
(9.971830191032259 -0.08946196908539837 0.0)
(9.85517594873766 -0.08740361775053043 0.0)
(9.650389332155928 -0.08398632452731647 0.0)
(9.35793856489239 -0.07923520539759375 0.0)
(8.978211670214135 -0.0731927356544255 0.0)
(8.511521076078456 -0.06592416811192685 0.0)
(7.9597377503031765 -0.057557136248586445 0.0)
(7.3305515125772205 -0.04813719667728408 0.0)
(6.6028613595987435 -0.03711132846015236 0.0)
(5.755630176759401 -0.024693976478070447 0.0)
(4.8145087471941155 -0.013267442315721675 0.0)
(3.787927224914639 -0.005273607573098363 0.0)
(2.6486892391981147 -0.0013058224055667 0.0)
(1.3851139742426513 -0.00013527903206741272 0.0)
(0.028526591356999784 -9.192075543195743e-07 0.0)
(-0.028557215958857646 -9.709746238435297e-07 0.0)
(1.1925524524243785 -0.0001361148499382006 0.0)
(2.3288866922987497 -0.0013098311418975896 0.0)
(3.411924036757159 -0.005284624025309889 0.0)
(4.430305833501353 -0.013289271757254058 0.0)
(5.356697414341135 -0.024728647429720776 0.0)
(6.198082069946186 -0.03715567898092665 0.0)
(6.980256743159236 -0.04818270130443047 0.0)
(7.684388137730391 -0.057598981118325634 0.0)
(8.28844820299916 -0.06596283150091506 0.0)
(8.799532302760424 -0.07322848814047096 0.0)
(9.219819217839564 -0.07926820727482817 0.0)
(9.549597974714711 -0.08401701320894965 0.0)
(9.789261632040335 -0.0874325661039095 0.0)
(9.939277619281487 -0.0894898400134006 0.0)
(10.000000000000007 -0.09017694687539282 0.0)
(9.971833491829628 -0.08948984001340198 0.0)
(9.855182812404124 -0.08743256610391234 0.0)
(9.650402025285297 -0.08401701320895238 0.0)
(9.35795855993821 -0.0792682072748332 0.0)
(8.978245475017363 -0.07322848814047644 0.0)
(8.511551797000841 -0.06596283150092243 0.0)
(7.960056306714054 -0.05759898111833437 0.0)
(7.33085436795189 -0.04818270130443793 0.0)
(6.601917930053829 -0.03715567898093328 0.0)
(5.7544136967699435 -0.024728647429727513 0.0)
(4.814138610943043 -0.013289271757258116 0.0)
(3.788075963242806 -0.005284624025311505 0.0)
(2.6488910854790224 -0.0013098311418982367 0.0)
(1.38522532535341 -0.00013611484993845106 0.0)
(0.0285572159588515 -9.70974623866964e-07 0.0)
(-0.02858741048924879 -1.0323793092628787e-06 0.0)
(1.1924413528138278 -0.00013706457439409148 0.0)
(2.328670736392742 -0.0013141626707264707 0.0)
(3.4117052419521365 -0.00529599337091279 0.0)
(4.430529895285424 -0.013311109552656528 0.0)
(5.357844013430939 -0.02476314741421871 0.0)
(6.199210773229815 -0.037200713002487985 0.0)
(6.980147025658302 -0.048230225227071426 0.0)
(7.68409068570984 -0.05764335492769533 0.0)
(8.288424968443483 -0.06600402053839691 0.0)
(8.799509429995258 -0.07326673006824448 0.0)
(9.219805022116462 -0.07930362767046567 0.0)
(9.549588934393856 -0.08405004085571748 0.0)
(9.789256818019355 -0.08746378365272271 0.0)
(9.93927524554616 -0.08951993443840697 0.0)
(10.000000000000007 -0.09020666123086166 0.0)
(9.971835865564957 -0.08951993443840835 0.0)
(9.855187626425101 -0.08746378365272559 0.0)
(9.650411065606152 -0.08405004085572026 0.0)
(9.357972755661311 -0.07930362767047076 0.0)
(8.978268347782532 -0.07326673006825005 0.0)
(8.511575031556518 -0.06600402053840436 0.0)
(7.960353758734605 -0.05764335492770418 0.0)
(7.330964085452824 -0.04823022522707901 0.0)
(6.600789226770196 -0.03720071300249471 0.0)
(5.753267097680137 -0.024763147414225525 0.0)
(4.813914549158971 -0.013311109552660641 0.0)
(3.7882947580478294 -0.005295993370914436 0.0)
(2.6491070413850304 -0.001314162670727129 0.0)
(1.3853364249639608 -0.0001370645743943446 0.0)
(0.02858741048924272 -1.0323793092864967e-06 0.0)
(-0.028615848255753393 -1.1007236010137273e-06 0.0)
(1.1923353862171215 -0.00013808647627971737 0.0)
(2.328450159569064 -0.001318626672600274 0.0)
(3.4114260041137165 -0.005307216061659321 0.0)
(4.430598037737613 -0.013331996189146223 0.0)
(5.358870352154731 -0.024795960565354696 0.0)
(6.200475157094783 -0.03724445181230985 0.0)
(6.9802352668173695 -0.04827768033098135 0.0)
(7.683827407577225 -0.057688307972682804 0.0)
(8.288410241138385 -0.06604592545341134 0.0)
(8.799498494255607 -0.07330578115739593 0.0)
(9.219797249450181 -0.07933991027711676 0.0)
(9.549583944096675 -0.08408395629324068 0.0)
(9.789254265163141 -0.08749589875498325 0.0)
(9.939273903170461 -0.08955093006643752 0.0)
(10.000000000000007 -0.09023727697325867 0.0)
(9.971837207940656 -0.08955093006643892 0.0)
(9.855190179281317 -0.08749589875498615 0.0)
(9.650416055903333 -0.0840839562932435 0.0)
(9.357980528327591 -0.07933991027712191 0.0)
(8.978279283522182 -0.07330578115740155 0.0)
(8.511589758861616 -0.06604592545341888 0.0)
(7.960617036867221 -0.05768830797269175 0.0)
(7.330875844293756 -0.048277680330989045 0.0)
(6.599524842905225 -0.03724445181231667 0.0)
(5.752240758956344 -0.024795960565361586 0.0)
(4.8138464067067845 -0.013331996189150382 0.0)
(3.7885739958862508 -0.005307216061660993 0.0)
(2.6493276182087095 -0.0013186266726009435 0.0)
(1.3854423915606673 -0.0001380864762799732 0.0)
(0.028615848255747377 -1.1007236010375368e-06 0.0)
(-0.028641279754936657 -1.1730045759488918e-06 0.0)
(1.1922392086126583 -0.0001391356550957406 0.0)
(2.328234653569813 -0.001323027007443326 0.0)
(3.411098592441668 -0.005317798993049411 0.0)
(4.430507266803231 -0.013351013946126805 0.0)
(5.35973133506662 -0.024825645133297786 0.0)
(6.201819666827188 -0.03728497360710658 0.0)
(6.980517589481343 -0.048322981525711094 0.0)
(7.683609871292039 -0.05773186509873057 0.0)
(8.28840466817471 -0.06608670502065553 0.0)
(8.799499976037866 -0.07334392557450993 0.0)
(9.219796241357459 -0.07937546090342232 0.0)
(9.549583223087696 -0.08411726933924098 0.0)
(9.789254085639518 -0.08752750033185074 0.0)
(9.939273651135922 -0.08958146500630151 0.0)
(10.000000000000007 -0.09026744890287289 0.0)
(9.971837459975193 -0.08958146500630294 0.0)
(9.85519035880494 -0.08752750033185366 0.0)
(9.650416776912312 -0.08411726933924385 0.0)
(9.357981536420315 -0.07937546090342755 0.0)
(8.978277801739921 -0.0733439255745156 0.0)
(8.51159533182529 -0.06608670502066315 0.0)
(7.9608345731524075 -0.057731865098739586 0.0)
(7.330593521629781 -0.048322981525718886 0.0)
(6.598180333172817 -0.037284973607113484 0.0)
(5.751379776044454 -0.024825645133304732 0.0)
(4.813937177641168 -0.013351013946131002 0.0)
(3.7889014075583 -0.005317798993051104 0.0)
(2.649543124207961 -0.001323027007444005 0.0)
(1.3855385691651307 -0.0001391356550959989 0.0)
(0.028641279754930696 -1.1730045759728902e-06 0.0)
(-0.028662587573250086 -1.2460463402640273e-06 0.0)
(1.1921570458684265 -0.0001401660118444034 0.0)
(2.3280336873343397 -0.0013271703325928074 0.0)
(3.410737392805878 -0.005327277170438704 0.0)
(4.430261570791075 -0.013367327218148548 0.0)
(5.360389132152581 -0.024850896832438945 0.0)
(6.203185227129099 -0.03732049793334732 0.0)
(6.980981588908863 -0.04836413835964042 0.0)
(7.6834476350006815 -0.05777211248540559 0.0)
(8.288408494418286 -0.06612456746054884 0.0)
(8.799513810235236 -0.07337948732368173 0.0)
(9.219802042132043 -0.07940871751990056 0.0)
(9.549586803046735 -0.08414851627942167 0.0)
(9.789256287336428 -0.08755719986785103 0.0)
(9.939274500516484 -0.08961019760860342 0.0)
(10.000000000000007 -0.09029585132031501 0.0)
(9.971836610594632 -0.08961019760860485 0.0)
(9.85518815710803 -0.08755719986785399 0.0)
(9.650413196953275 -0.08414851627942455 0.0)
(9.35797573564573 -0.07940871751990582 0.0)
(8.978263967542551 -0.07337948732368746 0.0)
(8.511591505581714 -0.06612456746055652 0.0)
(7.960996809443766 -0.05777211248541469 0.0)
(7.330129522202259 -0.048364138359648284 0.0)
(6.596814772870903 -0.03732049793335429 0.0)
(5.750721978958492 -0.024850896832445932 0.0)
(4.8141828736533245 -0.013367327218152775 0.0)
(3.789262607194091 -0.005327277170440416 0.0)
(2.6497440904434346 -0.0013271703325934956 0.0)
(1.3856207319093627 -0.00014016601184466403 0.0)
(0.02866258757324416 -1.2460463402882044e-06 0.0)
(-0.02867883548413854 -1.316639572461258e-06 0.0)
(1.192092508065095 -0.00014113227453515397 0.0)
(2.3278560909513732 -0.0013308745979216498 0.0)
(3.4103582756575475 -0.00533523414005255 0.0)
(4.42987174513443 -0.01338021922988311 0.0)
(5.360814841012064 -0.02487060614931458 0.0)
(6.204511837779072 -0.03734946391712699 0.0)
(6.981606877813946 -0.048399342476780786 0.0)
(7.683347827068991 -0.05780728173616789 0.0)
(8.288421551750972 -0.0661578491667498 0.0)
(8.799539388998392 -0.0734109038867111 0.0)
(9.21981439689851 -0.07943821889166466 0.0)
(9.54959452667694 -0.08417632418039582 0.0)
(9.789260773515336 -0.08758369241970608 0.0)
(9.939276413991914 -0.08963586541536289 0.0)
(10.000000000000007 -0.09032123627532337 0.0)
(9.971834697119201 -0.08963586541536432 0.0)
(9.855183670929122 -0.08758369241970906 0.0)
(9.650405473323069 -0.08417632418039875 0.0)
(9.357963380879262 -0.07943821889166995 0.0)
(8.978238388779396 -0.0734109038867169 0.0)
(8.511578448249029 -0.06615784916675753 0.0)
(7.961096617375455 -0.05780728173617703 0.0)
(7.329504233297174 -0.048399342476788704 0.0)
(6.595488162220926 -0.03734946391713401 0.0)
(5.750296270099009 -0.024870606149321597 0.0)
(4.81457269930997 -0.013380219229887354 0.0)
(3.7896417243424225 -0.005335234140054274 0.0)
(2.649921686826401 -0.0013308745979223446 0.0)
(1.3856852697126942 -0.00014113227453541662 0.0)
(0.028678835484132633 -1.316639572485596e-06 0.0)
(-0.0286893095841223 -1.3816825350645055e-06 0.0)
(1.1920484308756738 -0.00014199198735308845 0.0)
(2.327709667681078 -0.0013339770447880653 0.0)
(3.4099778987105984 -0.005341320287202981 0.0)
(4.429354918059485 -0.01338912352992014 0.0)
(5.360989756776595 -0.024883907092598367 0.0)
(6.205741209932113 -0.03737059884611007 0.0)
(6.982365982146037 -0.04842704707262913 0.0)
(7.683314832874895 -0.057835827578479285 0.0)
(8.288443266457454 -0.06618508780197505 0.0)
(8.799575588443275 -0.07343679487729356 0.0)
(9.219832762811027 -0.07946266878241054 0.0)
(9.549606054616131 -0.08419947121386777 0.0)
(9.789267347061749 -0.08760581395315413 0.0)
(9.939279307487606 -0.08965734063010886 0.0)
(10.000000000000007 -0.09034248839941542 0.0)
(9.97183180362351 -0.08965734063011029 0.0)
(9.85517709738271 -0.08760581395315711 0.0)
(9.650393945383879 -0.08419947121387072 0.0)
(9.357945014966745 -0.07946266878241585 0.0)
(8.978202189334512 -0.07343679487729934 0.0)
(8.511556733542546 -0.0661850878019828 0.0)
(7.961129611569552 -0.057835827578488465 0.0)
(7.32874512896508 -0.04842704707263709 0.0)
(6.594258790067882 -0.0373705988461171 0.0)
(5.750121354334477 -0.02488390709260539 0.0)
(4.8150895263849165 -0.013389123529924388 0.0)
(3.7900221012893724 -0.005341320287204714 0.0)
(2.6500681100966963 -0.0013339770447887648 0.0)
(1.3857293469021155 -0.00014199198735335256 0.0)
(0.028689309584116387 -1.3816825350889799e-06 0.0)
)
