(
(-0.015071368724283867 -6.714878962635973e-05 0.0)
(1.2515736397753947 -0.001027789972783012 0.0)
(2.4601785990581737 -0.004690988686242523 0.0)
(3.6131328176447384 -0.012525073835820829 0.0)
(4.673380420033454 -0.024698947645740363 0.0)
(5.609279148628226 -0.04057418341260633 0.0)
(6.431623882186431 -0.058725246957166535 0.0)
(7.1733874858212285 -0.07662645856335143 0.0)
(7.835530764219742 -0.09259165787504003 0.0)
(8.410640498206826 -0.10661195579094379 0.0)
(8.897539333577603 -0.11873769561110803 0.0)
(9.295538297471701 -0.12881474400437612 0.0)
(9.604851340892484 -0.1367364877335111 0.0)
(9.825378603803154 -0.14243346590117054 0.0)
(9.95711632700341 -0.14586528862887033 0.0)
(10.000000000000005 -0.14701120000249107 0.0)
(9.953994784107726 -0.14586528862887013 0.0)
(9.819065840641294 -0.14243346590117037 0.0)
(9.595148659107533 -0.13673648773350947 0.0)
(9.282239480306085 -0.12881474400437581 0.0)
(8.880238444200184 -0.11873769561110764 0.0)
(8.389359501793196 -0.10661195579094397 0.0)
(7.808913680224697 -0.0925916578750411 0.0)
(7.137723625289862 -0.07662645856335179 0.0)
(6.368376117813594 -0.05872524695716584 0.0)
(5.501831962482873 -0.040574183412605956 0.0)
(4.571064024410919 -0.02469894764574038 0.0)
(3.5868671823552125 -0.012525073835821025 0.0)
(2.517599178719581 -0.004690988686242994 0.0)
(1.326204138002376 -0.0010277899727831419 0.0)
(0.015071368724269701 -6.714878962637186e-05 0.0)
(-0.015063264082963827 -6.707658191965406e-05 0.0)
(1.251610515821657 -0.0010268595201842852 0.0)
(2.460327666197099 -0.0046877878526300956 0.0)
(3.613579438125423 -0.012519292997371164 0.0)
(4.6740777088165 -0.02469139292987716 0.0)
(5.609255253534285 -0.04056322451949846 0.0)
(6.430253554613272 -0.05870613563288439 0.0)
(7.172401386457525 -0.0765994098020017 0.0)
(7.835521188202873 -0.09256299084890982 0.0)
(8.410608803415602 -0.10658440151467949 0.0)
(8.897489248687837 -0.11871134683553358 0.0)
(9.295512437157194 -0.12878974157516784 0.0)
(9.60483508631398 -0.13671272993172084 0.0)
(9.825369394165461 -0.14241070047895074 0.0)
(9.957112228974855 -0.14584315171980722 0.0)
(10.000000000000005 -0.14698928135684242 0.0)
(9.953998882136279 -0.14584315171980697 0.0)
(9.819075050278986 -0.14241070047895057 0.0)
(9.59516491368604 -0.1367127299317192 0.0)
(9.282265340620592 -0.12878974157516754 0.0)
(8.880288529089952 -0.1187113468355332 0.0)
(8.389391196584421 -0.10658440151467964 0.0)
(7.808923256241566 -0.09256299084891086 0.0)
(7.138709724653568 -0.07659940980200203 0.0)
(6.369746445386755 -0.058706135632883696 0.0)
(5.501855857576813 -0.040563224519498085 0.0)
(4.570366735627871 -0.024691392929877185 0.0)
(3.586420561874527 -0.01251929299737136 0.0)
(2.517450111580655 -0.004687787852630563 0.0)
(1.3261672619561136 -0.0010268595201844137 0.0)
(0.015063264082949671 -6.707658191966605e-05 0.0)
(-0.015062796487305685 -6.701628983104333e-05 0.0)
(1.2516197493852617 -0.0010261254526869909 0.0)
(2.4604280224561625 -0.0046855503517298155 0.0)
(3.61399588477776 -0.01251621072592938 0.0)
(4.674880809321108 -0.024689251759638063 0.0)
(5.60953978226787 -0.04056088144104022 0.0)
(6.429099459664107 -0.0586979590080631 0.0)
(7.171321650136619 -0.07658345390406004 0.0)
(7.835430577093989 -0.09254446008872028 0.0)
(8.410568771064513 -0.10656619471868542 0.0)
(8.897429730941278 -0.11869362702211181 0.0)
(9.295481061386837 -0.12877269267662714 0.0)
(9.604815333198655 -0.13669635954803622 0.0)
(9.825358285596371 -0.1423948975121683 0.0)
(9.957107223355582 -0.14582771441483883 0.0)
(10.000000000000005 -0.14697397372685728 0.0)
(9.954003887755553 -0.14582771441483858 0.0)
(9.819086158848078 -0.14239489751216813 0.0)
(9.595184666801364 -0.13669635954803458 0.0)
(9.282296716390949 -0.12877269267662683 0.0)
(8.880348046836511 -0.11869362702211139 0.0)
(8.38943122893551 -0.1065661947186856 0.0)
(7.80901386735045 -0.09254446008872129 0.0)
(7.139789460974477 -0.0765834539040604 0.0)
(6.370900540335922 -0.058697959008062434 0.0)
(5.501571328843227 -0.040560881441039885 0.0)
(4.569563635123262 -0.0246892517596381 0.0)
(3.586004115222189 -0.01251621072592958 0.0)
(2.5173497553215918 -0.004685550351730281 0.0)
(1.3261580283925092 -0.0010261254526871182 0.0)
(0.015062796487291561 -6.701628983105522e-05 0.0)
(-0.015069986482607222 -6.697056248459981e-05 0.0)
(1.251600934760316 -0.0010256200238740213 0.0)
(2.4604752583649367 -0.004684374495237845 0.0)
(3.614363859697713 -0.01251596245086377 0.0)
(4.675754434780334 -0.02469261821412621 0.0)
(5.610120233156956 -0.04056725712781254 0.0)
(6.4282123061596455 -0.05870107634863861 0.0)
(7.170195718497127 -0.07657929194249155 0.0)
(7.835262912179445 -0.09253687980217304 0.0)
(8.410522160101827 -0.10655813537626918 0.0)
(8.897363395438827 -0.11868531474702695 0.0)
(9.29544554875458 -0.12876434640616577 0.0)
(9.604792949462261 -0.13668809586716757 0.0)
(9.825345766186082 -0.14238675135427295 0.0)
(9.957101530083344 -0.14581965500090371 0.0)
(10.000000000000005 -0.14696594970179272 0.0)
(9.954009581027792 -0.14581965500090346 0.0)
(9.819098678258365 -0.14238675135427278 0.0)
(9.595207050537757 -0.13668809586716588 0.0)
(9.282332229023208 -0.12876434640616546 0.0)
(8.88041438233896 -0.11868531474702657 0.0)
(8.389477839898197 -0.10655813537626939 0.0)
(7.8091815322649945 -0.09253687980217408 0.0)
(7.140915392613971 -0.07657929194249194 0.0)
(6.371787693840385 -0.058701076348637984 0.0)
(5.500990877954138 -0.04056725712781225 0.0)
(4.568690009664033 -0.024692618214126282 0.0)
(3.5856361403022357 -0.01251596245086398 0.0)
(2.517302519412818 -0.004684374495238313 0.0)
(1.326176843017455 -0.0010256200238741486 0.0)
(0.01506998648259315 -6.697056248461164e-05 0.0)
(-0.015084518153628611 -6.694140905627045e-05 0.0)
(1.25155489862702 -0.001025365441362763 0.0)
(2.460467298464006 -0.004684311948137275 0.0)
(3.6146671947404903 -0.012518559080926512 0.0)
(4.676660199689754 -0.02470134437749015 0.0)
(5.6109711022513835 -0.04058207144380261 0.0)
(6.427631074001871 -0.05871535068436902 0.0)
(7.169073062915457 -0.07658710678627345 0.0)
(7.8350255603488534 -0.09254058305319124 0.0)
(8.410471018527971 -0.10656057760019241 0.0)
(8.897293156841105 -0.11868677523643939 0.0)
(9.295407459620513 -0.12876506948363878 0.0)
(9.604768918605227 -0.13668830198013426 0.0)
(9.825332386014583 -0.14238661993253962 0.0)
(9.957095399310106 -0.14581932759390592 0.0)
(10.000000000000005 -0.14696556184263054 0.0)
(9.954015711801029 -0.14581932759390573 0.0)
(9.819112058429864 -0.14238661993253945 0.0)
(9.595231081394791 -0.13668830198013263 0.0)
(9.282370318157273 -0.12876506948363847 0.0)
(8.880484620936684 -0.11868677523643906 0.0)
(8.389528981472052 -0.10656057760019265 0.0)
(7.809418884095587 -0.09254058305319236 0.0)
(7.142038048195644 -0.0765871067862739 0.0)
(6.372368925998158 -0.05871535068436849 0.0)
(5.500140008859707 -0.04058207144380239 0.0)
(4.567784244754611 -0.024701344377490265 0.0)
(3.5853328052594575 -0.01251855908092674 0.0)
(2.517310479313749 -0.004684311948137748 0.0)
(1.3262228791507513 -0.0010253654413628908 0.0)
(0.015084518153614609 -6.694140905628228e-05 0.0)
(-0.015105753005330114 -6.693011049436133e-05 0.0)
(1.2514836637288496 -0.0010253728910430146 0.0)
(2.460404492496855 -0.0046853654586332776 0.0)
(3.6148925619192482 -0.012523886524943047 0.0)
(4.677558306396298 -0.02471504683807573 0.0)
(5.612055003919763 -0.04060467347506786 0.0)
(6.427381301468464 -0.05874015482705652 0.0)
(7.168003010824025 -0.07660655506546679 0.0)
(7.834728950407427 -0.09255540712770008 0.0)
(8.410417593410145 -0.10657341408360382 0.0)
(8.897222101303596 -0.11869794431911626 0.0)
(9.295368467551508 -0.12877483013834476 0.0)
(9.604744296499446 -0.1366969688307096 0.0)
(9.82531873298213 -0.14239450902139886 0.0)
(9.95708910041083 -0.14582674657950995 0.0)
(10.000000000000005 -0.1469728271911927 0.0)
(9.954022010700307 -0.14582674657950975 0.0)
(9.81912571146232 -0.1423945090213987 0.0)
(9.595255703500573 -0.136696968830708 0.0)
(9.282409310226278 -0.1287748301383445 0.0)
(8.880555676474193 -0.11869794431911596 0.0)
(8.389582406589879 -0.10657341408360411 0.0)
(7.809715494037015 -0.09255540712770126 0.0)
(7.143108100287079 -0.07660655506546732 0.0)
(6.372618698531564 -0.05874015482705608 0.0)
(5.499056107191324 -0.040604673475067736 0.0)
(4.566886138048065 -0.0247150468380759 0.0)
(3.5851074380806995 -0.012523886524943299 0.0)
(2.5173732852809003 -0.004685365458633757 0.0)
(1.326294114048922 -0.0010253728910431437 0.0)
(0.015105753005316198 -6.693011049437318e-05 0.0)
(-0.015132758017176035 -6.693716323701258e-05 0.0)
(1.25139035999691 -0.0010256420455894552 0.0)
(2.46028960004278 -0.004687488737402001 0.0)
(3.61503005901245 -0.012531710704769576 0.0)
(4.678409293734319 -0.02473312353483277 0.0)
(5.6133243135057285 -0.04063407012970376 0.0)
(6.427473963107595 -0.058774398928049296 0.0)
(7.167032578354124 -0.07663678225826345 0.0)
(7.834386114853358 -0.09258070068298552 0.0)
(8.41036423215028 -0.10659608081490599 0.0)
(8.897153350876627 -0.11871833124599793 0.0)
(9.295330285787742 -0.12879319950497262 0.0)
(9.6047201649952 -0.1367137156133349 0.0)
(9.82530540697799 -0.14241007198871883 0.0)
(9.957082910147625 -0.14584158598106106 0.0)
(10.000000000000005 -0.14698742652135505 0.0)
(9.95402820096351 -0.14584158598106087 0.0)
(9.81913903746646 -0.14241007198871872 0.0)
(9.595279835004819 -0.13671371561333331 0.0)
(9.282447491990045 -0.12879319950497242 0.0)
(8.88062442690116 -0.1187183312459977 0.0)
(8.389635767849743 -0.10659608081490636 0.0)
(7.810058329591084 -0.09258070068298678 0.0)
(7.14407853275698 -0.07663678225826409 0.0)
(6.372526036892432 -0.05877439892804899 0.0)
(5.497786797605354 -0.040634070129703735 0.0)
(4.566035150710041 -0.024733123534833003 0.0)
(3.5849699409874978 -0.012531710704769855 0.0)
(2.5174881777349762 -0.004687488737402491 0.0)
(1.3263874177808617 -0.0010256420455895855 0.0)
(0.015132758017162209 -6.693716323702452e-05 0.0)
(-0.015164346638350128 -6.696225739961477e-05 0.0)
(1.2512790870264885 -0.0010261610788437178 0.0)
(2.460127669266023 -0.0046905884914587755 0.0)
(3.615073644649364 -0.012541687840258447 0.0)
(4.679175770877023 -0.024754780210776144 0.0)
(5.614723259868209 -0.04066896977248525 0.0)
(6.42790498753636 -0.05881657836419757 0.0)
(7.1662044045331275 -0.07667646023711103 0.0)
(7.834012117253695 -0.09261535236650154 0.0)
(8.41031327934452 -0.10662758185939314 0.0)
(8.897089926328183 -0.1187470402528141 0.0)
(9.295294591966064 -0.1288193704671585 0.0)
(9.60469758438664 -0.136737806505019 0.0)
(9.825292993522405 -0.14243262502618717 0.0)
(9.957077100509332 -0.14586319378240292 0.0)
(10.000000000000005 -0.14700871836525892 0.0)
(9.954034010601802 -0.14586319378240273 0.0)
(9.819151450922043 -0.14243262502618706 0.0)
(9.595302415613377 -0.13673780650501746 0.0)
(9.282483185811724 -0.12881937046715836 0.0)
(8.880687851449604 -0.11874704025281393 0.0)
(8.389686720655504 -0.1066275818593936 0.0)
(7.810432327190749 -0.09261535236650291 0.0)
(7.144906706577979 -0.0766764602371118 0.0)
(6.372095012463664 -0.058816578364197375 0.0)
(5.4963878512428685 -0.04066896977248533 0.0)
(4.565268673567336 -0.024754780210776452 0.0)
(3.5849263553505843 -0.012541687840258761 0.0)
(2.5176501085117335 -0.004690588491459276 0.0)
(1.3264986907512837 -0.0010261610788438508 0.0)
(0.015164346638336403 -6.696225739962687e-05 0.0)
(-0.01519913092262776 -6.700429039057164e-05 0.0)
(1.251154733948337 -0.0010269071854341555 0.0)
(2.459925815108671 -0.004694528523281187 0.0)
(3.6150214037568413 -0.012553379554328939 0.0)
(4.679824060220991 -0.024779065311184678 0.0)
(5.616190375863338 -0.0407078389769556 0.0)
(6.4286554363298976 -0.05886483984824205 0.0)
(7.165554877803626 -0.07672384562420778 0.0)
(7.833623390378756 -0.0926578396466679 0.0)
(8.41026697376593 -0.1066665331188 0.0)
(8.897034614416892 -0.11878280991832688 0.0)
(9.295262954407695 -0.12885219312070237 0.0)
(9.604677546824398 -0.13676818299605425 0.0)
(9.825282038039907 -0.14246117719459714 0.0)
(9.95707192676083 -0.145890620576275 0.0)
(10.000000000000005 -0.14703576719823552 0.0)
(9.954039184350306 -0.1458906205762748 0.0)
(9.819162406404542 -0.14246117719459708 0.0)
(9.595322453175621 -0.13676818299605278 0.0)
(9.282514823370093 -0.12885219312070234 0.0)
(8.880743163360895 -0.11878280991832679 0.0)
(8.389733026234094 -0.10666653311880057 0.0)
(7.810821054065689 -0.09265783964666942 0.0)
(7.145556233307481 -0.0767238456242087 0.0)
(6.371344563670124 -0.05886483984824199 0.0)
(5.494920735247736 -0.0407078389769558 0.0)
(4.5646203842233675 -0.02477906531118505 0.0)
(3.5849785962431073 -0.01255337955432929 0.0)
(2.517851962669086 -0.0046945285232817 0.0)
(1.3266230438294355 -0.0010269071854342906 0.0)
(0.015199130922614133 -6.700429039058388e-05 0.0)
(-0.01523558251219382 -6.706141535715769e-05 0.0)
(1.251022764609212 -0.0010278475828021474 0.0)
(2.4596929066731166 -0.004699135715079045 0.0)
(3.614875631704128 -0.012566272134454179 0.0)
(4.680325677118458 -0.02480491179317474 0.0)
(5.617661199098301 -0.0407489699013796 0.0)
(6.429692336141125 -0.05891706285886572 0.0)
(7.16511253718184 -0.07677685639233378 0.0)
(7.83323701417627 -0.09270629571012243 0.0)
(8.410227349996923 -0.10671122314604758 0.0)
(8.896989845446946 -0.1188240685888724 0.0)
(9.295236763209076 -0.12889022529825492 0.0)
(9.604660932722297 -0.13680351039899685 0.0)
(9.825273021894352 -0.1424944739639035 0.0)
(9.957067616227164 -0.1459226612795304 0.0)
(10.000000000000005 -0.14706738454404827 0.0)
(9.954043494883972 -0.14592266127953027 0.0)
(9.819171422550097 -0.1424944739639035 0.0)
(9.595339067277722 -0.13680351039899544 0.0)
(9.282541014568713 -0.12889022529825495 0.0)
(8.880787932330843 -0.11882406858887243 0.0)
(8.389772650003103 -0.10671122314604826 0.0)
(7.811207430268175 -0.09270629571012405 0.0)
(7.145998573929267 -0.07677685639233484 0.0)
(6.370307663858893 -0.05891706285886582 0.0)
(5.49344991201277 -0.040748969901379904 0.0)
(4.564118767325899 -0.024804911793175188 0.0)
(3.585124368295821 -0.012566272134454565 0.0)
(2.5180848711046413 -0.004699135715079571 0.0)
(1.3267550131685608 -0.0010278475828022855 0.0)
(0.015235582512180289 -6.706141535717011e-05 0.0)
(-0.015272099790889074 -6.71311223328483e-05 0.0)
(1.2508889775004437 -0.0010289409516077517 0.0)
(2.459439177529924 -0.004704207635273367 0.0)
(3.6146427334485383 -0.01257979910424977 0.0)
(4.680658581440633 -0.024831184009612504 0.0)
(5.619071104290949 -0.04079055532818495 0.0)
(6.430970127489292 -0.058970952812521085 0.0)
(7.1648968183054516 -0.07683316334531803 0.0)
(7.832869965309721 -0.09275859148608476 0.0)
(8.410196149033416 -0.10675968834309671 0.0)
(8.896957586484978 -0.11886900343394752 0.0)
(9.295217169163553 -0.12893179593551232 0.0)
(9.60464847207359 -0.13684223649239113 0.0)
(9.825266341238683 -0.14253105233497762 0.0)
(9.957064358305294 -0.14595790808228493 0.0)
(10.000000000000005 -0.14710218119436447 0.0)
(9.95404675280584 -0.14595790808228484 0.0)
(9.819178103205767 -0.14253105233497768 0.0)
(9.595351527926427 -0.13684223649238977 0.0)
(9.282560608614235 -0.1289317959355124 0.0)
(8.88082019129281 -0.11886900343394763 0.0)
(8.38980385096661 -0.1067596883430975 0.0)
(7.811574479134726 -0.09275859148608649 0.0)
(7.146214292805656 -0.07683316334531926 0.0)
(6.369029872510721 -0.05897095281252131 0.0)
(5.492040006820119 -0.04079055532818535 0.0)
(4.563785863003725 -0.024831184009613014 0.0)
(3.585357266551412 -0.012579799104250191 0.0)
(2.518338600247835 -0.0047042076352739074 0.0)
(1.3268888002773294 -0.0010289409516078933 0.0)
(0.01527209979087563 -6.713112233286097e-05 0.0)
(-0.01530707825629412 -6.721034852065698e-05 0.0)
(1.2507592509828347 -0.0010301392512259131 0.0)
(2.45917577607346 -0.004709521432969632 0.0)
(3.6143329421133465 -0.012593366113409788 0.0)
(4.680808145980631 -0.024856727607371343 0.0)
(5.620358142786467 -0.04083076806979621 0.0)
(6.432432666560215 -0.059024141883233405 0.0)
(7.164917199467241 -0.07689029245865708 0.0)
(7.832538371234805 -0.09281242919383151 0.0)
(8.410174741788666 -0.10680979923785364 0.0)
(8.896939254930766 -0.11891564009866559 0.0)
(9.295205033197645 -0.12897507849472487 0.0)
(9.604640712376387 -0.13688265972254077 0.0)
(9.825262289608686 -0.14256930512111285 0.0)
(9.957062296142349 -0.14599481230450778 0.0)
(10.000000000000005 -0.14713862824802793 0.0)
(9.954048814968786 -0.1459948123045077 0.0)
(9.819182154835763 -0.1425693051211129 0.0)
(9.595359287623632 -0.13688265972253946 0.0)
(9.282572744580142 -0.128975078494725 0.0)
(8.880838522847023 -0.11891564009866579 0.0)
(8.389825258211358 -0.10680979923785451 0.0)
(7.8119060732096415 -0.09281242919383338 0.0)
(7.146193911643865 -0.07689029245865842 0.0)
(6.367567333439794 -0.05902414188323375 0.0)
(5.490752968324599 -0.04083076806979671 0.0)
(4.563636298463727 -0.024856727607371915 0.0)
(3.5856670578866052 -0.012593366113410245 0.0)
(2.5186020017042994 -0.004709521432970186 0.0)
(1.3270185267949388 -0.0010301392512260578 0.0)
(0.015307078256280759 -6.721034852066985e-05 0.0)
(-0.01533898101863036 -6.729561286683158e-05 0.0)
(1.2506392850022408 -0.0010313898305636358 0.0)
(2.458914275681843 -0.004714843629618385 0.0)
(3.613959869363074 -0.012606377052371885 0.0)
(4.680767799146184 -0.02488042024749644 0.0)
(5.6214657644679304 -0.04086784125191411 0.0)
(6.434015692062755 -0.059074293040542236 0.0)
(7.165172785156248 -0.07694573358362555 0.0)
(7.832256801588542 -0.09286544330297761 0.0)
(8.410164068857844 -0.10685935404927799 0.0)
(8.896935656239263 -0.11896192945329825 0.0)
(9.295200888543489 -0.1290181712194239 0.0)
(9.604637994577587 -0.13692300396666518 0.0)
(9.825261045025572 -0.1426075515648678 0.0)
(9.957061520345997 -0.1460317524421888 0.0)
(10.000000000000005 -0.14717512428817864 0.0)
(9.95404959076514 -0.14603175244218872 0.0)
(9.819183399418877 -0.1426075515648679 0.0)
(9.595362005422432 -0.13692300396666393 0.0)
(9.282576889234297 -0.1290181712194241 0.0)
(8.880842121538526 -0.11896192945329853 0.0)
(8.38983593114218 -0.10685935404927897 0.0)
(7.812187642855905 -0.09286544330297959 0.0)
(7.145938325954857 -0.07694573358362702 0.0)
(6.365984307937249 -0.059074293040542694 0.0)
(5.489645346643133 -0.04086784125191469 0.0)
(4.563676645298174 -0.02488042024749706 0.0)
(3.5860401306368788 -0.012606377052372369 0.0)
(2.518863502095917 -0.004714843629618951 0.0)
(1.327138492775533 -0.0010313898305637835 0.0)
(0.015338981018617064 -6.729561286684469e-05 0.0)
(-0.015366406328885193 -6.738316901198795e-05 0.0)
(1.2505343506443776 -0.0010326377414526912 0.0)
(2.458666166203879 -0.004719940377635564 0.0)
(3.613539907331851 -0.012618260244280905 0.0)
(4.680539313703387 -0.024901220918725146 0.0)
(5.622345302464994 -0.04090014594673987 0.0)
(6.4356496487523955 -0.05911920273434437 0.0)
(7.165652345404876 -0.07699705073861904 0.0)
(7.832037628026072 -0.09291530447055377 0.0)
(8.410164599190006 -0.10690617542961378 0.0)
(8.896946948530388 -0.11900583762828695 0.0)
(9.295204917309608 -0.12905918069412212 0.0)
(9.604640438092293 -0.13696149657248524 0.0)
(9.825262662174046 -0.1426441111874738 0.0)
(9.957062065003308 -0.1460671054132584 0.0)
(10.000000000000005 -0.14721006574558004 0.0)
(9.954049046107826 -0.14606710541325832 0.0)
(9.819181782270404 -0.14264411118747392 0.0)
(9.595359561907724 -0.136961496572484 0.0)
(9.28257286046818 -0.12905918069412237 0.0)
(8.880830829247401 -0.11900583762828731 0.0)
(8.389835400810018 -0.10690617542961485 0.0)
(7.812406816418377 -0.09291530447055583 0.0)
(7.145458765706227 -0.07699705073862059 0.0)
(6.364350351247605 -0.059119202734344914 0.0)
(5.488765808646069 -0.0409001459467405 0.0)
(4.563905130740973 -0.02490122091872581 0.0)
(3.586460092668103 -0.012618260244281414 0.0)
(2.519111611573881 -0.004719940377636141 0.0)
(1.3272434271333964 -0.0010326377414528415 0.0)
(0.015366406328871943 -6.738316901200127e-05 0.0)
(-0.01538814916909921 -6.746916989928732e-05 0.0)
(1.250449058532958 -0.001033828152971602 0.0)
(2.458442349116127 -0.004724587735237529 0.0)
(3.6130915083830297 -0.01262849356342405 0.0)
(4.680132728884593 -0.024918215677617435 0.0)
(5.622958111487135 -0.040926262745082605 0.0)
(6.437262743561432 -0.05915689771485412 0.0)
(7.166334809213132 -0.07704198914172913 0.0)
(7.831890480632761 -0.09295982188807508 0.0)
(8.410176309483328 -0.10694820613306635 0.0)
(8.896972635641532 -0.11904543537875042 0.0)
(9.295216942479389 -0.12909630503752592 0.0)
(9.604647935556944 -0.13699644624532142 0.0)
(9.825267069999562 -0.1426773776259975 0.0)
(9.957063906183038 -0.14609931787284414 0.0)
(10.000000000000005 -0.14724191735651743 0.0)
(9.954047204928097 -0.1460993178728441 0.0)
(9.819177374444887 -0.1426773776259976 0.0)
(9.595352064443073 -0.13699644624532023 0.0)
(9.2825608352984 -0.12909630503752628 0.0)
(8.880805142136257 -0.11904543537875081 0.0)
(8.389823690516698 -0.10694820613306745 0.0)
(7.812553963811687 -0.09295982188807723 0.0)
(7.144776301897967 -0.07704198914173077 0.0)
(6.362737256438565 -0.05915689771485473 0.0)
(5.488152999623928 -0.04092626274508327 0.0)
(4.564311715559769 -0.02491821567761812 0.0)
(3.586908491616925 -0.012628493563424575 0.0)
(2.519335428661634 -0.004724587735238115 0.0)
(1.3273287192448162 -0.001033828152971755 0.0)
(0.015388149169085989 -6.746916989930083e-05 0.0)
(-0.015403254198650806 -6.754983680707593e-05 0.0)
(1.2503871562473197 -0.001034908760616024 0.0)
(2.4582526585319595 -0.0047285815060333514 0.0)
(3.6126343743460994 -0.0126366273764795 0.0)
(4.679565909282914 -0.0249306578055586 0.0)
(5.6232772658270225 -0.04094504412260246 0.0)
(6.438784100055029 -0.059185721733588895 0.0)
(7.167190190369814 -0.07707857428173573 0.0)
(7.831821824795874 -0.09299703954165803 0.0)
(8.41019868520894 -0.10698359940741897 0.0)
(8.897011588928022 -0.11907898285197535 0.0)
(9.295236435688869 -0.12912791307390334 0.0)
(9.604660157546657 -0.13702631736048798 0.0)
(9.82527407483033 -0.14270588921398938 0.0)
(9.957066962987117 -0.14612697446440293 0.0)
(10.000000000000005 -0.14726927961947717 0.0)
(9.954044148124018 -0.1461269744644029 0.0)
(9.819170369614117 -0.1427058892139895 0.0)
(9.59533984245336 -0.13702631736048684 0.0)
(9.28254134208892 -0.12912791307390364 0.0)
(8.880766188849767 -0.11907898285197577 0.0)
(8.389801314791084 -0.10698359940742012 0.0)
(7.8126226196485735 -0.0929970395416602 0.0)
(7.143920920741283 -0.07707857428173742 0.0)
(6.361215899944964 -0.05918572173358953 0.0)
(5.48783384528404 -0.04094504412260316 0.0)
(4.56487853516145 -0.024930657805559298 0.0)
(3.587365625653857 -0.012636627376480036 0.0)
(2.5195251192458015 -0.004728581506033944 0.0)
(1.3273906215304545 -0.0010349087606161794 0.0)
(0.01540325419863759 -6.754983680708966e-05 0.0)
(-0.015411057730175357 -6.762162537900152e-05 0.0)
(1.250351363660647 -0.001035832084462977 0.0)
(2.458105429108617 -0.004731746211040659 0.0)
(3.6121885908543394 -0.01264230429858199 0.0)
(4.678863759914681 -0.024938000618209145 0.0)
(5.62328874242684 -0.0409556648599308 0.0)
(6.440146872612101 -0.059204408315897544 0.0)
(7.168180904991773 -0.07710519867451757 0.0)
(7.831834677127282 -0.09302532215569187 0.0)
(8.410230743218397 -0.10701080013694678 0.0)
(8.89706209685371 -0.11910500603336155 0.0)
(9.295262540442087 -0.12915261600396108 0.0)
(9.604676567049566 -0.13704979743583212 0.0)
(9.825283368886906 -0.1427283932044335 0.0)
(9.957071101105168 -0.14614886000789795 0.0)
(10.000000000000005 -0.1472909502866826 0.0)
(9.954040010005967 -0.14614886000789792 0.0)
(9.819161075557544 -0.14272839320443367 0.0)
(9.595323432950453 -0.13704979743583098 0.0)
(9.282515237335701 -0.12915261600396144 0.0)
(8.880715680924077 -0.119105006033362 0.0)
(8.389769256781626 -0.10701080013694796 0.0)
(7.8126097673171655 -0.0930253221556941 0.0)
(7.142930206119321 -0.07710519867451926 0.0)
(6.35985312738789 -0.05920440831589818 0.0)
(5.487822368684224 -0.04095566485993148 0.0)
(4.565580684529685 -0.024938000618209836 0.0)
(3.5878114091456177 -0.012642304298582527 0.0)
(2.519672348669144 -0.004731746211041255 0.0)
(1.327426414117127 -0.0010358320844631337 0.0)
(0.015411057730162128 -6.762162537901536e-05 0.0)
(-0.015411216890773828 -6.768138135654715e-05 0.0)
(1.2503432534337175 -0.0010365575553517993 0.0)
(2.458007129837612 -0.004733942798911097 0.0)
(3.61177374481884 -0.012645274896159969 0.0)
(4.678057131938587 -0.024939921485814497 0.0)
(5.622992037025786 -0.040957658301299486 0.0)
(6.4412911834996125 -0.059212136407539556 0.0)
(7.16926342289098 -0.07712069249296369 0.0)
(7.831928472919055 -0.09304342704385762 0.0)
(8.410271074941413 -0.10702861317135662 0.0)
(8.89712194019275 -0.11912236151192701 0.0)
(9.295294109743942 -0.12916932842614523 0.0)
(9.60469644306213 -0.13706585479979883 0.0)
(9.825294543805441 -0.14274390081315977 0.0)
(9.957076138715852 -0.14616401289258651 0.0)
(10.000000000000005 -0.14730597718866212 0.0)
(9.954034972395284 -0.14616401289258643 0.0)
(9.819149900639008 -0.14274390081315994 0.0)
(9.595303556937889 -0.1370658547997977 0.0)
(9.282483668033844 -0.1291693284261456 0.0)
(8.880655837585039 -0.11912236151192745 0.0)
(8.389728925058611 -0.1070286131713578 0.0)
(7.812515971525393 -0.09304342704385983 0.0)
(7.141847688220111 -0.07712069249296538 0.0)
(6.358708816500378 -0.05921213640754018 0.0)
(5.48811907408528 -0.040957658301300125 0.0)
(4.566387312505781 -0.024939921485815173 0.0)
(3.588226255181118 -0.012645274896160501 0.0)
(2.5197706479401494 -0.004733942798911694 0.0)
(1.3274345243440564 -0.0010365575553519565 0.0)
(0.015411216890760568 -6.76813813565611e-05 0.0)
(-0.015403724687220701 -6.772647917137991e-05 0.0)
(1.2503631819150653 -0.001037053297418847 0.0)
(2.457962079809079 -0.00473507475559218 0.0)
(3.6114080638154613 -0.012645408646590415 0.0)
(4.677181467112219 -0.024936336008966206 0.0)
(5.622400186316376 -0.04095093685854167 0.0)
(6.442166753790623 -0.05920856645030634 0.0)
(7.170390180211355 -0.07712437496703678 0.0)
(7.832099090955696 -0.09305055871049117 0.0)
(8.410317908275863 -0.10703625583850457 0.0)
(8.8971884895383 -0.1191302867196945 0.0)
(9.295329756497068 -0.12917731602719948 0.0)
(9.604718912268721 -0.13707378392119152 0.0)
(9.82530710858046 -0.142751730664211 0.0)
(9.957081854475772 -0.14617176732843679 0.0)
(10.000000000000005 -0.14731370007083366 0.0)
(9.954029256635364 -0.1461717673284367 0.0)
(9.819137335863989 -0.14275173066421112 0.0)
(9.595281087731298 -0.13707378392119032 0.0)
(9.282448021280718 -0.12917731602719984 0.0)
(8.88058928823949 -0.11913028671969494 0.0)
(8.389682091724161 -0.10703625583850575 0.0)
(7.81234535348875 -0.09305055871049338 0.0)
(7.140720930899733 -0.07712437496703844 0.0)
(6.357833246209365 -0.05920856645030689 0.0)
(5.4887109247946935 -0.040950936858542265 0.0)
(4.567262977332152 -0.024936336008966848 0.0)
(3.5885919361844976 -0.012645408646590937 0.0)
(2.519815697968682 -0.004735074755592774 0.0)
(1.3274145958627084 -0.001037053297419005 0.0)
(0.015403724687207389 -6.772647917139391e-05 0.0)
(-0.015388910313233504 -6.77549373080202e-05 0.0)
(1.2504102734836784 -0.0010372975286646294 0.0)
(2.4579722584388555 -0.004735092344978197 0.0)
(3.6111076151984975 -0.012642699673124107 0.0)
(4.6762752405460635 -0.024927401726957545 0.0)
(5.621539195136021 -0.040935795859555625 0.0)
(6.442735112528357 -0.05919385530158765 0.0)
(7.171511669297586 -0.07711608429556294 0.0)
(7.832339034592813 -0.0930464038032077 0.0)
(8.410369185450708 -0.10703339233357803 0.0)
(8.897258820833864 -0.11912843343753352 0.0)
(9.295367914448347 -0.12917622784654645 0.0)
(9.604742987413507 -0.13707323640892205 0.0)
(9.825320511138738 -0.14275153872825633 0.0)
(9.957087997244894 -0.14617178259972385 0.0)
(10.000000000000005 -0.14731377960388325 0.0)
(9.95402311386624 -0.14617178259972383 0.0)
(9.819123933305711 -0.1427515387282565 0.0)
(9.595257012586512 -0.13707323640892086 0.0)
(9.282409863329441 -0.1291762278465468 0.0)
(8.880518956943925 -0.1191284334375339 0.0)
(8.389630814549315 -0.10703339233357916 0.0)
(7.8121054098516325 -0.09304640380320985 0.0)
(7.1395994418135 -0.07711608429556455 0.0)
(6.357264887471631 -0.05919385530158813 0.0)
(5.489571915975051 -0.04093579585955614 0.0)
(4.56816920389831 -0.024927401726958145 0.0)
(3.5888923848014613 -0.012642699673124608 0.0)
(2.5198055193389055 -0.0047350923449787875 0.0)
(1.3273675042940953 -0.0010372975286647866 0.0)
(0.015388910313220119 -6.77549373080342e-05 0.0)
(-0.0153674246853031 -6.776550536800672e-05 0.0)
(1.2504824590221828 -0.001037279518015014 0.0)
(2.4580372184965698 -0.004733994794223708 0.0)
(3.6108856001305227 -0.012637267003099225 0.0)
(4.675378270177543 -0.024913511195795164 0.0)
(5.620446893862048 -0.0409129005721371 0.0)
(6.442971287069661 -0.05916864934234492 0.0)
(7.172578613970929 -0.07709618475547939 0.0)
(7.832637761145956 -0.09303114488103204 0.0)
(8.410422653440696 -0.1070201484737448 0.0)
(8.897329843850985 -0.11911688309527166 0.0)
(9.295406907007203 -0.12916611169685324 0.0)
(9.604767610678671 -0.137064236319678 0.0)
(9.82533416259638 -0.14274333343861054 0.0)
(9.957094297121182 -0.14616405803545535 0.0)
(10.000000000000005 -0.14730621229327412 0.0)
(9.954016813989954 -0.14616405803545532 0.0)
(9.819110281848069 -0.14274333343861065 0.0)
(9.595232389321348 -0.13706423631967676 0.0)
(9.282370870770585 -0.12916611169685355 0.0)
(8.880447933926803 -0.11911688309527202 0.0)
(8.389577346559328 -0.10702014847374587 0.0)
(7.811806683298489 -0.0930311448810341 0.0)
(7.1385324971401545 -0.07709618475548088 0.0)
(6.357028712930328 -0.059168649342345295 0.0)
(5.490664217249028 -0.04091290057213753 0.0)
(4.569066174266833 -0.024913511195795702 0.0)
(3.5891143998694366 -0.012637267003099705 0.0)
(2.519740559281191 -0.004733994794224291 0.0)
(1.3272953187555905 -0.0010372795180151704 0.0)
(0.015367424685289632 -6.776550536802066e-05 0.0)
(-0.015340211842613902 -6.775771901011738e-05 0.0)
(1.250576566830077 -0.0010370000568249967 0.0)
(2.4581541057561274 -0.004731830327700951 0.0)
(3.610751773547459 -0.012629349338097876 0.0)
(4.674529967243688 -0.02489527474000633 0.0)
(5.619171276214125 -0.040883256973329514 0.0)
(6.44286490033726 -0.05913405607631425 0.0)
(7.1735441346343585 -0.07706555069617219 0.0)
(7.832982145116884 -0.09300545239308916 0.0)
(8.410475962960165 -0.10699710616997704 0.0)
(8.897398437968222 -0.11909614319381723 0.0)
(9.29544502091194 -0.1291474120632304 0.0)
(9.60479170016299 -0.13704717910091546 0.0)
(9.825347463133314 -0.14272747532068944 0.0)
(9.957100477299596 -0.1461489330388535 0.0)
(10.000000000000005 -0.14729133063279054 0.0)
(9.95401063381154 -0.14614893303885343 0.0)
(9.819096981311134 -0.1427274753206895 0.0)
(9.59520829983703 -0.1370471791009142 0.0)
(9.282332756865848 -0.12914741206323066 0.0)
(8.880379339809565 -0.1190961431938175 0.0)
(8.389524037039859 -0.10699710616997803 0.0)
(7.81146229932756 -0.09300545239309115 0.0)
(7.137566976476724 -0.07706555069617357 0.0)
(6.357135099662732 -0.059134056076314515 0.0)
(5.491939834896955 -0.04088325697332985 0.0)
(4.569914477200689 -0.024895274740006804 0.0)
(3.5892482264525003 -0.012629349338098325 0.0)
(2.5196236720216323 -0.004731830327701526 0.0)
(1.327201210947696 -0.0010370000568251513 0.0)
(0.015340211842600347 -6.775771901013124e-05 0.0)
(-0.015308467467689192 -6.77319203526731e-05 0.0)
(1.250688461982447 -0.0010364714241080063 0.0)
(2.4583177844051822 -0.004728694048109158 0.0)
(3.610712015544537 -0.012619294565835259 0.0)
(4.673767604623487 -0.02487349363609575 0.0)
(5.617768390498026 -0.04084816754863307 0.0)
(6.442420626769545 -0.059091595468318464 0.0)
(7.174365808076292 -0.0770255281221639 0.0)
(7.8333570549039475 -0.09297045522029623 0.0)
(8.410526771686353 -0.10696527785894755 0.0)
(8.897461589285555 -0.11906712500649752 0.0)
(9.295480581507306 -0.12912095057336928 0.0)
(9.60481419741859 -0.13702281421562162 0.0)
(9.82535982834828 -0.14270466115118288 0.0)
(9.957106266234403 -0.14612707217459864 0.0)
(10.000000000000005 -0.14726978849536887 0.0)
(9.954004844876733 -0.1461270721745985 0.0)
(9.819084616096168 -0.14270466115118294 0.0)
(9.59518580258143 -0.13702281421562032 0.0)
(9.28229719627048 -0.12912095057336948 0.0)
(8.880316188492232 -0.11906712500649771 0.0)
(8.38947322831367 -0.10696527785894845 0.0)
(7.8110873895404955 -0.0929704552202981 0.0)
(7.136745303034789 -0.07702552812216515 0.0)
(6.357579373230449 -0.05909159546831859 0.0)
(5.493342720613057 -0.04084816754863329 0.0)
(4.570676839820892 -0.024873493636096155 0.0)
(3.589287984455422 -0.012619294565835673 0.0)
(2.519459993372577 -0.0047286940481097205 0.0)
(1.3270893157953256 -0.0010364714241081583 0.0)
(0.015308467467675536 -6.773192035268685e-05 0.0)
(-0.015273586350288467 -6.768924294148466e-05 0.0)
(1.2508132280110045 -0.0010357168470185212 0.0)
(2.458521062703337 -0.004724723757835928 0.0)
(3.6107680730156697 -0.012607544474609907 0.0)
(4.673124679135769 -0.02484912490592185 0.0)
(5.61629987694561 -0.040809174063174615 0.0)
(6.441657986934308 -0.0590431331597934 0.0)
(7.175007531468902 -0.0769778755521372 0.0)
(7.83374601765698 -0.09292769107440024 0.0)
(8.410572847176788 -0.10692606201841476 0.0)
(8.897516523049632 -0.11903110353937607 0.0)
(9.295512026325802 -0.1290878898967245 0.0)
(9.604834113957219 -0.13699221221228203 0.0)
(9.825370714936351 -0.14267589334296168 0.0)
(9.957111409570397 -0.1460994359690727 0.0)
(10.000000000000005 -0.1472425324031172 0.0)
(9.953999701540738 -0.14609943596907257 0.0)
(9.819073729508096 -0.14267589334296168 0.0)
(9.5951658860428 -0.13699221221228067 0.0)
(9.282265751451986 -0.1290878898967246 0.0)
(8.880261254728156 -0.11903110353937621 0.0)
(8.389427152823236 -0.10692606201841555 0.0)
(7.810698426787462 -0.09292769107440198 0.0)
(7.136103579642178 -0.07697787555213831 0.0)
(6.358342013065689 -0.059043133159793385 0.0)
(5.494811234165478 -0.040809174063174726 0.0)
(4.571319765308611 -0.024849124905922188 0.0)
(3.5892319269842887 -0.012607544474610287 0.0)
(2.519256715074422 -0.004724723757836479 0.0)
(1.3269645497667677 -0.0010357168470186706 0.0)
(0.015273586350274707 -6.768924294149825e-05 0.0)
(-0.01523710110289711 -6.763156194392361e-05 0.0)
(1.2509453829247075 -0.0010347694802933937 0.0)
(2.458755008974057 -0.0047200939041724295 0.0)
(3.6109174828981305 -0.012594615341934077 0.0)
(4.6726294397502635 -0.024823239266907146 0.0)
(5.6148302593557995 -0.04076798981936864 0.0)
(6.440610489830696 -0.05899079849591635 0.0)
(7.175441108660315 -0.07692468675284114 0.0)
(7.834131943064201 -0.09287903893373703 0.0)
(8.410612164958708 -0.1068811817206683 0.0)
(8.897560825571357 -0.11898966150981882 0.0)
(9.295537973739627 -0.12904968265894504 0.0)
(9.604850574682606 -0.1369567176869385 0.0)
(9.825379644560769 -0.1426424359008898 0.0)
(9.957115681318806 -0.1460672387065876 0.0)
(10.000000000000005 -0.1472107599388654 0.0)
(9.95399542979233 -0.14606723870658747 0.0)
(9.81906479988368 -0.1426424359008898 0.0)
(9.59514942531741 -0.1369567176869371 0.0)
(9.282239804038161 -0.12904968265894506 0.0)
(8.880216952206432 -0.11898966150981885 0.0)
(8.389387835041315 -0.10688118172066897 0.0)
(7.810312501380239 -0.09287903893373865 0.0)
(7.135670002450764 -0.07692468675284211 0.0)
(6.359389510169304 -0.058990798495916194 0.0)
(5.496280851755292 -0.04076798981936864 0.0)
(4.571815004694116 -0.024823239266907413 0.0)
(3.5890825171018275 -0.012594615341934422 0.0)
(2.519022768803701 -0.004720093904172966 0.0)
(1.3268323948530645 -0.00103476948029354 0.0)
(0.015237101102883257 -6.763156194393698e-05 0.0)
(-0.015200614820537625 -6.756141175749834e-05 0.0)
(1.2510791200784184 -0.0010336709494933672 0.0)
(2.4590093440462004 -0.004715007914418555 0.0)
(3.611153680395021 -0.012581075250244366 0.0)
(4.672303646379557 -0.0247969740866735 0.0)
(5.6134241100369024 -0.04072642437754354 0.0)
(6.439324160565104 -0.05893689096607453 0.0)
(7.175647489061949 -0.07686829874281065 0.0)
(7.834497874269249 -0.09282663648436082 0.0)
(8.41064299748071 -0.10683260892388499 0.0)
(8.897592550278974 -0.11894461980478846 0.0)
(9.295557283666888 -0.12900800761616069 0.0)
(9.604862856340594 -0.1369178902040994 0.0)
(9.825386224870167 -0.14260575888376328 0.0)
(9.957118893786818 -0.14603189507595365 0.0)
(10.000000000000005 -0.14717586712656672 0.0)
(9.953992217324318 -0.14603189507595346 0.0)
(9.81905821957428 -0.14260575888376328 0.0)
(9.595137143659425 -0.13691789020409792 0.0)
(9.2822204941109 -0.12900800761616066 0.0)
(8.880185227498814 -0.1189446198047884 0.0)
(8.389357002519313 -0.10683260892388556 0.0)
(7.809946570175191 -0.09282663648436233 0.0)
(7.135463622049131 -0.07686829874281151 0.0)
(6.360675839434901 -0.05893689096607424 0.0)
(5.497687001074191 -0.04072642437754343 0.0)
(4.572140798064823 -0.0247969740866737 0.0)
(3.5888463196049356 -0.012581075250244676 0.0)
(2.5187684337315566 -0.004715007914419078 0.0)
(1.3266986576993534 -0.0010336709494935105 0.0)
(0.015200614820523685 -6.75614117575115e-05 0.0)
(-0.015165730643707125 -6.748187465306422e-05 0.0)
(1.2512085633062682 -0.0010324695220520902 0.0)
(2.4592728929019896 -0.004709689257659539 0.0)
(3.611466287420439 -0.012567519126398722 0.0)
(4.672161613788335 -0.02477148340918959 0.0)
(5.6121432126175135 -0.040686304047171266 0.0)
(6.437855518092186 -0.058883779168508135 0.0)
(7.175617604696518 -0.07681118910804752 0.0)
(7.834827732924425 -0.09277278619402962 0.0)
(8.41066399001818 -0.10678247782789405 0.0)
(8.897610303246871 -0.11889795747440254 0.0)
(9.295569107664708 -0.1289646958935091 0.0)
(9.604870419297596 -0.1368774357723277 0.0)
(9.825390166737794 -0.14256747381261595 0.0)
(9.957120905824466 -0.14599495801164153 0.0)
(10.000000000000005 -0.14713938709255886 0.0)
(9.953990205286669 -0.1459949580116414 0.0)
(9.819054277706655 -0.1425674738126159 0.0)
(9.595129580702421 -0.13687743577232617 0.0)
(9.28220867011308 -0.128964695893509 0.0)
(8.880167474530918 -0.1188979574744024 0.0)
(8.389336009981843 -0.1067824778278945 0.0)
(7.809616711520015 -0.092772786194031 0.0)
(7.135493506414564 -0.07681118910804824 0.0)
(6.362144481907823 -0.05888377916850772 0.0)
(5.498967898493584 -0.04068630404717107 0.0)
(4.572282830656045 -0.02477148340918973 0.0)
(3.5885337125795167 -0.012567519126399002 0.0)
(2.518504884875767 -0.004709689257660048 0.0)
(1.326569214471503 -0.00103246952205223 0.0)
(0.015165730643693105 -6.748187465307717e-05 0.0)
(-0.015133981319316741 -6.73964453454811e-05 0.0)
(1.2513280251096353 -0.0010312179864933823 0.0)
(2.4595340756868502 -0.004704371625943161 0.0)
(3.6118415685935865 -0.012554542601678697 0.0)
(4.672209582628815 -0.024747887248190187 0.0)
(5.611043847386904 -0.04064939164217033 0.0)
(6.436269091875398 -0.058833796738436944 0.0)
(7.175352768628366 -0.07675586714142413 0.0)
(7.83510702564388 -0.09271985414598422 0.0)
(8.410674220197428 -0.10673299110134107 0.0)
(8.897613304442114 -0.1188517247760919 0.0)
(9.295572926208251 -0.128921650528847 0.0)
(9.60487293125112 -0.13683713188534619 0.0)
(9.825391296965194 -0.1425292628634334 0.0)
(9.957121629026497 -0.14595805046068272 0.0)
(10.000000000000005 -0.14710292270279784 0.0)
(9.953989482084637 -0.14595805046068253 0.0)
(9.819053147479254 -0.1425292628634333 0.0)
(9.5951270687489 -0.1368371318853446 0.0)
(9.282204851569535 -0.12892165052884685 0.0)
(8.880164473335673 -0.11885172477609168 0.0)
(8.389325779802594 -0.10673299110134145 0.0)
(7.809337418800559 -0.09271985414598548 0.0)
(7.135758342482717 -0.07675586714142471 0.0)
(6.363730908124615 -0.05883379673843643 0.0)
(5.500067263724195 -0.04064939164217005 0.0)
(4.572234861815565 -0.024747887248190274 0.0)
(3.588158431406368 -0.012554542601678945 0.0)
(2.518243702090906 -0.004704371625943658 0.0)
(1.3264497526681358 -0.0010312179864935195 0.0)
(0.015133981319302655 -6.73964453454938e-05 0.0)
(-0.015106761854596439 -6.730887744223569e-05 0.0)
(1.2514322565554288 -0.0010299713330000739 0.0)
(2.459781416507036 -0.004699288666278707 0.0)
(3.6122630347462725 -0.012542715840840607 0.0)
(4.672445445237902 -0.024727222375821638 0.0)
(5.610174318442076 -0.040617309026087116 0.0)
(6.434634586580421 -0.05878913981239803 0.0)
(7.174864617269825 -0.07670476358894521 0.0)
(7.835323480816473 -0.09267016607757933 0.0)
(8.410673238523096 -0.10668632310045739 0.0)
(8.897601421997678 -0.11880795309003997 0.0)
(9.295568571517704 -0.12888076285674846 0.0)
(9.604870281830522 -0.13679874942221493 0.0)
(9.825389565892245 -0.1424928049554178 0.0)
(9.957121031616738 -0.1459227940733459 0.0)
(10.000000000000005 -0.1470680761358601 0.0)
(9.953990079494396 -0.1459227940733457 0.0)
(9.819054878552205 -0.1424928049554177 0.0)
(9.595129718169497 -0.13679874942221334 0.0)
(9.282209206260083 -0.1288807628567482 0.0)
(8.88017635578011 -0.11880795309003969 0.0)
(8.389326761476928 -0.10668632310045768 0.0)
(7.809120963627966 -0.09267016607758048 0.0)
(7.13624649384126 -0.07670476358894568 0.0)
(6.365365413419597 -0.05878913981239742 0.0)
(5.500936792669024 -0.04061730902608678 0.0)
(4.571998999206476 -0.024727222375821697 0.0)
(3.5877369652536806 -0.01254271584084083 0.0)
(2.5179963612707197 -0.0046992886662791935 0.0)
(1.3263455212223423 -0.001029971333000208 0.0)
(0.015106761854582304 -6.730887744224817e-05 0.0)
(-0.015085268223029424 -6.72230185167956e-05 0.0)
(1.2515166779046063 -0.001028784337245973 0.0)
(2.460004047659405 -0.004694663714614824 0.0)
(3.612712167426799 -0.012532558490119227 0.0)
(4.672858838244052 -0.024710396768770515 0.0)
(5.609572831294106 -0.04059146585037884 0.0)
(6.433023819379673 -0.058751770534023987 0.0)
(7.174174599098541 -0.07666012384721535 0.0)
(7.835467587797914 -0.09262590519163888 0.0)
(8.410661088128153 -0.10664452433182514 0.0)
(8.89757517800643 -0.11876856566405386 0.0)
(9.295556234930201 -0.12884382940672348 0.0)
(9.604862587446496 -0.13676397483814523 0.0)
(9.825385049579124 -0.14245970198234956 0.0)
(9.95711913984428 -0.14589073795079088 0.0)
(10.000000000000005 -0.1470363784861468 0.0)
(9.953991971266856 -0.14589073795079063 0.0)
(9.819059394865326 -0.1424597019823494 0.0)
(9.595137412553523 -0.1367639748381436 0.0)
(9.282221542847585 -0.12884382940672323 0.0)
(8.880202599771359 -0.11876856566405353 0.0)
(8.38933891187187 -0.10664452433182538 0.0)
(7.808976856646525 -0.09262590519163998 0.0)
(7.136936512012546 -0.07666012384721577 0.0)
(6.366976180620349 -0.05875177053402332 0.0)
(5.501538279816993 -0.04059146585037846 0.0)
(4.5715856062003235 -0.024710396768770546 0.0)
(3.587287832573153 -0.012532558490119434 0.0)
(2.5177737301183503 -0.004694663714615302 0.0)
(1.3262610998731645 -0.0010287843372461046 0.0)
(0.015085268223015265 -6.72230185168079e-05 0.0)
(-0.015070444815465267 -6.714264105327023e-05 0.0)
(1.2515775798375297 -0.001027709153652967 0.0)
(2.4601921871384143 -0.00469069998286651 0.0)
(3.613169232566848 -0.01252451684492291 0.0)
(4.673431597914855 -0.024698149713429055 0.0)
(5.609265814187888 -0.040572997616907365 0.0)
(6.431507564437139 -0.05872333084104142 0.0)
(7.173313032250609 -0.07662390930482013 0.0)
(7.835533014791075 -0.0925890162305181 0.0)
(8.410638302878727 -0.10660943135686934 0.0)
(8.897535725581335 -0.11873529310957412 0.0)
(9.295536458492828 -0.1288124729669984 0.0)
(9.6048501861762 -0.13673433606474272 0.0)
(9.825377946464368 -0.14243140842830496 0.0)
(9.957116036830143 -0.1458632905803977 0.0)
(10.000000000000005 -0.14700922249039722 0.0)
(9.953995074280993 -0.14586329058039746 0.0)
(9.819066497980081 -0.14243140842830485 0.0)
(9.595149813823818 -0.13673433606474109 0.0)
(9.28224131928496 -0.1288124729669981 0.0)
(8.880242052196452 -0.11873529310957373 0.0)
(8.389361697121297 -0.10660943135686955 0.0)
(7.808911429653364 -0.09258901623051917 0.0)
(7.137798078860482 -0.07662390930482049 0.0)
(6.368492435562886 -0.05872333084104073 0.0)
(5.501845296923211 -0.040572997616906976 0.0)
(4.571012846529518 -0.024698149713429072 0.0)
(3.586830767433103 -0.012524516844923107 0.0)
(2.5175855906393405 -0.004690699982866981 0.0)
(1.3262001979402411 -0.0010277091536530969 0.0)
(0.015070444815451101 -6.714264105328233e-05 0.0)
)
