(
(0.0017539667584055621 -8.055179454445938e-05 0.0)
(1.3112376459475519 -0.0011491167279534 0.0)
(2.5670835027164567 -0.004768760950932054 0.0)
(3.75233246464075 -0.011495944117936962 0.0)
(4.830802176847303 -0.020675186177380532 0.0)
(5.772965284635936 -0.031912831647467804 0.0)
(6.576780209673462 -0.045134348724390864 0.0)
(7.288806278864801 -0.058967142905295235 0.0)
(7.932999813164431 -0.0716106087551063 0.0)
(8.491398648582969 -0.08267224901189794 0.0)
(8.961923629423438 -0.09221735657896592 0.0)
(9.345483171984563 -0.100148935753981 0.0)
(9.641341237047278 -0.10638389923014978 0.0)
(9.849265549386093 -0.11086776820098859 0.0)
(9.968918888548984 -0.11356901893738208 0.0)
(10.0 -0.11447091585211344 0.0)
(9.942192222562154 -0.11356901893738094 0.0)
(9.795178895058346 -0.11086776820098657 0.0)
(9.558658762952739 -0.10638389923014616 0.0)
(9.232294605793228 -0.10014893575397744 0.0)
(8.815854148354346 -0.09221735657896209 0.0)
(8.30860135141706 -0.08267224901189354 0.0)
(7.711444631280017 -0.07161060875510211 0.0)
(7.022304832246303 -0.05896714290529128 0.0)
(6.223219790326551 -0.045134348724386396 0.0)
(5.338145826475143 -0.031912831647463495 0.0)
(4.413642267597063 -0.020675186177378263 0.0)
(3.447667535359211 -0.011495944117936306 0.0)
(2.410694275061301 -0.004768760950932235 0.0)
(1.2665401318302127 -0.0011491167279533891 0.0)
(-0.0017539667584175176 -8.055179454445769e-05 0.0)
(0.0017131933812263415 -8.06301912172544e-05 0.0)
(1.311088194340542 -0.0011503443823712544 0.0)
(2.566799277162467 -0.004774444681916828 0.0)
(3.7520684869128877 -0.011511075346428675 0.0)
(4.831166197232529 -0.020704537604268984 0.0)
(5.774536634845892 -0.03195928109888781 0.0)
(6.578217756236661 -0.045194590819353404 0.0)
(7.288575720500929 -0.05903015744563105 0.0)
(7.9325908917721115 -0.07166916960958661 0.0)
(8.49136419594645 -0.08272653021600083 0.0)
(8.96188818105829 -0.0922676917630554 0.0)
(9.345461595252466 -0.10019550865554798 0.0)
(9.641327513624134 -0.10642728994445723 0.0)
(9.849258196637434 -0.11090875573676087 0.0)
(9.96891529895313 -0.11360851639231065 0.0)
(10.0 -0.1145099095099048 0.0)
(9.942195812158007 -0.11360851639230951 0.0)
(9.795186247807004 -0.11090875573675887 0.0)
(9.558672486375883 -0.10642728994445369 0.0)
(9.232316182525327 -0.10019550865554454 0.0)
(8.815889596719495 -0.09226769176305165 0.0)
(8.308635804053582 -0.08272653021599655 0.0)
(7.711853552672337 -0.07166916960958258 0.0)
(7.022535390610174 -0.059030157445627264 0.0)
(6.2217822437633465 -0.045194590819349074 0.0)
(5.336574476265184 -0.03195928109888361 0.0)
(4.413278247211838 -0.020704537604266784 0.0)
(3.4479315130870747 -0.011511075346428057 0.0)
(2.4109785006152915 -0.004774444681917025 0.0)
(1.266689583437223 -0.0011503443823712466 0.0)
(-0.0017131933812381968 -8.063019121725295e-05 0.0)
(0.0016742108594885892 -8.071907678984392e-05 0.0)
(1.3109435430394867 -0.0011516870084750813 0.0)
(2.566504758732523 -0.004780388347686354 0.0)
(3.75171912489386 -0.011526224303640671 0.0)
(4.831324860662522 -0.02073302316213993 0.0)
(5.775967996767778 -0.03200411506533797 0.0)
(6.579859019806985 -0.04525394293916727 0.0)
(7.288609190584641 -0.05909397762116488 0.0)
(7.932222286470166 -0.07172934770012523 0.0)
(8.491340739907127 -0.08278255214607287 0.0)
(8.961868346534153 -0.09231983737132783 0.0)
(9.34544838430452 -0.1002439099687404 0.0)
(9.641319063513485 -0.1064724982354504 0.0)
(9.849253792435272 -0.11095153976390829 0.0)
(9.968913050881184 -0.11364979401883324 0.0)
(10.0 -0.11455067640365496 0.0)
(9.942198060229952 -0.11364979401883213 0.0)
(9.795190652009166 -0.11095153976390632 0.0)
(9.558680936486532 -0.10647249823544691 0.0)
(9.232329393473274 -0.10024390996873701 0.0)
(8.815909431243632 -0.0923198373713242 0.0)
(8.308659260092902 -0.08278255214606872 0.0)
(7.712222157974283 -0.07172934770012132 0.0)
(7.022501920526461 -0.059093977621161246 0.0)
(6.220140980193018 -0.04525394293916308 0.0)
(5.335143114343295 -0.03200411506533387 0.0)
(4.413119583781845 -0.0207330231621378 0.0)
(3.4482808751061036 -0.011526224303640092 0.0)
(2.411273019045236 -0.004780388347686564 0.0)
(1.2668342347382786 -0.0011516870084750774 0.0)
(-0.001674210859500357 -8.071907678984271e-05 0.0)
(0.0016387320138809543 -8.081454579277991e-05 0.0)
(1.310810047757922 -0.0011530856137301445 0.0)
(2.5662128880276307 -0.004786330794440345 0.0)
(3.751299728911643 -0.011540725372107296 0.0)
(4.831271195756435 -0.02075939124769338 0.0)
(5.77719647897735 -0.03204536362435388 0.0)
(6.581631886265759 -0.04530979726026948 0.0)
(7.288905218501688 -0.0591557992901395 0.0)
(7.931910193101217 -0.07178849891151662 0.0)
(8.49132931108046 -0.08283785330099595 0.0)
(8.961864997343731 -0.09237150222115344 0.0)
(9.34544411960561 -0.10029201302840425 0.0)
(9.641316257997737 -0.1065175377335293 0.0)
(9.849252530292192 -0.11099424043054915 0.0)
(9.968912243109314 -0.11369103815355575 0.0)
(10.0 -0.11459142531063343 0.0)
(9.942198868001823 -0.11369103815355466 0.0)
(9.795191914152246 -0.1109942404305472 0.0)
(9.558683742002279 -0.10651753773352587 0.0)
(9.232333658172182 -0.10029201302840095 0.0)
(8.815912780434052 -0.09237150222114988 0.0)
(8.30867068891957 -0.08283785330099189 0.0)
(7.712534251343232 -0.07178849891151282 0.0)
(7.022205892609413 -0.05915579929013599 0.0)
(6.21836811373424 -0.04530979726026541 0.0)
(5.3339146321337205 -0.03204536362434988 0.0)
(4.413173248687934 -0.0207593912476913 0.0)
(3.448700271088322 -0.011540725372106748 0.0)
(2.4115648897501294 -0.004786330794440572 0.0)
(1.2669677300198434 -0.001153085613730144 0.0)
(-0.0016387320138926504 -8.081454579277895e-05 0.0)
(0.0016083157199727222 -8.091240349272896e-05 0.0)
(1.3106935740342975 -0.0011544787459802119 0.0)
(2.5659364893126 -0.0047920109219398346 0.0)
(3.750828726458432 -0.011553941401409083 0.0)
(4.831007560452065 -0.02078248329548916 0.0)
(5.778168104213766 -0.03208121438971451 0.0)
(6.583458459104152 -0.045359699645973396 0.0)
(7.289450797326963 -0.05921290612151967 0.0)
(7.931668324476939 -0.07184402424774625 0.0)
(8.491330411628182 -0.0828900038491933 0.0)
(8.961878280644326 -0.09242041625354909 0.0)
(9.345448988538806 -0.10033770427409998 0.0)
(9.64131922034612 -0.10656042948554574 0.0)
(9.849254465664455 -0.1110349815475099 0.0)
(9.968912911129538 -0.11373043660465249 0.0)
(10.0 -0.1146303657984156 0.0)
(9.942198199981599 -0.1137304366046514 0.0)
(9.795189978779984 -0.11103498154750802 0.0)
(9.558680779653898 -0.10656042948554234 0.0)
(9.232328789238988 -0.10033770427409673 0.0)
(8.815899497133458 -0.09242041625354559 0.0)
(8.308669588371847 -0.08289000384918932 0.0)
(7.712776119967511 -0.07184402424774256 0.0)
(7.0216603137841345 -0.05921290612151627 0.0)
(6.216541540895841 -0.04535969964596943 0.0)
(5.332943006897304 -0.03208121438971057 0.0)
(4.413436883992305 -0.020782483295487125 0.0)
(3.4491712735415345 -0.011553941401408559 0.0)
(2.4118412884651605 -0.004792010921940071 0.0)
(1.2670842037434682 -0.0011544787459802145 0.0)
(-0.0016083157199843663 -8.091240349272824e-05 0.0)
(0.001584298414073184 -8.100835020138092e-05 0.0)
(1.3105992395109463 -0.0011558051935428788 0.0)
(2.565687707041312 -0.004797179155773993 0.0)
(3.750326812520346 -0.011565291703396546 0.0)
(4.830545538402378 -0.02080128468319284 0.0)
(5.778840181041673 -0.03211009214437702 0.0)
(6.585258482053267 -0.04540145747674503 0.0)
(7.290221955324994 -0.05926278894560857 0.0)
(7.931507307862194 -0.07189348402712098 0.0)
(8.49134399319424 -0.0829367123909839 0.0)
(8.961907612792011 -0.09246443027541697 0.0)
(9.345462777172088 -0.10037897611608147 0.0)
(9.641327820398462 -0.10659928890638438 0.0)
(9.84925951351534 -0.11107197302464511 0.0)
(9.968915025590269 -0.11376625827625969 0.0)
(10.0 -0.11466578689320794 0.0)
(9.942196085520868 -0.11376625827625864 0.0)
(9.795184930929098 -0.11107197302464322 0.0)
(9.558672179601555 -0.10659928890638104 0.0)
(9.232315000605706 -0.10037897611607825 0.0)
(8.815870164985773 -0.09246443027541353 0.0)
(8.308656006805789 -0.08293671239098 0.0)
(7.712937136582256 -0.07189348402711737 0.0)
(7.020889155786101 -0.059262788945605265 0.0)
(6.214741517946723 -0.04540145747674112 0.0)
(5.332270930069396 -0.032110092144373124 0.0)
(4.413898906041994 -0.020801284683190834 0.0)
(3.4496731874796214 -0.011565291703396043 0.0)
(2.4120900707364483 -0.0047971791557742385 0.0)
(1.2671785382668195 -0.0011558051935428844 0.0)
(-0.0015842984140847973 -8.100835020138042e-05 0.0)
(0.0015677353726651457 -8.109817019588716e-05 0.0)
(1.3105311890742444 -0.0011570066747389094 0.0)
(2.5654774722516343 -0.0048016084132031615 0.0)
(3.7498160402775995 -0.011574277566565152 0.0)
(4.829905430010991 -0.020814969312224874 0.0)
(5.779183179634785 -0.032130728052631896 0.0)
(6.586952865397768 -0.045433235989894065 0.0)
(7.291184809224139 -0.05930325600237377 0.0)
(7.931434218032465 -0.0719347050774192 0.0)
(8.49136945902947 -0.0829759266384923 0.0)
(8.961951704985877 -0.09250161039115758 0.0)
(9.345484879658137 -0.10041401514511676 0.0)
(9.6413416802842 -0.10663240858418489 0.0)
(9.849267452051519 -0.11110358952412339 0.0)
(9.96891849358597 -0.11379692922966084 0.0)
(10.0 -0.11469613225690634 0.0)
(9.942192617525166 -0.11379692922965978 0.0)
(9.795176992392921 -0.11110358952412155 0.0)
(9.558658319715816 -0.10663240858418155 0.0)
(9.232292898119656 -0.1004140151451136 0.0)
(8.815826072791909 -0.09250161039115419 0.0)
(8.30863054097056 -0.08297592663848846 0.0)
(7.713010226411985 -0.07193470507741564 0.0)
(7.0199263018869535 -0.059303256002370526 0.0)
(6.213047134602219 -0.04543323598989019 0.0)
(5.331927931476286 -0.03213072805262802 0.0)
(4.414539014433383 -0.020814969312222882 0.0)
(3.450183959722369 -0.011574277566564662 0.0)
(2.412300305526127 -0.004801608413203416 0.0)
(1.2672465887035214 -0.0011570066747389172 0.0)
(-0.0015677353726767517 -8.109817019588687e-05 0.0)
(0.0015593543454868483 -8.11779169500101e-05 0.0)
(1.310492412735886 -0.0011580303986825976 0.0)
(2.56531502227561 -0.004805104080759003 0.0)
(3.7493188521281073 -0.011580504168526443 0.0)
(4.829115360469579 -0.020822935905020927 0.0)
(5.779182029262417 -0.03214221541042275 0.0)
(6.588467161033283 -0.04545363889568988 0.0)
(7.292297052985561 -0.05933252924337342 0.0)
(7.9314522664211555 -0.07196587622110256 0.0)
(8.491405690211657 -0.08300592358942348 0.0)
(8.96200861989559 -0.09253032297450438 0.0)
(9.34551432485415 -0.10044128181037214 0.0)
(9.641360191025308 -0.1066583333008954 0.0)
(9.849277932468231 -0.11112844187479845 0.0)
(9.968923162739259 -0.11382110183927438 0.0)
(10.0 -0.11472006856974512 0.0)
(9.94218794837188 -0.11382110183927335 0.0)
(9.795166511976209 -0.11112844187479662 0.0)
(9.558639808974707 -0.10665833330089208 0.0)
(9.232263452923641 -0.100441281810369 0.0)
(8.815769157882196 -0.09253032297450102 0.0)
(8.308594309788372 -0.08300592358941966 0.0)
(7.712992178023295 -0.07196587622109904 0.0)
(7.018814058125527 -0.05933252924337017 0.0)
(6.211532838966701 -0.04545363889568601 0.0)
(5.331929081848655 -0.03214221541041886 0.0)
(4.415329083974798 -0.02082293590501893 0.0)
(3.4506811478718626 -0.011580504168525954 0.0)
(2.4124627555021516 -0.0048051040807592605 0.0)
(1.2672853650418798 -0.001158030398682607 0.0)
(-0.0015593543454984703 -8.117791695000998e-05 0.0)
(0.001559523579539851 -8.124408653726619e-05 0.0)
(1.3104846142572388 -0.0011588313848167077 0.0)
(2.5652074948679924 -0.004807512565204255 0.0)
(3.748857093609578 -0.011583697923781484 0.0)
(4.828210043988399 -0.020824834424068003 0.0)
(5.7788367804698275 -0.032144049484263776 0.0)
(6.589734833579915 -0.04546176972777786 0.0)
(7.293509816653176 -0.059349322455951835 0.0)
(7.931560660015084 -0.07198562785514359 0.0)
(8.491451094808943 -0.08302538523263132 0.0)
(8.96207585678414 -0.09254930644707333 0.0)
(9.345549818992087 -0.10045957806445925 0.0)
(9.641382539293689 -0.10667592397189164 0.0)
(9.84929049427514 -0.11114543810984773 0.0)
(9.968928827896077 -0.11383771400485648 0.0)
(10.0 -0.11473654411392845 0.0)
(9.942182283215061 -0.11383771400485543 0.0)
(9.795153950169299 -0.11114543810984587 0.0)
(9.558617460706328 -0.10667592397188833 0.0)
(9.232227958785707 -0.10045957806445609 0.0)
(8.815701920993645 -0.09254930644706998 0.0)
(8.308548905191087 -0.08302538523262751 0.0)
(7.712883784429366 -0.07198562785514007 0.0)
(7.017601294457909 -0.05934932245594859 0.0)
(6.210265166420066 -0.04546176972777396 0.0)
(5.332274330641247 -0.032144049484259855 0.0)
(4.416234400455981 -0.020824834424065984 0.0)
(3.451142906390393 -0.011583697923780991 0.0)
(2.412570282909769 -0.004807512565204514 0.0)
(1.267293163520527 -0.0011588313848167181 0.0)
(-0.0015595235795515115 -8.124408653726617e-05 0.0)
(0.0015682356389894695 -8.129377158704517e-05 0.0)
(1.310508136289188 -0.0011593744392758697 0.0)
(2.5651596145863564 -0.004808728042138591 0.0)
(3.7484510535465523 -0.011583718504567185 0.0)
(4.827229258517403 -0.020820581451912422 0.0)
(5.778162602857347 -0.03213614968830576 0.0)
(6.590700183825106 -0.04545727123227101 0.0)
(7.2947698136101184 -0.059352897777070666 0.0)
(7.931754636198034 -0.07199309212887717 0.0)
(8.491503677826385 -0.0830334564591174 0.0)
(8.96215046138565 -0.09255772670980901 0.0)
(9.345589802524454 -0.10046810000344554 0.0)
(9.641407743147312 -0.10668440769527122 0.0)
(9.849304585529435 -0.11115383144579685 0.0)
(9.9689352401398 -0.11384603581824254 0.0)
(10.0 -0.11474483498418606 0.0)
(9.942175870971338 -0.11384603581824149 0.0)
(9.795139858915006 -0.11115383144579499 0.0)
(9.558592256852704 -0.10668440769526788 0.0)
(9.232187975253337 -0.10046810000344238 0.0)
(8.815627316392133 -0.09255772670980562 0.0)
(8.308496322173644 -0.08303345645911353 0.0)
(7.712689808246414 -0.07199309212887361 0.0)
(7.016341297500963 -0.059352897777067364 0.0)
(6.209299816174874 -0.04545727123226704 0.0)
(5.33294850825373 -0.03213614968830177 0.0)
(4.417215185926979 -0.02082058145191036 0.0)
(3.451548946453419 -0.011583718504566678 0.0)
(2.4126181631914045 -0.004808728042138849 0.0)
(1.2672696414885776 -0.0011593744392758801 0.0)
(-0.00156823563900119 -8.129377158704521e-05 0.0)
(0.00158510773188175 -8.132478902915603e-05 0.0)
(1.3105619453166817 -0.0011596357012406378 0.0)
(2.5651734852026826 -0.004808697105729169 0.0)
(3.7481185725965704 -0.011580565006601469 0.0)
(4.826216097975892 -0.020810363856370098 0.0)
(5.777189118555897 -0.032118863125130806 0.0)
(6.5913207960451405 -0.045440341064832114 0.0)
(7.296021681895199 -0.05934309811366079 0.0)
(7.932025672011397 -0.07198794107577094 0.0)
(8.491561128862395 -0.08302978263395579 0.0)
(8.96222915571042 -0.09255521379177124 0.0)
(9.345632518647994 -0.10046647318892239 0.0)
(9.641434695174961 -0.10668341171174937 0.0)
(9.849319587087177 -0.11115325309481944 0.0)
(9.968942117728169 -0.11384570163417668 0.0)
(10.0 -0.11474457689484652 0.0)
(9.94216899338297 -0.11384570163417562 0.0)
(9.795124857357264 -0.11115325309481755 0.0)
(9.558565304825056 -0.10668341171174603 0.0)
(9.2321452591298 -0.1004664731889192 0.0)
(8.815548622067364 -0.09255521379176783 0.0)
(8.308438871137634 -0.08302978263395186 0.0)
(7.71241877243305 -0.07198794107576731 0.0)
(7.01508942921588 -0.059343098113657435 0.0)
(6.208679203954841 -0.04544034106482805 0.0)
(5.333921992555184 -0.03211886312512673 0.0)
(4.418228346468493 -0.02081036385636799 0.0)
(3.4518814274034013 -0.011580565006600941 0.0)
(2.4126042925750784 -0.0048086971057294215 0.0)
(1.2672158324610836 -0.0011596357012406478 0.0)
(-0.001585107731893548 -8.132478902915607e-05 0.0)
(0.0016093985293216268 -8.133577601393722e-05 0.0)
(1.3106436770694931 -0.001159603691338246 0.0)
(2.5652484972674654 -0.004807421115265224 0.0)
(3.747874259364318 -0.011574375988815786 0.0)
(4.8252150787845345 -0.02079463057989661 0.0)
(5.775959100684741 -0.03209294933469996 0.0)
(6.591569401674447 -0.0454117231060456 0.0)
(7.297210416706198 -0.0593203540450045 0.0)
(7.932361858637379 -0.07197040102367477 0.0)
(8.491620923623557 -0.08301452517830298 0.0)
(8.962308482073778 -0.09254187810598137 0.0)
(9.345676090494381 -0.1004547691001438 0.0)
(9.641462211153847 -0.10667297978302 0.0)
(9.849334839807364 -0.11114372846859932 0.0)
(9.968949158472533 -0.11383672613609541 0.0)
(10.0 -0.11473578118588326 0.0)
(9.942161952638605 -0.11383672613609436 0.0)
(9.795109604637075 -0.11114372846859744 0.0)
(9.55853778884617 -0.1066729797830166 0.0)
(9.23210168728341 -0.10045476910014055 0.0)
(8.815469295704006 -0.09254187810597787 0.0)
(8.308379076376472 -0.08301452517829899 0.0)
(7.712082585807067 -0.07197040102367105 0.0)
(7.013900694404878 -0.059320354045001016 0.0)
(6.208430598325534 -0.04541172310604142 0.0)
(5.335152010426344 -0.03209294933469579 0.0)
(4.419229365659853 -0.02079463057989444 0.0)
(3.4521257406356542 -0.01157437598881523 0.0)
(2.412529280510295 -0.004807421115265467 0.0)
(1.2671341007082717 -0.0011596036913382546 0.0)
(-0.0016093985293335182 -8.133577601393721e-05 0.0)
(0.0016400407381083504 -8.132624979337755e-05 0.0)
(1.3107497404039274 -0.0011592798160252446 0.0)
(2.5653813548878084 -0.004804956135433381 0.0)
(3.747728848526261 -0.011565423385329154 0.0)
(4.824270183895285 -0.02077407291387698 0.0)
(5.7745265939788855 -0.03205954692155681 0.0)
(6.591435077436487 -0.045372674776665435 0.0)
(7.298283787210251 -0.059285664903869405 0.0)
(7.93274842465067 -0.07194124265038918 0.0)
(8.491680434837454 -0.08298835447684767 0.0)
(8.96238495502045 -0.09251830559807601 0.0)
(9.3457186035964 -0.10043350199335864 0.0)
(9.641489082082195 -0.10665357026894672 0.0)
(9.849349673513379 -0.11112567606178783 0.0)
(9.968956053015466 -0.11381950369096422 0.0)
(10.0 -0.11471883432465685 0.0)
(9.94215505809567 -0.11381950369096314 0.0)
(9.79509477093106 -0.11112567606178592 0.0)
(9.55851091791782 -0.10665357026894329 0.0)
(9.232059174181394 -0.10043350199335534 0.0)
(8.815392822757333 -0.09251830559807246 0.0)
(8.308319565162575 -0.0829883544768436 0.0)
(7.7116960197937745 -0.07194124265038535 0.0)
(7.012827323900823 -0.05928566490386581 0.0)
(6.208564922563497 -0.04537267477666113 0.0)
(5.336584517132204 -0.03205954692155253 0.0)
(4.4201742605491035 -0.020774072913874737 0.0)
(3.4522711514737106 -0.011565423385328568 0.0)
(2.4123964228899513 -0.004804956135433614 0.0)
(1.267028037373837 -0.001159279816025251 0.0)
(-0.0016400407381203454 -8.132624979337743e-05 0.0)
(0.0016756879956461685 -8.129662893218068e-05 0.0)
(1.3108754750911071 -0.001158678305790373 0.0)
(2.5655662205429306 -0.004801410472937896 0.0)
(3.7476887291686034 -0.011554100557160453 0.0)
(4.823422930260943 -0.020749594124546925 0.0)
(5.772954540162289 -0.03202012352662688 0.0)
(6.5909237252925355 -0.045324911788847726 0.0)
(7.299194631471085 -0.059240554867655025 0.0)
(7.933168385047851 -0.07190174712149255 0.0)
(8.491737047690222 -0.08295242042233388 0.0)
(8.962455214469056 -0.09248553200092792 0.0)
(9.345758190006121 -0.10040360630633204 0.0)
(9.641514127300576 -0.10662603598806926 0.0)
(9.849363436439313 -0.11109988906411433 0.0)
(9.968962498423366 -0.11379479102151455 0.0)
(10.0 -0.11469448092524615 0.0)
(9.942148612687772 -0.11379479102151346 0.0)
(9.795081008005127 -0.11109988906411236 0.0)
(9.55848587269944 -0.10662603598806578 0.0)
(9.232019587771672 -0.10040360630632865 0.0)
(8.815322563308728 -0.09248553200092428 0.0)
(8.308262952309807 -0.0829524204223297 0.0)
(7.711276059396594 -0.07190174712148864 0.0)
(7.0119164796399875 -0.05924055486765129 0.0)
(6.209076274707451 -0.04532491178884326 0.0)
(5.338156570948805 -0.03202012352662247 0.0)
(4.421021514183448 -0.0207495941245446 0.0)
(3.4523112708313684 -0.011554100557159828 0.0)
(2.4122115572348286 -0.004801410472938117 0.0)
(1.2669023026866568 -0.0011586783057903774 0.0)
(-0.0016756879956582736 -8.129662893218043e-05 0.0)
(0.0017147740266536839 -8.124821491679781e-05 0.0)
(1.3110153565789027 -0.001157825589892921 0.0)
(2.5657949715741473 -0.00479693991770222 0.0)
(3.747755664062523 -0.011540905008664884 0.0)
(4.822710544656193 -0.02072226976512692 0.0)
(5.77131201240366 -0.031976411341760325 0.0)
(6.590057813120307 -0.04527053276089724 0.0)
(7.299902928658222 -0.05918700598882614 0.0)
(7.9336032875373625 -0.07185364979826964 0.0)
(8.49178827471668 -0.08290830189137739 0.0)
(8.962516173347964 -0.09244499732643811 0.0)
(9.345793110369124 -0.10036639560085926 0.0)
(9.641536246367911 -0.10659158674631682 0.0)
(9.84937552386738 -0.11106750050908057 0.0)
(9.968968211496799 -0.11376367395723153 0.0)
(10.0 -0.11466379103146798 0.0)
(9.942142899614337 -0.11376367395723042 0.0)
(9.795068920577059 -0.1110675005090786 0.0)
(9.558463753632106 -0.10659158674631328 0.0)
(9.231984667408668 -0.10036639560085582 0.0)
(8.81526160442982 -0.09244499732643437 0.0)
(8.30821172528335 -0.08290830189137313 0.0)
(7.7108411569070805 -0.07185364979826558 0.0)
(7.011208182452851 -0.05918700598882224 0.0)
(6.209942186879684 -0.04527053276089262 0.0)
(5.339799098707438 -0.031976411341755794 0.0)
(4.421733899788199 -0.02072226976512452 0.0)
(3.452244335937448 -0.011540905008664218 0.0)
(2.411982806203611 -0.004796939917702427 0.0)
(1.266762421198861 -0.0011578255898929224 0.0)
(-0.0017147740266659005 -8.124821491679736e-05 0.0)
(0.0017555814624342994 -8.11831349704939e-05 0.0)
(1.3111632387306462 -0.001156759135109422 0.0)
(2.5660575570796356 -0.0047917408977447545 0.0)
(3.747926712211236 -0.011526416528102766 0.0)
(4.822164328001235 -0.020693300417981397 0.0)
(5.769671180367794 -0.031930331000391 0.0)
(6.588875387516506 -0.0452119270078185 0.0)
(7.300377557489051 -0.05912737110715357 0.0)
(7.934034023299449 -0.07179906398911126 0.0)
(8.491831865095001 -0.08285793737151594 0.0)
(8.962565153235555 -0.0923984825940476 0.0)
(9.345821830348545 -0.10032350484726375 0.0)
(9.641554467412847 -0.10655173618034887 0.0)
(9.849385404698106 -0.1110299334905416 0.0)
(9.96897294121377 -0.11372751972499268 0.0)
(10.0 -0.1146281131011094 0.0)
(9.942138169897365 -0.11372751972499154 0.0)
(9.795059039746333 -0.11102993349053958 0.0)
(9.558445532587168 -0.10655173618034527 0.0)
(9.231955947429249 -0.10032350484726023 0.0)
(8.815212624542228 -0.09239848259404378 0.0)
(8.308168134905028 -0.08285793737151151 0.0)
(7.710410421144994 -0.07179906398910707 0.0)
(7.010733553622021 -0.059127371107149516 0.0)
(6.21112461248349 -0.04521192700781373 0.0)
(5.341439930743308 -0.03193033100038636 0.0)
(4.422280116443157 -0.02069330041797892 0.0)
(3.4520732877887346 -0.011526416528102058 0.0)
(2.4117202206981223 -0.004791740897744946 0.0)
(1.266614539047117 -0.0011567591351094198 0.0)
(-0.001755581462446624 -8.118313497049324e-05 0.0)
(0.0017963172989149082 -8.110424858704914e-05 0.0)
(1.311312623875133 -0.0011555257995120394 0.0)
(2.566342439532671 -0.004786041848491095 0.0)
(3.7481943580720105 -0.011511271712804074 0.0)
(4.821808280056614 -0.020663958943225987 0.0)
(5.7681041392125305 -0.03188390718841708 0.0)
(6.587428402098977 -0.0451516695591856 0.0)
(7.300597663641055 -0.05906427047023909 0.0)
(7.934441666592732 -0.07174038809460992 0.0)
(8.491865903543712 -0.08280353978761286 0.0)
(8.962600002045175 -0.09234803157600134 0.0)
(9.345843088041025 -0.10027681858679209 0.0)
(9.641567989836005 -0.10650823525112953 0.0)
(9.849392644785864 -0.11098883863456507 0.0)
(9.968976479759172 -0.11368791687562022 0.0)
(10.0 -0.11458901475715944 0.0)
(9.942134631351966 -0.11368791687561908 0.0)
(9.795051799658577 -0.11098883863456302 0.0)
(9.55843201016401 -0.10650823525112588 0.0)
(9.231934689736766 -0.10027681858678848 0.0)
(8.815177775732607 -0.0923480315759974 0.0)
(8.308134096456318 -0.08280353978760835 0.0)
(7.7100027778517095 -0.07174038809460559 0.0)
(7.010513447470018 -0.059064270470234874 0.0)
(6.212571597901022 -0.045151669559180686 0.0)
(5.343006971898575 -0.03188390718841231 0.0)
(4.422636164387779 -0.02066395894322344 0.0)
(3.4518056419279586 -0.011511271712803332 0.0)
(2.411435338245086 -0.004786041848491271 0.0)
(1.2664651539026301 -0.0011555257995120337 0.0)
(-0.001796317298927333 -8.110424858704823e-05 0.0)
(0.0018351916779646598 -8.101502188983354e-05 0.0)
(1.3114569483024061 -0.001154179773610598 0.0)
(2.566637101719444 -0.00478009317573933 0.0)
(3.7485468417753696 -0.01149613599824638 0.0)
(4.821658044917644 -0.02063553455158275 0.0)
(5.766679741859409 -0.03183917968320672 0.0)
(6.5857804347597835 -0.04509240801705359 0.0)
(7.300553576052588 -0.059000476604629364 0.0)
(7.934808306316668 -0.07168020022622551 0.0)
(8.491888894475643 -0.08274749926998735 0.0)
(8.962619188583883 -0.09229586099773472 0.0)
(9.345855949422452 -0.10022838812831929 0.0)
(9.64157621948685 -0.10646299530990601 0.0)
(9.849396926014442 -0.1109460215739417 0.0)
(9.968978671655789 -0.11364660548586428 0.0)
(10.0 -0.11454821390932282 0.0)
(9.942132439455348 -0.11364660548586311 0.0)
(9.795047518429998 -0.1109460215739396 0.0)
(9.558423780513166 -0.1064629953099023 0.0)
(9.23192182835534 -0.1002283881283156 0.0)
(8.815158589193901 -0.0922958609977307 0.0)
(8.308111105524386 -0.0827474992699827 0.0)
(7.709636138127773 -0.07168020022622101 0.0)
(7.010557535058487 -0.05900047660462499 0.0)
(6.214219565240221 -0.04509240801704852 0.0)
(5.344431369251699 -0.03183917968320186 0.0)
(4.422786399526748 -0.020635534551580126 0.0)
(3.451453158224598 -0.0114961359982456 0.0)
(2.411140676058312 -0.004780093175739491 0.0)
(1.2663208294753565 -0.001154179773610589 0.0)
(-0.0018351916779771713 -8.101502188983239e-05 0.0)
(0.0018704965304867738 -8.091937533668712e-05 0.0)
(1.3115898706611662 -0.0011527801993207233 0.0)
(2.566928596722538 -0.004774156253287382 0.0)
(3.7489686758322374 -0.011481674420037337 0.0)
(4.821720223641485 -0.020609276158819516 0.0)
(5.765460573722266 -0.03179811372951222 0.0)
(6.584003894168936 -0.04503674622516781 0.0)
(7.300247231851631 -0.058938792496071694 0.0)
(7.935117832992535 -0.07162114492878421 0.0)
(8.49189982771131 -0.08269227813646064 0.0)
(8.962621869830267 -0.09224426313901345 0.0)
(9.345859849387253 -0.10018034141758962 0.0)
(9.641578794769579 -0.10641800411693149 0.0)
(9.84939806027449 -0.11090336361198366 0.0)
(9.968979420595696 -0.11360540070261366 0.0)
(10.0 -0.11450750327221049 0.0)
(9.94213169051544 -0.11360540070261246 0.0)
(9.795046384169948 -0.11090336361198153 0.0)
(9.558421205230436 -0.10641800411692773 0.0)
(9.23191792839054 -0.10018034141758587 0.0)
(8.815155907947515 -0.09224426313900934 0.0)
(8.308100172288718 -0.08269227813645588 0.0)
(7.709326611451905 -0.0716211449287796 0.0)
(7.010863879259445 -0.0589387924960672 0.0)
(6.215996105831073 -0.045036746225162634 0.0)
(5.345650537388844 -0.03179811372950727 0.0)
(4.422724220802905 -0.020609276158816844 0.0)
(3.451031324167729 -0.011481674420036525 0.0)
(2.4108491810552177 -0.004774156253287529 0.0)
(1.2661879071165962 -0.0011527801993207103 0.0)
(-0.0018704965304993564 -8.09193753366857e-05 0.0)
(0.001900680625849831 -8.082151146217471e-05 0.0)
(1.311705550586143 -0.0011513885713762626 0.0)
(2.5672041167847914 -0.004768491938646499 0.0)
(3.7494413256258796 -0.011468522393466745 0.0)
(4.821992084208763 -0.020586337510675942 0.0)
(5.764500202818642 -0.03176251369021087 0.0)
(6.582176838269908 -0.04498712986083334 0.0)
(7.299692091241933 -0.05888192843144823 0.0)
(7.935356646584459 -0.07156581698401701 0.0)
(8.491898222864338 -0.08264030270261565 0.0)
(8.96260792797527 -0.09219550511535408 0.0)
(9.345854616578109 -0.10013478953917358 0.0)
(9.641575602530981 -0.1063752385029162 0.0)
(9.849395997728697 -0.11086273906149885 0.0)
(9.968978693671843 -0.11356611298866237 0.0)
(10.0 -0.11446867159673912 0.0)
(9.942132417439295 -0.11356611298866118 0.0)
(9.795048446715743 -0.11086273906149668 0.0)
(9.558424397469036 -0.10637523850291242 0.0)
(9.231923161199685 -0.10013478953916978 0.0)
(8.815169849802514 -0.0921955051153499 0.0)
(8.308101777135692 -0.08264030270261083 0.0)
(7.709087797859981 -0.07156581698401232 0.0)
(7.0114190198691455 -0.058881928431443624 0.0)
(6.217823161730105 -0.04498712986082808 0.0)
(5.34661090829247 -0.03176251369020585 0.0)
(4.422452360235626 -0.02058633751067323 0.0)
(3.4505586743740855 -0.011468522393465906 0.0)
(2.4105736609929633 -0.004768491938646633 0.0)
(1.2660722271916192 -0.0011513885713762466 0.0)
(-0.0019006806258624652 -8.082151146217307e-05 0.0)
(0.0019244177301238209 -8.072573022590551e-05 0.0)
(1.311798905313064 -0.0011500660353631848 0.0)
(2.567451556058719 -0.004763349111439427 0.0)
(3.7499440237890513 -0.011457257794521161 0.0)
(4.822461681563508 -0.02056772648938638 0.0)
(5.763840826089092 -0.031733943765901135 0.0)
(6.5803795445564 -0.044945738976328496 0.0)
(7.298912546086283 -0.05883238291372866 0.0)
(7.935514254060108 -0.07151664740059735 0.0)
(8.491884150448767 -0.0825938566739292 0.0)
(8.96257797559849 -0.09215172926511596 0.0)
(9.34584048091508 -0.10009373395927397 0.0)
(9.641566783032177 -0.10633657751070257 0.0)
(9.849390829001551 -0.11082593289091508 0.0)
(9.968976522823935 -0.11353046857428659 0.0)
(10.0 -0.1144334250756884 0.0)
(9.942134588287203 -0.11353046857428539 0.0)
(9.795053615442889 -0.11082593289091289 0.0)
(9.558433216967838 -0.10633657751069872 0.0)
(9.231937296862712 -0.10009373395927011 0.0)
(8.815199802179293 -0.09215172926511171 0.0)
(8.308115849551262 -0.0825938566739243 0.0)
(7.708930190384332 -0.07151664740059258 0.0)
(7.012198565024798 -0.05883238291372397 0.0)
(6.219620455443618 -0.04494573897632317 0.0)
(5.347270285022018 -0.031733943765896076 0.0)
(4.421982762880878 -0.02056772648938364 0.0)
(3.4500559762109124 -0.0114572577945203 0.0)
(2.410326221719035 -0.004763349111439553 0.0)
(1.2659788724646979 -0.001150066035363166 0.0)
(-0.0019244177301364846 -8.072573022590363e-05 0.0)
(0.0019406648783727492 -8.063624008017433e-05 0.0)
(1.3118658330060162 -0.001148870701094393 0.0)
(2.5676600425153016 -0.004758953738085114 0.0)
(3.750454682684123 -0.011448375569070251 0.0)
(4.823108382457057 -0.020554260829178397 0.0)
(5.76351141534082 -0.03171365926679 0.0)
(6.578690982826125 -0.04491439221139592 0.0)
(7.297942848172684 -0.058792332882320615 0.0)
(7.935583730435336 -0.07147579660006748 0.0)
(8.49185822878079 -0.08255498080393113 0.0)
(8.96253332875257 -0.09211485901907286 0.0)
(9.34581806349334 -0.1000589785849625 0.0)
(9.641552723785814 -0.10630371983356011 0.0)
(9.849382781197466 -0.1107945622960328 0.0)
(9.968973003435055 -0.1135000336098444 0.0)
(10.0 -0.11440331237671161 0.0)
(9.942138107676081 -0.11350003360984315 0.0)
(9.795061663246972 -0.11079456229603057 0.0)
(9.558447276214203 -0.10630371983355624 0.0)
(9.231959714284452 -0.10005897858495862 0.0)
(8.815244449025213 -0.09211485901906859 0.0)
(8.308141771219237 -0.0825549808039262 0.0)
(7.708860714009104 -0.07147579660006265 0.0)
(7.0131682629384 -0.05879233288231587 0.0)
(6.221309017173896 -0.04491439221139055 0.0)
(5.347599695770291 -0.031713659266784926 0.0)
(4.421336061987328 -0.02055426082917565 0.0)
(3.4495453173158395 -0.01144837556906938 0.0)
(2.4101177352624523 -0.0047589537380852325 0.0)
(1.265911944771746 -0.0011488707010943722 0.0)
(-0.0019406648783854195 -8.063624008017226e-05 0.0)
(0.0019487082006258755 -8.055697305826704e-05 0.0)
(1.3119033929846113 -0.0011478550893708557 0.0)
(2.5678204156410525 -0.004755498943247635 0.0)
(3.7509508648934697 -0.011442265985850757 0.0)
(4.8239037720352504 -0.020546532186526807 0.0)
(5.763526444279462 -0.03170255145665894 0.0)
(6.577185345392378 -0.04489446688553945 0.0)
(7.296825604253446 -0.058763538062334704 0.0)
(7.935562023045319 -0.07144505949186827 0.0)
(8.49182159681108 -0.08252538322722781 0.0)
(8.962475949138241 -0.09208651438838374 0.0)
(9.34578834929339 -0.10003205050380325 0.0)
(9.641534042529454 -0.10627810917771106 0.0)
(9.849372207922233 -0.11077000564340023 0.0)
(9.968968290140715 -0.11347614535199413 0.0)
(10.0 -0.11437965659671215 0.0)
(9.942142820970421 -0.11347614535199291 0.0)
(9.795072236522206 -0.11077000564339803 0.0)
(9.558465957470563 -0.10627810917770719 0.0)
(9.231989428484402 -0.10003205050379936 0.0)
(8.815301828639544 -0.09208651438837943 0.0)
(8.308178403188949 -0.08252538322722283 0.0)
(7.708882421399121 -0.07144505949186342 0.0)
(7.014285506857641 -0.058763538062329944 0.0)
(6.222814654607647 -0.04489446688553408 0.0)
(5.347584666831647 -0.031702551456653884 0.0)
(4.420540672409132 -0.02054653218652406 0.0)
(3.449049135106492 -0.011442265985849883 0.0)
(2.4099573621367014 -0.00475549894324775 0.0)
(1.2658743847931508 -0.0011478550893708331 0.0)
(-0.0019487082006385287 -8.05569730582648e-05 0.0)
(0.00194819428801824 -8.04914120081113e-05 0.0)
(1.3119099349321044 -0.001147063824313696 0.0)
(2.5679256289342196 -0.004753136524291783 0.0)
(3.7514107690785523 -0.011439197488772175 0.0)
(4.824812902335149 -0.02054488014385055 0.0)
(5.763885252560949 -0.03170110839236398 0.0)
(6.5759287872095085 -0.04488683848112488 0.0)
(7.295609903982441 -0.05874726364548246 0.0)
(7.935450085673063 -0.07142578660830204 0.0)
(8.491775864081369 -0.08250636440719229 0.0)
(8.96240835791078 -0.09206794078426601 0.0)
(9.345752643902813 -0.10001413288641887 0.0)
(9.641511560083325 -0.10626087082852008 0.0)
(9.84935957374622 -0.11075334190740896 0.0)
(9.968962590034446 -0.11345985340708345 0.0)
(10.0 -0.1143634971273862 0.0)
(9.942148521076692 -0.11345985340708223 0.0)
(9.795084870698219 -0.11075334190740677 0.0)
(9.558488439916692 -0.10626087082851621 0.0)
(9.232025133874979 -0.10001413288641496 0.0)
(8.815369419867004 -0.09206794078426171 0.0)
(8.30822413591866 -0.08250636440718731 0.0)
(7.708994358771378 -0.07142578660829718 0.0)
(7.015501207128651 -0.05874726364547773 0.0)
(6.224071212790517 -0.04488683848111955 0.0)
(5.347225858550157 -0.03170110839235896 0.0)
(4.41963154210923 -0.02054488014384783 0.0)
(3.4485892309214083 -0.011439197488771312 0.0)
(2.4098521488435343 -0.004753136524291897 0.0)
(1.2658678428456578 -0.0011470638243136725 0.0)
(-0.0019481942880308534 -8.049141200810896e-05 0.0)
(0.0019391457209296454 -8.04424375623104e-05 0.0)
(1.3118851714072906 -0.0011465316726619469 0.0)
(2.5679710595151843 -0.004751970281584554 0.0)
(3.751814187890849 -0.011439304901982488 0.0)
(4.8257958278345825 -0.020549377288882516 0.0)
(5.764572074805816 -0.03170939347951021 0.0)
(6.574976519145267 -0.044891842176286424 0.0)
(7.294349163005515 -0.0587442246998672 0.0)
(7.9352528366419195 -0.07141882476461392 0.0)
(8.491723040004132 -0.08249875999598301 0.0)
(8.96233352490507 -0.09205995429690518 0.0)
(9.345712516151151 -0.10000601300013783 0.0)
(9.64148626428498 -0.10625276220751391 0.0)
(9.84934543379201 -0.110745303262133 0.0)
(9.968956153568485 -0.11345187361336645 0.0)
(10.0 -0.114355543986253 0.0)
(9.942154957542652 -0.11345187361336523 0.0)
(9.795099010652429 -0.1107453032621308 0.0)
(9.558513735715037 -0.10625276220751004 0.0)
(9.232065261626643 -0.10000601300013394 0.0)
(8.815444252872714 -0.0920599542969009 0.0)
(8.308276959995897 -0.08249875999597808 0.0)
(7.709191607802522 -0.07141882476460909 0.0)
(7.016761948105579 -0.058744224699862506 0.0)
(6.225023480854761 -0.04489184217628115 0.0)
(5.346539036305288 -0.03170939347950525 0.0)
(4.418648616609795 -0.02054937728887983 0.0)
(3.4481858121091107 -0.011439304901981634 0.0)
(2.4098067182625695 -0.004751970281584669 0.0)
(1.2658926063704719 -0.0011465316726619235 0.0)
(-0.0019391457209421985 -8.044243756230803e-05 0.0)
(0.0019219600768440785 -8.041220156841666e-05 0.0)
(1.3118301904741467 -0.0011462820161856427 0.0)
(2.5679547112473315 -0.004752051457696922 0.0)
(3.7521433958457817 -0.011442583505941734 0.0)
(4.826809360585315 -0.02055982602529728 0.0)
(5.7655567333011275 -0.03172704268652557 0.0)
(6.574370382116268 -0.04490925811781268 0.0)
(7.293098775974735 -0.05875455475119964 0.0)
(7.934978942713461 -0.07142447985147926 0.0)
(8.491665445572684 -0.08250290411751664 0.0)
(8.962254738146477 -0.092062905837945 0.0)
(9.3456697291784 -0.10000804761790842 0.0)
(9.641459266585521 -0.10625413959266529 0.0)
(9.84933040934332 -0.11074624291093946 0.0)
(9.968949263549375 -0.11345255658838044 0.0)
(10.0 -0.11435614661978408 0.0)
(9.942161847561762 -0.11345255658837922 0.0)
(9.79511403510112 -0.11074624291093726 0.0)
(9.558540733414496 -0.10625413959266145 0.0)
(9.232108048599393 -0.10000804761790456 0.0)
(8.815523039631307 -0.09206290583794079 0.0)
(8.308334554427345 -0.08250290411751174 0.0)
(7.709465501730981 -0.07142447985147449 0.0)
(7.018012335136362 -0.058754554751195016 0.0)
(6.225629617883759 -0.0449092581178075 0.0)
(5.345554377809973 -0.03172704268652069 0.0)
(4.41763508385906 -0.020559826025294645 0.0)
(3.4478566041541776 -0.011442583505940901 0.0)
(2.4098230665304228 -0.0047520514576970445 0.0)
(1.265947587303616 -0.0011462820161856197 0.0)
(-0.0019219600768565531 -8.041220156841426e-05 0.0)
(0.0018973924615224124 -8.040203254068652e-05 0.0)
(1.3117474078942901 -0.0011463258243336182 0.0)
(2.5678773024436428 -0.004753376485899019 0.0)
(3.7523839281480793 -0.011448889244789985 0.0)
(4.827808967812486 -0.02057576725473221 0.0)
(5.766795963953982 -0.031753280539542114 0.0)
(6.574137008674671 -0.04493832108109453 0.0)
(7.2919136826087145 -0.05877779991592252 0.0)
(7.93464043828583 -0.07144250339472688 0.0)
(8.49160561138098 -0.08251861468667442 0.0)
(8.962175459381038 -0.09207666572207192 0.0)
(9.345626162965866 -0.10002014734234803 0.0)
(9.641431753214471 -0.1062649424641905 0.0)
(9.84931516054694 -0.11075611956737885 0.0)
(9.96894222271195 -0.11346187232345276 0.0)
(10.0 -0.1143652785493646 0.0)
(9.942168888399188 -0.11346187232345153 0.0)
(9.7951292838975 -0.11075611956737669 0.0)
(9.558568246785546 -0.10626494246418669 0.0)
(9.232151614811926 -0.10002014734234423 0.0)
(8.815602318396746 -0.09207666572206773 0.0)
(8.30839438861905 -0.0825186146866696 0.0)
(7.709804006158613 -0.07144250339472219 0.0)
(7.019197428502385 -0.05877779991591801 0.0)
(6.2258629913253545 -0.044938321081089465 0.0)
(5.344315147157114 -0.03175328053953735 0.0)
(4.416635476631885 -0.020575767254729635 0.0)
(3.44761607185188 -0.01144888924478918 0.0)
(2.409900475334112 -0.004753376485899148 0.0)
(1.2660303698834727 -0.0011463258243335965 0.0)
(-0.0018973924615347934 -8.04020325406842e-05 0.0)
(0.001866522331036699 -8.041237728759478e-05 0.0)
(1.3116404609828336 -0.001146661172255996 0.0)
(2.567742234305336 -0.004755887146875715 0.0)
(3.75252521624842 -0.011457945055898268 0.0)
(4.828750728603264 -0.02059650054872958 0.0)
(5.7682353172366 -0.0317869541952991 0.0)
(6.574286652822555 -0.044977754092694576 0.0)
(7.29084595374189 -0.05881293884402377 0.0)
(7.934252196624299 -0.07147210347283961 0.0)
(8.491546166433938 -0.08254520140978926 0.0)
(8.962099171972671 -0.09210062936515033 0.0)
(9.345583731733226 -0.1000417805337006 0.0)
(9.64140493305902 -0.10628469616367804 0.0)
(9.849300357407087 -0.11077449926923605 0.0)
(9.968935340417726 -0.11347941150222698 0.0)
(10.0 -0.11438253853471517 0.0)
(9.942175770693412 -0.11347941150222579 0.0)
(9.795144087037354 -0.11077449926923391 0.0)
(9.558595066940997 -0.10628469616367428 0.0)
(9.232194046044567 -0.10004178053369685 0.0)
(8.815678605805113 -0.09210062936514622 0.0)
(8.308453833566091 -0.08254520140978452 0.0)
(7.710192247820146 -0.07147210347283506 0.0)
(7.020265157369211 -0.05881293884401937 0.0)
(6.225713347177468 -0.04497775409268965 0.0)
(5.342875793874491 -0.03178695419529443 0.0)
(4.415693715841106 -0.02059650054872708 0.0)
(3.4474747837515394 -0.011457945055897497 0.0)
(2.410035543472419 -0.004755887146875855 0.0)
(1.2661373167949297 -0.0011466611722559764 0.0)
(-0.0018665223310489758 -8.041237728759254e-05 0.0)
(0.001830706062445173 -8.044278127988745e-05 0.0)
(1.3115140487914125 -0.0011472733253785688 0.0)
(2.567555441479309 -0.004759473126776818 0.0)
(3.7525610522061545 -0.011469353043493629 0.0)
(4.829593263711405 -0.020621114924281647 0.0)
(5.769811550598968 -0.03182658409496676 0.0)
(6.574812739469829 -0.04502582453822377 0.0)
(7.289942503427314 -0.05885842759528744 0.0)
(7.933831276357208 -0.07151197951253702 0.0)
(8.491489722633778 -0.08258149611488651 0.0)
(8.962029227850536 -0.09213374384854366 0.0)
(9.345544299831216 -0.10007199666911491 0.0)
(9.641379984547733 -0.10631253274971077 0.0)
(9.849286650346642 -0.11080057444603617 0.0)
(9.968928919062119 -0.1135044034852748 0.0)
(10.0 -0.11440716820365573 0.0)
(9.94218219204902 -0.11350440348527363 0.0)
(9.795157794097797 -0.11080057444603406 0.0)
(9.558620015452284 -0.10631253274970706 0.0)
(9.232233477946576 -0.10007199666911125 0.0)
(8.81574854992725 -0.09213374384853963 0.0)
(8.308510277366251 -0.08258149611488189 0.0)
(7.710613168087238 -0.07151197951253258 0.0)
(7.021168607683789 -0.05885842759528321 0.0)
(6.225187260530191 -0.04502582453821898 0.0)
(5.34129956051212 -0.03182658409496222 0.0)
(4.414851180732963 -0.020621114924279225 0.0)
(3.447438947793805 -0.011469353043492893 0.0)
(2.410222336298447 -0.00475947312677697 0.0)
(1.2662637289863512 -0.0011472733253785519 0.0)
(-0.0018307060624573397 -8.044278127988538e-05 0.0)
(0.001791517357065734 -8.049190862176574e-05 0.0)
(1.3113737256404532 -0.0011481353868130334 0.0)
(2.5673251313006094 -0.004763976864205837 0.0)
(3.75248986145486 -0.011482611961471443 0.0)
(4.830299553685631 -0.02064852887075737 0.0)
(5.771455407230779 -0.031870428973254566 0.0)
(6.575692153331659 -0.04508042029024794 0.0)
(7.289243027618994 -0.05891226747720236 0.0)
(7.933396171951041 -0.07156037943358592 0.0)
(8.491438760017822 -0.0826259040790235 0.0)
(8.961968700231397 -0.0921745541824328 0.0)
(9.345509599825473 -0.10010946810687972 0.0)
(9.641358003872552 -0.10634722913362406 0.0)
(9.849274641628767 -0.11083319940221378 0.0)
(9.968923240787747 -0.11353575017058265 0.0)
(10.0 -0.11443808537359174 0.0)
(9.94218787032339 -0.11353575017058148 0.0)
(9.795169802815671 -0.1108331994022117 0.0)
(9.558641996127465 -0.10634722913362038 0.0)
(9.23226817795232 -0.10010946810687611 0.0)
(8.815809077546387 -0.09217455418242888 0.0)
(8.308561239982208 -0.08262590407901899 0.0)
(7.7110482724934055 -0.0715603794335816 0.0)
(7.02186808349211 -0.05891226747719828 0.0)
(6.224307846668358 -0.04508042029024332 0.0)
(5.339655703880304 -0.031870428973250146 0.0)
(4.414144890758736 -0.020648528870755023 0.0)
(3.4475101385451 -0.011482611961470752 0.0)
(2.4104526464771476 -0.004763976864206004 0.0)
(1.2664040521373108 -0.0011481353868130191 0.0)
(-0.001791517357077789 -8.049190862176383e-05 0.0)
(0.001750678094919045 -8.055760074770341e-05 0.0)
(1.3112256570724952 -0.0011492094791570558 0.0)
(2.5670614231771482 -0.0047692004731794985 0.0)
(3.7523147719859082 -0.011497139237232277 0.0)
(4.830838565436595 -0.02067753786950101 0.0)
(5.773094659078984 -0.031916562366422485 0.0)
(6.576886254571797 -0.045139142511303264 0.0)
(7.2887782600042925 -0.05897209286385444 0.0)
(7.932966001097404 -0.0716151766320006 0.0)
(8.491395517790178 -0.0826764740974981 0.0)
(8.961920248588111 -0.09222126723540712 0.0)
(9.345481156370765 -0.10015254842057168 0.0)
(9.641339956824133 -0.10638726081978393 0.0)
(9.849264858894555 -0.11087094065688013 0.0)
(9.968918555087598 -0.11357207424214519 0.0)
(10.0 -0.1144739316006376 0.0)
(9.942192556023539 -0.11357207424214405 0.0)
(9.795179585549883 -0.11087094065687811 0.0)
(9.558660043175882 -0.10638726081978034 0.0)
(9.232296621407027 -0.10015254842056816 0.0)
(8.815857529189675 -0.09222126723540329 0.0)
(8.308604482209851 -0.08267647409749371 0.0)
(7.711478443347044 -0.0716151766319964 0.0)
(7.02233285110681 -0.058972092863850516 0.0)
(6.223113745428215 -0.045139142511298795 0.0)
(5.338016452032095 -0.031916562366418176 0.0)
(4.413605879007772 -0.02067753786949874 0.0)
(3.447685228014053 -0.011497139237231625 0.0)
(2.4107163546006096 -0.00476920047317968 0.0)
(1.2665521207052692 -0.001149209479157045 0.0)
(-0.0017506780949309922 -8.055760074770174e-05 0.0)
)
