(
(-0.01968582367765256 -5.728231413353555e-05 0.0)
(1.2338809802099078 -0.0009054860848743461 0.0)
(2.425340844355084 -0.004295632297308511 0.0)
(3.564022199880217 -0.01189193812654863 0.0)
(4.616778994141774 -0.024130325137094635 0.0)
(5.5534387225053745 -0.040335015453774464 0.0)
(6.38307399516575 -0.05871818762052943 0.0)
(7.131601497125319 -0.07654781481453278 0.0)
(7.800073683748959 -0.09232724726077605 0.0)
(8.382131390304052 -0.10619843068871597 0.0)
(8.874766131666988 -0.11820203387447548 0.0)
(9.27789832066246 -0.1281766457384747 0.0)
(9.591970638556854 -0.13601736690490476 0.0)
(9.816953270127332 -0.1416558086945102 0.0)
(9.952953539620625 -0.14505219497386082 0.0)
(10.000000000000005 -0.14618628357727154 0.0)
(9.958157571490508 -0.145052194973861 0.0)
(9.82749117431712 -0.14165580869451078 0.0)
(9.608029361443164 -0.13601736690490407 0.0)
(9.299879457115324 -0.12817664573847573 0.0)
(8.903011646110802 -0.11820203387447656 0.0)
(8.417868609695969 -0.10619843068871802 0.0)
(7.8443707606954804 -0.0923272472607792 0.0)
(7.1795096139857675 -0.076547814814535 0.0)
(6.416926004834265 -0.0587181876205305 0.0)
(5.557672388605723 -0.04033501545377578 0.0)
(4.627665450302607 -0.02413032513709564 0.0)
(3.635977800119737 -0.01189193812654921 0.0)
(2.552436933422674 -0.004295632297309086 0.0)
(1.3438967975678666 -0.0009054860848745226 0.0)
(0.019685823677639075 -5.728231413355202e-05 0.0)
(-0.01965936309037979 -5.7197890244303746e-05 0.0)
(1.233982216729814 -0.0009042827055538128 0.0)
(2.4255801406614674 -0.004290716749059454 0.0)
(3.5644270247877867 -0.011880475505973844 0.0)
(4.616998730774059 -0.024110257748582123 0.0)
(5.55258985680355 -0.040303848716640625 0.0)
(6.381498517821014 -0.05867486428477459 0.0)
(7.131139760062504 -0.07649831623735957 0.0)
(7.800285231576825 -0.0922791557691265 0.0)
(8.38213091425925 -0.10615327181333332 0.0)
(8.87475528941414 -0.11815968533910412 0.0)
(9.277894461485989 -0.12813709338432078 0.0)
(9.59196829854497 -0.13598024231943864 0.0)
(9.816951719729536 -0.14162054862109455 0.0)
(9.952953018570549 -0.14501809879912772 0.0)
(10.000000000000005 -0.14615258433144634 0.0)
(9.958158092540584 -0.1450180987991279 0.0)
(9.827492724714915 -0.14162054862109513 0.0)
(9.60803170145505 -0.1359802423194379 0.0)
(9.299883316291796 -0.1281370933843218 0.0)
(8.90302248836365 -0.11815968533910515 0.0)
(8.41786908574077 -0.1061532718133353 0.0)
(7.844159212867614 -0.09227915576912957 0.0)
(7.179971351048585 -0.07649831623736168 0.0)
(6.418501482179004 -0.05867486428477558 0.0)
(5.558521254307548 -0.04030384871664189 0.0)
(4.627445713670322 -0.024110257748583087 0.0)
(3.6355729752121664 -0.0118804755059744 0.0)
(2.55219763711629 -0.004290716749060017 0.0)
(1.3437955610479602 -0.0009042827055539865 0.0)
(0.019659363090366262 -5.719789024432e-05 0.0)
(-0.01963837835326222 -5.7114953961415635e-05 0.0)
(1.2340645266190524 -0.0009031346003029919 0.0)
(2.4257960460194266 -0.004286233844954181 0.0)
(3.5648593298906546 -0.011870602223598797 0.0)
(4.61739024180802 -0.024093857548617356 0.0)
(5.5519980781116915 -0.04027864453995762 0.0)
(6.379942931173956 -0.058638491929508645 0.0)
(7.130482294898784 -0.07645496162755126 0.0)
(7.800427354361662 -0.09223621038583789 0.0)
(8.382119657210934 -0.10611272613477142 0.0)
(8.874730564550104 -0.11812148729317873 0.0)
(9.277882890751956 -0.12810128180777214 0.0)
(9.591961084628068 -0.13594652887591283 0.0)
(9.81694747803429 -0.14158845912272192 0.0)
(9.95295124719754 -0.14498702614330686 0.0)
(10.000000000000005 -0.14612185980489784 0.0)
(9.958159863913593 -0.14498702614330702 0.0)
(9.82749696641016 -0.14158845912272244 0.0)
(9.608038915371951 -0.13594652887591208 0.0)
(9.299894887025829 -0.1281012818077731 0.0)
(8.903047213227683 -0.1181214872931797 0.0)
(8.417880342789086 -0.10611272613477334 0.0)
(7.844017090082777 -0.09223621038584087 0.0)
(7.180628816212306 -0.07645496162755332 0.0)
(6.420057068826066 -0.058638491929509574 0.0)
(5.559113032999407 -0.04027864453995886 0.0)
(4.627054202636359 -0.024093857548618307 0.0)
(3.635140670109297 -0.011870602223599334 0.0)
(2.5519817317583304 -0.004286233844954735 0.0)
(1.3437132511587218 -0.0009031346003031632 0.0)
(0.019638378353248664 -5.71149539614317e-05 0.0)
(-0.019623791497258295 -5.70371493534137e-05 0.0)
(1.2341242933316716 -0.0009020922147662052 0.0)
(2.42597907394252 -0.004282380555597833 0.0)
(3.56530012049348 -0.011862752093388395 0.0)
(4.617936324965076 -0.024081845131983484 0.0)
(5.551689388102892 -0.04026051034913919 0.0)
(6.378475584855982 -0.05861066868948062 0.0)
(7.129657989450658 -0.07641965590734785 0.0)
(7.8004938074883095 -0.09220029805248554 0.0)
(8.382098113773212 -0.10607857515597004 0.0)
(8.874693043440177 -0.11808911808895586 0.0)
(9.277864116857247 -0.1280707845039868 0.0)
(9.591949313772458 -0.1359177078813589 0.0)
(9.816940731413924 -0.14156095015324469 0.0)
(9.952948303332487 -0.1449603422820492 0.0)
(10.000000000000005 -0.14609545997711365 0.0)
(9.958162807778645 -0.14496034228204938 0.0)
(9.827503713030527 -0.14156095015324527 0.0)
(9.608050686227559 -0.13591770788135815 0.0)
(9.299913660920538 -0.12807078450398776 0.0)
(8.903084734337613 -0.11808911808895681 0.0)
(8.417901886226808 -0.1060785751559719 0.0)
(7.843950636956128 -0.09220029805248847 0.0)
(7.181453121660436 -0.07641965590734985 0.0)
(6.4215244151440425 -0.05861066868948151 0.0)
(5.559421723008206 -0.040260510349140397 0.0)
(4.6265081194793005 -0.02408184513198442 0.0)
(3.63469987950647 -0.011862752093388922 0.0)
(2.5517987038352365 -0.004282380555598382 0.0)
(1.3436534844461023 -0.0009020922147663746 0.0)
(0.019623791497244733 -5.7037149353429604e-05 0.0)
(-0.019616243442134928 -5.6967895012434024e-05 0.0)
(1.2341588908276593 -0.000901201349456949 0.0)
(2.426121182518647 -0.004279326187475338 0.0)
(3.5657300290635794 -0.01185727003570267 0.0)
(4.6186129863503345 -0.02407474830229129 0.0)
(5.551677350051405 -0.04025024292735428 0.0)
(6.37716095137987 -0.05859261706695617 0.0)
(7.12870306219149 -0.07639395034550504 0.0)
(7.800481671127957 -0.09217299669129723 0.0)
(8.382067230525324 -0.10605231940846026 0.0)
(8.874644374693283 -0.11806399997005138 0.0)
(9.277838964692453 -0.12804694146869994 0.0)
(9.591933503168006 -0.13589504567755098 0.0)
(9.816931776302592 -0.14153923040645552 0.0)
(9.952944316323437 -0.14493921965540166 0.0)
(10.000000000000005 -0.1460745448082294 0.0)
(9.958166794787696 -0.14493921965540182 0.0)
(9.827512668141857 -0.14153923040645605 0.0)
(9.608066496832011 -0.13589504567755017 0.0)
(9.299938813085332 -0.12804694146870085 0.0)
(8.903133403084507 -0.11806399997005229 0.0)
(8.417932769474696 -0.10605231940846212 0.0)
(7.843962773316482 -0.09217299669130014 0.0)
(7.182408048919607 -0.07639395034550701 0.0)
(6.422839048620157 -0.05859261706695707 0.0)
(5.559433761059691 -0.0402502429273555 0.0)
(4.625831458094039 -0.024074748302292233 0.0)
(3.63426997093637 -0.011857270035703193 0.0)
(2.5516565952591095 -0.004279326187475882 0.0)
(1.3436188869501147 -0.0009012013494571168 0.0)
(0.01961624344212138 -5.696789501244979e-05 0.0)
(-0.019616065835625477 -5.691023384752203e-05 0.0)
(1.234166798956336 -0.0009005011473671195 0.0)
(2.4262161277569527 -0.004277204943934187 0.0)
(3.566130166204877 -0.011854396922127197 0.0)
(4.619390494700446 -0.024072878881254173 0.0)
(5.55196249288719 -0.04024829340633246 0.0)
(6.376056793335506 -0.058585130217204524 0.0)
(7.127659470878059 -0.07637897439738324 0.0)
(7.800391478530074 -0.09215550587413711 0.0)
(8.382028364420686 -0.10603511252175414 0.0)
(8.874586696725125 -0.11804723658065755 0.0)
(9.277808539397677 -0.1280308003212624 0.0)
(9.591914347503744 -0.13587953800026506 0.0)
(9.816921006171507 -0.1415242542082931 0.0)
(9.95293946135227 -0.1449245863529364 0.0)
(10.000000000000005 -0.14606003327250278 0.0)
(9.958171649758862 -0.1449245863529365 0.0)
(9.827523438272944 -0.14152425420829362 0.0)
(9.608085652496273 -0.1358795380002643 0.0)
(9.299969238380108 -0.12803080032126332 0.0)
(8.903191081052665 -0.11804723658065847 0.0)
(8.417971635579333 -0.106035112521756 0.0)
(7.844052965914365 -0.09215550587414004 0.0)
(7.183451640233041 -0.07637897439738524 0.0)
(6.423943206664523 -0.05858513021720544 0.0)
(5.5591486182239045 -0.04024829340633369 0.0)
(4.625053949743925 -0.02407287888125513 0.0)
(3.6338698337950714 -0.011854396922127725 0.0)
(2.5515616500208034 -0.0042772049439347305 0.0)
(1.343610978821438 -0.0009005011473672865 0.0)
(0.019616065835611957 -5.691023384753769e-05 0.0)
(-0.019623266481435028 -5.686669938477581e-05 0.0)
(1.2341476702489953 -0.0009000223740955606 0.0)
(2.426259737937364 -0.004276110028534875 0.0)
(3.5664829506234152 -0.011854258992016267 0.0)
(4.620234687720918 -0.024076319007812493 0.0)
(5.552532287955697 -0.04025474744446084 0.0)
(6.375211625407359 -0.05858853709870695 0.0)
(7.12657306900348 -0.07637538607874518 0.0)
(7.800227192592409 -0.0921485941155127 0.0)
(8.38198322316483 -0.10602771053497444 0.0)
(8.874522543800103 -0.11803956447343664 0.0)
(9.277774177804712 -0.1280230702741632 0.0)
(9.591892688444515 -0.13587186622847067 0.0)
(9.816908894240521 -0.14151667958550654 0.0)
(9.952933951737542 -0.1449170853351928 0.0)
(10.000000000000005 -0.14605256298026537 0.0)
(9.95817715937359 -0.14491708533519296 0.0)
(9.82753555020393 -0.14151667958550707 0.0)
(9.608107311555502 -0.13587186622846986 0.0)
(9.300003599973074 -0.12802307027416412 0.0)
(8.903255233977687 -0.11803956447343758 0.0)
(8.41801677683519 -0.1060277105349763 0.0)
(7.84421725185203 -0.09214859411551563 0.0)
(7.184538042107622 -0.0763753860787472 0.0)
(6.424788374592671 -0.05858853709870792 0.0)
(5.558578823155395 -0.04025474744446213 0.0)
(4.624209756723451 -0.024076319007813478 0.0)
(3.633517049376533 -0.011854258992016805 0.0)
(2.551518039840392 -0.0042761100285354185 0.0)
(1.343630107528779 -0.0009000223740957274 0.0)
(0.019623266481421563 -5.686669938479143e-05 0.0)
(-0.01963752899635993 -5.68392044488444e-05 0.0)
(1.2341023451860424 -0.0008997860660639337 0.0)
(2.426250096908336 -0.0042760895498569545 0.0)
(3.566772881617244 -0.011856862305766616 0.0)
(4.621108473114838 -0.024084917529098804 0.0)
(5.553361699504025 -0.04026932146311139 0.0)
(6.374662582728001 -0.05860268801932294 0.0)
(7.125491591078607 -0.07638334305374718 0.0)
(7.7999960317385115 -0.09215256510545318 0.0)
(8.381933790181956 -0.10603043867787869 0.0)
(8.87445473468038 -0.11804132074674417 0.0)
(9.27773738969909 -0.12802409097153022 0.0)
(9.591869477649759 -0.1358723674457852 0.0)
(9.816895972685728 -0.1415168393531637 0.0)
(9.95292802956164 -0.14491704618316784 0.0)
(10.000000000000005 -0.14605246216249168 0.0)
(9.958183081549492 -0.144917046183168 0.0)
(9.827548471758723 -0.14151683935316428 0.0)
(9.608130522350258 -0.13587236744578446 0.0)
(9.300040388078695 -0.1280240909715312 0.0)
(8.903323043097409 -0.11804132074674514 0.0)
(8.418066209818065 -0.1060304386778806 0.0)
(7.844448412705929 -0.09215256510545616 0.0)
(7.185619520032498 -0.07638334305374929 0.0)
(6.425337417272029 -0.058602688019323994 0.0)
(5.557749411607063 -0.04026932146311275 0.0)
(4.623335971329529 -0.024084917529099838 0.0)
(3.633227118382704 -0.011856862305767175 0.0)
(2.5515276808694205 -0.0042760895498575036 0.0)
(1.343675432591732 -0.0008997860660641009 0.0)
(0.019637528996346527 -5.683920444886002e-05 0.0)
(-0.019658226711586912 -5.682895711691207e-05 0.0)
(1.2340328152678242 -0.000899802606214835 0.0)
(2.426187628279046 -0.004277144407696069 0.0)
(3.566987220148908 -0.011862092478534685 0.0)
(4.621973458350542 -0.024098296641818354 0.0)
(5.554414284706108 -0.04029137510656704 0.0)
(6.374433789228317 -0.05862696121348903 0.0)
(7.12446255526495 -0.07640249570746453 0.0)
(7.799708152753404 -0.09216724436592534 0.0)
(8.381882237466895 -0.10604317708085868 0.0)
(8.874386248774623 -0.11805242823314407 0.0)
(9.277699791482867 -0.1280338175657884 0.0)
(9.591845734959334 -0.13588101962963697 0.0)
(9.816882809256601 -0.14152472649136602 0.0)
(9.95292195503414 -0.1449244706171299 0.0)
(10.000000000000005 -0.14605973524893018 0.0)
(9.95818915607699 -0.14492447061713007 0.0)
(9.82756163518785 -0.1415247264913666 0.0)
(9.608154265040683 -0.13588101962963622 0.0)
(9.300077986294918 -0.12803381756578938 0.0)
(8.903391529003166 -0.1180524282331451 0.0)
(8.418117762533125 -0.10604317708086065 0.0)
(7.844736291691038 -0.09216724436592841 0.0)
(7.1866485558461575 -0.07640249570746672 0.0)
(6.425566210771712 -0.05862696121349018 0.0)
(5.556696826404977 -0.040291375106568494 0.0)
(4.6224709860938225 -0.024098296641819436 0.0)
(3.6330127798510397 -0.011862092478535268 0.0)
(2.551590149498711 -0.0042771444076966265 0.0)
(1.3437449625099507 -0.0008998026062150032 0.0)
(0.019658226711573593 -5.682895711692772e-05 0.0)
(-0.0196844502073743 -5.6836407637996935e-05 0.0)
(1.2339421355117453 -0.0009000712678042932 0.0)
(2.4260750768067822 -0.004279228253528579 0.0)
(3.5671165485754477 -0.011869719706097376 0.0)
(4.62279163755922 -0.02411586849223462 0.0)
(5.5556437948938155 -0.040319939378080344 0.0)
(6.374535297676119 -0.05866029016146009 0.0)
(7.123531175513593 -0.07643200250733169 0.0)
(7.799376204513032 -0.09219198691707899 0.0)
(8.381830830151634 -0.10606536604179172 0.0)
(8.87432009522824 -0.11807239889000445 0.0)
(9.277663035152884 -0.12805182268818033 0.0)
(9.59182250358362 -0.1358974426188961 0.0)
(9.816869982330138 -0.14153999445369 0.0)
(9.952915995058671 -0.14493903242103326 0.0)
(10.000000000000005 -0.14607406267346856 0.0)
(9.958195116052462 -0.14493903242103343 0.0)
(9.827574462114313 -0.1415399944536906 0.0)
(9.608177496416397 -0.13589744261889541 0.0)
(9.300114742624901 -0.1280518226881814 0.0)
(8.903457682549549 -0.11807239889000554 0.0)
(8.418169169848387 -0.10606536604179377 0.0)
(7.84506823993141 -0.09219198691708214 0.0)
(7.187579935597515 -0.07643200250733397 0.0)
(6.425464702323908 -0.058660290161461355 0.0)
(5.555467316217266 -0.040319939378081884 0.0)
(4.621652806885144 -0.024115868492235765 0.0)
(3.6328834514245 -0.011869719706097986 0.0)
(2.551702700970975 -0.004279228253529143 0.0)
(1.3438356422660298 -0.0009000712678044632 0.0)
(0.019684450207361072 -5.6836407638012676e-05 0.0)
(-0.019715047271291728 -5.6861228649832896e-05 0.0)
(1.233834290220394 -0.0009005802463335701 0.0)
(2.4259173877973286 -0.004282249526980887 0.0)
(3.5671551844424 -0.011879408862029203 0.0)
(4.623527061443258 -0.024136861005387117 0.0)
(5.556996207638825 -0.04035375921581785 0.0)
(6.374962647975914 -0.05870121045023587 0.0)
(7.122738374946901 -0.07647056697854364 0.0)
(7.799014772215796 -0.09222570561648159 0.0)
(8.381781826979559 -0.106096030618328 0.0)
(8.874259180707034 -0.1181003552431982 0.0)
(9.277628735715036 -0.12807731522656762 0.0)
(9.591800804266768 -0.1359209148174597 0.0)
(9.81685805549802 -0.14156197239380305 0.0)
(9.952910411505645 -0.14496009177585448 0.0)
(10.000000000000005 -0.1460948149152838 0.0)
(9.958200699605486 -0.1449600917758547 0.0)
(9.82758638894643 -0.14156197239380364 0.0)
(9.60819919573325 -0.13592091481745905 0.0)
(9.300149042062749 -0.1280773152265687 0.0)
(8.903518597070756 -0.11810035524319937 0.0)
(8.418218173020461 -0.1060960306183301 0.0)
(7.845429672228647 -0.09222570561648485 0.0)
(7.188372736164209 -0.07647056697854605 0.0)
(6.425037352024111 -0.058701210450237275 0.0)
(5.554114903472253 -0.040353759215819504 0.0)
(4.620917383001104 -0.02413686100538833 0.0)
(3.6328448155575477 -0.011879408862029844 0.0)
(2.5518603899804297 -0.004282249526981464 0.0)
(1.3439434875573812 -0.0009005802463337423 0.0)
(0.019715047271278596 -5.686122864984876e-05 0.0)
(-0.019748673524326413 -5.690232956256863e-05 0.0)
(1.2337140179185753 -0.0009013071782172392 0.0)
(2.4257214898172768 -0.0042860754788247675 0.0)
(3.567101430160454 -0.011890734222544327 0.0)
(4.624147416822612 -0.024160351808652634 0.0)
(5.55841210039929 -0.04039134863798102 0.0)
(6.375697063137344 -0.05874792411718912 0.0)
(7.122118987771385 -0.07651649466878703 0.0)
(7.798639736535614 -0.09226691892616808 0.0)
(8.381737381060402 -0.1061338234650737 0.0)
(8.874206181683626 -0.11813506894171066 0.0)
(9.27759840022387 -0.12810917508545072 0.0)
(9.591781590437058 -0.1359504048998639 0.0)
(9.816847552803432 -0.1415896946412241 0.0)
(9.952905449706172 -0.14498672337206972 0.0)
(10.000000000000005 -0.1461210801588358 0.0)
(9.958205661404959 -0.14498672337206994 0.0)
(9.827596891641019 -0.14158969464122473 0.0)
(9.608218409562959 -0.13595040489986332 0.0)
(9.300179377553915 -0.12810917508545192 0.0)
(8.903571596094164 -0.11813506894171188 0.0)
(8.418262618939618 -0.10613382346507592 0.0)
(7.84580470790883 -0.09226691892617145 0.0)
(7.188992123339725 -0.07651649466878958 0.0)
(6.424302936862678 -0.058747924117190646 0.0)
(5.552699010711784 -0.040391348637982785 0.0)
(4.620297027621749 -0.024160351808653918 0.0)
(3.632898569839494 -0.011890734222545003 0.0)
(2.552056287960482 -0.004286075478825355 0.0)
(1.3440637598592007 -0.000901307178217414 0.0)
(0.019748673524313372 -5.690232956258466e-05 0.0)
(-0.019783851490437498 -5.6957904477290526e-05 0.0)
(1.2335866031511984 -0.0009022201233982164 0.0)
(2.4254959902654853 -0.004290538003735577 0.0)
(3.5669576475944176 -0.011903198172020877 0.0)
(4.624625446416821 -0.024185308759110895 0.0)
(5.559829261437619 -0.04043105603412793 0.0)
(6.376706274301791 -0.05879837864925414 0.0)
(7.121700228726402 -0.07656776759937493 0.0)
(7.798267575854166 -0.09231381600870843 0.0)
(8.38169944526654 -0.10617708403348293 0.0)
(8.874163426838146 -0.11817501472913611 0.0)
(9.277573361565373 -0.12814600240091634 0.0)
(9.591765706315023 -0.13598461712583856 0.0)
(9.816838935715559 -0.1416219431311179 0.0)
(9.952901327672643 -0.14501775706606243 0.0)
(10.000000000000005 -0.14615170435737368 0.0)
(9.95820978343849 -0.14501775706606265 0.0)
(9.827605508728892 -0.1416219431311186 0.0)
(9.608234293684994 -0.13598461712583804 0.0)
(9.300204416212411 -0.12814600240091759 0.0)
(8.903614350939643 -0.11817501472913741 0.0)
(8.41830055473348 -0.10617708403348526 0.0)
(7.846176868590279 -0.09231381600871191 0.0)
(7.189410882384708 -0.0765677675993776 0.0)
(6.423293725698227 -0.05879837864925581 0.0)
(5.551281849673451 -0.0404310560341298 0.0)
(4.61981899802754 -0.024185308759112248 0.0)
(3.6330423524055315 -0.011903198172021588 0.0)
(2.5522817875122743 -0.004290538003736178 0.0)
(1.3441911746265776 -0.000902220123398394 0.0)
(0.019783851490424546 -5.695790447730673e-05 0.0)
(-0.01981903551415033 -5.7025511533917116e-05 0.0)
(1.2334576442900438 -0.0009032789687354354 0.0)
(2.4252507971797197 -0.004295441026532694 0.0)
(3.566730154287199 -0.011916253067321008 0.0)
(4.6249401464800455 -0.024210635294016222 0.0)
(5.56118542329041 -0.04047113673391449 0.0)
(6.377945938576988 -0.05885035716659596 0.0)
(7.12150049731829 -0.07662213293153845 0.0)
(7.797914642230946 -0.09236433629209158 0.0)
(8.381669686427351 -0.10622391153332277 0.0)
(8.874132794740289 -0.1182184374606538 0.0)
(9.277554719892393 -0.1281861790480966 0.0)
(9.591753849819922 -0.13602204827276385 0.0)
(9.816832582853475 -0.14165730092383552 0.0)
(9.95289822651967 -0.14505182929409313 0.0)
(10.000000000000005 -0.1461853419396391 0.0)
(9.958212884591463 -0.14505182929409335 0.0)
(9.827611861590974 -0.14165730092383622 0.0)
(9.608246150180097 -0.13602204827276332 0.0)
(9.300223057885391 -0.1281861790480979 0.0)
(8.9036449830375 -0.11821843746065522 0.0)
(8.41833031357267 -0.10622391153332521 0.0)
(7.8465298022134995 -0.0923643362920952 0.0)
(7.18961061379282 -0.07662213293154126 0.0)
(6.422054061423026 -0.05885035716659776 0.0)
(5.549925687820657 -0.04047113673391646 0.0)
(4.619504297964315 -0.024210635294017638 0.0)
(3.633269845712751 -0.011916253067321754 0.0)
(2.5525269805980404 -0.004295441026533309 0.0)
(1.3443201334877326 -0.000903278968735616 0.0)
(0.019819035514137467 -5.7025511533933535e-05 0.0)
(-0.019852679673830326 -5.710218020206388e-05 0.0)
(1.2333328075515466 -0.0009044371905018818 0.0)
(2.4249966838956003 -0.004300569117364243 0.0)
(3.566428945878531 -0.011929325300228485 0.0)
(4.625077689667235 -0.024235218611758452 0.0)
(5.562420998686879 -0.04050982966471765 0.0)
(6.3793615873825855 -0.058901575828254595 0.0)
(7.121528569379723 -0.0766772019520409 0.0)
(7.797596442923684 -0.09241626000748994 0.0)
(8.381649412091791 -0.10627224844991871 0.0)
(8.874115631308392 -0.11826342922088054 0.0)
(9.277543294285936 -0.1282279397386154 0.0)
(9.591746541904458 -0.13606105368452212 0.0)
(9.816828773350323 -0.1416942144626501 0.0)
(9.952896282506238 -0.14508744298479545 0.0)
(10.000000000000005 -0.1462205149318056 0.0)
(9.958214828604893 -0.14508744298479567 0.0)
(9.827615671094128 -0.14169421446265085 0.0)
(9.60825345809556 -0.1360610536845217 0.0)
(9.300234483491849 -0.12822793973861682 0.0)
(8.903662146469399 -0.11826342922088204 0.0)
(8.41835058790823 -0.10627224844992124 0.0)
(7.846848001520763 -0.09241626000749367 0.0)
(7.1895825417313866 -0.07667720195204385 0.0)
(6.420638412617424 -0.05890157582825651 0.0)
(5.548690112424186 -0.04050982966471971 0.0)
(4.619366754777125 -0.024235218611759923 0.0)
(3.63357105412142 -0.01192932530022926 0.0)
(2.5527810938821607 -0.00430056911736487 0.0)
(1.34444497022623 -0.0009044371905020654 0.0)
(0.01985267967381754 -5.7102180202080515e-05 0.0)
(-0.01988330570665139 -5.718454180071378e-05 0.0)
(1.2332175780336145 -0.0009056438985520446 0.0)
(2.4247448156859446 -0.004305696957300659 0.0)
(3.566067256914845 -0.011941840500744327 0.0)
(4.625032032582374 -0.024257978566329906 0.0)
(5.5634816987045275 -0.04054543472994465 0.0)
(6.380891019699921 -0.058949784179938645 0.0)
(7.121783211475678 -0.07673055502886734 0.0)
(7.797326959027811 -0.09246730572184068 0.0)
(8.38163951307707 -0.10631997094758543 0.0)
(8.874112690672252 -0.11830801315418205 0.0)
(9.277539586766245 -0.1282694495841305 0.0)
(9.59174410366507 -0.13609991953467923 0.0)
(9.8168276745887 -0.14173106183419762 0.0)
(9.952895581048745 -0.14512303333775337 0.0)
(10.000000000000005 -0.1462556778969445 0.0)
(9.958215530062388 -0.14512303333775364 0.0)
(9.827616769855751 -0.14173106183419837 0.0)
(9.608255896334947 -0.13609991953467881 0.0)
(9.30023819101154 -0.12826944958413192 0.0)
(8.903665087105537 -0.11830801315418363 0.0)
(8.41836048692295 -0.10631997094758806 0.0)
(7.847117485416636 -0.0924673057218445 0.0)
(7.18932789963543 -0.0767305550288704 0.0)
(6.419108980300084 -0.05894978417994066 0.0)
(5.547629412406535 -0.04054543472994679 0.0)
(4.619412411861987 -0.024257978566331426 0.0)
(3.6339327430851074 -0.011941840500745132 0.0)
(2.553032962091817 -0.0043056969573012985 0.0)
(1.3445601997441625 -0.0009056438985522313 0.0)
(0.019883305706638668 -5.718454180073064e-05 0.0)
(-0.019909567960760117 -5.7268977511898446e-05 0.0)
(1.2331170187104585 -0.0009068460723418098 0.0)
(2.424506259179105 -0.004310599238436256 0.0)
(3.5656609793475136 -0.011953248773853783 0.0)
(4.624805181314243 -0.024277915126964873 0.0)
(5.564320918125075 -0.04057638750816703 0.0)
(6.382467035070989 -0.0589928640348698 0.0)
(7.122253235098312 -0.0767798479254287 0.0)
(7.797118031172706 -0.0925152305798407 0.0)
(8.381640424327788 -0.1063649821870813 0.0)
(8.874124102038046 -0.11835023032409303 0.0)
(9.277543760234956 -0.12830888471796997 0.0)
(9.591746642233534 -0.1361369381288822 0.0)
(9.816829334846181 -0.14176622403238257 0.0)
(9.952896152967948 -0.14515703657796866 0.0)
(10.000000000000005 -0.14628928583869644 0.0)
(9.958214958143184 -0.14515703657796894 0.0)
(9.82761510959827 -0.14176622403238337 0.0)
(9.608253357766483 -0.1361369381288819 0.0)
(9.300234017542829 -0.1283088847179715 0.0)
(8.903653675739744 -0.11835023032409467 0.0)
(8.418359575672232 -0.106364982187084 0.0)
(7.847326413271741 -0.09251523057984462 0.0)
(7.188857876012793 -0.07677984792543187 0.0)
(6.417532964929013 -0.058992864034871896 0.0)
(5.546790192985987 -0.04057638750816922 0.0)
(4.61963926313012 -0.024277915126966428 0.0)
(3.63433902065244 -0.011953248773854609 0.0)
(2.553271518598657 -0.004310599238436907 0.0)
(1.3446607590673187 -0.0009068460723419991 0.0)
(0.019909567960747436 -5.7268977511915516e-05 0.0)
(-0.0199303125207564 -5.735177738493918e-05 0.0)
(1.23303554797477 -0.0009079908905541697 0.0)
(2.424291496111565 -0.004315060563506406 0.0)
(3.565227964269582 -0.011963048860907266 0.0)
(4.624407103292551 -0.02429415231766196 0.0)
(5.564901783182492 -0.0406013279909362 0.0)
(6.384020386263623 -0.05902892254303476 0.0)
(7.122917988269533 -0.0768229148020289 0.0)
(7.7969788392661 -0.09255792885090551 0.0)
(8.381652105805253 -0.1064053044568886 0.0)
(8.874149364011233 -0.11838822578540176 0.0)
(9.277555631317487 -0.12834451243249756 0.0)
(9.591754046069799 -0.1361704829378255 0.0)
(9.816833681174089 -0.1417981560945442 0.0)
(9.952897973134766 -0.14518795866527337 0.0)
(10.000000000000005 -0.14631986208558484 0.0)
(9.958213137976367 -0.1451879586652737 0.0)
(9.827610763270362 -0.14179815609454505 0.0)
(9.608245953930219 -0.1361704829378252 0.0)
(9.300222146460298 -0.12834451243249909 0.0)
(8.903628413766556 -0.11838822578540345 0.0)
(8.418347894194769 -0.10640530445689138 0.0)
(7.847465605178347 -0.0925579288509095 0.0)
(7.18819312284157 -0.07682291480203211 0.0)
(6.415979613736375 -0.05902892254303691 0.0)
(5.546209327928571 -0.04060132799093842 0.0)
(4.620037341151813 -0.02429415231766354 0.0)
(3.6347720357303723 -0.011963048860908109 0.0)
(2.5534862816661974 -0.004315060563507065 0.0)
(1.3447422298030072 -0.0009079908905543616 0.0)
(0.019930312520743745 -5.735177738495645e-05 0.0)
(-0.019944627908625095 -5.742930334489267e-05 0.0)
(1.2329767455016292 -0.0009090280519712592 0.0)
(2.4241099627796143 -0.004318884910049289 0.0)
(3.5647872375713963 -0.011970810164008402 0.0)
(4.623855289337308 -0.024305976705967035 0.0)
(5.565198771728817 -0.04061916033906662 0.0)
(6.3854828218681945 -0.05905637535955193 0.0)
(7.1237482629511275 -0.0768578633788987 0.0)
(7.796915499145724 -0.09259352445111886 0.0)
(8.381674044246717 -0.10643916607023952 0.0)
(8.874187366626929 -0.11842033008704905 0.0)
(9.27757467842019 -0.12837476731111586 0.0)
(9.59176598986284 -0.13619908006397255 0.0)
(9.816840522602728 -0.14182545498428914 0.0)
(9.952900961574393 -0.14521444093972177 0.0)
(10.000000000000005 -0.14634606317325904 0.0)
(9.958210149536738 -0.1452144409397221 0.0)
(9.827603921841723 -0.14182545498429 0.0)
(9.608234010137178 -0.13619908006397224 0.0)
(9.300203099357596 -0.12837476731111744 0.0)
(8.90359041115086 -0.11842033008705077 0.0)
(8.418325955753303 -0.10643916607024233 0.0)
(7.847528945298723 -0.09259352445112287 0.0)
(7.187362848159973 -0.07685786337890198 0.0)
(6.414517178131801 -0.05905637535955412 0.0)
(5.545912339382245 -0.04061916033906886 0.0)
(4.620589155107059 -0.024305976705968624 0.0)
(3.6352127624285595 -0.011970810164009256 0.0)
(2.553667814998148 -0.004318884910049954 0.0)
(1.3448010322761481 -0.0009090280519714531 0.0)
(0.019944627908612456 -5.742930334491009e-05 0.0)
(-0.01995188513241253 -5.7498149042908275e-05 0.0)
(1.2329431949641292 -0.0009099119856178443 0.0)
(2.4239696354257534 -0.0043219042432742555 0.0)
(3.564358163977787 -0.011976191665697827 0.0)
(4.6231739851441915 -0.024312868749890082 0.0)
(5.5651988346306505 -0.040629101031804796 0.0)
(6.386790085139689 -0.05907401625788706 0.0)
(7.124707578392531 -0.07688315807950712 0.0)
(7.796930793860589 -0.09262045337492762 0.0)
(8.381705275717197 -0.10646507920979147 0.0)
(8.874236440119722 -0.11844513262475367 0.0)
(9.277600064648217 -0.12839832000980816 0.0)
(9.591781948824243 -0.13622147300191742 0.0)
(9.81684955853224 -0.14184692123834394 0.0)
(9.952904986980265 -0.1452353198186225 0.0)
(10.000000000000005 -0.14636673787386023 0.0)
(9.958206124130868 -0.14523531981862284 0.0)
(9.82759488591221 -0.1418469212383448 0.0)
(9.608218051175774 -0.13622147300191717 0.0)
(9.300177713129568 -0.12839832000980975 0.0)
(8.903541337658067 -0.11844513262475542 0.0)
(8.418294724282823 -0.1064650792097943 0.0)
(7.847513650583857 -0.09262045337493166 0.0)
(7.1864035327185665 -0.07688315807951042 0.0)
(6.413209914860304 -0.05907401625788925 0.0)
(5.545912276480413 -0.040629101031807016 0.0)
(4.621270459300177 -0.024312868749891664 0.0)
(3.63564183602217 -0.011976191665698684 0.0)
(2.5538081423520094 -0.004321904243274924 0.0)
(1.344834582813648 -0.0009099119856180397 0.0)
(0.01995188513239987 -5.7498149042925846e-05 0.0)
(-0.01995176532298219 -5.755528952496486e-05 0.0)
(1.232936370511509 -0.0009106038530666053 0.0)
(2.423876679777189 -0.004323985899203113 0.0)
(3.5639595961974897 -0.011978956912636486 0.0)
(4.622393125973038 -0.02431452562562976 0.0)
(5.564901969124201 -0.040630713293297774 0.0)
(6.387884737321526 -0.0590810701292404 0.0)
(7.125753784028267 -0.07689768750098473 0.0)
(7.797024051388908 -0.09263753241468474 0.0)
(8.381744427963017 -0.10648190529959929 0.0)
(8.874294428290119 -0.11846154362038386 0.0)
(9.277630674577152 -0.12841413566608245 0.0)
(9.591801221746442 -0.13623667784693358 0.0)
(9.816860391940414 -0.14186161166877678 0.0)
(9.95290987248341 -0.1452496779222335 0.0)
(10.000000000000005 -0.14638097777886722 0.0)
(9.958201238627723 -0.14524967792223384 0.0)
(9.827584052504037 -0.14186161166877764 0.0)
(9.608198778253575 -0.13623667784693333 0.0)
(9.300147103200633 -0.12841413566608403 0.0)
(8.90348334948767 -0.1184615436203856 0.0)
(8.418255572037003 -0.10648190529960212 0.0)
(7.847420393055539 -0.0926375324146888 0.0)
(7.185357327082828 -0.07689768750098801 0.0)
(6.412115262678465 -0.05908107012924257 0.0)
(5.546209141986865 -0.04063071329329998 0.0)
(4.622051318471334 -0.02431452562563132 0.0)
(3.636040403802468 -0.01197895691263734 0.0)
(2.5539010980005736 -0.004323985899203783 0.0)
(1.344841407266268 -0.0009106038530668013 0.0)
(0.0199517653229695 -5.7555289524982514e-05 0.0)
(-0.019944273744541264 -5.7598214142816394e-05 0.0)
(1.232956571997732 -0.0009110732549275789 0.0)
(2.4238351801350615 -0.004325038413682632 0.0)
(3.563609046569612 -0.011978984404932776 0.0)
(4.6215470213472845 -0.024310874533097236 0.0)
(5.564321218936722 -0.04062392628372513 0.0)
(6.388718681399447 -0.059077227039409395 0.0)
(7.126840911496679 -0.07690081324713265 0.0)
(7.7971911741654925 -0.09264401114862851 0.0)
(8.381789780706123 -0.10648890503205931 0.0)
(8.874358783243997 -0.1184688420048147 0.0)
(9.277665163262716 -0.12842151936893587 0.0)
(9.591822961812493 -0.1362440265259475 0.0)
(9.816872546827112 -0.1418688808049499 0.0)
(9.952915403423757 -0.14525688438174952 0.0)
(10.000000000000005 -0.14638815721290527 0.0)
(9.958195707687375 -0.14525688438174986 0.0)
(9.82757189761734 -0.1418688808049507 0.0)
(9.608177038187526 -0.1362440265259472 0.0)
(9.300112614515069 -0.1284215193689374 0.0)
(8.90341899453379 -0.11846884200481642 0.0)
(8.418210219293897 -0.10648890503206211 0.0)
(7.847253270278953 -0.09264401114863255 0.0)
(7.184270199614414 -0.0769008132471359 0.0)
(6.411281318600543 -0.059077227039411505 0.0)
(5.546789892174347 -0.04062392628372728 0.0)
(4.622897423097089 -0.02431087453309877 0.0)
(3.636390953430346 -0.011978984404933616 0.0)
(2.5539425976427013 -0.004325038413683299 0.0)
(1.344821205780045 -0.0009110732549277752 0.0)
(0.01994427374452852 -5.7598214142834114e-05 0.0)
(-0.019929739563340983 -5.762503686728287e-05 0.0)
(1.233002911806451 -0.0009112995665417408 0.0)
(2.4238469599177246 -0.004325015541152101 0.0)
(3.5633219176034903 -0.011976272934625488 0.0)
(4.620672847556284 -0.0243020758946189 0.0)
(5.563482101168997 -0.04060903821187099 0.0)
(6.389255275396326 -0.05906265584673049 0.0)
(7.127921194405649 -0.07689239797838353 0.0)
(7.797424819121284 -0.09263960491304195 0.0)
(8.381839341229952 -0.10648577085173284 0.0)
(8.874426677342418 -0.11846670710038626 0.0)
(9.277702015335162 -0.12842014669197316 0.0)
(9.591846213803665 -0.13624319615144728 0.0)
(9.816885489128849 -0.14186840925431823 0.0)
(9.952921336781907 -0.14525662255852326 0.0)
(10.000000000000005 -0.14638796072477706 0.0)
(9.958189774329226 -0.1452566225585236 0.0)
(9.827558955315602 -0.1418684092543191 0.0)
(9.608153786196352 -0.13624319615144698 0.0)
(9.300075762442622 -0.12842014669197468 0.0)
(8.903351100435371 -0.11846670710038795 0.0)
(8.418160658770068 -0.10648577085173562 0.0)
(7.847019625323161 -0.09263960491304593 0.0)
(7.183189916705441 -0.07689239797838669 0.0)
(6.410744724603664 -0.0590626558467325 0.0)
(5.547629009942074 -0.040609038211873075 0.0)
(4.623771596888092 -0.02430207589462039 0.0)
(3.636678082396468 -0.01197627293462631 0.0)
(2.5539308178600377 -0.004325015541152765 0.0)
(1.344774865971326 -0.0009112995665419366 0.0)
(0.01992973956332817 -5.762503686730058e-05 0.0)
(-0.01990880138471376 -5.7634579156922e-05 0.0)
(1.2330733538512468 -0.0009112728441907898 0.0)
(2.4239115015430786 -0.00432391828658867 0.0)
(3.563110825220608 -0.011970941638759433 0.0)
(4.6198090141971555 -0.024288516306272843 0.0)
(5.562421485120621 -0.040586703232375676 0.0)
(6.38947094235361 -0.059037996782752726 0.0)
(7.128947167100479 -0.07687281144625087 0.0)
(7.797714720324366 -0.09262450730985576 0.0)
(8.381890931935756 -0.10647264046876966 0.0)
(8.874495127442906 -0.1184552327108935 0.0)
(9.277739611581845 -0.12841007794810883 0.0)
(9.591869956070006 -0.1362342232085694 0.0)
(9.816898650184566 -0.141860217735954 0.0)
(9.952927411856956 -0.14524890395658832 0.0)
(10.000000000000005 -0.14638039694781152 0.0)
(9.958183699254176 -0.1452489039565886 0.0)
(9.827545794259885 -0.1418602177359548 0.0)
(9.608130043930013 -0.13623422320856904 0.0)
(9.30003816619594 -0.1284100779481103 0.0)
(8.903282650334884 -0.11845523271089514 0.0)
(8.418109068064265 -0.10647264046877235 0.0)
(7.846729724120078 -0.09262450730985966 0.0)
(7.182163944010608 -0.07687281144625398 0.0)
(6.410529057646381 -0.05903799678275464 0.0)
(5.5486896259904555 -0.040586703232377674 0.0)
(4.624635430247222 -0.02428851630627428 0.0)
(3.636889174779351 -0.011970941638760231 0.0)
(2.5538662762346833 -0.0043239182865893264 0.0)
(1.3447044239265298 -0.0009112728441909846 0.0)
(0.019908801384700872 -5.763457915693968e-05 0.0)
(-0.019882379193923164 -5.7626421740984184e-05 0.0)
(1.2331648030375415 -0.0009109942620059398 0.0)
(2.424025969170181 -0.0043217948613504835 0.0)
(3.5629850444340865 -0.011963224764721635 0.0)
(4.618993476527361 -0.024270791551564426 0.0)
(5.561185972320414 -0.040557902703377516 0.0)
(6.389356206259747 -0.059004333321634815 0.0)
(7.129873750217922 -0.0768429142471241 0.0)
(7.798048140046235 -0.09259938170013364 0.0)
(8.381942286022305 -0.10645009080817579 0.0)
(8.874561125973269 -0.1184349230000189 0.0)
(9.277776300092466 -0.12839175553952803 0.0)
(9.591893145419766 -0.1362175019520083 0.0)
(9.81691145172155 -0.14184466617018812 0.0)
(9.952933361721223 -0.14523406771719286 0.0)
(10.000000000000005 -0.14636579822053103 0.0)
(9.95817774938991 -0.14523406771719313 0.0)
(9.827532992722901 -0.14184466617018893 0.0)
(9.608106854580251 -0.13621750195200794 0.0)
(9.300001477685319 -0.12839175553952945 0.0)
(8.90321665180452 -0.11843492300002048 0.0)
(8.418057713977715 -0.1064500908081784 0.0)
(7.846396304398208 -0.09259938170013746 0.0)
(7.181237360893164 -0.07684291424712707 0.0)
(6.410643793740245 -0.05900433332163662 0.0)
(5.549925138790666 -0.0405579027033794 0.0)
(4.625450967917018 -0.0242707915515658 0.0)
(3.6370149555658724 -0.011963224764722401 0.0)
(2.5537518086075806 -0.00432179486135113 0.0)
(1.3446129747402347 -0.0009109942620061328 0.0)
(0.019882379193910185 -5.762642174100177e-05 0.0)
(-0.019851633933694494 -5.7600923041402146e-05 0.0)
(1.2332732412553908 -0.0009104760603787412 0.0)
(2.424185333300909 -0.0043187385648578115 0.0)
(3.562950101821576 -0.011953461377839689 0.0)
(4.618262067780129 -0.024249680423789007 0.0)
(5.559829848940511 -0.0405239020674316 0.0)
(6.388916108408799 -0.05896314457427273 0.0)
(7.130660231390934 -0.0768040200092374 0.0)
(7.798410428434285 -0.09256533205720079 0.0)
(8.381991147084985 -0.10641911266078426 0.0)
(8.874621773078827 -0.11840667033930272 0.0)
(9.277810468840988 -0.1283659845193439 0.0)
(9.591914762955343 -0.13619376708318667 0.0)
(9.816923331263688 -0.14182243786436952 0.0)
(9.952938924948555 -0.14521276571755384 0.0)
(10.000000000000005 -0.14634480598430455 0.0)
(9.958172186162578 -0.14521276571755412 0.0)
(9.827521113180763 -0.14182243786437027 0.0)
(9.608085237044675 -0.13619376708318626 0.0)
(9.299967308936797 -0.12836598451934525 0.0)
(8.903156004698962 -0.11840667033930422 0.0)
(8.418008852915035 -0.10641911266078678 0.0)
(7.846034016010158 -0.09256533205720449 0.0)
(7.1804508797201505 -0.07680402000924026 0.0)
(6.411083891591196 -0.05896314457427441 0.0)
(5.551281262170572 -0.04052390206743339 0.0)
(4.626182376664253 -0.024249680423790318 0.0)
(3.637049898178382 -0.011953461377840428 0.0)
(2.553592444476852 -0.004318738564858447 0.0)
(1.3445045365223849 -0.000910476060378932 0.0)
(0.019851633933681417 -5.7600923041419595e-05 0.0)
(-0.01981791649451534 -5.7559203424386964e-05 0.0)
(1.2333939039278847 -0.0009097410081406701 0.0)
(2.424382591766908 -0.004314883685187205 0.0)
(3.563007532697545 -0.011942080463471581 0.0)
(4.617646924717736 -0.024226110507279325 0.0)
(5.558412700561268 -0.04048619525027901 0.0)
(6.388169985895201 -0.058916240298872845 0.0)
(7.131272054075598 -0.07675783767424856 0.0)
(7.7987856671995335 -0.09252385446007559 0.0)
(8.38203536825809 -0.10638106714971855 0.0)
(8.87467440403671 -0.11837171609897004 0.0)
(9.27784061651511 -0.1283338972190366 0.0)
(9.59193385884177 -0.1361640614688188 0.0)
(9.81693376684563 -0.14179450948959035 0.0)
(9.95294385710092 -0.14518593392856452 0.0)
(10.000000000000005 -0.14631834259958776 0.0)
(9.958167254010213 -0.14518593392856474 0.0)
(9.827510677598822 -0.1417945094895911 0.0)
(9.608066141158247 -0.13616406146881832 0.0)
(9.299937161262674 -0.1283338972190379 0.0)
(8.903103373741077 -0.11837171609897146 0.0)
(8.417964631741928 -0.106381067149721 0.0)
(7.845658777244908 -0.09252385446007919 0.0)
(7.179839057035486 -0.07675783767425128 0.0)
(6.411830014104798 -0.0589162402988744 0.0)
(5.5526984105498185 -0.04048619525028069 0.0)
(4.626797519726646 -0.024226110507280567 0.0)
(3.636992467302413 -0.011942080463472282 0.0)
(2.5533951860108526 -0.004314883685187829 0.0)
(1.3443838738498908 -0.0009097410081408584 0.0)
(0.019817916494502166 -5.755920342440426e-05 0.0)
(-0.019782708358978916 -5.750309597358641e-05 0.0)
(1.2335214893579398 -0.0009088214021423272 0.0)
(2.424609077392055 -0.004310399598699087 0.0)
(3.5631548136543696 -0.011929582078173847 0.0)
(4.617175075600972 -0.024201117421046872 0.0)
(5.55699679408987 -0.04044643902048273 0.0)
(6.387150621977205 -0.05886568138348732 0.0)
(7.131682335902449 -0.07670639640946879 0.0)
(7.799157369037116 -0.09247677135849465 0.0)
(8.382073006544179 -0.10633762592513264 0.0)
(8.874716706338917 -0.11833159610439412 0.0)
(9.277865418481186 -0.12829690349587952 0.0)
(9.591949594040733 -0.13612969031925512 0.0)
(9.816942299946996 -0.14176210816754495 0.0)
(9.952947941468569 -0.14515475128994568 0.0)
(10.000000000000005 -0.14628757081909172 0.0)
(9.958163169642564 -0.1451547512899459 0.0)
(9.827502144497455 -0.14176210816754564 0.0)
(9.608050405959284 -0.1361296903192546 0.0)
(9.299912359296599 -0.12829690349588077 0.0)
(8.903061071438872 -0.11833159610439545 0.0)
(8.417926993455842 -0.10633762592513497 0.0)
(7.845287075407326 -0.09247677135849813 0.0)
(7.179428775208635 -0.07670639640947137 0.0)
(6.4128493780227975 -0.05886568138348874 0.0)
(5.55411431702122 -0.04044643902048431 0.0)
(4.62726936884341 -0.024201117421048045 0.0)
(3.6368451863455875 -0.011929582078174517 0.0)
(2.5531687003857044 -0.004310399598699699 0.0)
(1.3442562884198355 -0.0009088214021425126 0.0)
(0.019782708358965652 -5.7503095973603523e-05 0.0)
(-0.019747556508149234 -5.743506594774299e-05 0.0)
(1.2336503916751702 -0.0009077576481889083 0.0)
(2.4248548388123257 -0.004305483327950344 0.0)
(3.5633854734362505 -0.011916515378131324 0.0)
(4.616867252616805 -0.024175799315577146 0.0)
(5.5556443418663415 -0.04040638019404806 0.0)
(6.385902805640496 -0.058813689294363265 0.0)
(7.131873049838604 -0.07665195644996335 0.0)
(7.799509202048297 -0.0924261514978053 0.0)
(8.38210240818581 -0.10629069771496129 0.0)
(8.874746821299677 -0.11828807315473916 0.0)
(9.277883784986201 -0.12825662878639016 0.0)
(9.591961277176376 -0.1360921638399272 0.0)
(9.816948555638923 -0.14172665755304734 0.0)
(9.952950998591856 -0.14512058790979118 0.0)
(10.000000000000005 -0.14625384269855596 0.0)
(9.958160112519277 -0.1451205879097914 0.0)
(9.827495888805528 -0.14172665755304803 0.0)
(9.608038722823641 -0.13609216383992667 0.0)
(9.299893992791583 -0.12825662878639135 0.0)
(8.903030956478112 -0.11828807315474041 0.0)
(8.417897591814208 -0.10629069771496351 0.0)
(7.844935242396143 -0.09242615149780867 0.0)
(7.179238061272479 -0.0766519564499658 0.0)
(6.41409719435951 -0.05881368929436454 0.0)
(5.555466769244752 -0.04040638019404953 0.0)
(4.627577191827577 -0.02417579931557825 0.0)
(3.6366145265637058 -0.011916515378131959 0.0)
(2.5529229389654335 -0.004305483327950941 0.0)
(1.3441273861026046 -0.0009077576481890906 0.0)
(0.01974755650813588 -5.7435065947759896e-05 0.0)
(-0.019714005450043256 -5.735810246173483e-05 0.0)
(1.2337749471475772 -0.0009065964856830434 0.0)
(2.42510907772052 -0.004300350884883608 0.0)
(3.5636893772743514 -0.011903454490239027 0.0)
(4.616736980944012 -0.024151268622106314 0.0)
(5.554414768167143 -0.04036777888252299 0.0)
(6.384481363652094 -0.058762548468779936 0.0)
(7.131835816262611 -0.07659690978795784 0.0)
(7.799825707334227 -0.09237421902207983 0.0)
(8.382122281328646 -0.10624234445890675 0.0)
(8.874763425722708 -0.11824305956879003 0.0)
(9.277894909039524 -0.12821484268762295 0.0)
(9.591968394913094 -0.13605313087568402 0.0)
(9.816952259057755 -0.14168971528124355 0.0)
(9.95295289414638 -0.14508494486452492 0.0)
(10.000000000000005 -0.14621864018989306 0.0)
(9.958158216964753 -0.14508494486452514 0.0)
(9.827492185386696 -0.1416897152812442 0.0)
(9.608031605086925 -0.13605313087568338 0.0)
(9.29988286873826 -0.12821484268762404 0.0)
(8.90301435205508 -0.11824305956879119 0.0)
(8.417877718671374 -0.10624234445890886 0.0)
(7.8446187371102125 -0.09237421902208307 0.0)
(7.179275294848474 -0.07659690978796017 0.0)
(6.415518636347916 -0.0587625484687811 0.0)
(5.556696342943953 -0.040367778882524366 0.0)
(4.62770746350037 -0.024151268622107362 0.0)
(3.636310622725604 -0.011903454490239631 0.0)
(2.552668700057238 -0.004300350884884193 0.0)
(1.3440028306301974 -0.0009065964856832228 0.0)
(0.019714005450029826 -5.735810246175152e-05 0.0)
(-0.01968352935677423 -5.727558715033643e-05 0.0)
(1.2338896830355708 -0.0009053889339809538 0.0)
(2.4253606233241305 -0.004295227779657697 0.0)
(3.5640531721900026 -0.011890973286016723 0.0)
(4.616789984481571 -0.024128603174427853 0.0)
(5.553362098211175 -0.04033233115691681 0.0)
(6.382948751572515 -0.05871450594105399 0.0)
(7.13157227114968 -0.07654367507307579 0.0)
(7.800092978231671 -0.09232325574929383 0.0)
(8.382131752783144 -0.10619469071058023 0.0)
(8.874765790040039 -0.11819853316116327 0.0)
(9.277898301870604 -0.12817338120431215 0.0)
(9.591970634510554 -0.13601430646356552 0.0)
(9.816953247482042 -0.14165290452797266 0.0)
(9.952953544844942 -0.1450493882443488 0.0)
(10.000000000000005 -0.14618351002693247 0.0)
(9.958157566266191 -0.14504938824434896 0.0)
(9.82749119696241 -0.1416529045279733 0.0)
(9.608029365489463 -0.13601430646356488 0.0)
(9.299879475907181 -0.12817338120431324 0.0)
(8.90301198773775 -0.11819853316116438 0.0)
(8.417868247216877 -0.10619469071058225 0.0)
(7.844351466212768 -0.09232325574929695 0.0)
(7.179538839961406 -0.07654367507307798 0.0)
(6.4170512484275 -0.05871450594105505 0.0)
(5.557749012899922 -0.04033233115691813 0.0)
(4.627654459962811 -0.02412860317442886 0.0)
(3.6359468278099514 -0.011890973286017296 0.0)
(2.5524171544536274 -0.004295227779658269 0.0)
(1.3438880947422034 -0.0009053889339811301 0.0)
(0.019683529356760744 -5.727558715035289e-05 0.0)
)
