(
(0.014197301340243818 -7.252559793443237e-05 0.0)
(1.3514943119600902 -0.0009800791998032334 0.0)
(2.6295230336681135 -0.003734497373183986 0.0)
(3.8196321156509327 -0.008051219510614454 0.0)
(4.8969372253341295 -0.012785702818542041 0.0)
(5.848317785148283 -0.01784526060207637 0.0)
(6.658817796791481 -0.02423625850695136 0.0)
(7.354461628550146 -0.03175154314165382 0.0)
(7.981817176531214 -0.038875954199270354 0.0)
(8.53223187858304 -0.04504711604248209 0.0)
(8.994646248544406 -0.05034884218834968 0.0)
(9.370773223130914 -0.054750458445842594 0.0)
(9.659798089102527 -0.05820870872687019 0.0)
(9.861340682178557 -0.06069479902336251 0.0)
(9.974881120018376 -0.06219243281828607 0.0)
(9.999999999999998 -0.06269232206865008 0.0)
(9.936229991092757 -0.062192432818284515 0.0)
(9.783103762265876 -0.060694799023359586 0.0)
(9.540201910897485 -0.05820870872686599 0.0)
(9.207004554646879 -0.05475045844583755 0.0)
(8.783131529233373 -0.05034884218834428 0.0)
(8.267768121416985 -0.04504711604247546 0.0)
(7.662627267913238 -0.03887595419926341 0.0)
(6.9566494825609455 -0.03175154314164773 0.0)
(6.141182203208497 -0.02423625850694511 0.0)
(5.262793325962798 -0.017845260602070024 0.0)
(4.34750721911027 -0.012785702818538533 0.0)
(3.380367884349054 -0.008051219510613336 0.0)
(2.3482547441096524 -0.003734497373183939 0.0)
(1.2262834658176724 -0.0009800791998031302 0.0)
(-0.014197301340251333 -7.25255979344217e-05 0.0)
(0.014193795017049381 -7.260360292234258e-05 0.0)
(1.3514724373166915 -0.00098104865696663 0.0)
(2.629382089239932 -0.0037375926237032675 0.0)
(3.8191133700273734 -0.008056010808603428 0.0)
(4.895999913321312 -0.01279039212745881 0.0)
(5.84808989772955 -0.017851427252143767 0.0)
(6.6603063891470695 -0.024250420903103066 0.0)
(7.355740505108682 -0.03177523983442203 0.0)
(7.98189635852376 -0.03890241864981035 0.0)
(8.532277423052657 -0.045072882640219226 0.0)
(8.994715100808206 -0.050373739434137414 0.0)
(9.370809311020986 -0.05477427891922467 0.0)
(9.659820798734698 -0.058231485212268286 0.0)
(9.86135347976407 -0.06071672109449922 0.0)
(9.974886866758807 -0.06221380851058145 0.0)
(9.999999999999998 -0.06271350577738666 0.0)
(9.936224244352326 -0.06221380851057989 0.0)
(9.783090964680364 -0.0607167210944963 0.0)
(9.540179201265314 -0.0582314852122641 0.0)
(9.206968466756807 -0.05477427891921963 0.0)
(8.783062676969575 -0.05037373943413203 0.0)
(8.26772257694737 -0.04507288264021261 0.0)
(7.662548085920692 -0.03890241864980341 0.0)
(6.955370606002406 -0.031775239834415936 0.0)
(6.139693610852905 -0.02425042090309679 0.0)
(5.263021213381533 -0.017851427252137394 0.0)
(4.34844453112309 -0.012790392127455289 0.0)
(3.380886629972615 -0.008056010808602307 0.0)
(2.3483956885378343 -0.003737592623703223 0.0)
(1.2263053404610709 -0.0009810486569665283 0.0)
(-0.014193795017056927 -7.260360292233205e-05 0.0)
(0.01419960608369535 -7.266488994609198e-05 0.0)
(1.3514845632869967 -0.0009817520850269467 0.0)
(2.6293041382167854 -0.003739432827415036 0.0)
(3.818646615878278 -0.008057402992081212 0.0)
(4.89496314732164 -0.012788410518791453 0.0)
(5.847496833457201 -0.017847015921138687 0.0)
(6.661489405039227 -0.024250967849284023 0.0)
(7.357093881678151 -0.031784843665516024 0.0)
(7.982070906436075 -0.03891586090093345 0.0)
(8.532331655268278 -0.04508659946945633 0.0)
(8.994793261285063 -0.05038747973981584 0.0)
(9.370850966865099 -0.05478778954451536 0.0)
(9.659847045659358 -0.05824466609301017 0.0)
(9.861368183148587 -0.06072958584701275 0.0)
(9.97489353549091 -0.06222646036739811 0.0)
(9.999999999999998 -0.06272607827965795 0.0)
(9.936217575620223 -0.062226460367396555 0.0)
(9.783076261295847 -0.060729585847009826 0.0)
(9.540152954340654 -0.058244666093005985 0.0)
(9.206926810912693 -0.054787789544510315 0.0)
(8.782984516492718 -0.05038747973981043 0.0)
(8.267668344731748 -0.0450865994694497 0.0)
(7.662373538008375 -0.03891586090092649 0.0)
(6.954017229432933 -0.031784843665509904 0.0)
(6.138510594960747 -0.02425096784927769 0.0)
(5.263614277653885 -0.017847015921132265 0.0)
(4.3494812971227645 -0.012788410518787893 0.0)
(3.381353384121711 -0.008057402992080085 0.0)
(2.348473639560981 -0.0037394328274149903 0.0)
(1.2262932144907654 -0.0009817520850268454 0.0)
(-0.01419960608370295 -7.26648899460815e-05 0.0)
(0.014214479212544349 -7.270676616597844e-05 0.0)
(1.3515301570780542 -0.0009821585766420981 0.0)
(2.629292605624024 -0.0037399371291347537 0.0)
(3.818252361527055 -0.008055334891052727 0.0)
(4.89387248093643 -0.012779845060799553 0.0)
(5.846564650490382 -0.017832220434875208 0.0)
(6.6623148649139186 -0.024237875313679644 0.0)
(7.358462293368023 -0.03177993266016725 0.0)
(7.982333150952219 -0.0389156903247172 0.0)
(8.532392192365567 -0.04508766383781098 0.0)
(8.994877295746614 -0.05038945938149061 0.0)
(9.370896360381673 -0.05479039668955638 0.0)
(9.659875676634657 -0.05824767222530976 0.0)
(9.861384146292291 -0.06073282802721303 0.0)
(9.9749008332028 -0.062229832489293466 0.0)
(9.999999999999998 -0.06272948716271495 0.0)
(9.936210277908332 -0.06222983248929191 0.0)
(9.783060298152142 -0.0607328280272101 0.0)
(9.540124323365355 -0.058247672225305545 0.0)
(9.20688141739612 -0.05479039668955131 0.0)
(8.782900482031165 -0.050389459381485154 0.0)
(8.26760780763446 -0.04508766383780429 0.0)
(7.66211129349223 -0.038915690324710185 0.0)
(6.952648817743059 -0.03177993266016106 0.0)
(6.1376851350860555 -0.02423787531367323 0.0)
(5.264546460620708 -0.017832220434868703 0.0)
(4.350571963507977 -0.012779845060795944 0.0)
(3.381747638472935 -0.008055334891051579 0.0)
(2.348485172153742 -0.003739937129134704 0.0)
(1.2262476206997077 -0.0009821585766419966 0.0)
(-0.014214479212552027 -7.2706766165968e-05 0.0)
(0.01423776090552437 -7.272739161751053e-05 0.0)
(1.3516072153820966 -0.0009822502713141702 0.0)
(2.629347998182675 -0.0037390833707674504 0.0)
(3.8179479297886294 -0.008049897374093678 0.0)
(4.892775836051331 -0.012765072104037213 0.0)
(5.8453343072432755 -0.01780769087995216 0.0)
(6.662746499574386 -0.024211718558352274 0.0)
(7.359785614672082 -0.03176072259896631 0.0)
(7.982671569527916 -0.038901914415968505 0.0)
(8.532456374455217 -0.04507602897888486 0.0)
(8.994963511872358 -0.05037959137732818 0.0)
(9.370943497062632 -0.05478198580116426 0.0)
(9.659905433667916 -0.058240371525213386 0.0)
(9.861400667803853 -0.06072630517963349 0.0)
(9.974908439246366 -0.06222377671140056 0.0)
(9.999999999999998 -0.06272358264647249 0.0)
(9.936202671864766 -0.06222377671139899 0.0)
(9.78304377664058 -0.06072630517963053 0.0)
(9.540094566332096 -0.05824037152520913 0.0)
(9.20683428071516 -0.054781985801159144 0.0)
(8.782814265905422 -0.05037959137732268 0.0)
(8.26754362554481 -0.045076028978878115 0.0)
(7.661772874916532 -0.03890191441596141 0.0)
(6.951325496438996 -0.03176072259896001 0.0)
(6.137253500425588 -0.02421171855834574 0.0)
(5.265776803867819 -0.01780769087994555 0.0)
(4.351668608393079 -0.012765072104033546 0.0)
(3.3820520702113606 -0.008049897374092502 0.0)
(2.3484297795950906 -0.0037390833707673927 0.0)
(1.2261705623956651 -0.0009822502713140676 0.0)
(-0.014237760905532144 -7.272739161750008e-05 0.0)
(0.014268428207638524 -7.272586005608117e-05 0.0)
(1.3517123523982182 -0.0009820231401470225 0.0)
(2.6294678820450494 -0.0037369090648938785 0.0)
(3.817746696836646 -0.008041329355751586 0.0)
(4.891721397236338 -0.012744740745198218 0.0)
(5.843859862747309 -0.017774505040137313 0.0)
(6.662765343783302 -0.024173646863278567 0.0)
(7.361005701273177 -0.03172805753685855 0.0)
(7.983071292670069 -0.038875138462915446 0.0)
(8.532521381493625 -0.045052206107093824 0.0)
(8.995048121483455 -0.050358309309378464 0.0)
(9.370990305808451 -0.05476292643838767 0.0)
(9.659935009289535 -0.05822308477212701 0.0)
(9.861417021758278 -0.06071030390626354 0.0)
(9.974916019425969 -0.06220855911352126 0.0)
(9.999999999999998 -0.06270862416457226 0.0)
(9.936195091685164 -0.062208559113519676 0.0)
(9.783027422686155 -0.060710303906260546 0.0)
(9.540064990710476 -0.058223084772122714 0.0)
(9.206787471969342 -0.054762926438382487 0.0)
(8.782729656294324 -0.050358309309372885 0.0)
(8.2674786185064 -0.04505220610708698 0.0)
(7.661373151774378 -0.038875138462908236 0.0)
(6.950105409837899 -0.03172805753685212 0.0)
(6.137234656216674 -0.024173646863271895 0.0)
(5.26725124836379 -0.017774505040130586 0.0)
(4.352723047208075 -0.012744740745194475 0.0)
(3.382253303163344 -0.008041329355750375 0.0)
(2.3483098957327155 -0.0037369090648938113 0.0)
(1.226065425379543 -0.0009820231401469182 0.0)
(-0.01426842820764641 -7.272586005607061e-05 0.0)
(0.014305133653736167 -7.27022387756976e-05 0.0)
(1.3518409485982734 -0.000981487162868615 0.0)
(2.6296469897335557 -0.0037335097465363435 0.0)
(3.8176575044788685 -0.008030007299077659 0.0)
(4.89075549460394 -0.012719744306994777 0.0)
(5.842206101396217 -0.01773412104052035 0.0)
(6.6623705695606015 -0.02412533302908986 0.0)
(7.362068944798141 -0.03168337271691393 0.0)
(7.983514757275084 -0.03883653895194995 0.0)
(8.532584357190455 -0.04501724195584165 0.0)
(8.995127406988384 -0.05032654827277271 0.0)
(9.371034729928471 -0.054734056034758886 0.0)
(9.659963104000807 -0.058196571514356046 0.0)
(9.861432489592728 -0.06068552727378156 0.0)
(9.974923240682383 -0.06218484832906658 0.0)
(9.999999999999998 -0.06268526896534321 0.0)
(9.93618787042875 -0.06218484832906497 0.0)
(9.783011954851705 -0.060685527273778544 0.0)
(9.540036895999204 -0.0581965715143517 0.0)
(9.206743047849322 -0.054734056034753634 0.0)
(8.782650370789396 -0.05032654827276705 0.0)
(8.267415642809572 -0.045017241955834696 0.0)
(7.660929687169363 -0.03883653895194263 0.0)
(6.949042166312934 -0.031683372716907354 0.0)
(6.137629430439378 -0.02412533302908303 0.0)
(5.268905009714888 -0.017734121040513497 0.0)
(4.353688949840474 -0.01271974430699095 0.0)
(3.382342495521121 -0.00803000729907641 0.0)
(2.3481307880442084 -0.0037335097465362624 0.0)
(1.2259368291794874 -0.000981487162868508 0.0)
(-0.014305133653744168 -7.270223877568691e-05 0.0)
(0.014346264473666475 -7.265756565220599e-05 0.0)
(1.3519873537004923 -0.000980665889340018 0.0)
(2.6298774515840293 -0.003729034775524597 0.0)
(3.817684271664326 -0.008016428674529034 0.0)
(4.889920568148738 -0.012691181087191859 0.0)
(5.840445686438293 -0.017688313280164 0.0)
(6.66157952256341 -0.024068899877272745 0.0)
(7.362928628271636 -0.031628631508372265 0.0)
(7.983982478319513 -0.03878781187496806 0.0)
(8.532642534508794 -0.044972672785969246 0.0)
(8.995197884727105 -0.050285703789354215 0.0)
(9.37107481750813 -0.054696643102996455 0.0)
(9.659988483371515 -0.0581619966959423 0.0)
(9.861446391678857 -0.06065306392209124 0.0)
(9.974929785726813 -0.062153686166527805 0.0)
(9.999999999999998 -0.0626545432335123 0.0)
(9.93618132538432 -0.06215368616652618 0.0)
(9.782998052765576 -0.06065306392208818 0.0)
(9.540011516628496 -0.058161996695937905 0.0)
(9.206702960269663 -0.05469664310299113 0.0)
(8.782579893050674 -0.050285703789348456 0.0)
(8.267357465491232 -0.04497267278596218 0.0)
(7.660461966124933 -0.03878781187496059 0.0)
(6.948182482839437 -0.031628631508365534 0.0)
(6.138420477436572 -0.024068899877265747 0.0)
(5.270665424672816 -0.01768831328015701 0.0)
(4.354523876295678 -0.012691181087187945 0.0)
(3.382315728335663 -0.00801642867452774 0.0)
(2.3479003261937343 -0.003729034775524501 0.0)
(1.2257904240772683 -0.000980665889339908 0.0)
(-0.014346264473674597 -7.265756565219513e-05 0.0)
(0.014390013454448423 -7.25938035409254e-05 0.0)
(1.3521451349325233 -0.0009795954048176007 0.0)
(2.630149141524378 -0.003723680773898167 0.0)
(3.8178258222918577 -0.00800119010202698 0.0)
(4.889253303011716 -0.012660306101412668 0.0)
(5.8386559672862015 -0.017639094468255394 0.0)
(6.660426959949606 -0.024006826977276532 0.0)
(7.363546978774583 -0.03156623913979066 0.0)
(7.984453904996334 -0.03873109821058866 0.0)
(8.53269335724371 -0.04492045688526384 0.0)
(8.995256458036717 -0.05023757049100152 0.0)
(9.371108807172519 -0.05465233149887699 0.0)
(9.660010032278542 -0.05812087947115405 0.0)
(9.86145811718443 -0.060614340231475834 0.0)
(9.974935366981981 -0.06211644183431732 0.0)
(9.999999999999998 -0.06261779700152506 0.0)
(9.936175744129152 -0.06211644183431568 0.0)
(9.782986327260003 -0.06061434023147273 0.0)
(9.53998996772147 -0.058120879471149585 0.0)
(9.206668970605275 -0.05465233149887158 0.0)
(8.782521319741061 -0.05023757049099565 0.0)
(8.267306642756315 -0.044920456885256636 0.0)
(7.659990539448111 -0.03873109821058105 0.0)
(6.94756413233649 -0.031566239139783764 0.0)
(6.139573040050381 -0.024006826977269368 0.0)
(5.272455143824912 -0.01763909446824827 0.0)
(4.3551911414327 -0.012660306101408671 0.0)
(3.3821741777081304 -0.008001190102025645 0.0)
(2.3476286362533845 -0.0037236807738980555 0.0)
(1.2256326428452367 -0.0009795954048174872 0.0)
(-0.014390013454456663 -7.25938035409143e-05 0.0)
(0.01443445834590295 -7.2513754032376e-05 0.0)
(1.352307359675684 -0.0009783227444328819 0.0)
(2.630450121995666 -0.003717682986693651 0.0)
(3.81807593688585 -0.007984961136569066 0.0)
(4.88878301760227 -0.012628475940048156 0.0)
(5.836915580925287 -0.017588627189346527 0.0)
(6.658963523211885 -0.023941841698767896 0.0)
(7.363896827117123 -0.031498937017701 0.0)
(7.984908323679819 -0.03866888985346989 0.0)
(8.532734592337206 -0.04486288852487611 0.0)
(8.99530055331315 -0.05018426326678684 0.0)
(9.371135205477962 -0.054603068193219716 0.0)
(9.660026803902335 -0.058075026455626635 0.0)
(9.861467150912187 -0.060571057650057984 0.0)
(9.974939739217746 -0.062074751780255885 0.0)
(9.999999999999998 -0.06257664483158965 0.0)
(9.936171371893387 -0.06207475178025422 0.0)
(9.782977293532246 -0.060571057650054855 0.0)
(9.539973196097677 -0.05807502645562212 0.0)
(9.206642572299831 -0.05460306819321421 0.0)
(8.782477224464628 -0.050184263266780875 0.0)
(8.26726540766282 -0.044862888524868784 0.0)
(7.659536120764624 -0.038668889853462125 0.0)
(6.94721428399395 -0.031498937017693907 0.0)
(6.1410364767881065 -0.023941841698760565 0.0)
(5.27419553018583 -0.017588627189339272 0.0)
(4.355661426842147 -0.012628475940044076 0.0)
(3.3819240631141367 -0.007984961136567685 0.0)
(2.3473276557820957 -0.0037176829866935224 0.0)
(1.2254704181020757 -0.0009783227444327648 0.0)
(-0.0144344583459113 -7.251375403236463e-05 0.0)
(0.014477646320809175 -7.242093435551699e-05 0.0)
(1.3524669000715417 -0.0009769038265549 0.0)
(2.630767168466613 -0.0037113049457081727 0.0)
(3.818423625868615 -0.007968454849207449 0.0)
(4.888530375400927 -0.012597089162157045 0.0)
(5.835300996748301 -0.01753912888334537 0.0)
(6.657253513083221 -0.023876799375997293 0.0)
(7.363962801603114 -0.031429682274222104 0.0)
(7.985325768044351 -0.038603920125016566 0.0)
(8.532764427994715 -0.04480249715324316 0.0)
(8.99532823309063 -0.050128124338619386 0.0)
(9.371152852531216 -0.05455101772555054 0.0)
(9.660038061328427 -0.05802645234697662 0.0)
(9.861473095936654 -0.06052511793528196 0.0)
(9.974942710326067 -0.06203044778904915 0.0)
(9.999999999999998 -0.06253289487476732 0.0)
(9.936168400785066 -0.062030447789047455 0.0)
(9.782971348507779 -0.060525117935278774 0.0)
(9.539961938671585 -0.058026452346972034 0.0)
(9.206624925246576 -0.05455101772554495 0.0)
(8.782449544687148 -0.05012812433861331 0.0)
(8.267235572005312 -0.044802497153235706 0.0)
(7.659118676400091 -0.03860392012500865 0.0)
(6.94714830950796 -0.03142968227421486 0.0)
(6.142746486916776 -0.02387679937598981 0.0)
(5.2758101143628195 -0.017539128883338004 0.0)
(4.355914069043489 -0.012597089162152889 0.0)
(3.381576374131371 -0.00796845484920603 0.0)
(2.347010609311148 -0.0037113049457080283 0.0)
(1.2253108777062176 -0.000976903826554779 0.0)
(-0.014477646320817626 -7.242093435550538e-05 0.0)
(0.014517679778559882 -7.231942283714081e-05 0.0)
(1.3526167462069731 -0.0009754009958393765 0.0)
(2.631086350495306 -0.0037048268903943386 0.0)
(3.8188536124223282 -0.007952396496011404 0.0)
(4.888506477043818 -0.01256752484533938 0.0)
(5.833883156630181 -0.017492774415263035 0.0)
(6.655372064280293 -0.02381455784963571 0.0)
(7.363742003434338 -0.03136151783608451 0.0)
(7.985687896348247 -0.03853904367623816 0.0)
(8.532781553292024 -0.04474193625675165 0.0)
(8.99533828117037 -0.050071620348299546 0.0)
(9.371160972953044 -0.05449846709819519 0.0)
(9.660043309926111 -0.05797729140267427 0.0)
(9.861475691044335 -0.060478539594170676 0.0)
(9.974944149761878 -0.06198547649701887 0.0)
(9.999999999999998 -0.062488469424122506 0.0)
(9.936166961349254 -0.061985476497017175 0.0)
(9.782968753400098 -0.06047853959416745 0.0)
(9.5399566900739 -0.05797729140266961 0.0)
(9.206616804824748 -0.054498467098189535 0.0)
(8.782439496607408 -0.05007162034829337 0.0)
(8.267218446708002 -0.04474193625674409 0.0)
(7.658756548096195 -0.0385390436762301 0.0)
(6.947369107676737 -0.031361517836077116 0.0)
(6.144627935719709 -0.023814557849628087 0.0)
(5.277227954480941 -0.017492774415255565 0.0)
(4.355937967400598 -0.012567524845335158 0.0)
(3.3811463875776564 -0.007952396496009947 0.0)
(2.346691427282454 -0.0037048268903941786 0.0)
(1.225161031570786 -0.0009754009958392516 0.0)
(-0.01451767977856842 -7.23194228371289e-05 0.0)
(0.014552799722260652 -7.221367970765478e-05 0.0)
(1.3527503141169233 -0.0009738802839186002 0.0)
(2.6313936438073307 -0.0036985334546513707 0.0)
(3.8193470037244577 -0.007937491651642441 0.0)
(4.8887123725810335 -0.012541081991589742 0.0)
(5.832724357871854 -0.017451600515623944 0.0)
(6.653401844221488 -0.023757851898483805 0.0)
(7.363244134078394 -0.03129743872399664 0.0)
(7.985978797336326 -0.0384771110596059 0.0)
(8.532785215774902 -0.044683866770400406 0.0)
(8.995330256058132 -0.05001723397779086 0.0)
(9.371159209946969 -0.054447725289581035 0.0)
(9.660042319081606 -0.0579297036646748 0.0)
(9.861474822210944 -0.0604333691938199 0.0)
(9.974943994279005 -0.061941813860464226 0.0)
(9.999999999999998 -0.0624453204526825 0.0)
(9.936167116832127 -0.061941813860462505 0.0)
(9.78296962223349 -0.060433369193816644 0.0)
(9.539957680918405 -0.0579297036646701 0.0)
(9.206618567830825 -0.05444772528957531 0.0)
(8.782447521719646 -0.050017233977784605 0.0)
(8.267214784225123 -0.04468386677039273 0.0)
(7.658465647108115 -0.03847711105959772 0.0)
(6.947866977032684 -0.031297438723989116 0.0)
(6.14659815577852 -0.02375785189847607 0.0)
(5.278386753239271 -0.017451600515616398 0.0)
(4.35573207186338 -0.012541081991585467 0.0)
(3.380652996275525 -0.007937491651640953 0.0)
(2.3463841339704286 -0.003698533454651197 0.0)
(1.2250274636608354 -0.0009738802839184718 0.0)
(-0.014552799722269256 -7.221367970764262e-05 0.0)
(0.014581463045835394 -7.210835112671698e-05 0.0)
(1.3528617350717844 -0.0009724085080923067 0.0)
(2.631675546496734 -0.0036927011605322997 0.0)
(3.8198821210638223 -0.007924395207694486 0.0)
(4.889139015339345 -0.012518922451526053 0.0)
(5.831875515970796 -0.017417416290252723 0.0)
(6.651429420771773 -0.023709173078294593 0.0)
(7.362491069003954 -0.03124026045691423 0.0)
(7.986185689351362 -0.03842084348099206 0.0)
(8.532775254520551 -0.04463084016118455 0.0)
(8.995304510362663 -0.04996735486471642 0.0)
(9.371147640976249 -0.05440102180194905 0.0)
(9.660035132330808 -0.05788578005112663 0.0)
(9.86147052761143 -0.060391591438984114 0.0)
(9.97494225070908 -0.061901378335756874 0.0)
(9.999999999999998 -0.06240534384731357 0.0)
(9.936168860402052 -0.06190137833575514 0.0)
(9.782973916833003 -0.060391591438980846 0.0)
(9.539964867669202 -0.05788578005112189 0.0)
(9.206630136801545 -0.05440102180194327 0.0)
(8.782473267415115 -0.04996735486471008 0.0)
(8.267224745479474 -0.04463084016117679 0.0)
(7.65825875509308 -0.0384208434809838 0.0)
(6.948620042107127 -0.0312402604569066 0.0)
(6.148570579228238 -0.023709173078286776 0.0)
(5.279235595140329 -0.01741741629024512 0.0)
(4.3553054291050675 -0.012518922451521747 0.0)
(3.3801178789361592 -0.007924395207692976 0.0)
(2.3461022312810247 -0.0036927011605321146 0.0)
(1.224916042705974 -0.0009724085080921749 0.0)
(-0.014581463045844036 -7.210835112670456e-05 0.0)
(0.014602410335284297 -7.200806503948059e-05 0.0)
(1.3529461134386391 -0.0009710503354977651 0.0)
(2.6319196722750706 -0.0036875862683708373 0.0)
(3.8204354523635 -0.007913682597955348 0.0)
(4.889767659416472 -0.012502019874798985 0.0)
(5.831373927487229 -0.017391723731473914 0.0)
(6.649541458609084 -0.023670660247371807 0.0)
(7.361515896512696 -0.03119249534328818 0.0)
(7.986299481936711 -0.038372713234862355 0.0)
(8.532752107208264 -0.0445851863213036 0.0)
(8.995262175302726 -0.049924174606053466 0.0)
(9.371126774360294 -0.05436040870110417 0.0)
(9.6600220654464 -0.05784745048525307 0.0)
(9.861462995942642 -0.0603550419677806 0.0)
(9.974938995661375 -0.061865946585877754 0.0)
(9.999999999999998 -0.06237029610692048 0.0)
(9.936172115449756 -0.06186594658587602 0.0)
(9.782981448501792 -0.0603550419677773 0.0)
(9.539977934553612 -0.0578474504852483 0.0)
(9.206651003417498 -0.054360408701098345 0.0)
(8.782515602475055 -0.04992417460604707 0.0)
(8.267247892791762 -0.04458518632129579 0.0)
(7.6581449625077305 -0.03837271323485401 0.0)
(6.949595214598388 -0.031192495343280488 0.0)
(6.1504585413909325 -0.02367066024736394 0.0)
(5.2797371836238955 -0.017391723731466285 0.0)
(4.354676785027938 -0.012502019874794658 0.0)
(3.3795645476364804 -0.007913682597953822 0.0)
(2.3458581055026877 -0.0036875862683706426 0.0)
(1.2248316643391193 -0.0009710503354976306 0.0)
(-0.01460241033529296 -7.200806503946794e-05 0.0)
(0.014614721205030965 -7.191722783315055e-05 0.0)
(1.3529997417864132 -0.0009698654417540732 0.0)
(2.6321152947022552 -0.003683413517171128 0.0)
(3.8209826852584725 -0.007905824514898798 0.0)
(4.890570683341736 -0.012491116929707528 0.0)
(5.8312416313014905 -0.017375651723317044 0.0)
(6.647820911336918 -0.023644005589048958 0.0)
(7.360361463899858 -0.031156242094827428 0.0)
(7.986315175254353 -0.03833483507617988 0.0)
(8.532716790888596 -0.04454891119696059 0.0)
(8.995205111003399 -0.04988959046337158 0.0)
(9.371097526940035 -0.05432767045239794 0.0)
(9.660003692563375 -0.05781639909805665 0.0)
(9.861452558132324 -0.060325326697108626 0.0)
(9.974934372156735 -0.061837075417096016 0.0)
(9.999999999999998 -0.06234171716509808 0.0)
(9.936176738954398 -0.06183707541709427 0.0)
(9.782991886312109 -0.060325326697105316 0.0)
(9.539996307436637 -0.05781639909805187 0.0)
(9.206680250837758 -0.05432767045239209 0.0)
(8.78257266677438 -0.049889590463365156 0.0)
(8.26728320911143 -0.044548911196952735 0.0)
(7.6581292691900895 -0.038334835076171504 0.0)
(6.95074964721123 -0.031156242094819694 0.0)
(6.152179088663101 -0.02364400558904108 0.0)
(5.279869479809633 -0.01737565172330942 0.0)
(4.353873761102671 -0.012491116929703202 0.0)
(3.379017314741506 -0.007905824514897264 0.0)
(2.345662483075503 -0.003683413517170927 0.0)
(1.2247780359913452 -0.0009698654417539368 0.0)
(-0.014614721205039618 -7.191722783313774e-05 0.0)
(0.014617854737980825 -7.183983072839108e-05 0.0)
(1.3530202637836164 -0.0009689058889246269 0.0)
(2.632253818486719 -0.0036803662499870528 0.0)
(3.821499775336471 -0.007901166228318381 0.0)
(4.8915128037129545 -0.012486692671712632 0.0)
(5.831484440265952 -0.017369906440417623 0.0)
(6.646343376654764 -0.023630380260249433 0.0)
(7.359078494822475 -0.03113309361294589 0.0)
(7.986232079768618 -0.038308873301941035 0.0)
(8.532670857296024 -0.044523608650755685 0.0)
(8.995135824765603 -0.04986512200063032 0.0)
(9.371061183793612 -0.05430424551458559 0.0)
(9.659980820952603 -0.05779399023068388 0.0)
(9.861439672798769 -0.060303751261599016 0.0)
(9.974928583343491 -0.06181603337574959 0.0)
(9.999999999999998 -0.06232086272826634 0.0)
(9.936182527767642 -0.06181603337574784 0.0)
(9.783004771645665 -0.06030375126159569 0.0)
(9.540019179047409 -0.05779399023067908 0.0)
(9.206716593984181 -0.05430424551457974 0.0)
(8.782641953012178 -0.04986512200062388 0.0)
(8.267329142704003 -0.044523608650747816 0.0)
(7.6582123646758244 -0.038308873301932646 0.0)
(6.952032616288617 -0.03113309361293816 0.0)
(6.153656623345258 -0.023630380260241574 0.0)
(5.279626670845168 -0.01736990644041003 0.0)
(4.35293164073145 -0.012486692671708323 0.0)
(3.378500224663507 -0.007901166228316851 0.0)
(2.3455239592910395 -0.0036803662499868503 0.0)
(1.2247575139941422 -0.0009689058889244892 0.0)
(-0.014617854737989443 -7.183983072837811e-05 0.0)
(0.014611673252428698 -7.177927441239128e-05 0.0)
(1.353006777731235 -0.0009682138380052999 0.0)
(2.6323291571467937 -0.003678578358163864 0.0)
(3.821964002605456 -0.00789991241480435 0.0)
(4.892552625484575 -0.012488941494616641 0.0)
(5.832091685798923 -0.01737474031999555 0.0)
(6.645173774733481 -0.023630382932993847 0.0)
(7.357723360594679 -0.031124066999588487 0.0)
(7.986053846543132 -0.038295968625010154 0.0)
(8.53261632466857 -0.04451039043027943 0.0)
(8.995057360899867 -0.04985184431731874 0.0)
(9.37101934177239 -0.05429116313657988 0.0)
(9.659954455550817 -0.05778120848777124 0.0)
(9.861424906099959 -0.06029126364641687 0.0)
(9.974921883571508 -0.06180374501063994 0.0)
(9.999999999999998 -0.062308649102227553 0.0)
(9.936189227539625 -0.06180374501063819 0.0)
(9.783019538344474 -0.06029126364641356 0.0)
(9.540045544449194 -0.05778120848776646 0.0)
(9.206758436005403 -0.05429116313657405 0.0)
(8.782720416877911 -0.04985184431731233 0.0)
(8.267383675331455 -0.044510390430271586 0.0)
(7.6583905979013105 -0.03829596862500178 0.0)
(6.953387750516416 -0.031124066999580795 0.0)
(6.154826225266542 -0.023630382932986044 0.0)
(5.279019425312195 -0.01737474031998801 0.0)
(4.351891818959826 -0.012488941494612367 0.0)
(3.3780359973945204 -0.007899912414802831 0.0)
(2.3454486206309646 -0.0036785783581636624 0.0)
(1.224771000046524 -0.0009682138380051616 0.0)
(-0.01461167325243726 -7.177927441237823e-05 0.0)
(0.014596448351541034 -7.173821961889152e-05 0.0)
(1.3529598761817385 -0.0009678196964474159 0.0)
(2.632338000439585 -0.003678128398397416 0.0)
(3.8223549697685097 -0.007902118164628725 0.0)
(4.893644460790252 -0.012497764589255255 0.0)
(5.833036686642607 -0.017389940970225504 0.0)
(6.644363495741764 -0.023644013489846703 0.0)
(7.356355603335292 -0.031129558867632426 0.0)
(7.985788306819754 -0.03829668805328312 0.0)
(8.532555589070123 -0.044509837319957495 0.0)
(8.994973166964911 -0.04985034081055071 0.0)
(9.370973839338236 -0.05428899813413685 0.0)
(9.65992575480554 -0.05777861547571879 0.0)
(9.861408906857625 -0.06028841253452789 0.0)
(9.97491456721651 -0.06180075025004905 0.0)
(9.999999999999998 -0.06230561293136565 0.0)
(9.936196543894622 -0.061800750250047304 0.0)
(9.783035537586809 -0.06028841253452459 0.0)
(9.540074245194472 -0.05777861547571402 0.0)
(9.206803938439558 -0.054288998134131045 0.0)
(8.78280461081287 -0.04985034081054434 0.0)
(8.267444410929903 -0.04450983731994968 0.0)
(7.658656137624689 -0.038296688053274804 0.0)
(6.954755507775806 -0.031129558867624803 0.0)
(6.1556365042582595 -0.02364401348983899 0.0)
(5.278074424468507 -0.017389940970218048 0.0)
(4.350799983654146 -0.01249776458925103 0.0)
(3.377645030231467 -0.007902118164627226 0.0)
(2.3454397773381737 -0.0036781283983972186 0.0)
(1.2248179015960206 -0.000967819696447278 0.0)
(-0.01459644835154952 -7.173821961887845e-05 0.0)
(0.014572848989609675 -7.171847022041056e-05 0.0)
(1.3528816199034084 -0.0009677407821099669 0.0)
(2.6322799598069855 -0.0036790361410966683 0.0)
(3.8226554984437406 -0.007907686561179525 0.0)
(4.894740336384112 -0.01251277428499145 0.0)
(5.8342779211887645 -0.017414840502345187 0.0)
(6.643948141856146 -0.023670673029076286 0.0)
(7.355035319796051 -0.031149327914442942 0.0)
(7.985447127928138 -0.038310999976397794 0.0)
(8.532491319111765 -0.04452197362244554 0.0)
(8.994886942288204 -0.04986067754166306 0.0)
(9.370926675784858 -0.05429784563350309 0.0)
(9.659895979775012 -0.05778632512673232 0.0)
(9.861392378049205 -0.06029532319857247 0.0)
(9.974906955745752 -0.06180718067827852 0.0)
(9.999999999999998 -0.06231188761947379 0.0)
(9.93620415536538 -0.061807180678276785 0.0)
(9.783052066395229 -0.0602953231985692 0.0)
(9.540104020225 -0.05778632512672758 0.0)
(9.206851101992935 -0.05429784563349732 0.0)
(8.782890835489576 -0.04986067754165673 0.0)
(8.26750868088826 -0.044521973622437795 0.0)
(7.658997316516306 -0.03831099997638956 0.0)
(6.956075791315049 -0.03114932791443542 0.0)
(6.156051858143877 -0.023670673029068685 0.0)
(5.276833189922345 -0.01741484050233783 0.0)
(4.349704108060283 -0.01251277428498729 0.0)
(3.3773445015562356 -0.007907686561178054 0.0)
(2.3454978179707737 -0.003679036141096479 0.0)
(1.2248961578743511 -0.00096774078210983 0.0)
(-0.014572848989618064 -7.171847022039754e-05 0.0)
(0.014541912079424065 -7.172089396938718e-05 0.0)
(1.3527754473339482 -0.0009679805623445706 0.0)
(2.632157585448209 -0.003681261701708084 0.0)
(3.822852383950961 -0.007916372939299405 0.0)
(4.895792101497408 -0.012533311083254043 0.0)
(5.835760851862211 -0.01744834487646567 0.0)
(6.643945962966493 -0.023709190179301093 0.0)
(7.35382052082028 -0.03118250552426963 0.0)
(7.985045300644614 -0.03833827555463544 0.0)
(8.532426338697887 -0.044546266090814975 0.0)
(8.994802475424299 -0.04988240033360119 0.0)
(9.370879923392511 -0.05431731689174248 0.0)
(9.6598664387196 -0.0578039986928507 0.0)
(9.861376045920302 -0.06031169199661524 0.0)
(9.974899383593334 -0.061822753754076074 0.0)
(9.999999999999998 -0.062327197468235715 0.0)
(9.936211727517799 -0.06182275375407435 0.0)
(9.783068398524131 -0.06031169199661199 0.0)
(9.540133561280411 -0.057803998692846005 0.0)
(9.206897854385282 -0.05431731689173676 0.0)
(8.782975302353481 -0.049882400333594944 0.0)
(8.267573661302139 -0.04454626609080733 0.0)
(7.659399143799833 -0.0383382755546273 0.0)
(6.957290590290823 -0.03118250552426224 0.0)
(6.156054037033528 -0.023709190179293637 0.0)
(5.275350259248895 -0.017448344876458428 0.0)
(4.348652342946985 -0.012533311083249956 0.0)
(3.3771476160490153 -0.007916372939297965 0.0)
(2.3456201923295503 -0.003681261701707905 0.0)
(1.2250023304438116 -0.0009679805623444355 0.0)
(-0.014541912079432343 -7.172089396937423e-05 0.0)
(0.014504996932220283 -7.174538437072545e-05 0.0)
(1.352646023501823 -0.000968528501646384 0.0)
(2.631976254268703 -0.0036847072931699455 0.0)
(3.8229369755011757 -0.007927795635425052 0.0)
(4.896753543495211 -0.01255847263469838 0.0)
(5.837420321402099 -0.01748898197168261 0.0)
(6.644357054809229 -0.02375787256740538 0.0)
(7.352764582452562 -0.03122763393363343 0.0)
(7.984600480524894 -0.03837731634898754 0.0)
(8.532363502948998 -0.044581647358447475 0.0)
(8.994723477692668 -0.049914554726628084 0.0)
(9.370835636375784 -0.054346556377389645 0.0)
(9.659838429619239 -0.05783085962991158 0.0)
(9.861360628074783 -0.06033679971361603 0.0)
(9.974892183465778 -0.06184678522498131 0.0)
(9.999999999999998 -0.062350869790905414 0.0)
(9.936218927645355 -0.061846785224979606 0.0)
(9.78308381636965 -0.06033679971361282 0.0)
(9.540161570380773 -0.05783085962990694 0.0)
(9.206942141402008 -0.054346556377384 0.0)
(8.783054300085112 -0.049914554726621936 0.0)
(8.26763649705103 -0.04458164735843994 0.0)
(7.659843963919553 -0.03837731634897954 0.0)
(6.958346528658543 -0.031227633933626184 0.0)
(6.155642945190789 -0.023757872567398083 0.0)
(5.2736907897090015 -0.017488981971675494 0.0)
(4.34769090094918 -0.012558472634694376 0.0)
(3.377063024498801 -0.007927795635423654 0.0)
(2.3458015235090572 -0.0036847072931697803 0.0)
(1.2251317542759372 -0.0009685285016462515 0.0)
(-0.014504996932228446 -7.174538437071264e-05 0.0)
(0.014463725532032113 -7.17908653609945e-05 0.0)
(1.352499035053442 -0.0009693605245649121 0.0)
(2.631743933628759 -0.0036892215224969514 0.0)
(3.8229055562964236 -0.007941452757185946 0.0)
(4.8975824183750465 -0.012587153386785758 0.0)
(5.839183415752762 -0.01753496626837564 0.0)
(6.6451633547608555 -0.023814581178317765 0.0)
(7.35191390069299 -0.03128273028278698 0.0)
(7.984132212151267 -0.03842640697837339 0.0)
(8.532305572752948 -0.044626562837171445 0.0)
(8.994653420109117 -0.04995572791553895 0.0)
(9.370795760625171 -0.054384279360937364 0.0)
(9.659813183142555 -0.05786572771748119 0.0)
(9.861346801944572 -0.06036954316242312 0.0)
(9.974885671723518 -0.06187821919212699 0.0)
(9.999999999999998 -0.062381864468932055 0.0)
(9.936225439387613 -0.061878219192125314 0.0)
(9.783097642499861 -0.06036954316241995 0.0)
(9.540186816857457 -0.05786572771747662 0.0)
(9.206982017152622 -0.054384279360931806 0.0)
(8.783124357668664 -0.049955727915532884 0.0)
(8.26769442724708 -0.044626562837164034 0.0)
(7.660312232293181 -0.03842640697836553 0.0)
(6.959197210418116 -0.031282730282779905 0.0)
(6.1548366452391585 -0.023814581178310635 0.0)
(5.271927695358334 -0.017534966268368663 0.0)
(4.346862026069344 -0.012587153386781841 0.0)
(3.377094443703553 -0.007941452757184586 0.0)
(2.346033844149002 -0.0036892215224968 0.0)
(1.2252787427243186 -0.0009693605245647828 0.0)
(-0.014463725532040155 -7.179086536098188e-05 0.0)
(0.014419911268679933 -7.185533858868702e-05 0.0)
(1.3523409403923194 -0.0009704400735352578 0.0)
(2.631470831272277 -0.003694606042711021 0.0)
(3.8227595068390827 -0.007956744235636899 0.0)
(4.8982423068910785 -0.012618093159739411 0.0)
(5.84097266777392 -0.017584277300673967 0.0)
(6.646329435476584 -0.02387682433942022 0.0)
(7.351305852941801 -0.031345373738944415 0.0)
(7.983661070379395 -0.03848339049034655 0.0)
(8.532255093456572 -0.04467903902302233 0.0)
(8.9945953808757 -0.05000411082573724 0.0)
(9.370762048208201 -0.05442882836350083 0.0)
(9.659791808573546 -0.05790707091558109 0.0)
(9.861335175024537 -0.06040848365579838 0.0)
(9.974880134480598 -0.061915674504503554 0.0)
(9.999999999999998 -0.06241881965286632 0.0)
(9.936230976630535 -0.06191567450450189 0.0)
(9.783109269419896 -0.06040848365579525 0.0)
(9.540208191426466 -0.05790707091557657 0.0)
(9.207015729569592 -0.054428828363495343 0.0)
(8.783182396902081 -0.050004110825731286 0.0)
(8.267744906543456 -0.044679039023015045 0.0)
(7.660783374065054 -0.03848339049033884 0.0)
(6.959805258169306 -0.031345373738937504 0.0)
(6.153670564523426 -0.023876824339413256 0.0)
(5.270138443337171 -0.01758427730066713 0.0)
(4.346202137553311 -0.012618093159735578 0.0)
(3.3772404931608953 -0.007956744235635587 0.0)
(2.3463069465054844 -0.003694606042710886 0.0)
(1.2254368373854414 -0.000970440073535132 0.0)
(-0.014419911268687854 -7.185533858867462e-05 0.0)
(0.0143754792607395 -7.193597121812862e-05 0.0)
(1.352178685908639 -0.000971719715150643 0.0)
(2.631168946817175 -0.003700624267844649 0.0)
(3.8225052442751175 -0.007972998191189755 0.0)
(4.898704214749143 -0.012649932516538469 0.0)
(5.842709461005109 -0.01763474843203039 0.0)
(6.647804061503048 -0.02394186720008455 0.0)
(7.35096715570479 -0.03141281186324511 0.0)
(7.983207756316806 -0.03854576313363929 0.0)
(8.532214283027802 -0.04473677020839629 0.0)
(8.994551910130154 -0.05005757760066288 0.0)
(9.370735980386804 -0.05447824598340747 0.0)
(9.659775245071673 -0.05795307267972201 0.0)
(9.861326258180275 -0.0604519102197025 0.0)
(9.97487581503334 -0.06195750544420772 0.0)
(9.999999999999998 -0.06246011159953373 0.0)
(9.936235296077793 -0.06195750544420607 0.0)
(9.783118186264158 -0.060451910219699395 0.0)
(9.540224754928339 -0.05795307267971756 0.0)
(9.207041797390989 -0.05447824598340208 0.0)
(8.783225867647626 -0.05005757760065704 0.0)
(8.267785716972226 -0.04473677020838913 0.0)
(7.661236688127644 -0.038545763133631734 0.0)
(6.960143955406316 -0.03141281186323838 0.0)
(6.152195938496957 -0.023941867200077755 0.0)
(5.268401650105979 -0.017634748432023676 0.0)
(4.345740229695245 -0.012649932516534719 0.0)
(3.377494755724861 -0.007972998191188485 0.0)
(2.3466088309605877 -0.0037006242678445304 0.0)
(1.2255990918691222 -0.000971719715150521 0.0)
(-0.01437547926074731 -7.193597121811646e-05 0.0)
(0.014332381769353662 -7.202922039909487e-05 0.0)
(1.3520194007675777 -0.0009731432242995258 0.0)
(2.6308515445141274 -0.0037070117680954966 0.0)
(3.8221539404364293 -0.00798950045477329 0.0)
(4.898947846562995 -0.01268127249409364 0.0)
(5.844317483929122 -0.01768416205326742 0.0)
(6.649522440470397 -0.024006851896005724 0.0)
(7.350912690718923 -0.03148208154788189 0.0)
(7.982792187754095 -0.038610784368412865 0.0)
(8.532184934602219 -0.04479721979062421 0.0)
(8.99452491789751 -0.05011377900804035 0.0)
(9.37071870253336 -0.05453036090084557 0.0)
(9.659764220406904 -0.05800171177654545 0.0)
(9.861320443201608 -0.06049791477036418 0.0)
(9.974872903170352 -0.06200187403627644 0.0)
(9.999999999999998 -0.0625039260163392 0.0)
(9.936238207940779 -0.062001874036274815 0.0)
(9.783124001242825 -0.060497914770361136 0.0)
(9.540235779593107 -0.05800171177654106 0.0)
(9.207059075244434 -0.05453036090084026 0.0)
(8.783252859880271 -0.050113779008034605 0.0)
(8.267815065397809 -0.04479721979061719 0.0)
(7.661652256690356 -0.03861078436840546 0.0)
(6.960198420392182 -0.031482081547875324 0.0)
(6.150477559529603 -0.02400685189599908 0.0)
(5.266793627181962 -0.017684162053260826 0.0)
(4.345496597881394 -0.012681272494089965 0.0)
(3.377846059563551 -0.007989500454772062 0.0)
(2.346926233263636 -0.0037070117680953947 0.0)
(1.225758377010184 -0.0009731432242994076 0.0)
(-0.014332381769361371 -7.202922039908301e-05 0.0)
(0.014292512419449278 -7.21309889331687e-05 0.0)
(1.3518700836668291 -0.0009746480545941408 0.0)
(2.6305325704396596 -0.0037134878883881423 0.0)
(3.8217210309709975 -0.008005525947115682 0.0)
(4.898962497596446 -0.012710736071126017 0.0)
(5.845726082960474 -0.01773034702026758 0.0)
(6.651409069950492 -0.024068923118531094 0.0)
(7.351144851076039 -0.03155013920963709 0.0)
(7.982432624013645 -0.038675597280564314 0.0)
(8.532168337695952 -0.044857731725652404 0.0)
(8.994515590167088 -0.05017024566084704 0.0)
(9.37071097380514 -0.05458288328168447 0.0)
(9.659759218982842 -0.05805085109311971 0.0)
(9.86131798558806 -0.06054447595199031 0.0)
(9.974871526833573 -0.06204683080594424 0.0)
(9.999999999999998 -0.06254833777796451 0.0)
(9.93623958427756 -0.06204683080594264 0.0)
(9.783126458856373 -0.06054447595198731 0.0)
(9.54024078101717 -0.05805085109311537 0.0)
(9.207066803972653 -0.054582883281679234 0.0)
(8.783262187610692 -0.050170245660841405 0.0)
(8.267831662304076 -0.04485773172564548 0.0)
(7.6620118204308065 -0.03867559728055705 0.0)
(6.959966260035065 -0.03155013920963068 0.0)
(6.148590930049503 -0.02406892311852459 0.0)
(5.265385028150607 -0.01773034702026108 0.0)
(4.345481946847944 -0.012710736071122409 0.0)
(3.378278969028984 -0.008005525947114489 0.0)
(2.3472452073381045 -0.003713487888388056 0.0)
(1.2259076941109328 -0.0009746480545940265 0.0)
(-0.014292512419456904 -7.213098893315711e-05 0.0)
(0.014257622997322233 -7.223680529714317e-05 0.0)
(1.351737295326633 -0.0009761680865443518 0.0)
(2.630226039731057 -0.0037197680798446544 0.0)
(3.8212255371287474 -0.008020370537401214 0.0)
(4.898747524109887 -0.01273702867196289 0.0)
(5.846873366834687 -0.017771274050073886 0.0)
(6.653381054895467 -0.024125353571698996 0.0)
(7.351653436074769 -0.031613994519361185 0.0)
(7.9821448636684105 -0.03873735410930558 0.0)
(8.532165221546698 -0.044915647229759166 0.0)
(8.994524336782302 -0.050224496517661456 0.0)
(9.370713133788326 -0.05463350538859708 0.0)
(9.659760460552908 -0.05809833153777233 0.0)
(9.861318993322678 -0.06058954795144152 0.0)
(9.974871746496715 -0.06209040043499804 0.0)
(9.999999999999998 -0.06259139551285287 0.0)
(9.936239364614417 -0.062090400434996446 0.0)
(9.783125451121755 -0.06058954795143855 0.0)
(9.540239539447104 -0.058098331537768035 0.0)
(9.207064643989467 -0.05463350538859191 0.0)
(8.783253440995479 -0.050224496517655905 0.0)
(8.267834778453329 -0.04491564722975235 0.0)
(7.6622995807760415 -0.03873735410929841 0.0)
(6.959457675036332 -0.031613994519354885 0.0)
(6.146618945104522 -0.0241253535716926 0.0)
(5.264237744276394 -0.017771274050067468 0.0)
(4.345696920334505 -0.012737028671959331 0.0)
(3.3787744628712355 -0.008020370537400052 0.0)
(2.347551738046708 -0.003719768079844582 0.0)
(1.2260404824511293 -0.000976168086544241 0.0)
(-0.014257622997329796 -7.223680529713183e-05 0.0)
(0.014229246480352394 -7.234202011357075e-05 0.0)
(1.3516268702237277 -0.0009776365327270864 0.0)
(2.629945420786873 -0.0037255764023417202 0.0)
(3.820689230002628 -0.008033381981490154 0.0)
(4.898312371645036 -0.01275899504782444 0.0)
(5.847708925997223 -0.017805144883870534 0.0)
(6.6553517498944865 -0.02417366380463383 0.0)
(7.352416099420701 -0.03167084179156486 0.0)
(7.981941550381517 -0.03879334137256267 0.0)
(8.532175723072356 -0.04496842160164747 0.0)
(8.994550773432879 -0.05027414789508431 0.0)
(9.370725087577204 -0.054680002978816165 0.0)
(9.659767890564787 -0.058142066906628306 0.0)
(9.861323422127441 -0.0606311503875188 0.0)
(9.974873552508187 -0.06213066855364556 0.0)
(9.999999999999998 -0.0626312073429052 0.0)
(9.936237558602944 -0.06213066855364399 0.0)
(9.783121022316992 -0.06063115038751585 0.0)
(9.540232109435225 -0.05814206690662407 0.0)
(9.20705269020059 -0.05468000297881105 0.0)
(8.783227004344901 -0.050274147895078815 0.0)
(8.267824276927671 -0.04496842160164074 0.0)
(7.662502894062936 -0.03879334137255561 0.0)
(6.958695011690398 -0.03167084179155867 0.0)
(6.144648250105498 -0.024173663804627512 0.0)
(5.263402185113857 -0.017805144883864168 0.0)
(4.3461320727993575 -0.012758995047820914 0.0)
(3.379310769997357 -0.008033381981489012 0.0)
(2.3478323569908923 -0.003725576402341659 0.0)
(1.2261509075540349 -0.000977636532726979 0.0)
(-0.014229246480359916 -7.234202011355968e-05 0.0)
(0.01420862968078205 -7.244201043590275e-05 0.0)
(1.351543660235118 -0.0009789888723035216 0.0)
(2.629703043490138 -0.003730657648814843 0.0)
(3.8201356739466132 -0.008043988580332994 0.0)
(4.89767616000511 -0.012775670036341657 0.0)
(5.848196047507093 -0.01783047129918544 0.0)
(6.657234566214576 -0.024211731154081505 0.0)
(7.3533993310816665 -0.03171818326110666 0.0)
(7.981831617366839 -0.038841099092413886 0.0)
(8.532199380855099 -0.04501373603196452 0.0)
(8.994593738540756 -0.050317018202426254 0.0)
(9.370746309944163 -0.054720333033292455 0.0)
(9.659781182557348 -0.0581801355475917 0.0)
(9.861331077408774 -0.06066745532529042 0.0)
(9.97487686551515 -0.062165865854421895 0.0)
(9.999999999999998 -0.06266602400914265 0.0)
(9.936234245595983 -0.06216586585442034 0.0)
(9.783113367035659 -0.060667455325287487 0.0)
(9.540218817442664 -0.05818013554758749 0.0)
(9.20703146783363 -0.05472033303328738 0.0)
(8.783184039237025 -0.050317018202420814 0.0)
(8.267800619144928 -0.04501373603195786 0.0)
(7.662612827077613 -0.0388410990924069 0.0)
(6.957711780029428 -0.03171818326110053 0.0)
(6.142765433785405 -0.024211731154075235 0.0)
(5.262915063603987 -0.017830471299179102 0.0)
(4.346768284439286 -0.012775670036338149 0.0)
(3.3798643260533723 -0.00804398858033187 0.0)
(2.348074734287628 -0.0037306576488147906 0.0)
(1.2262341175426446 -0.0009789888723034166 0.0)
(-0.014208629680789554 -7.244201043589192e-05 0.0)
(0.014196678463066943 -7.2532382872303e-05 0.0)
(1.351491321455475 -0.0009801656859467042 0.0)
(2.629509557455853 -0.0037347885585898733 0.0)
(3.819589191201104 -0.008051724299380803 0.0)
(4.896866843165651 -0.012786320969025126 0.0)
(5.848313328136317 -0.017846140499663037 0.0)
(6.658946776351148 -0.024237883010349535 0.0)
(7.354559929657255 -0.031753938830423656 0.0)
(7.981819894879926 -0.03887852888201926 0.0)
(8.532235155415234 -0.04504959948754262 0.0)
(8.994651344297697 -0.05035122379681171 0.0)
(9.370775868417223 -0.05475272352321401 0.0)
(9.659799752504755 -0.058210864794223216 0.0)
(9.861341622807618 -0.06069686759220872 0.0)
(9.974881539950132 -0.06219444583232257 0.0)
(9.999999999999998 -0.06269431573094603 0.0)
(9.936229571161 -0.06219444583232102 0.0)
(9.783102821636815 -0.0606968675922058 0.0)
(9.540200247495257 -0.05821086479421902 0.0)
(9.20700190936057 -0.054752723523208965 0.0)
(8.783126433480083 -0.05035122379680631 0.0)
(8.267764844584793 -0.045049599487535986 0.0)
(7.6626245495645255 -0.03887852888201231 0.0)
(6.956551181453836 -0.03175393883041758 0.0)
(6.1410532236488296 -0.02423788301034328 0.0)
(5.262797782974764 -0.01784614049965669 0.0)
(4.347577601278748 -0.012786320969021618 0.0)
(3.3804108087988833 -0.008051724299379686 0.0)
(2.348268220321913 -0.003734788558589826 0.0)
(1.2262864563222875 -0.0009801656859466012 0.0)
(-0.014196678463074461 -7.253238287229233e-05 0.0)
)
