(
(0.01620255223423866 -6.954355213544883e-05 0.0)
(1.3576426724643083 -0.000928550620975693 0.0)
(2.638134079331916 -0.0034658431906030105 0.0)
(3.8272640817404273 -0.007247032143676951 0.0)
(4.902523105353171 -0.01106139006717239 0.0)
(5.854740376180745 -0.014876390621808079 0.0)
(6.668233008524072 -0.019882169812197835 0.0)
(7.3632161070541695 -0.026091441354589955 0.0)
(7.987762449735459 -0.032065140494652665 0.0)
(8.536996683532875 -0.037218046927947036 0.0)
(8.99849295673849 -0.041637366500410375 0.0)
(9.373729214119367 -0.04530525938992044 0.0)
(9.661951079770216 -0.048186488700341375 0.0)
(9.862746978332929 -0.05025749228309493 0.0)
(9.975574925631499 -0.05150506201453164 0.0)
(9.999999999999996 -0.05192143563374064 0.0)
(9.935536185479632 -0.05150506201453005 0.0)
(9.781697466111504 -0.0502574922830919 0.0)
(9.538048920229794 -0.04818648870033713 0.0)
(9.204048563658425 -0.04530525938991517 0.0)
(8.779284821039289 -0.04163736650040473 0.0)
(8.26300331646715 -0.037218046927940056 0.0)
(7.656681994708993 -0.032065140494645254 0.0)
(6.947895004056918 -0.026091441354583484 0.0)
(6.131766991475902 -0.019882169812191264 0.0)
(5.256370734930341 -0.014876390621801402 0.0)
(4.341921339091236 -0.011061390067168667 0.0)
(3.3727359182595644 -0.007247032143675744 0.0)
(2.3396436984458515 -0.0034658431906029134 0.0)
(1.220135105313454 -0.0009285506209755734 0.0)
(-0.0162025522342453 -6.954355213543665e-05 0.0)
(0.01620989986439771 -6.960281912293725e-05 0.0)
(1.3576603122875728 -0.0009292191112637465 0.0)
(2.6380653119420847 -0.0034675033754871824 0.0)
(3.826800771749173 -0.007247899860561227 0.0)
(4.901459920923549 -0.0110583307260705 0.0)
(5.854083335108971 -0.014870257303077493 0.0)
(6.669379746817862 -0.01988056427415843 0.0)
(7.364595200466146 -0.02609891010488207 0.0)
(7.9879539073212715 -0.03207665681576175 0.0)
(8.53705285012185 -0.03722999478325021 0.0)
(8.998573395839527 -0.0416494795904022 0.0)
(9.373772180592976 -0.04531727470674405 0.0)
(9.661978157102851 -0.04819828409445461 0.0)
(9.862762134897142 -0.05026905362077471 0.0)
(9.975581809035837 -0.05151646112709867 0.0)
(9.999999999999996 -0.05193277242842088 0.0)
(9.935529302075294 -0.05151646112709707 0.0)
(9.78168230954729 -0.050269053620771664 0.0)
(9.538021842897159 -0.04819828409445035 0.0)
(9.204005597184818 -0.04531727470673877 0.0)
(8.779204381938252 -0.04164947959039654 0.0)
(8.262947149878176 -0.0372299947832432 0.0)
(7.6564905371231795 -0.03207665681575431 0.0)
(6.946515910644939 -0.02609891010487556 0.0)
(6.1306202531821095 -0.019880564274151795 0.0)
(5.2570277760021185 -0.014870257303070754 0.0)
(4.342984523520861 -0.01105833072606674 0.0)
(3.37319922825082 -0.007247899860560007 0.0)
(2.339712465835683 -0.0034675033754870844 0.0)
(1.2201174654901894 -0.0009292191112636273 0.0)
(-0.016209899864404416 -6.960281912292514e-05 0.0)
(0.016226362214625315 -6.96420490007958e-05 0.0)
(1.3577116794214046 -0.0009295827146301578 0.0)
(2.638064188427455 -0.0034678011137970234 0.0)
(3.8264139572704465 -0.0072452620368390445 0.0)
(4.900349502622673 -0.011048633675892632 0.0)
(5.85308782063789 -0.014853663836139045 0.0)
(6.670157015614242 -0.019865175275944627 0.0)
(7.365980058079695 -0.026091647968959172 0.0)
(7.988232747126832 -0.03207432679724039 0.0)
(8.53711500869221 -0.037229064622538145 0.0)
(8.998659224951227 -0.04164961546251286 0.0)
(9.373818633042898 -0.04531818039806678 0.0)
(9.662007460192772 -0.048199708380319874 0.0)
(9.86277846176677 -0.05027080390253714 0.0)
(9.975589281440222 -0.05151839702707383 0.0)
(9.999999999999996 -0.05193476387216115 0.0)
(9.93552182967091 -0.05151839702707223 0.0)
(9.781665982677664 -0.05027080390253408 0.0)
(9.53799253980724 -0.0481997083803156 0.0)
(9.203959144734895 -0.04531818039806146 0.0)
(8.779118552826551 -0.04164961546250717 0.0)
(8.262884991307816 -0.037229064622531095 0.0)
(7.656211697317618 -0.0320743267972329 0.0)
(6.945131053031386 -0.026091647968952577 0.0)
(6.12984298438573 -0.019865175275937903 0.0)
(5.258023290473203 -0.014853663836132222 0.0)
(4.34409494182174 -0.01104863367588882 0.0)
(3.373586042729547 -0.0072452620368378025 0.0)
(2.3397135893503123 -0.00346780111379692 0.0)
(1.2200660983563574 -0.0009295827146300382 0.0)
(-0.016226362214632098 -6.964204900078369e-05 0.0)
(0.01625121595936949 -6.965951807996038e-05 0.0)
(1.3577945168879166 -0.0009296254550082001 0.0)
(2.638130758153204 -0.0034667233234558946 0.0)
(3.8261206342247864 -0.0072392345736589925 0.0)
(4.89924064019923 -0.011032724987283356 0.0)
(5.85179757385212 -0.014827339307573123 0.0)
(6.67053066314427 -0.019836678981984573 0.0)
(7.367309831784804 -0.026069974031788 0.0)
(7.988586717441209 -0.03205825281583977 0.0)
(8.53718042811009 -0.03721529731537087 0.0)
(8.998746672899443 -0.04163776814677039 0.0)
(9.37386653043347 -0.045307936669468814 0.0)
(9.66203770151581 -0.048190698977421904 0.0)
(9.862795241569025 -0.050262666224203646 0.0)
(9.975597014520874 -0.05151078465455384 0.0)
(9.999999999999996 -0.05192732246456672 0.0)
(9.935514096590257 -0.05151078465455222 0.0)
(9.781649202875407 -0.05026266622420056 0.0)
(9.5379622984842 -0.04819069897741759 0.0)
(9.203911247344324 -0.04530793666946345 0.0)
(8.779031104878333 -0.04163776814676465 0.0)
(8.262819571889935 -0.037215297315363736 0.0)
(7.655857727003239 -0.032058252815832196 0.0)
(6.943801279326275 -0.026069974031781306 0.0)
(6.129469336855704 -0.01983667898197773 0.0)
(5.259313537258977 -0.014827339307566197 0.0)
(4.345203804245186 -0.011032724987279478 0.0)
(3.373879365775207 -0.007239234573657723 0.0)
(2.3396470196245622 -0.0034667233234557835 0.0)
(1.2199832608898449 -0.0009296254550080794 0.0)
(-0.01625121595937637 -6.965951807994825e-05 0.0)
(0.016283369070554814 -6.965445880105129e-05 0.0)
(1.3579051849603774 -0.0009293454544638537 0.0)
(2.6382620961673693 -0.0034643173605996237 0.0)
(3.8259336906902 -0.007230082306726273 0.0)
(4.898182055039499 -0.01101130365891604 0.0)
(5.850269285834988 -0.01479244036900555 0.0)
(6.670484272019045 -0.019796327467302373 0.0)
(7.368526093757621 -0.02603484060651652 0.0)
(7.989000265456359 -0.03202914113289613 0.0)
(8.53724623396595 -0.037189297772038714 0.0)
(8.998831897381315 -0.041614458192554465 0.0)
(9.373913768240971 -0.045286993611644365 0.0)
(9.66206755232356 -0.04817165174244182 0.0)
(9.862811737030098 -0.05024499814047272 0.0)
(9.975604668500377 -0.05149395848326078 0.0)
(9.999999999999996 -0.05191077516747363 0.0)
(9.935506442610755 -0.051493958483259133 0.0)
(9.781632707414335 -0.05024499814046961 0.0)
(9.53793244767645 -0.04817165174243746 0.0)
(9.20386400953682 -0.045286993611638945 0.0)
(8.778945880396464 -0.04161445819254864 0.0)
(8.262753766034075 -0.0371892977720315 0.0)
(7.655444178988089 -0.032029141132888427 0.0)
(6.942585017353455 -0.02603484060650969 0.0)
(6.12951572798093 -0.019796327467295385 0.0)
(5.260841825276115 -0.014792440368998499 0.0)
(4.346262389404918 -0.011011303658912085 0.0)
(3.3740663093097933 -0.007230082306724969 0.0)
(2.339515681610397 -0.0034643173605995023 0.0)
(1.2198725928173837 -0.0009293454544637311 0.0)
(-0.016283369070561805 -6.965445880103908e-05 0.0)
(0.01632140879929826 -6.962709345952812e-05 0.0)
(1.358038821086144 -0.0009287550157087909 0.0)
(2.6384524317178832 -0.0034606889388345318 0.0)
(3.825861340623593 -0.007218207369906311 0.0)
(4.8972202594387735 -0.010985310904769927 0.0)
(5.848570106766042 -0.014750500415951178 0.0)
(6.670019880579741 -0.019745893703632153 0.0)
(7.369575403672151 -0.025987791391576365 0.0)
(7.9894552206290586 -0.03198827086249966 0.0)
(8.53730953487087 -0.037152208364910906 0.0)
(8.998911153789017 -0.04158070979660897 0.0)
(9.373958270922564 -0.045256271424240026 0.0)
(9.66209570102614 -0.04814340357603868 0.0)
(9.862827223369605 -0.05021857595462068 0.0)
(9.975611907076873 -0.05146865782437864 0.0)
(9.999999999999996 -0.051885849038843725 0.0)
(9.935499204034258 -0.051468657824377 0.0)
(9.781617221074828 -0.05021857595461754 0.0)
(9.53790429897387 -0.048143403576034284 0.0)
(9.203819506855229 -0.04525627142423454 0.0)
(8.778866623988762 -0.04158070979660304 0.0)
(8.262690465129154 -0.037152208364903565 0.0)
(7.654989223815388 -0.03198827086249185 0.0)
(6.9415357074389235 -0.02598779139156938 0.0)
(6.129980119420238 -0.019745893703625 0.0)
(5.262541004345065 -0.014750500415943998 0.0)
(4.347224185005646 -0.010985310904765889 0.0)
(3.3741386593764 -0.007218207369904965 0.0)
(2.3393253460598817 -0.0034606889388343956 0.0)
(1.2197389566916166 -0.0009287550157086657 0.0)
(-0.016321408799305374 -6.962709345951575e-05 0.0)
(0.016363663749510562 -6.957862443843392e-05 0.0)
(1.3581895535383315 -0.0009278800815417316 0.0)
(2.638693401808866 -0.003455997484374965 0.0)
(3.825906762954532 -0.0072041315261983895 0.0)
(4.8963975129361925 -0.0109558887989098 0.0)
(5.846774695465012 -0.014703362213220246 0.0)
(6.669157893336619 -0.01968759365828362 0.0)
(7.370411656770406 -0.025930893643397915 0.0)
(7.989931593061339 -0.03193743776956157 0.0)
(8.537367549498896 -0.037105658734683446 0.0)
(8.998980959740996 -0.041538005801710784 0.0)
(9.373998083111832 -0.045217119983965666 0.0)
(9.662120910821052 -0.048107195650965724 0.0)
(9.862841020146119 -0.05018456060915583 0.0)
(9.975618412200555 -0.05143599434257249 0.0)
(9.999999999999996 -0.051853639287167956 0.0)
(9.935492698910576 -0.05143599434257082 0.0)
(9.781603424298313 -0.05018456060915265 0.0)
(9.537879089178958 -0.048107195650961256 0.0)
(9.20377969466596 -0.045217119983960094 0.0)
(8.778796818036783 -0.04153800580170476 0.0)
(8.262632450501128 -0.03710565873467599 0.0)
(7.654512851383107 -0.03193743776955361 0.0)
(6.940699454340667 -0.025930893643390757 0.0)
(6.130842106663363 -0.01968759365827629 0.0)
(5.2643364156461 -0.014703362213212928 0.0)
(4.348046931508229 -0.010955888798905675 0.0)
(3.374093237045461 -0.007204131526197 0.0)
(2.339084375968898 -0.0034559974843748143 0.0)
(1.2195882242394287 -0.0009278800815416031 0.0)
(-0.016363663749517796 -6.957862443842136e-05 0.0)
(0.01640827731598263 -6.951118137788398e-05 0.0)
(1.3583507594087472 -0.0009267590949693298 0.0)
(2.6389744186553625 -0.003450449131147105 0.0)
(3.8260679619088926 -0.007188473242424007 0.0)
(4.895749965507909 -0.01092433009484093 0.0)
(5.844961939019853 -0.01465309692720384 0.0)
(6.6679361844321825 -0.019623988928592462 0.0)
(7.370998109621132 -0.02586664734494462 0.0)
(7.990408451820023 -0.03187887536718904 0.0)
(8.537417728793407 -0.03705169418694843 0.0)
(8.999038248091423 -0.04148822254327102 0.0)
(9.374031455534015 -0.045171259533481424 0.0)
(9.66214207403603 -0.04806461887721009 0.0)
(9.862852521154522 -0.05014444667612857 0.0)
(9.975623898048187 -0.051397403211476726 0.0)
(9.999999999999996 -0.05181556115000884 0.0)
(9.935487213062943 -0.05139740321147504 0.0)
(9.78159192328991 -0.050144446676125345 0.0)
(9.53785792596398 -0.048064618877205555 0.0)
(9.203746322243779 -0.04517125953347577 0.0)
(8.778739529686355 -0.04148822254326488 0.0)
(8.262582271206618 -0.03705169418694084 0.0)
(7.654035992624421 -0.031878875367180905 0.0)
(6.940113001489942 -0.025866647344937297 0.0)
(6.132063815567804 -0.019623988928584968 0.0)
(5.266149172091263 -0.014653096927196387 0.0)
(4.348694478936514 -0.010924330094836718 0.0)
(3.373932038091099 -0.007188473242422574 0.0)
(2.338803359122401 -0.0034504491311469375 0.0)
(1.2194270183690126 -0.0009267590949691976 0.0)
(-0.016408277315989983 -6.951118137787117e-05 0.0)
(0.0164532892602219 -6.94277276025753e-05 0.0)
(1.3585153556063632 -0.0009254413100907896 0.0)
(2.639283134891243 -0.003444287663641358 0.0)
(3.826337854699526 -0.007171920514926192 0.0)
(4.895306069203264 -0.010892021424285088 0.0)
(5.843211486632421 -0.014601913122611788 0.0)
(6.666408433520638 -0.019557874190019753 0.0)
(7.371308994558951 -0.025797875361035262 0.0)
(7.990864844603643 -0.031815156780205404 0.0)
(8.537457867968001 -0.03699268582520795 0.0)
(8.99908050169499 -0.041433547406589596 0.0)
(9.374056921865932 -0.045120705097082235 0.0)
(9.662158260798124 -0.04801754400031862 0.0)
(9.862861221061545 -0.050099996688369765 0.0)
(9.975628123581664 -0.05135458005479122 0.0)
(9.999999999999996 -0.05177328771105121 0.0)
(9.935482987529468 -0.0513545800547895 0.0)
(9.781583223382887 -0.0500999966883665 0.0)
(9.537841739201886 -0.04801754400031403 0.0)
(9.203720855911861 -0.04512070509707648 0.0)
(8.778697276082788 -0.04143354740658335 0.0)
(8.262542132032024 -0.03699268582520023 0.0)
(7.6535795998408 -0.03181515678019712 0.0)
(6.939802116552123 -0.025797875361027758 0.0)
(6.133591566479353 -0.019557874190012092 0.0)
(5.267899624478699 -0.014601913122604202 0.0)
(4.349138375241158 -0.010892021424280793 0.0)
(3.373662145300465 -0.007171920514924716 0.0)
(2.33849464288652 -0.003444287663641174 0.0)
(1.2192624221713961 -0.0009254413100906537 0.0)
(-0.01645328926022937 -6.942772760256222e-05 0.0)
(0.01649672183974552 -6.933192991872054e-05 0.0)
(1.3586761100753764 -0.000923984627962855 0.0)
(2.6396059860898826 -0.0034377838054678407 0.0)
(3.826704582730966 -0.007155200640268837 0.0)
(4.895085328013802 -0.010860382371119456 0.0)
(5.841600249978258 -0.01455205972217973 0.0)
(6.664641767182098 -0.01949215440322488 0.0)
(7.371330651868445 -0.025727599406828013 0.0)
(7.991280718348234 -0.03174908168675288 0.0)
(8.53748620338078 -0.03693122636892416 0.0)
(8.999105864005656 -0.04137638271714697 0.0)
(9.37407336316355 -0.04506767794421677 0.0)
(9.662168759890621 -0.04796803940426086 0.0)
(9.86286673760919 -0.05005316369702258 0.0)
(9.975630903138772 -0.051309406443677964 0.0)
(9.999999999999996 -0.051728676387865775 0.0)
(9.93548020797236 -0.05130940644367622 0.0)
(9.781577706835243 -0.05005316369701927 0.0)
(9.537831240109389 -0.047968039404256195 0.0)
(9.203704414614242 -0.04506767794421093 0.0)
(8.778671913772122 -0.041376382717140614 0.0)
(8.262513796619245 -0.036931226368916305 0.0)
(7.653163726096208 -0.03174908168674446 0.0)
(6.9397804592426295 -0.02572759940682034 0.0)
(6.135358232817899 -0.01949215440321707 0.0)
(5.269510861132866 -0.01455205972217203 0.0)
(4.3493591164306205 -0.010860382371115085 0.0)
(3.3732954172690235 -0.007155200640267319 0.0)
(2.3381717916878793 -0.0034377838054676394 0.0)
(1.2191016677023825 -0.0009239846279627152 0.0)
(-0.016496721839753085 -6.933192991870719e-05 0.0)
(0.016536666706466887 -6.922799750129138e-05 0.0)
(1.3588259595585104 -0.0009224530525333027 0.0)
(2.639928786760254 -0.003431223324256224 0.0)
(3.8271520326444217 -0.007139048259156238 0.0)
(4.895097440903551 -0.010830803097458114 0.0)
(5.840199023848273 -0.01450572719311844 0.0)
(6.662713809503453 -0.01942971717540866 0.0)
(7.371062129967055 -0.02565890727918451 0.0)
(7.991637800322278 -0.03168355330555681 0.0)
(8.537501490025543 -0.03687001623416925 0.0)
(8.99911322064989 -0.0413192401868174 0.0)
(9.374080057026331 -0.04501450799097149 0.0)
(9.662173110002605 -0.04791828023042149 0.0)
(9.862868828410443 -0.050006005458048265 0.0)
(9.975632114590857 -0.051263867223966496 0.0)
(9.999999999999996 -0.05168368732037918 0.0)
(9.935478996520274 -0.05126386722396474 0.0)
(9.781575616033988 -0.05000600545804493 0.0)
(9.537826889997406 -0.04791828023041677 0.0)
(9.20369772075146 -0.04501450799096557 0.0)
(8.778664557127888 -0.04131924018681095 0.0)
(8.262498509974481 -0.036870016234161286 0.0)
(7.6528066441221645 -0.031683553305548263 0.0)
(6.940048981144021 -0.0256589072791767 0.0)
(6.137286190496549 -0.019429717175400714 0.0)
(5.270912087262853 -0.014505727193110642 0.0)
(4.349347003540871 -0.01083080309745368 0.0)
(3.3728479673555665 -0.007139048259154686 0.0)
(2.337848991017507 -0.003431223324256007 0.0)
(1.2189518182192483 -0.0009224530525331591 0.0)
(-0.016536666706474537 -6.922799750127776e-05 0.0)
(0.016571368756019323 -6.912049695057069e-05 0.0)
(1.3589583199436182 -0.0009209138784245692 0.0)
(2.6402373536314476 -0.0034248944755488862 0.0)
(3.827660544309282 -0.0071241730776645425 0.0)
(4.895341875654296 -0.010804583262471999 0.0)
(5.839069375555147 -0.014464951301991899 0.0)
(6.660709271418003 -0.019373305884135654 0.0)
(7.370515227215882 -0.025594817184524728 0.0)
(7.991920400997098 -0.031621450833806165 0.0)
(8.537503056235089 -0.03681174488228361 0.0)
(8.999102248390203 -0.04126463055384427 0.0)
(9.37407670933819 -0.044963531427820315 0.0)
(9.662171119998112 -0.04787045280586718 0.0)
(9.862867401599326 -0.04996059401819381 0.0)
(9.975631704708933 -0.051219963305659304 0.0)
(9.999999999999996 -0.05164029724591163 0.0)
(9.9354794064022 -0.051219963305657534 0.0)
(9.781577042845107 -0.04996059401819042 0.0)
(9.537828880001898 -0.04787045280586242 0.0)
(9.203701068439603 -0.04496353142781433 0.0)
(8.778675529387575 -0.041264630553837736 0.0)
(8.262496943764937 -0.03681174488227553 0.0)
(7.652524043447343 -0.03162145083379749 0.0)
(6.940595883895197 -0.025594817184516793 0.0)
(6.1392907285820035 -0.019373305884127598 0.0)
(5.272041735555979 -0.014464951301984025 0.0)
(4.349102568790124 -0.010804583262467513 0.0)
(3.3723394556907045 -0.007124173077662957 0.0)
(2.337540424146313 -0.0034248944755486555 0.0)
(1.2188194578341403 -0.000920913878424422 0.0)
(-0.016571368756027036 -6.91204969505568e-05 0.0)
(0.016599303243831107 -6.901415164409043e-05 0.0)
(1.3590673755575247 -0.0009194347341311528 0.0)
(2.6405181288396498 -0.0034190753373797254 0.0)
(3.828207774653289 -0.007111228684055115 0.0)
(4.89580789225027 -0.010782874917742557 0.0)
(5.838260939778248 -0.014431523666858828 0.0)
(6.658716228662026 -0.019325399138342858 0.0)
(7.369713973521281 -0.0255381451243585 0.0)
(7.992116103416047 -0.031565502940496405 0.0)
(8.537490833193031 -0.03675897264986463 0.0)
(8.999073429327611 -0.04121495326559492 0.0)
(9.374063467190417 -0.04491698807168911 0.0)
(9.6621628773143 -0.04782665858013504 0.0)
(9.862862519867305 -0.049918924673048516 0.0)
(9.975629691502458 -0.051179623746606846 0.0)
(9.999999999999996 -0.05160041264495533 0.0)
(9.935481419608672 -0.05117962374660506 0.0)
(9.781581924577127 -0.04991892467304511 0.0)
(9.537837122685712 -0.04782665858013024 0.0)
(9.203714310587374 -0.04491698807168308 0.0)
(8.778704348450168 -0.041214953265588314 0.0)
(8.262509166806993 -0.03675897264985648 0.0)
(7.652328341028395 -0.031565502940487634 0.0)
(6.941397137589801 -0.025538145124350462 0.0)
(6.141283771337986 -0.019325399138334726 0.0)
(5.2728501713328795 -0.014431523666850903 0.0)
(4.348636552194147 -0.01078287491773804 0.0)
(3.371792225346696 -0.007111228684053507 0.0)
(2.33725964893811 -0.0034190753373794843 0.0)
(1.2187104022202337 -0.0009194347341310024 0.0)
(-0.01659930324383886 -6.90141516440763e-05 0.0)
(0.01661924277961249 -6.891363420006411e-05 0.0)
(1.359148334696066 -0.0009180806105472882 0.0)
(2.640758775635877 -0.003414021592034084 0.0)
(3.8287696793762565 -0.007100783831302056 0.0)
(4.896475014774799 -0.010766631888222918 0.0)
(5.83780923770662 -0.014406913036852842 0.0)
(6.656822251888049 -0.019288101872797496 0.0)
(7.368693574504742 -0.025491381165330916 0.0)
(7.9922163087728615 -0.03151816787370577 0.0)
(8.53746535795748 -0.03671401825226075 0.0)
(8.999028029719002 -0.04117239105123299 0.0)
(9.374040912418764 -0.04487692295249764 0.0)
(9.662148744119614 -0.047788821791384474 0.0)
(9.862854397708757 -0.049882828297406166 0.0)
(9.975626163428045 -0.05114462099323475 0.0)
(9.999999999999996 -0.05156578597390948 0.0)
(9.935484947683086 -0.05114462099323297 0.0)
(9.781590046735676 -0.04988282829740273 0.0)
(9.537851255880396 -0.047788821791379645 0.0)
(9.203736865359028 -0.04487692295249157 0.0)
(8.778749748058777 -0.041172391051226345 0.0)
(8.262534642042546 -0.03671401825225253 0.0)
(7.65222813567158 -0.03151816787369693 0.0)
(6.942417536606344 -0.025491381165322815 0.0)
(6.143177748111967 -0.019288101872789315 0.0)
(5.273301873404507 -0.014406913036844892 0.0)
(4.347969429669615 -0.010766631888218383 0.0)
(3.3712303206237273 -0.007100783831300434 0.0)
(2.337019002141883 -0.003414021592033833 0.0)
(1.2186294430816922 -0.0009180806105471352 0.0)
(-0.016619242779620257 -6.891363420004976e-05 0.0)
(0.016630311256639583 -6.882336117109078e-05 0.0)
(1.3591976401628059 -0.0009169110053859515 0.0)
(2.6409487204401527 -0.003409955291836881 0.0)
(3.829321569412633 -0.007093297447127018 0.0)
(4.897313931084621 -0.01075656786291438 0.0)
(5.837734116302925 -0.014392200758032525 0.0)
(6.655110558970589 -0.01926305286111421 0.0)
(7.367498864632283 -0.025456580030249414 0.0)
(7.992216614227486 -0.031481525449672 0.0)
(8.537427749863678 -0.03667885690346092 0.0)
(8.998968044340122 -0.04113881401659218 0.0)
(9.37401003603863 -0.04484509645828611 0.0)
(9.662129341400776 -0.04775860491889274 0.0)
(9.862843391996469 -0.04985389089997603 0.0)
(9.975621275502828 -0.05111649300249047 0.0)
(9.999999999999996 -0.05153793866535213 0.0)
(9.935489835608303 -0.051116493002488675 0.0)
(9.781601052447964 -0.049853890899972594 0.0)
(9.537870658599235 -0.047758604918887886 0.0)
(9.203767741739162 -0.044845096458280026 0.0)
(8.778809733437656 -0.041138814016585507 0.0)
(8.262572250136348 -0.03667885690345269 0.0)
(7.6522278302169555 -0.031481525449663116 0.0)
(6.943612246478806 -0.025456580030241278 0.0)
(6.14488944102943 -0.019263052861106016 0.0)
(5.273376994808201 -0.014392200758024585 0.0)
(4.34713051335979 -0.01075656786290985 0.0)
(3.370678430587349 -0.007093297447125391 0.0)
(2.3368290573376065 -0.0034099552918366253 0.0)
(1.2185801376149525 -0.0009169110053857964 0.0)
(-0.016630311256647337 -6.882336117107622e-05 0.0)
(0.016632022346281024 -6.874729898891368e-05 0.0)
(1.359213125565737 -0.0009159773089581992 0.0)
(2.641079617425272 -0.0034070551025796973 0.0)
(3.829839195723874 -0.007089098469554699 0.0)
(4.898287780731838 -0.010753125036677396 0.0)
(5.8380388762642115 -0.014388033261013894 0.0)
(6.653656358564985 -0.01925135271104049 0.0)
(7.366182337270041 -0.025435270817322594 0.0)
(7.992117006358802 -0.03145718566947169 0.0)
(8.537379661342465 -0.036655033528805565 0.0)
(8.99889610883878 -0.04111569747514715 0.0)
(9.373972194701675 -0.04482290698698523 0.0)
(9.662105521677752 -0.047737335636756896 0.0)
(9.862829986301303 -0.04983338393706172 0.0)
(9.9756152424933 -0.05109647566682859 0.0)
(9.999999999999996 -0.05151809427907609 0.0)
(9.935495868617833 -0.05109647566682679 0.0)
(9.781614458143128 -0.04983338393705827 0.0)
(9.537894478322258 -0.04773733563675204 0.0)
(9.203805583076118 -0.04482290698697915 0.0)
(8.778881668938999 -0.04111569747514046 0.0)
(8.26262033865756 -0.03665503352879732 0.0)
(7.65232743808564 -0.031457185669462824 0.0)
(6.944928773841052 -0.02543527081731446 0.0)
(6.1463436414350365 -0.019251352711032323 0.0)
(5.273072234846912 -0.014388033261005989 0.0)
(4.346156663712571 -0.010753125036672882 0.0)
(3.370160804276107 -0.0070890984695530755 0.0)
(2.336698160352487 -0.0034070551025794397 0.0)
(1.2185646522120215 -0.0009159773089580432 0.0)
(-0.016632022346288737 -6.874729898889897e-05 0.0)
(0.01662430086638832 -6.868878968666582e-05 0.0)
(1.3591941105045846 -0.000915320546176918 0.0)
(2.641145715217178 -0.0034054484532727467 0.0)
(3.830299814756835 -0.0070883713939778135 0.0)
(4.899353774544558 -0.01075645468099834 0.0)
(5.838710126995322 -0.014394593657991726 0.0)
(6.652523545576674 -0.019253515505765754 0.0)
(7.364801838221793 -0.025428389814382356 0.0)
(7.991921861754332 -0.03144621797851852 0.0)
(8.537323205315488 -0.036643594883793394 0.0)
(8.998815383929301 -0.04110405712543848 0.0)
(9.373929051087014 -0.0448113295033695 0.0)
(9.6620783315456 -0.04772594847832296 0.0)
(9.862814769644983 -0.04982220844709726 0.0)
(9.97560832947886 -0.05108544851135743 0.0)
(9.999999999999996 -0.05150712474111003 0.0)
(9.935502781632271 -0.05108544851135563 0.0)
(9.78162967479945 -0.04982220844709383 0.0)
(9.537921668454413 -0.04772594847831812 0.0)
(9.20384872669078 -0.04481132950336342 0.0)
(8.778962393848477 -0.04110405712543182 0.0)
(8.262676794684538 -0.036643594883785165 0.0)
(7.652522582690111 -0.03144621797850967 0.0)
(6.9463092728893026 -0.02542838981437426 0.0)
(6.147476454423348 -0.01925351550575765 0.0)
(5.272400984115798 -0.01439459365798388 0.0)
(4.345090669899848 -0.010756454680993868 0.0)
(3.369700185243145 -0.007088371393976204 0.0)
(2.3366320625605814 -0.0034054484532724917 0.0)
(1.218583667273174 -0.0009153205461767613 0.0)
(-0.016624300866395977 -6.868878968665106e-05 0.0)
(0.01660748608466191 -6.865040405604827e-05 0.0)
(1.3591414304663485 -0.0009149695739972034 0.0)
(2.641144109599816 -0.0034052059371472952 0.0)
(3.8306831877538854 -0.007091148166767064 0.0)
(4.9004650747048295 -0.010766410497397166 0.0)
(5.839718374967151 -0.014411593697124721 0.0)
(6.651761893735942 -0.019269446216046503 0.0)
(7.363418024090169 -0.02543623936010945 0.0)
(7.99163975471099 -0.031449104277088115 0.0)
(8.53726086235729 -0.03664504356155982 0.0)
(8.998729416516527 -0.04110440442313695 0.0)
(9.373882500846145 -0.04481087270088855 0.0)
(9.662048965688976 -0.047724943774500296 0.0)
(9.862798410619545 -0.0498208554606667 0.0)
(9.975600840204716 -0.05108389604911475 0.0)
(9.999999999999996 -0.051505512032883984 0.0)
(9.935510270906414 -0.05108389604911295 0.0)
(9.781646033824886 -0.04982085546066328 0.0)
(9.537951034311034 -0.04772494377449548 0.0)
(9.203895276931647 -0.044810872700882506 0.0)
(8.779048361261252 -0.041104404423130333 0.0)
(8.262739137642736 -0.03664504356155165 0.0)
(7.652804689733454 -0.031449104277079316 0.0)
(6.94769308702093 -0.025436239360101438 0.0)
(6.148238106264081 -0.01926944621603849 0.0)
(5.271392736143965 -0.014411593697116958 0.0)
(4.343979369739573 -0.010766410497392746 0.0)
(3.369316812246094 -0.007091148166765475 0.0)
(2.3366336681779436 -0.0034052059371470446 0.0)
(1.2186363473114104 -0.0009149695739970471 0.0)
(-0.016607486084669484 -6.865040405603348e-05 0.0)
(0.016582316811849077 -6.86338286914458e-05 0.0)
(1.3590574001155336 -0.0009149398134945465 0.0)
(2.6410748711210768 -0.0034063382099182244 0.0)
(3.830972470006897 -0.007097306781606052 0.0)
(4.9015728527166775 -0.010782555045514959 0.0)
(5.841019319608353 -0.014438286427794067 0.0)
(6.651404868631265 -0.019298444875617403 0.0)
(7.362091697136496 -0.025458474559824973 0.0)
(7.99128308049616 -0.03146571774650166 0.0)
(8.537195371703397 -0.036659315909854086 0.0)
(8.998641983851302 -0.04111672410861707 0.0)
(9.373834589311494 -0.044821556650607726 0.0)
(9.662018714389903 -0.04773436567013683 0.0)
(9.862781628010643 -0.04982938442551859 0.0)
(9.975593103735875 -0.05109188649245137 0.0)
(9.999999999999996 -0.05151332701384705 0.0)
(9.935518007375256 -0.0510918864924496 0.0)
(9.78166281643379 -0.0498293844255152 0.0)
(9.537981285610106 -0.04773436567013203 0.0)
(9.2039431884663 -0.044821556650601724 0.0)
(8.779135793926478 -0.04111672410861049 0.0)
(8.262804628296628 -0.03665931590984598 0.0)
(7.653161363948285 -0.03146571774649295 0.0)
(6.949019413974607 -0.025458474559817073 0.0)
(6.148595131368756 -0.019298444875609513 0.0)
(5.270091791502758 -0.014438286427786412 0.0)
(4.3428715917277225 -0.010782555045510605 0.0)
(3.3690275299930823 -0.007097306781604492 0.0)
(2.3367029066566833 -0.0034063382099179824 0.0)
(1.2187203776622257 -0.0009149398134943918 0.0)
(-0.016582316811856547 -6.863382869143107e-05 0.0)
(0.016549898939751322 -6.86397918840553e-05 0.0)
(1.3589457115920252 -0.0009152325722909893 0.0)
(2.640941041993047 -0.0034087955215914133 0.0)
(3.8311549509828984 -0.007106576640225619 0.0)
(4.902628434840884 -0.010804178963443038 0.0)
(5.8425557997914055 -0.014473499020247126 0.0)
(6.6514681572925864 -0.019339237336428464 0.0)
(7.360881133740669 -0.025494118439531574 0.0)
(7.990867510722325 -0.031495328421306625 0.0)
(8.537129610893334 -0.03668578482780265 0.0)
(8.99855692756498 -0.041140474877437036 0.0)
(9.373787421628238 -0.0448429119193221 0.0)
(9.661988906835116 -0.04775380018437513 0.0)
(9.862765159215407 -0.049847420594540635 0.0)
(9.975585459998623 -0.05110906875590517 0.0)
(9.999999999999996 -0.05153022630803281 0.0)
(9.935525651112508 -0.05110906875590342 0.0)
(9.781679285229027 -0.04984742059453727 0.0)
(9.538011093164894 -0.047753800184370386 0.0)
(9.203990356149554 -0.04484291191931615 0.0)
(8.779220850212798 -0.04114047487743054 0.0)
(8.262870389106691 -0.036685784827794644 0.0)
(7.653576933722122 -0.03149532842129802 0.0)
(6.9502299773704355 -0.025494118439523806 0.0)
(6.148531842707434 -0.01933923733642072 0.0)
(5.268555311319702 -0.014473499020239592 0.0)
(4.341816009603514 -0.01080417896343876 0.0)
(3.368845049017081 -0.007106576640224096 0.0)
(2.3368367357847135 -0.0034087955215911826 0.0)
(1.2188320661857344 -0.0009152325722908363 0.0)
(-0.016549898939758688 -6.863979188404067e-05 0.0)
(0.01651165685036182 -6.866803162210286e-05 0.0)
(1.3588112722852181 -0.0009158349871006028 0.0)
(2.6407485024227793 -0.003412469902387468 0.0)
(3.831222612801644 -0.007118550441996751 0.0)
(4.903585440730045 -0.010830332135787487 0.0)
(5.844260305387975 -0.014515684297591125 0.0)
(6.651948978931909 -0.019390031252379335 0.0)
(7.359839523843641 -0.02554160487236358 0.0)
(7.9904113047650815 -0.03153663526262326 0.0)
(8.537066469336787 -0.03672328731957438 0.0)
(8.99847798487518 -0.041174613164265725 0.0)
(9.373743070258092 -0.0448740001955927 0.0)
(9.661960852714044 -0.04778239340021403 0.0)
(9.86274972784257 -0.04987417149146225 0.0)
(9.97557824484479 -0.051134687882254067 0.0)
(9.999999999999996 -0.05155546739137112 0.0)
(9.93553286626634 -0.051134687882252325 0.0)
(9.781694716601862 -0.04987417149145891 0.0)
(9.538039147285966 -0.04778239340020934 0.0)
(9.2040347075197 -0.04487400019558682 0.0)
(8.7792997929026 -0.04117461316425933 0.0)
(8.262933530663238 -0.036723287319566485 0.0)
(7.654033139679366 -0.03153663526261479 0.0)
(6.951271587267465 -0.025541604872355964 0.0)
(6.148051021068108 -0.019390031252371757 0.0)
(5.266850805723127 -0.014515684297583722 0.0)
(4.3408590037143515 -0.010830332135783292 0.0)
(3.3687773871983357 -0.007118550441995266 0.0)
(2.337029275354982 -0.0034124699023872504 0.0)
(1.2189665054925418 -0.0009158349871004526 0.0)
(-0.01651165685036906 -6.866803162208837e-05 0.0)
(0.01646927083112641 -6.871730710316179e-05 0.0)
(1.3586599892123037 -0.0009167205889187393 0.0)
(2.6405057122467497 -0.003417199906736298 0.0)
(3.831172482526602 -0.007132702079975073 0.0)
(4.904401821296181 -0.010859865440001365 0.0)
(5.846057943540454 -0.014562988715915355 0.0)
(6.65282620712604 -0.01944859483172799 0.0)
(7.359012633878715 -0.02559884739133632 0.0)
(7.989934507479589 -0.031587823323412846 0.0)
(8.537008721358237 -0.036770175594289696 0.0)
(8.998408624379266 -0.04121763899523412 0.0)
(9.37370348391912 -0.04491345551743461 0.0)
(9.66193578467344 -0.04781888898405937 0.0)
(9.862736011918425 -0.04990846173081207 0.0)
(9.975571775295037 -0.05116761821395515 0.0)
(9.999999999999996 -0.051587941216837345 0.0)
(9.935539335816093 -0.05116761821395342 0.0)
(9.781708432526006 -0.049908461730808776 0.0)
(9.53806421532657 -0.04781888898405475 0.0)
(9.204074293858673 -0.04491345551742881 0.0)
(8.779369153398513 -0.04121763899522783 0.0)
(8.262991278641788 -0.036770175594281924 0.0)
(7.6545099369648595 -0.03158782332340453 0.0)
(6.952098477232393 -0.02559884739132887 0.0)
(6.147173792873972 -0.019448594831720588 0.0)
(5.265053167570643 -0.014562988715908089 0.0)
(4.340042623148213 -0.010859865439997257 0.0)
(3.3688275174733784 -0.007132702079973633 0.0)
(2.3372720655310126 -0.003417199906736096 0.0)
(1.2191177885654567 -0.0009167205889185924 0.0)
(-0.016469270831133524 -6.871730710314752e-05 0.0)
(0.016424603246187258 -6.878545325274133e-05 0.0)
(1.3584985094747413 -0.0009178504660216729 0.0)
(2.6402233392211207 -0.003422777706900115 0.0)
(3.831006762790347 -0.00714840975707751 0.0)
(4.905041706270745 -0.010891481236727167 0.0)
(5.847869729317109 -0.014613333805619634 0.0)
(6.654061298072974 -0.019512354897936894 0.0)
(7.3584367958781955 -0.02566333086488836 0.0)
(7.989458068466294 -0.031646643493930225 0.0)
(8.536958904298213 -0.03682438946693727 0.0)
(8.998351893650542 -0.04126766189404299 0.0)
(9.373670401962636 -0.04495954429018755 0.0)
(9.66191480415715 -0.04786168338672379 0.0)
(9.862724614095589 -0.049948784662205294 0.0)
(9.975566335609544 -0.05120641285247781 0.0)
(9.999999999999996 -0.051626220943949704 0.0)
(9.935544775501587 -0.05120641285247611 0.0)
(9.781719830348845 -0.04994878466220204 0.0)
(9.53808519584286 -0.04786168338671922 0.0)
(9.204107375815157 -0.04495954429018184 0.0)
(8.779425884127239 -0.0412676618940368 0.0)
(8.263041095701812 -0.03682438946692964 0.0)
(7.654986375978156 -0.03164664349392205 0.0)
(6.952674315232912 -0.025663330864881092 0.0)
(6.145938701927035 -0.019512354897929657 0.0)
(5.263241381793984 -0.014613333805612506 0.0)
(4.339402738173649 -0.010891481236723146 0.0)
(3.3689932372096347 -0.007148409757076113 0.0)
(2.337554438556642 -0.0034227777068999293 0.0)
(1.2192792683030196 -0.0009178504660215294 0.0)
(-0.016424603246194255 -6.878545325272727e-05 0.0)
(0.016379616707509568 -6.886947585369878e-05 0.0)
(1.3583339281967803 -0.000919174973676552 0.0)
(2.6399137903000525 -0.003428958224544018 0.0)
(3.830732735014914 -0.007164983306708561 0.0)
(4.905476980278589 -0.010923790385696224 0.0)
(5.849616056165481 -0.0146645074955661 0.0)
(6.655599984136035 -0.019578509950342556 0.0)
(7.358137311110362 -0.025732222007161014 0.0)
(7.989002921583821 -0.03171051132349128 0.0)
(8.536919207027198 -0.03688354687913447 0.0)
(8.998310285333437 -0.04132248394603298 0.0)
(9.373645277949285 -0.045010241457493806 0.0)
(9.661898833010675 -0.047908896300444336 0.0)
(9.86271603517354 -0.04999336856980522 0.0)
(9.975562164798141 -0.05124936723237814 0.0)
(9.999999999999996 -0.05166862463152964 0.0)
(9.93554894631299 -0.051249367232376455 0.0)
(9.781728409270892 -0.04999336856980201 0.0)
(9.538101166989335 -0.047908896300439825 0.0)
(9.204132499828509 -0.04501024145748819 0.0)
(8.779467492444342 -0.04132248394602692 0.0)
(8.263080792972827 -0.03688354687912696 0.0)
(7.65544152286063 -0.03171051132348327 0.0)
(6.952973800000745 -0.02573222200715392 0.0)
(6.144400015863967 -0.019578509950335485 0.0)
(5.261495054945608 -0.014664507495559097 0.0)
(4.338967464165805 -0.010923790385692286 0.0)
(3.3692672649850683 -0.007164983306707208 0.0)
(2.3378639874777116 -0.003428958224543849 0.0)
(1.219443849580981 -0.0009191749736764124 0.0)
(-0.016379616707516448 -6.8869475853685e-05 0.0)
(0.01633628784130228 -6.89656831066631e-05 0.0)
(1.3581734767786815 -0.0009206359154401399 0.0)
(2.639590666496832 -0.003435469899029671 0.0)
(3.830362439479436 -0.007181694517417892 0.0)
(4.905688518176121 -0.01095537328201076 0.0)
(5.851220193678668 -0.014714261307438118 0.0)
(6.657374658264562 -0.019644153256969527 0.0)
(7.35812733838802 -0.025802493867395596 0.0)
(7.988589065153517 -0.031776620576508034 0.0)
(8.536891373770652 -0.03694504856241474 0.0)
(8.998285627621287 -0.04137969637053378 0.0)
(9.37362921578225 -0.045063319478569765 0.0)
(9.661888572976974 -0.04795845327616572 0.0)
(9.862710652094421 -0.05004025451827585 0.0)
(9.97555944611865 -0.05129459401678616 0.0)
(9.999999999999996 -0.05171328913912026 0.0)
(9.93555166499248 -0.05129459401678449 0.0)
(9.78173379235001 -0.05004025451827268 0.0)
(9.538111427023038 -0.04795845327616128 0.0)
(9.204148561995543 -0.045063319478564234 0.0)
(8.779492150156491 -0.04137969637052781 0.0)
(8.263108626229373 -0.03694504856240736 0.0)
(7.6558553792909345 -0.031776620576500166 0.0)
(6.952983772723086 -0.025802493867388667 0.0)
(6.142625341735435 -0.01964415325696261 0.0)
(5.2598909174324175 -0.014714261307431233 0.0)
(4.3387559262682736 -0.010955373282006898 0.0)
(3.3696375605205477 -0.007181694517416581 0.0)
(2.338187111280933 -0.0034354698990295193 0.0)
(1.21960430099908 -0.0009206359154400042 0.0)
(-0.016336287841309062 -6.896568310664959e-05 0.0)
(0.016296520438678627 -6.906984784094524e-05 0.0)
(1.3580242051622187 -0.0009221691002040619 0.0)
(2.6392681652802352 -0.0034420266192929467 0.0)
(3.829912146292306 -0.007197809129179231 0.0)
(4.905667025375121 -0.010984842230985985 0.0)
(5.852611658989027 -0.014760409149764063 0.0)
(6.65930734452402 -0.01970640057101565 0.0)
(7.358407315894345 -0.02587105882861214 0.0)
(7.988234683269802 -0.03184206653334636 0.0)
(8.536876627470953 -0.037006192245328924 0.0)
(8.998279003928854 -0.041436785358279965 0.0)
(9.373622921203768 -0.04511644620227286 0.0)
(9.661884474863156 -0.048008176871036666 0.0)
(9.862708701380882 -0.05008738242481683 0.0)
(9.975558299024874 -0.051340106023535025 0.0)
(9.999999999999996 -0.05175825198996944 0.0)
(9.935552812086259 -0.051340106023533366 0.0)
(9.78173574306355 -0.0500873824248137 0.0)
(9.538115525136854 -0.04800817687103228 0.0)
(9.204154856574025 -0.045116446202267416 0.0)
(8.779498773848925 -0.041436785358274095 0.0)
(8.263123372529073 -0.03700619224532165 0.0)
(7.65620976117465 -0.03184206653333863 0.0)
(6.95270379521676 -0.02587105882860535 0.0)
(6.140692655475973 -0.019706400571008864 0.0)
(5.258499452122056 -0.014760409149757275 0.0)
(4.338777419069275 -0.010984842230982186 0.0)
(3.370087853707679 -0.007197809129177956 0.0)
(2.3385096124975306 -0.0034420266192928097 0.0)
(1.219753572615543 -0.0009221691002039301 0.0)
(-0.016296520438685326 -6.9069847840932e-05 0.0)
(0.01626206180655748 -6.91773932486848e-05 0.0)
(1.3578926720691347 -0.0009237071626346733 0.0)
(2.6389604567637197 -0.003448340295040657 0.0)
(3.8294016405123776 -0.007212619095432632 0.0)
(4.905413446229943 -0.011010902420915847 0.0)
(5.8537293136564355 -0.014800923370777224 0.0)
(6.661313124215919 -0.019762516859379985 0.0)
(7.358964941929913 -0.025934904271850835 0.0)
(7.9879553468243225 -0.03190397361839279 0.0)
(8.536875616053528 -0.03706429138630898 0.0)
(8.998290705289067 -0.04149124252359135 0.0)
(9.3736266707861 -0.04516728733755617 0.0)
(9.661886718732847 -0.04805588232126531 0.0)
(9.862710268743704 -0.05013268157543279 0.0)
(9.975558773918014 -0.05138390353831005 0.0)
(9.999999999999996 -0.051801537598668075 0.0)
(9.935552337193117 -0.05138390353830842 0.0)
(9.781734175700727 -0.05013268157542969 0.0)
(9.538113281267163 -0.04805588232126096 0.0)
(9.204151106991693 -0.04516728733755078 0.0)
(8.779487072488713 -0.04149124252358556 0.0)
(8.263124383946497 -0.0370642913863018 0.0)
(7.65648909762013 -0.03190397361838517 0.0)
(6.952146169181189 -0.025934904271844177 0.0)
(6.138686875784068 -0.01976251685937331 0.0)
(5.257381797454647 -0.014800923370770512 0.0)
(4.3390309982144535 -0.011010902420912096 0.0)
(3.370598359487609 -0.007212619095431387 0.0)
(2.3388173210140466 -0.003448340295040533 0.0)
(1.2198851057086275 -0.000923707162634545 0.0)
(-0.016262061806564122 -6.917739324867186e-05 0.0)
(0.016234425994193964 -6.928359398141452e-05 0.0)
(1.357784656822906 -0.0009251825230825789 0.0)
(2.6386810610965643 -0.0034541335149109904 0.0)
(3.828853352829677 -0.007225473693354991 0.0)
(4.904938922544319 -0.0110324088147306 0.0)
(5.854524049979497 -0.014834023849724954 0.0)
(6.663303867050066 -0.01981003647501365 0.0)
(7.359775715426869 -0.02599122494513772 0.0)
(7.987763329349461 -0.03195962174758619 0.0)
(8.53688838395821 -0.03711679321538958 0.0)
(8.998320217565562 -0.0415406751182507 0.0)
(9.373640299779458 -0.04521360901794657 0.0)
(9.661895205994517 -0.04809947353664323 0.0)
(9.862715285315835 -0.05017416160831812 0.0)
(9.975560849932135 -0.05142406217843732 0.0)
(9.999999999999996 -0.051841244074758715 0.0)
(9.935550261178998 -0.0514240621784357 0.0)
(9.781729159128597 -0.050174161608315046 0.0)
(9.538104794005495 -0.04809947353663894 0.0)
(9.204137477998334 -0.045213609017941234 0.0)
(8.779457560212219 -0.04154067511824498 0.0)
(8.263111616041815 -0.037116793215382506 0.0)
(7.656681115094992 -0.031959621747578666 0.0)
(6.95133539568423 -0.02599122494513115 0.0)
(6.136696132949917 -0.019810036475007058 0.0)
(5.256587061131585 -0.01483402384971829 0.0)
(4.33950552190008 -0.011032408814726884 0.0)
(3.3711466471703107 -0.007225473693353768 0.0)
(2.3390967166812024 -0.0034541335149108785 0.0)
(1.2199931209548562 -0.0009251825230824538 0.0)
(-0.016234425994200566 -6.928359398140182e-05 0.0)
(0.016214827268625037 -6.938378377322694e-05 0.0)
(1.3577049054158443 -0.0009265303569087934 0.0)
(2.638442254413244 -0.003459151735421242 0.0)
(3.828291374001919 -0.0072358081154304185 0.0)
(4.904264304020877 -0.011048416460830858 0.0)
(5.854960948698107 -0.014858256212117902 0.0)
(6.665192103428291 -0.019846871492940385 0.0)
(7.360804012481026 -0.026037546221124315 0.0)
(7.987667067741778 -0.03200656584393518 0.0)
(8.536914370186626 -0.03716139089825036 0.0)
(8.998366244042902 -0.041582911164483066 0.0)
(9.37366320935081 -0.04525337595355083 0.0)
(9.661909563733413 -0.04813703519891461 0.0)
(9.862723530678272 -0.05020999996671343 0.0)
(9.975564435850975 -0.051458817446737797 0.0)
(9.999999999999996 -0.051875626788322894 0.0)
(9.935546675260158 -0.051458817446736194 0.0)
(9.781720913766161 -0.050209999966710384 0.0)
(9.538090436266597 -0.04813703519891035 0.0)
(9.204114568426983 -0.04525337595354553 0.0)
(8.779411533734876 -0.04158291116447739 0.0)
(8.2630856298134 -0.037161390898243336 0.0)
(7.656777376702675 -0.03200656584392773 0.0)
(6.950307098630069 -0.026037546221117817 0.0)
(6.134807896571688 -0.019846871492933835 0.0)
(5.256150162412975 -0.014858256212111263 0.0)
(4.3401801404235245 -0.011048416460827156 0.0)
(3.3717086259980706 -0.007235808115429211 0.0)
(2.339335523364523 -0.0034591517354211386 0.0)
(1.220072872361918 -0.0009265303569086708 0.0)
(-0.016214827268631632 -6.938378377321446e-05 0.0)
(0.016204126761997343 -6.947356046796193e-05 0.0)
(1.3576569219788743 -0.0009276914427607851 0.0)
(2.6382545294425395 -0.003463174465142765 0.0)
(3.827740396350683 -0.007243168286059214 0.0)
(4.903419232163357 -0.011058222012532135 0.0)
(5.855020813281852 -0.014872555732284383 0.0)
(6.666894867698565 -0.01987140344986025 0.0)
(7.36200465160104 -0.02607183282768616 0.0)
(7.987670791560207 -0.03204274326972798 0.0)
(8.536952432951438 -0.03719612489429553 0.0)
(8.998426762401877 -0.04161609488768567 0.0)
(9.3736943928955 -0.04528484085797004 0.0)
(9.66192916109676 -0.04816691691735637 0.0)
(9.862734642544872 -0.05023862197871525 0.0)
(9.97556937411582 -0.051486642260305325 0.0)
(9.999999999999996 -0.05190317502582801 0.0)
(9.935541736995312 -0.05148664226030372 0.0)
(9.78170980189956 -0.05023862197871222 0.0)
(9.53807083890325 -0.04816691691735212 0.0)
(9.204083384882294 -0.04528484085796476 0.0)
(8.779351015375902 -0.04161609488768002 0.0)
(8.263047567048588 -0.037196124894288536 0.0)
(7.656773652884245 -0.03204274326972057 0.0)
(6.949106459510052 -0.02607183282767969 0.0)
(6.133105132301411 -0.0198714034498537 0.0)
(5.256090297829231 -0.014872555732277734 0.0)
(4.341025212281047 -0.01105822201252843 0.0)
(3.372259603649308 -0.00724316828605801 0.0)
(2.3395232483352277 -0.003463174465142667 0.0)
(1.220120855798888 -0.0009276914427606644 0.0)
(-0.016204126762003952 -6.947356046794964e-05 0.0)
(0.016202794634996086 -6.954897944189462e-05 0.0)
(1.3576428148164337 -0.000928614764650364 0.0)
(2.638126134476231 -0.003466024952690973 0.0)
(3.8272246288259795 -0.0072472308128089975 0.0)
(4.902440837883166 -0.011061394631831426 0.0)
(5.854701013390444 -0.014876294115468506 0.0)
(6.66833734351397 -0.01988255445646612 0.0)
(7.3633248789004835 -0.026092578274056498 0.0)
(7.987774337186981 -0.03206656445505999 0.0)
(8.537000899844397 -0.03721946905528294 0.0)
(8.998499113576509 -0.04163876825576887 0.0)
(9.373732480265623 -0.04530662122086745 0.0)
(9.66195313701226 -0.04818780574392723 0.0)
(9.862748132680549 -0.050258770045478705 0.0)
(9.975575447748346 -0.051506314047735806 0.0)
(9.999999999999996 -0.051922678368116156 0.0)
(9.935535663362785 -0.0515063140477342 0.0)
(9.781696311763884 -0.05025877004547567 0.0)
(9.53804686298775 -0.048187805743922986 0.0)
(9.20404529751217 -0.04530662122086217 0.0)
(8.77927866420127 -0.04163876825576324 0.0)
(8.262999100155628 -0.03721946905527595 0.0)
(7.65667010725747 -0.03206656445505258 0.0)
(6.947786232210604 -0.02609257827405002 0.0)
(6.131662656486003 -0.019882554456459547 0.0)
(5.256410097720643 -0.014876294115461826 0.0)
(4.342003606561242 -0.0110613946318277 0.0)
(3.3727753711740123 -0.00724723081280779 0.0)
(2.339651643301537 -0.0034660249526908757 0.0)
(1.2201349629613287 -0.0009286147646502446 0.0)
(-0.01620279463500273 -6.954897944188246e-05 0.0)
)
