(
(0.00033492513346531424 -8.048924095686122e-05 0.0)
(1.3064406148994536 -0.001154290695822451 0.0)
(2.5590701416405013 -0.004827236231714083 0.0)
(3.7426860112004405 -0.011742749231567378 0.0)
(4.820290062583794 -0.021307977688296214 0.0)
(5.7614018109422585 -0.03310203406304618 0.0)
(6.565764295238448 -0.046932774084269345 0.0)
(7.280388057664144 -0.06131217524951585 0.0)
(7.926246051270779 -0.0744250634846882 0.0)
(8.485698278917779 -0.08590303749392336 0.0)
(8.957374208808426 -0.09580996323441586 0.0)
(9.341956430590907 -0.10404256646265951 0.0)
(9.638764905362862 -0.11051432196277032 0.0)
(9.847578828622988 -0.11516855649402685 0.0)
(9.968085656880712 -0.11797244441145895 0.0)
(10.000000000000002 -0.11890862287299508 0.0)
(9.943025454230424 -0.11797244441145786 0.0)
(9.796865615821451 -0.11516855649402495 0.0)
(9.561235094637155 -0.1105143219627668 0.0)
(9.235821347186885 -0.1040425664626562 0.0)
(8.82040356896936 -0.09580996323441221 0.0)
(8.31430172108225 -0.08590303749391924 0.0)
(7.718198393173668 -0.07442506348468435 0.0)
(7.03072305344696 -0.06131217524951216 0.0)
(6.234235704761569 -0.046932774084265085 0.0)
(5.349709300168822 -0.03310203406304213 0.0)
(4.424154381860571 -0.021307977688294094 0.0)
(3.457313988799519 -0.011742749231566771 0.0)
(2.4187076361372553 -0.004827236231714286 0.0)
(1.271337162878311 -0.0011542906958224503 0.0)
(-0.0003349251334776595 -8.048924095686057e-05 0.0)
(0.0002943383883950801 -8.055718820424607e-05 0.0)
(1.3062931249253522 -0.0011553904084081012 0.0)
(2.558803713323361 -0.004832524880320442 0.0)
(3.7424934796698666 -0.011757317018644626 0.0)
(4.820789568781944 -0.02133688817844113 0.0)
(5.763017370219915 -0.03314796332518774 0.0)
(6.5670019875987125 -0.0469914686396053 0.0)
(7.279974663573072 -0.061372313301763265 0.0)
(7.925822810521808 -0.07448032210313428 0.0)
(8.485657115556535 -0.08595408275275854 0.0)
(8.95732874186418 -0.0958571555829306 0.0)
(9.341929579994508 -0.10408612040450084 0.0)
(9.638747862061152 -0.11055481735937552 0.0)
(9.84756960791331 -0.11520675143117765 0.0)
(9.968081226291726 -0.11800921530919749 0.0)
(10.000000000000002 -0.11894491332917514 0.0)
(9.943029884819412 -0.1180092153091964 0.0)
(9.79687483653113 -0.11520675143117577 0.0)
(9.561252137938865 -0.11055481735937207 0.0)
(9.235848197783286 -0.1040861204044976 0.0)
(8.820449035913606 -0.09585715558292704 0.0)
(8.314342884443496 -0.08595408275275455 0.0)
(7.7186216339226394 -0.07448032210313056 0.0)
(7.031136447538031 -0.06137231330175974 0.0)
(6.2329980124013 -0.04699146863960119 0.0)
(5.348093740891162 -0.03314796332518381 0.0)
(4.423654875662422 -0.02133688817843908 0.0)
(3.4575065203300936 -0.01175731701864406 0.0)
(2.4189740644543964 -0.004832524880320659 0.0)
(1.2714846528524129 -0.001155390408408104 0.0)
(-0.00029433838840731976 -8.055718820424564e-05 0.0)
(0.0002542368040210558 -8.063807125442098e-05 0.0)
(1.306145657389442 -0.001156643635007081 0.0)
(2.5585179943053147 -0.004838253148484273 0.0)
(3.7422075532095893 -0.011772383969765472 0.0)
(4.82109623973182 -0.021365870793997637 0.0)
(5.764543584934199 -0.033193762624316184 0.0)
(6.568488213438202 -0.0470511943481804 0.0)
(7.279816755464508 -0.06143525860256299 0.0)
(7.92542668881598 -0.07453905413722435 0.0)
(8.485625802209832 -0.0860085881633767 0.0)
(8.957297689410495 -0.09590775189028093 0.0)
(9.341910370356963 -0.10413297648457552 0.0)
(9.638735631279351 -0.11059850284301147 0.0)
(9.847563088303717 -0.11524803899073263 0.0)
(9.96807801687106 -0.11804901516570228 0.0)
(10.000000000000002 -0.11898420980797647 0.0)
(9.943033094240079 -0.11804901516570122 0.0)
(9.796881356140723 -0.11524803899073081 0.0)
(9.561264368720666 -0.11059850284300805 0.0)
(9.235867407420828 -0.10413297648457237 0.0)
(8.820480088367288 -0.09590775189027748 0.0)
(8.314374197790197 -0.08600858816337285 0.0)
(7.719017755628468 -0.0745390541372208 0.0)
(7.031294355646595 -0.06143525860255962 0.0)
(6.231511786561806 -0.047051194348176444 0.0)
(5.346567526176875 -0.03319376262431237 0.0)
(4.423348204712545 -0.021365870793995663 0.0)
(3.457792446790372 -0.011772383969764945 0.0)
(2.4192597834724436 -0.004838253148484506 0.0)
(1.2716321203883234 -0.0011566436350070868 0.0)
(-0.000254236804033199 -8.063807125442079e-05 0.0)
(0.0002163823705968609 -8.072833625413259e-05 0.0)
(1.3060046917454669 -0.0011579953111353438 0.0)
(2.558225538557308 -0.004844169346582028 0.0)
(3.741840794905186 -0.01178728807066188 0.0)
(4.821196600872925 -0.021393652091860383 0.0)
(5.765913396002696 -0.03323741962301527 0.0)
(6.570157670712501 -0.04710932697162495 0.0)
(7.279921271531855 -0.06149824545055306 0.0)
(7.925075091016365 -0.07459867900882773 0.0)
(8.48560571472884 -0.08606415885775015 0.0)
(8.957282415835383 -0.0959595290472852 0.0)
(9.341899645714609 -0.10418107593244584 0.0)
(9.638728750415636 -0.1106434589534475 0.0)
(9.847559556253923 -0.11529060507285846 0.0)
(9.968076169634784 -0.11809009524809035 0.0)
(10.000000000000002 -0.1190247856940114 0.0)
(9.943034941476352 -0.11809009524808932 0.0)
(9.796884888190515 -0.11529060507285667 0.0)
(9.561271249584381 -0.11064345895344417 0.0)
(9.235878132063183 -0.10418107593244275 0.0)
(8.820495361942402 -0.09595952904728186 0.0)
(8.31439428527119 -0.08606415885774639 0.0)
(7.7193693534280845 -0.07459867900882429 0.0)
(7.0311898395792465 -0.06149824545054983 0.0)
(6.229842329287502 -0.04710932697162112 0.0)
(5.345197715108375 -0.033237419623011535 0.0)
(4.42324784357144 -0.021393652091858464 0.0)
(3.458159205094776 -0.011787288070661388 0.0)
(2.419552239220451 -0.004844169346582275 0.0)
(1.2717730860322989 -0.0011579953111353536 0.0)
(-0.00021638237060892104 -8.072833625413264e-05 0.0)
(0.00018243834267442566 -8.082401712442872e-05 0.0)
(1.3058764217659335 -0.0011593860466166356 0.0)
(2.5579391960498747 -0.004850013527692672 0.0)
(3.741409319445587 -0.01180137446240674 0.0)
(4.821086242520326 -0.021419011412625723 0.0)
(5.7670666164330555 -0.033277016112630356 0.0)
(6.571937006523163 -0.04716331226881542 0.0)
(7.280283619530321 -0.061558506318863976 0.0)
(7.924783465687047 -0.07465657691016679 0.0)
(8.485597735720724 -0.08611835316123179 0.0)
(8.957283592231787 -0.0960102120603883 0.0)
(9.341897877288606 -0.10422830534636783 0.0)
(9.638727521802569 -0.110687710401436 0.0)
(9.847559166955739 -0.11533257940177896 0.0)
(9.968075765747086 -0.11813065057269541 0.0)
(10.000000000000002 -0.11906485815707904 0.0)
(9.94303534536405 -0.11813065057269438 0.0)
(9.796885277488702 -0.1153325794017772 0.0)
(9.561272478197449 -0.1106877104014327 0.0)
(9.235879900489186 -0.10422830534636479 0.0)
(8.820494185545996 -0.09601021206038504 0.0)
(8.314402264279305 -0.08611835316122814 0.0)
(7.719660978757403 -0.07465657691016346 0.0)
(7.030827491580778 -0.06155850631886087 0.0)
(6.2280629934768355 -0.0471633122688117 0.0)
(5.344044494678014 -0.033277016112626706 0.0)
(4.423358201924041 -0.02141901141262386 0.0)
(3.458590680554377 -0.011801374462406278 0.0)
(2.419838581727885 -0.00485001352769293 0.0)
(1.2719013560118324 -0.0011593860466166488 0.0)
(-0.0001824383426864198 -8.082401712442904e-05 0.0)
(0.00015389615874181786 -8.092090982291177e-05 0.0)
(1.3057664833990794 -0.0011607547350781875 0.0)
(2.5576715481489436 -0.004855528909189826 0.0)
(3.740932085073124 -0.011814024214717106 0.0)
(4.820770013618138 -0.021440834514132794 0.0)
(5.767952575829323 -0.03331081229584751 0.0)
(6.57374804010987 -0.04721077822455657 0.0)
(7.280887878551752 -0.061613393455186294 0.0)
(7.924564626311482 -0.07471020391337789 0.0)
(8.485602215768504 -0.08616878987527235 0.0)
(8.957301166911005 -0.09605757401071642 0.0)
(9.341905142780359 -0.1042725895522975 0.0)
(9.638731999423163 -0.11072931285930802 0.0)
(9.847561937514211 -0.11537211770227121 0.0)
(9.96807682295405 -0.11816889921274822 0.0)
(10.000000000000002 -0.1191026664864627 0.0)
(9.943034288157088 -0.11816889921274719 0.0)
(9.79688250693023 -0.11537211770226947 0.0)
(9.561268000576854 -0.11072931285930478 0.0)
(9.235872634997433 -0.10427258955229454 0.0)
(8.82047661086678 -0.09605757401071321 0.0)
(8.314397784231526 -0.08616878987526878 0.0)
(7.719879818132967 -0.07471020391337467 0.0)
(7.0302232325593454 -0.061613393455183296 0.0)
(6.226251959890123 -0.04721077822455295 0.0)
(5.343158535281746 -0.03331081229584393 0.0)
(4.423674430826231 -0.021440834514130973 0.0)
(3.459067914926841 -0.01181402421471667 0.0)
(2.4201062296288165 -0.004855528909190099 0.0)
(1.2720112943786868 -0.0011607547350782038 0.0)
(-0.00015389615875376593 -8.092090982291231e-05 0.0)
(0.00013200991014458653 -8.101475706167058e-05 0.0)
(1.3056797071356177 -0.0011620412388529434 0.0)
(2.5574343548136333 -0.004860473155300616 0.0)
(3.7404300605930487 -0.011824681520618536 0.0)
(4.8202618086858005 -0.02145816252922562 0.0)
(5.768532346756445 -0.03333732323020454 0.0)
(6.575511197970016 -0.04724963927158966 0.0)
(7.281707498560205 -0.0616604952191632 0.0)
(7.924428188291479 -0.07475720374604779 0.0)
(8.485618958027075 -0.08621325290292822 0.0)
(8.95733436767378 -0.09609953390081837 0.0)
(9.341921122957453 -0.10431198278324201 0.0)
(9.638741986538959 -0.11076643839117427 0.0)
(9.84756774619607 -0.1154074827337449 0.0)
(9.968079294803934 -0.11820316059297871 0.0)
(10.000000000000002 -0.11913654945333765 0.0)
(9.943031816307203 -0.11820316059297771 0.0)
(9.79687669824837 -0.1154074827337432 0.0)
(9.561258013461059 -0.11076643839117102 0.0)
(9.23585665482034 -0.10431198278323908 0.0)
(8.820443410104003 -0.09609953390081521 0.0)
(8.314381041972954 -0.08621325290292471 0.0)
(7.72001625615297 -0.07475720374604462 0.0)
(7.029403612550889 -0.06166049521916027 0.0)
(6.224488802029973 -0.047249639271586076 0.0)
(5.342578764354624 -0.033337323230200985 0.0)
(4.42418263575857 -0.02145816252922382 0.0)
(3.4595699394069177 -0.011824681520618113 0.0)
(2.4203434229641276 -0.004860473155300897 0.0)
(1.2720980706421487 -0.0011620412388529623 0.0)
(-0.00013200991015651059 -8.101475706167136e-05 0.0)
(0.00011774123860633373 -8.110143536472276e-05 0.0)
(1.305619905765812 -0.0011631890313186324 0.0)
(2.5572380378851642 -0.004864629024896172 0.0)
(3.7399253040425866 -0.011832878117586702 0.0)
(4.819583957318305 -0.02147023409662172 0.0)
(5.768780455140544 -0.033355384073746164 0.0)
(6.577149010172831 -0.0472781879266023 0.0)
(7.282706466951961 -0.06169774204545578 0.0)
(7.92438014646403 -0.0747955113215127 0.0)
(8.485647226872228 -0.08624978862010702 0.0)
(8.95738173573934 -0.0961342480898865 0.0)
(9.34194511568014 -0.10434475417270149 0.0)
(9.638757044334358 -0.11079745576908372 0.0)
(9.847576337778461 -0.11543712062141553 0.0)
(9.968083072688179 -0.11823192933101905 0.0)
(10.000000000000002 -0.11916501830212656 0.0)
(9.943028038422959 -0.11823192933101805 0.0)
(9.796868106665979 -0.11543712062141383 0.0)
(9.561242955665659 -0.11079745576908052 0.0)
(9.235832662097653 -0.10434475417269859 0.0)
(8.820396042038444 -0.09613424808988341 0.0)
(8.314352773127801 -0.08624978862010356 0.0)
(7.72006429798042 -0.07479551132150959 0.0)
(7.02840464415913 -0.061697742045452905 0.0)
(6.222850989827156 -0.04727818792659876 0.0)
(5.3423306559705255 -0.03335538407374261 0.0)
(4.424860487126068 -0.021470234096619932 0.0)
(3.4600746959573807 -0.011832878117586291 0.0)
(2.420539739892597 -0.0048646290248964595 0.0)
(1.2721578720119544 -0.0011631890313186534 0.0)
(-0.00011774123861825677 -8.11014353647237e-05 0.0)
(0.00011171708345065356 -8.117713624600566e-05 0.0)
(1.305589706852448 -0.0011641476805741395 0.0)
(2.557091223170221 -0.004867813916669417 0.0)
(3.73943999350114 -0.011838253862146078 0.0)
(4.818766243064647 -0.02147651881373402 0.0)
(5.768685999553124 -0.033364201266048554 0.0)
(6.578589514246416 -0.04729516981392156 0.0)
(7.283840890883448 -0.06172349737665789 0.0)
(7.924422611699143 -0.07482344347498847 0.0)
(8.485685780222619 -0.08627679171423613 0.0)
(8.957441189841537 -0.09616019129996102 0.0)
(9.341976066752078 -0.1043694638057767 0.0)
(9.638776511197383 -0.11082100214619577 0.0)
(9.847587334762974 -0.11545972913071983 0.0)
(9.968087990613462 -0.1182539413811506 0.0)
(10.000000000000002 -0.11918682216369592 0.0)
(9.943023120497676 -0.1182539413811496 0.0)
(9.796857109681467 -0.11545972913071816 0.0)
(9.561223488802634 -0.11082100214619257 0.0)
(9.235801711025713 -0.1043694638057738 0.0)
(8.820336587936248 -0.09616019129995793 0.0)
(8.31431421977741 -0.08627679171423268 0.0)
(7.7200218327453065 -0.07482344347498539 0.0)
(7.027270220227639 -0.061723497376655015 0.0)
(6.221410485753568 -0.04729516981391801 0.0)
(5.342425111557947 -0.03336420126604499 0.0)
(4.425678201379729 -0.02147651881373222 0.0)
(3.4605600064988287 -0.011838253862145669 0.0)
(2.42068655460754 -0.004867813916669707 0.0)
(1.2721880709253182 -0.0011641476805741618 0.0)
(-0.0001117170834625987 -8.117713624600677e-05 0.0)
(0.00011420213503420619 -8.123853354728658e-05 0.0)
(1.3055904372805318 -0.0011648750653249769 0.0)
(2.55700036143879 -0.004869887892302427 0.0)
(3.7389954526260487 -0.011840572553915374 0.0)
(4.817844594793164 -0.02147674054159018 0.0)
(5.768253130199896 -0.03336338739581253 0.0)
(6.579769417077106 -0.04729983878048611 0.0)
(7.285060925842487 -0.06173662957063454 0.0)
(7.924553718152074 -0.07483977291875175 0.0)
(8.485732924114567 -0.08629307571876024 0.0)
(8.957510117675891 -0.09617622363385299 0.0)
(9.342012616239792 -0.10438502598639528 0.0)
(9.638799531789681 -0.110836042937777 0.0)
(9.847600253962224 -0.11547431488512014 0.0)
(9.968093832495143 -0.11826822957416051 0.0)
(10.000000000000002 -0.11920100301625738 0.0)
(9.943017278615995 -0.11826822957415951 0.0)
(9.796844190482215 -0.11547431488511843 0.0)
(9.561200468210336 -0.11083604293777378 0.0)
(9.235765161538 -0.10438502598639238 0.0)
(8.820267660101894 -0.0961762236338499 0.0)
(8.314267075885462 -0.08629307571875681 0.0)
(7.719890726292374 -0.07483977291874865 0.0)
(7.0260501852685975 -0.061736629570631654 0.0)
(6.220230582922876 -0.047299838780482516 0.0)
(5.3428579809111785 -0.033363387395808936 0.0)
(4.426599849651215 -0.02147674054158835 0.0)
(3.461004547373921 -0.011840572553914954 0.0)
(2.4207774163389715 -0.0048698878923027185 0.0)
(1.2721873404972344 -0.001164875065325 0.0)
(-0.00011420213504619546 -8.123853354728777e-05 0.0)
(0.00012508720473668362 -8.128292958347039e-05 0.0)
(1.3056220649563897 -0.0011653392256159058 0.0)
(2.556969444989122 -0.00487075982510012 0.0)
(3.7386112137301004 -0.011839732313820168 0.0)
(4.816859508042799 -0.021470889537873825 0.0)
(5.7675008665683265 -0.033352978223007354 0.0)
(6.580636875893091 -0.04729198968044671 0.0)
(7.286312965724968 -0.06173656162280708 0.0)
(7.924767705245135 -0.07484378216691749 0.0)
(8.485786587131704 -0.08629792514431137 0.0)
(8.95758549067946 -0.09618164066014152 0.0)
(9.342053158225655 -0.10439075694081106 0.0)
(9.638825094628544 -0.11084191727896163 0.0)
(9.847614527730235 -0.11548023701325189 0.0)
(9.968100341651628 -0.11827416611298745 0.0)
(10.000000000000002 -0.11920693777909255 0.0)
(9.94301076945951 -0.11827416611298645 0.0)
(9.796829916714206 -0.1154802370132502 0.0)
(9.561174905371473 -0.11084191727895844 0.0)
(9.235724619552137 -0.10439075694080815 0.0)
(8.820192287098326 -0.0961816406601384 0.0)
(8.314213412868325 -0.08629792514430788 0.0)
(7.719676739199312 -0.07484378216691435 0.0)
(7.0247981453861135 -0.06173656162280414 0.0)
(6.2193631241068905 -0.04729198968044305 0.0)
(5.3436102445427505 -0.033352978223003676 0.0)
(4.4275849364015825 -0.021470889537871955 0.0)
(3.46138878626987 -0.011839732313819734 0.0)
(2.420808332788639 -0.004870759825100408 0.0)
(1.2721557128213763 -0.0011653392256159285 0.0)
(-0.00012508720474873724 -8.128292958347164e-05 0.0)
(0.0001438940225090314 -8.130837367394747e-05 0.0)
(1.3056832002178054 -0.0011655197670928995 0.0)
(2.5569998322334557 -0.004870391403930522 0.0)
(3.7383041595674373 -0.011835770060473072 0.0)
(4.815854265723196 -0.021459222884984152 0.0)
(5.7664622617461605 -0.033333431107643016 0.0)
(6.581153776140968 -0.047271967388899584 0.0)
(7.287541998188996 -0.061723296518678736 0.0)
(7.925055170776936 -0.07483529506045601 0.0)
(8.485844411419233 -0.08629112691600255 0.0)
(8.957663997100356 -0.09617620436460168 0.0)
(9.342095911368979 -0.1043864048613715 0.0)
(9.638852076529597 -0.11083836706194487 0.0)
(9.84762952890375 -0.11547723530763929 0.0)
(9.968107232082488 -0.11827149015697595 0.0)
(10.000000000000002 -0.11920436568957982 0.0)
(9.94300387902865 -0.11827149015697495 0.0)
(9.79681491554069 -0.11547723530763755 0.0)
(9.561147923470418 -0.11083836706194163 0.0)
(9.235681866408813 -0.10438640486136858 0.0)
(8.820113780677428 -0.0961762043645985 0.0)
(8.314155588580796 -0.08629112691599901 0.0)
(7.719389273667511 -0.07483529506045282 0.0)
(7.0235691129220825 -0.06172329651867571 0.0)
(6.218846223859014 -0.04727196738889582 0.0)
(5.34464884936492 -0.033333431107639255 0.0)
(4.428590178721188 -0.021459222884982233 0.0)
(3.4616958404325335 -0.011835770060472617 0.0)
(2.420777945544305 -0.004870391403930803 0.0)
(1.2720945775599601 -0.0011655197670929218 0.0)
(-0.00014389402252116667 -8.130837367394869e-05 0.0)
(0.000169796251184433 -8.131374785193088e-05 0.0)
(1.3057711568932364 -0.0011654087570937503 0.0)
(2.557090188011867 -0.004868798816545815 0.0)
(3.738087781536227 -0.011828859888037417 0.0)
(4.814873036342841 -0.021442253194305597 0.0)
(5.76518295012921 -0.0333056049142082 0.0)
(6.5812974061694876 -0.04724065164870558 0.0)
(7.288694021796555 -0.061697417102657096 0.0)
(7.92540348403791 -0.07481468450729846 0.0)
(8.485903856283745 -0.08627297973554862 0.0)
(8.957742187510073 -0.09616015360811404 0.0)
(9.34213899717486 -0.10437216097048528 0.0)
(9.63887929195747 -0.11082554827676745 0.0)
(9.847644598358652 -0.11546544165773542 0.0)
(9.9681142010348 -0.11826031928273763 0.0)
(10.000000000000002 -0.11919339976062682 0.0)
(9.942996910076337 -0.1182603192827366 0.0)
(9.796799846085788 -0.11546544165773369 0.0)
(9.561120708042544 -0.11082554827676418 0.0)
(9.235638780602931 -0.1043721609704823 0.0)
(8.820035590267711 -0.09616015360811081 0.0)
(8.314096143716283 -0.086272979735545 0.0)
(7.719040960406535 -0.07481468450729518 0.0)
(7.022417089314521 -0.06169741710265396 0.0)
(6.218702593830495 -0.047240651648701705 0.0)
(5.345928160981875 -0.03330560491420434 0.0)
(4.429571408101545 -0.02144225319430361 0.0)
(3.4619122184637434 -0.011828859888036935 0.0)
(2.420687589765893 -0.004868798816546089 0.0)
(1.2720066208845289 -0.0011654087570937709 0.0)
(-0.00016979625119666378 -8.131374785193205e-05 0.0)
(0.00020165579422167974 -8.129881598587179e-05 0.0)
(1.3058820703272762 -0.0011650110731947338 0.0)
(2.5572365422567542 -0.00486605203832213 0.0)
(3.7379715868913093 -0.011819305416848227 0.0)
(4.813958933325598 -0.021420726083001395 0.0)
(5.76371914232949 -0.03327072227473585 0.0)
(6.581061455137961 -0.047199418416198284 0.0)
(7.289718418737896 -0.061660060468937086 0.0)
(7.925797340780594 -0.07478285609744469 0.0)
(8.485962309826647 -0.08624428095685946 0.0)
(8.95781662636505 -0.09613419363155466 0.0)
(9.342180522531812 -0.10434865111865947 0.0)
(9.638905545116055 -0.1108040241573988 0.0)
(9.847659073970659 -0.11544537425494125 0.0)
(9.968120942305546 -0.11824114431804998 0.0)
(10.000000000000002 -0.1191745218150902 0.0)
(9.942990168805592 -0.11824114431804895 0.0)
(9.796785370473781 -0.11544537425493946 0.0)
(9.561094454883962 -0.1108040241573955 0.0)
(9.235597255245981 -0.1043486511186564 0.0)
(8.819961151412734 -0.09613419363155135 0.0)
(8.314037690173382 -0.08624428095685575 0.0)
(7.718647103663851 -0.0747828560974413 0.0)
(7.02139269237318 -0.061660060468933825 0.0)
(6.2189385448620245 -0.04719941841619426 0.0)
(5.3473919687816 -0.03327072227473188 0.0)
(4.43048551111879 -0.021420726082999338 0.0)
(3.462028413108661 -0.011819305416847706 0.0)
(2.4205412355210054 -0.004866052038322392 0.0)
(1.2718957074504886 -0.0011650110731947526 0.0)
(-0.0002016557942340155 -8.129881598587284e-05 0.0)
(0.00023807280158510144 -8.12642341546478e-05 0.0)
(1.3060110671865437 -0.001164344188898831 0.0)
(2.557432464430344 -0.004862271757669525 0.0)
(3.737960681012809 -0.011807526452890139 0.0)
(4.813152120685739 -0.021395587412959518 0.0)
(5.762135155383758 -0.03323031586858839 0.0)
(6.580456290303052 -0.047150079404179986 0.0)
(7.2905701788854955 -0.06161286799966233 0.0)
(7.926219435660253 -0.0747412083129952 0.0)
(8.486017203706197 -0.0862062915517677 0.0)
(8.957884042958181 -0.09609946506880111 0.0)
(9.342218662891618 -0.10431690828577324 0.0)
(9.638929682489588 -0.1107747404342667 0.0)
(9.847672319707863 -0.11541791482422323 0.0)
(9.968127159695625 -0.11821480777578176 0.0)
(10.000000000000002 -0.11914856131536056 0.0)
(9.942983951415513 -0.11821480777578071 0.0)
(9.796772124736577 -0.11541791482422141 0.0)
(9.56107031751043 -0.11077474043426332 0.0)
(9.235559114886174 -0.10431690828577009 0.0)
(8.819893734819603 -0.09609946506879771 0.0)
(8.31398279629383 -0.08620629155176389 0.0)
(7.71822500878419 -0.0747412083129917 0.0)
(7.020540932225578 -0.06161286799965891 0.0)
(6.219543709696937 -0.04715007940417581 0.0)
(5.348975955727336 -0.0332303158685843 0.0)
(4.43129232375865 -0.021395587412957384 0.0)
(3.462039318987161 -0.01180752645288958 0.0)
(2.420345313347415 -0.004862271757669775 0.0)
(1.2717667105912207 -0.0011643441888988472 0.0)
(-0.00023807280159754714 -8.12642341546487e-05 0.0)
(0.00027744717659418166 -8.12115218206572e-05 0.0)
(1.3061524795850357 -0.0011634374058819732 0.0)
(2.557669346070758 -0.0048576240732040475 0.0)
(3.738055543085076 -0.011794040542290466 0.0)
(4.8124880482946395 -0.02136794173135172 0.0)
(5.760500586780589 -0.03318616107933052 0.0)
(6.57950850150049 -0.04709480247857561 0.0)
(7.291211877456722 -0.06155791324559659 0.0)
(7.926651222600078 -0.0746915710814063 0.0)
(8.486066125985758 -0.08616068070523342 0.0)
(8.9579414751277 -0.0960574938293667 0.0)
(9.342251742436645 -0.10427832719383172 0.0)
(9.638950643526034 -0.1107389837805925 0.0)
(9.847683753576803 -0.11538426988273151 0.0)
(9.968132580024287 -0.11818246683541893 0.0)
(10.000000000000002 -0.11911665891830267 0.0)
(9.94297853108685 -0.11818246683541785 0.0)
(9.796760690867636 -0.11538426988272966 0.0)
(9.561049356473983 -0.11073898378058909 0.0)
(9.235526035341149 -0.10427832719382851 0.0)
(8.819836302650083 -0.09605749382936318 0.0)
(8.31393387401427 -0.08616068070522949 0.0)
(7.7177932218443654 -0.07469157108140263 0.0)
(7.019899233654351 -0.061557913245593024 0.0)
(6.220491498499503 -0.04709480247857129 0.0)
(5.350610524330509 -0.0331861610793263 0.0)
(4.431956396149751 -0.021367941731349503 0.0)
(3.4619444569148934 -0.01179404054228987 0.0)
(2.420108431707 -0.004857624073204283 0.0)
(1.2716252981927285 -0.0011634374058819865 0.0)
(-0.0002774471766067374 -8.12115218206579e-05 0.0)
(0.0003180488812444045 -8.114299506742106e-05 0.0)
(1.306300094120669 -0.0011623305665310088 0.0)
(2.55793677903208 -0.004852313195678414 0.0)
(3.7382520050422 -0.011779440231289186 0.0)
(4.811995894278278 -0.021339003738851486 0.0)
(5.758887256474046 -0.03314019798762331 0.0)
(6.578259732836328 -0.047036016406369945 0.0)
(7.291615319390308 -0.061497610818096626 0.0)
(7.927073729671862 -0.07463612537182517 0.0)
(8.486106927109866 -0.08610945247441068 0.0)
(8.95798639940915 -0.09601012405272792 0.0)
(9.3422783077122 -0.1042346030254327 0.0)
(9.638967507235801 -0.11069832527832373 0.0)
(9.847692873194196 -0.11534591772764358 0.0)
(9.968136965132212 -0.11814554249871491 0.0)
(10.000000000000002 -0.11908021635687946 0.0)
(9.942974145978926 -0.11814554249871383 0.0)
(9.796751571250244 -0.1153459177276417 0.0)
(9.561032492764216 -0.11069832527832023 0.0)
(9.235499470065593 -0.10423460302542945 0.0)
(8.819791378368635 -0.09601012405272433 0.0)
(8.313893072890163 -0.08610945247440664 0.0)
(7.7173707147725805 -0.07463612537182136 0.0)
(7.0194957917207645 -0.06149761081809289 0.0)
(6.2217402671636695 -0.04703601640636546 0.0)
(5.352223854637056 -0.03314019798761898 0.0)
(4.432448550166113 -0.021339003738849192 0.0)
(3.4617479949577685 -0.011779440231288548 0.0)
(2.419840998745677 -0.004852313195678633 0.0)
(1.2714776836570947 -0.0011623305665310185 0.0)
(-0.0003180488812570657 -8.114299506742152e-05 0.0)
(0.0003580939509121589 -8.106166483511037e-05 0.0)
(1.3064474248808013 -0.0011610723033421136 0.0)
(2.558223012799244 -0.004846572475335123 0.0)
(3.738541434705202 -0.011764367030841176 0.0)
(4.811697282983761 -0.021310044917908725 0.0)
(5.757366051246295 -0.033094446127629296 0.0)
(6.576764852921111 -0.046976304140029616 0.0)
(7.29176277818577 -0.061434610295506606 0.0)
(7.927468392687826 -0.0745773073672958 0.0)
(8.486137814351768 -0.08605485773404242 0.0)
(8.958016841911785 -0.09595943708020975 0.0)
(9.342297191488676 -0.10418765694054459 0.0)
(9.638979532658333 -0.1106545513876674 0.0)
(9.847699277860738 -0.1153045434824907 0.0)
(9.968140122345776 -0.11810565715347333 0.0)
(10.000000000000002 -0.11904083485057007 0.0)
(9.942970988765362 -0.11810565715347222 0.0)
(9.796745166583703 -0.11530454348248877 0.0)
(9.561020467341685 -0.11065455138766388 0.0)
(9.235480586289116 -0.10418765694054125 0.0)
(8.819760935865999 -0.09595943708020607 0.0)
(8.313862185648262 -0.08605485773403825 0.0)
(7.716976051756615 -0.07457730736729186 0.0)
(7.019348332925304 -0.061434610295502734 0.0)
(6.223235147078889 -0.046976304140024995 0.0)
(5.35374505986481 -0.03309444612762484 0.0)
(4.432747161460629 -0.021310044917906362 0.0)
(3.461458565294765 -0.0117643670308405 0.0)
(2.4195547649785123 -0.004846572475335326 0.0)
(1.2713303528969622 -0.0011610723033421198 0.0)
(-0.00035809395092491604 -8.106166483511062e-05 0.0)
(0.00039582287849662776 -8.097110462534347e-05 0.0)
(1.3065879984213662 -0.0011597179020978801 0.0)
(2.55851547078417 -0.004840654148923707 0.0)
(3.7389111150641865 -0.011749483229798486 0.0)
(4.811605334845079 -0.021282337666137 0.0)
(5.756003810072077 -0.033050915752375926 0.0)
(6.575089544043511 -0.046918289327297115 0.0)
(7.291647774773402 -0.06137167980553296 0.0)
(7.927817870877067 -0.07451770142333271 0.0)
(8.486157430582564 -0.08599929527714215 0.0)
(8.958031465047737 -0.09590766000465543 0.0)
(9.342307564047482 -0.10413955166425189 0.0)
(9.638986191418562 -0.11060958545329692 0.0)
(9.847702686167096 -0.11526196505591282 0.0)
(9.968141912942793 -0.11806456328879593 0.0)
(10.000000000000002 -0.11900024475071533 0.0)
(9.942969198168345 -0.11806456328879479 0.0)
(9.796741758277344 -0.11526196505591087 0.0)
(9.561013808581455 -0.11060958545329334 0.0)
(9.235470213730311 -0.10413955166424846 0.0)
(8.819746312730047 -0.09590766000465167 0.0)
(8.313842569417465 -0.08599929527713789 0.0)
(7.716626573567374 -0.07451770142332866 0.0)
(7.019463336337673 -0.061371679805528934 0.0)
(6.224910455956496 -0.046918289327292355 0.0)
(5.35510730103903 -0.03305091575237139 0.0)
(4.432839109599311 -0.02128233766613457 0.0)
(3.4610888849357795 -0.011749483229797774 0.0)
(2.4192623069935855 -0.004840654148923898 0.0)
(1.2711897793563969 -0.001159717902097883 0.0)
(-0.0003958228785094673 -8.097110462534347e-05 0.0)
(0.0004295779239428722 -8.087529348806229e-05 0.0)
(1.3067156381981633 -0.0011583268727111727 0.0)
(2.558801302918038 -0.004834818256879414 0.0)
(3.7393448030404906 -0.01173544279514978 0.0)
(4.811724089895228 -0.021257099389490167 0.0)
(5.754860387336437 -0.03301151950691529 0.0)
(6.5733074162107155 -0.0468645210329088 0.0)
(7.291275362192751 -0.06131158439877703 0.0)
(7.928106808807298 -0.07445992651606763 0.0)
(8.486164913900959 -0.08594520641641742 0.0)
(8.958029626303162 -0.09585706781604138 0.0)
(9.34230896963736 -0.1040924008543888 0.0)
(9.638987190942748 -0.11056540319610568 0.0)
(9.847702948358526 -0.11522005326607881 0.0)
(9.968142258247704 -0.11802406649391751 0.0)
(10.000000000000002 -0.11896022951204532 0.0)
(9.942968852863434 -0.11802406649391638 0.0)
(9.796741496085913 -0.1152200532660768 0.0)
(9.561012809057269 -0.11056540319610204 0.0)
(9.235468808140434 -0.10409240085438529 0.0)
(8.819748151474622 -0.0958570678160375 0.0)
(8.31383508609907 -0.08594520641641305 0.0)
(7.716337635637141 -0.07445992651606344 0.0)
(7.019835748918326 -0.06131158439877288 0.0)
(6.226692583789296 -0.04686452103290394 0.0)
(5.356250723774672 -0.03301151950691067 0.0)
(4.4327203545491605 -0.021257099389487687 0.0)
(3.460655196959474 -0.01173544279514904 0.0)
(2.4189764748597167 -0.004834818256879591 0.0)
(1.2710621395795996 -0.001158326872711172 0.0)
(-0.000429577923955777 -8.087529348806202e-05 0.0)
(0.00045787595230709435 -8.077844118935743e-05 0.0)
(1.3068247359529106 -0.0011569603344684276 0.0)
(2.559067950259801 -0.004829321217622207 0.0)
(3.739823443177845 -0.011722862637907278 0.0)
(4.812048330254563 -0.021235439011671967 0.0)
(5.753986022942546 -0.03297798839019951 0.0)
(6.571496772859388 -0.0468173617373538 0.0)
(7.290661903571301 -0.061256964557470234 0.0)
(7.928322511074465 -0.07440652116922959 0.0)
(8.486159935503634 -0.08589496771745575 0.0)
(8.958011406469135 -0.09580988344257944 0.0)
(9.34230134649926 -0.1040482762312807 0.0)
(9.638982487313625 -0.11052394590364552 0.0)
(9.847700052914817 -0.11518064964035846 0.0)
(9.968141143088445 -0.11798594612391829 0.0)
(10.000000000000002 -0.11892254733094143 0.0)
(9.942969968022693 -0.11798594612391715 0.0)
(9.796744391529623 -0.11518064964035644 0.0)
(9.561017512686393 -0.11052394590364183 0.0)
(9.235476431278531 -0.10404827623127716 0.0)
(8.81976637130865 -0.09580988344257549 0.0)
(8.313840064496395 -0.0858949677174513 0.0)
(7.716121933369974 -0.07440652116922532 0.0)
(7.020449207539778 -0.06125696455746599 0.0)
(6.228503227140627 -0.04681736173734886 0.0)
(5.357125088168564 -0.032977988390194835 0.0)
(4.432396114189824 -0.021235439011669452 0.0)
(3.4601765568221183 -0.011722862637906515 0.0)
(2.4187098275179535 -0.004829321217622372 0.0)
(1.270953041824852 -0.001156960334468424 0.0)
(-0.0004578759523200444 -8.077844118935692e-05 0.0)
(0.00047947359999275037 -8.068480324204768e-05 0.0)
(1.3069104981298532 -0.0011556783305600197 0.0)
(2.5593036968130787 -0.004824404561000496 0.0)
(3.7403260049042624 -0.011712295507165469 0.0)
(4.812563809394875 -0.021218308250057192 0.0)
(5.753419134862268 -0.03295179569815365 0.0)
(6.569737170345908 -0.046778883533803294 0.0)
(7.289834353158589 -0.06121022017751543 0.0)
(7.928455500115564 -0.07435983191605632 0.0)
(8.486142714132258 -0.08585078657678036 0.0)
(8.957977606091829 -0.09576818007931819 0.0)
(9.342285029579928 -0.10400911655014329 0.0)
(9.638972287200051 -0.1104870351335031 0.0)
(9.847694127056466 -0.11514548550197906 0.0)
(9.968138616463072 -0.11795187711811674 0.0)
(10.000000000000002 -0.11888885389350376 0.0)
(9.942972494648066 -0.11795187711811557 0.0)
(9.796750317387975 -0.11514548550197702 0.0)
(9.561027712799966 -0.11048703513349938 0.0)
(9.235492748197865 -0.1040091165501397 0.0)
(8.819800171685955 -0.0957681800793142 0.0)
(8.313857285867769 -0.08585078657677585 0.0)
(7.715988944328876 -0.07435983191605199 0.0)
(7.021276757952493 -0.06121022017751111 0.0)
(6.230262829654111 -0.046778883533798284 0.0)
(5.357691976248842 -0.032951795698148933 0.0)
(4.43188063504951 -0.021218308250054656 0.0)
(3.4596739950956996 -0.011712295507164688 0.0)
(2.4184740809646756 -0.004824404561000652 0.0)
(1.2708672796479095 -0.0011556783305600134 0.0)
(-0.0004794736000057235 -8.068480324204695e-05 0.0)
(0.0004934219058723121 -8.05984939262321e-05 0.0)
(1.3069691564958335 -0.0011545371898923243 0.0)
(2.5594981843056064 -0.0048202843159114725 0.0)
(3.740830406576894 -0.011704205703317127 0.0)
(4.813247878105781 -0.021206459798971355 0.0)
(5.7531846311207575 -0.03293409228974803 0.0)
(6.568105922385615 -0.0467507770841274 0.0)
(7.288829072005788 -0.061173405121451405 0.0)
(7.928499932635424 -0.07432191019691671 0.0)
(8.486114006462387 -0.08581460423288545 0.0)
(8.957929710297988 -0.09573379009574519 0.0)
(9.342260735814946 -0.10397664241572514 0.0)
(9.638957038776358 -0.1104562926773922 0.0)
(9.847685431154849 -0.11511610589884999 0.0)
(9.968134789386884 -0.11792335640630032 0.0)
(10.000000000000002 -0.11886062962773292 0.0)
(9.942976321724254 -0.11792335640629915 0.0)
(9.796759013289591 -0.11511610589884795 0.0)
(9.56104296122366 -0.11045629267738845 0.0)
(9.235517041962847 -0.10397664241572152 0.0)
(8.819848067479796 -0.09573379009574115 0.0)
(8.313885993537642 -0.08581460423288088 0.0)
(7.715944511809016 -0.07432191019691232 0.0)
(7.022282039105297 -0.06117340512144703 0.0)
(6.231894077614407 -0.046750777084122376 0.0)
(5.357926479990351 -0.0329340922897433 0.0)
(4.431196566338602 -0.02120645979896881 0.0)
(3.459169593423067 -0.01170420570331634 0.0)
(2.4182795934721475 -0.004820284315911622 0.0)
(1.270808621281929 -0.0011545371898923158 0.0)
(-0.0004934219058852854 -8.059849392623118e-05 0.0)
(0.000499108006903136 -8.052330551534916e-05 0.0)
(1.306998133709563 -0.001153587052098622 0.0)
(2.5596428673127676 -0.004817141518386571 0.0)
(3.7413144857090215 -0.011698948677543472 0.0)
(4.814070479659591 -0.021200414257679042 0.0)
(5.7532928153834035 -0.0329256560203605 0.0)
(6.5666747030296015 -0.04673427733430561 0.0)
(7.287690230327642 -0.06114813697549036 0.0)
(7.928453856350411 -0.0742944222227739 0.0)
(8.486075073856512 -0.08578801047176801 0.0)
(8.95786982354117 -0.0957082245248239 0.0)
(9.342229532627902 -0.10395228068208277 0.0)
(9.638937412030385 -0.11043306930259254 0.0)
(9.847674347291974 -0.11509380171698433 0.0)
(9.968129830014604 -0.11790163713636904 0.0)
(10.000000000000002 -0.11883911465623204 0.0)
(9.942981281096532 -0.11790163713636788 0.0)
(9.796770097152466 -0.11509380171698229 0.0)
(9.561062587969632 -0.11043306930258882 0.0)
(9.23554824514989 -0.10395228068207915 0.0)
(8.819907954236616 -0.09570822452481986 0.0)
(8.313924926143518 -0.08578801047176345 0.0)
(7.715990588094028 -0.07429442222276948 0.0)
(7.023420880783448 -0.061148136975485975 0.0)
(6.233325296970423 -0.046734277334300585 0.0)
(5.357818295727704 -0.0329256560203558 0.0)
(4.430373964784788 -0.021200414257676506 0.0)
(3.4586855142909383 -0.01169894867754268 0.0)
(2.418134910464986 -0.004817141518386719 0.0)
(1.2707796440681995 -0.0011535870520986123 0.0)
(-0.0004991080069160863 -8.05233055153481e-05 0.0)
(0.0004962820662083557 -8.046254165061975e-05 0.0)
(1.3069961565652828 -0.001152869664495341 0.0)
(2.5597313887279176 -0.004815114257199452 0.0)
(3.7417569727491773 -0.011696755413939537 0.0)
(4.814995470448941 -0.02120043725620462 0.0)
(5.753738934231624 -0.03292685756423426 0.0)
(6.565506397438028 -0.04673010925315962 0.0)
(7.286467866744036 -0.061135525975739055 0.0)
(7.928319295768195 -0.0742785757649239 0.0)
(8.48602762694211 -0.08577217377463964 0.0)
(8.95780057713591 -0.09569260667096978 0.0)
(9.342192791029753 -0.10393710175922398 0.0)
(9.638914269325445 -0.11041838540170694 0.0)
(9.8476613624725 -0.11507955296132888 0.0)
(9.968123956251981 -0.11788767361330947 0.0)
(10.000000000000002 -0.11882525430748833 0.0)
(9.942987154859157 -0.11788767361330828 0.0)
(9.79678308197194 -0.11507955296132684 0.0)
(9.561085730674572 -0.11041838540170319 0.0)
(9.235584986748039 -0.10393710175922036 0.0)
(8.819977200641876 -0.09569260667096574 0.0)
(8.313972373057918 -0.08577217377463507 0.0)
(7.716125148676246 -0.07427857576491952 0.0)
(7.024643244367056 -0.0611355259757347 0.0)
(6.234493602561998 -0.046730109253154635 0.0)
(5.357372176879481 -0.0329268575642296 0.0)
(4.429448973995437 -0.02120043725620211 0.0)
(3.4582430272507816 -0.011696755413938756 0.0)
(2.4180463890498363 -0.0048151142571996 0.0)
(1.27078162121248 -0.0011528696644953304 0.0)
(-0.0004962820662212609 -8.046254165061861e-05 0.0)
(0.00048506825045218716 -8.041887218509574e-05 0.0)
(1.3069633119350954 -0.0011524165477813449 0.0)
(2.55975985908202 -0.004814291606497908 0.0)
(3.7421384256263233 -0.011697722280495622 0.0)
(4.815982208070766 -0.02120652778403496 0.0)
(5.754503386019379 -0.032937644127729634 0.0)
(6.564652338821235 -0.046738455978549705 0.0)
(7.285215689674584 -0.061136126226455395 0.0)
(7.928102163234585 -0.07427506708773439 0.0)
(8.485973750449803 -0.08576778997699974 0.0)
(8.95772501364257 -0.09568762275410907 0.0)
(9.342152125379103 -0.10393177258125007 0.0)
(9.638888627509655 -0.11041288615847679 0.0)
(9.847647047225639 -0.11507398569613977 0.0)
(9.968117426181395 -0.11788207936877923 0.0)
(10.000000000000002 -0.11881965757986879 0.0)
(9.942993684929743 -0.11788207936877805 0.0)
(9.796797397218802 -0.11507398569613773 0.0)
(9.561111372490362 -0.11041288615847304 0.0)
(9.235625652398689 -0.10393177258124645 0.0)
(8.820052764135214 -0.09568762275410506 0.0)
(8.314026249550226 -0.0857677899769952 0.0)
(7.716342281209857 -0.07427506708773003 0.0)
(7.025895421436511 -0.06113612622645109 0.0)
(6.235347661178793 -0.04673845597854479 0.0)
(5.356607725091723 -0.03293764412772504 0.0)
(4.428462236373608 -0.021206527784032494 0.0)
(3.4578615743736347 -0.011697722280494855 0.0)
(2.418017918695734 -0.0048142916064980576 0.0)
(1.2708144658426677 -0.0011524165477813343 0.0)
(-0.00048506825046502736 -8.041887218509455e-05 0.0)
(0.00046595927418386057 -8.039421587520124e-05 0.0)
(1.3069010429519634 -0.0011522476110760937 0.0)
(2.5597270274398003 -0.004814709712048765 0.0)
(3.7424420839988866 -0.011701806794864081 0.0)
(4.8169873370791505 -0.0212184182345195 0.0)
(5.755552582133639 -0.03295754176898011 0.0)
(6.564150052952386 -0.04675895077063214 0.0)
(7.283988717488924 -0.06114991135372104 0.0)
(7.9278119991558755 -0.0742840503560621 0.0)
(8.485915811614094 -0.08577505169489669 0.0)
(8.957646453182813 -0.09569349175843082 0.0)
(9.342109322450247 -0.10393652730249177 0.0)
(9.638861613237488 -0.11041681319958908 0.0)
(9.847632030537147 -0.11507734453686441 0.0)
(9.968110526722203 -0.11788510020364863 0.0)
(10.000000000000002 -0.11882257038334615 0.0)
(9.943000584388933 -0.11788510020364747 0.0)
(9.796812413907293 -0.1150773445368624 0.0)
(9.56113838676253 -0.11041681319958536 0.0)
(9.235668455327545 -0.1039365273024882 0.0)
(8.820131324594973 -0.09569349175842684 0.0)
(8.314084188385936 -0.0857750516948922 0.0)
(7.716632445288567 -0.0742840503560578 0.0)
(7.027122393622173 -0.06114991135371682 0.0)
(6.23584994704764 -0.046758950770627326 0.0)
(5.355558528977459 -0.0329575417689756 0.0)
(4.427457107365221 -0.02121841823451709 0.0)
(3.457557916001071 -0.011701806794863339 0.0)
(2.4180507503379536 -0.004814709712048921 0.0)
(1.2708767348257999 -0.001152247611076084 0.0)
(-0.0004659592741966185 -8.039421587520007e-05 0.0)
(0.00043979475086172205 -8.038965607408553e-05 0.0)
(1.306812085601088 -0.001152370277149355 0.0)
(2.5596343363635543 -0.004816350203059024 0.0)
(3.742654605673504 -0.011708829490955976 0.0)
(4.817966693944298 -0.02123558616301691 0.0)
(5.756840422816594 -0.032985676222030844 0.0)
(6.564021609353654 -0.04679069312573698 0.0)
(7.282840861100213 -0.061176275664263105 0.0)
(7.927461552810846 -0.07430513086153116 0.0)
(8.48585635616143 -0.085793639861731 0.0)
(8.957568347559514 -0.09570995581062218 0.0)
(9.342066262925572 -0.10395115700919623 0.0)
(9.638834413466645 -0.11042999397804164 0.0)
(9.847616972212846 -0.11508948190218618 0.0)
(9.96810356102402 -0.11789660338795997 0.0)
(10.000000000000002 -0.11883386473466437 0.0)
(9.943007550087117 -0.11789660338795883 0.0)
(9.796827472231595 -0.11508948190218417 0.0)
(9.561165586533372 -0.11042999397803797 0.0)
(9.235711514852222 -0.10395115700919272 0.0)
(8.820209430218272 -0.09570995581061828 0.0)
(8.3141436438386 -0.0857936398617266 0.0)
(7.716982891633598 -0.07430513086152694 0.0)
(7.028270250010888 -0.061176275664259 0.0)
(6.235978390646371 -0.04679069312573229 0.0)
(5.3542706882945 -0.032985676222026444 0.0)
(4.426477750500072 -0.021235586163014568 0.0)
(3.457345394326454 -0.011708829490955261 0.0)
(2.4181434414142 -0.004816350203059189 0.0)
(1.2709656921766754 -0.0011523702771493464 0.0)
(-0.0004397947508743839 -8.038965607408442e-05 0.0)
(0.00040772430177390365 -8.040539313106775e-05 0.0)
(1.306700348505724 -0.0011527791562782807 0.0)
(2.559485858529599 -0.0048191409993548874 0.0)
(3.74276665283659 -0.011718481804352683 0.0)
(4.818877247517235 -0.02125727724215686 0.0)
(5.758310322704673 -0.033020811310485315 0.0)
(6.564272651601787 -0.046832288342851906 0.0)
(7.281822555218224 -0.06121406075850852 0.0)
(7.927066222170772 -0.07433738236529693 0.0)
(8.485797996455629 -0.0858227377474581 0.0)
(8.957494128590872 -0.09573629151034997 0.0)
(9.342024838761816 -0.10397501889881518 0.0)
(9.638808223305295 -0.11045184935454284 0.0)
(9.847602533887956 -0.11510986449847752 0.0)
(9.96809683514688 -0.1179160834928391 0.0)
(10.000000000000002 -0.11885304438068903 0.0)
(9.943014275964257 -0.11791608349283798 0.0)
(9.796841910556484 -0.11510986449847553 0.0)
(9.561191776694722 -0.11045184935453921 0.0)
(9.235752939015976 -0.10397501889881172 0.0)
(8.820283649186914 -0.09573629151034616 0.0)
(8.3142020035444 -0.08582273774745379 0.0)
(7.717378222273672 -0.07433738236529285 0.0)
(7.029288555892877 -0.06121406075850455 0.0)
(6.235727348398236 -0.046832288342847354 0.0)
(5.352800788406417 -0.03302081131048103 0.0)
(4.425567196927133 -0.021257277242154586 0.0)
(3.457233347163368 -0.011718481804352003 0.0)
(2.4182919192481567 -0.004819140999355063 0.0)
(1.27107742927204 -0.0011527791562782744 0.0)
(-0.00040772430178646023 -8.040539313106675e-05 0.0)
(0.0003711570437820958 -8.044073558865422e-05 0.0)
(1.3065707411894243 -0.0011534562830619694 0.0)
(2.559288117782325 -0.00482295947845273 0.0)
(3.7427733023407836 -0.011730339630061962 0.0)
(4.819678989739778 -0.02128253840560464 0.0)
(5.759897697085899 -0.03306140326283466 0.0)
(6.564892149359668 -0.0468819088042332 0.0)
(7.280978542340477 -0.06126160642854202 0.0)
(7.926643377340743 -0.07437938779528643 0.0)
(8.485743296715398 -0.08586106684421219 0.0)
(8.957427057322588 -0.09577134171514802 0.0)
(9.341986870060953 -0.10400706452357282 0.0)
(9.638784193501214 -0.11048141904383248 0.0)
(9.847589349956062 -0.11513759675174626 0.0)
(9.96809064461352 -0.11794268459811545 0.0)
(10.000000000000002 -0.11887926660286191 0.0)
(9.943020466497616 -0.11794268459811434 0.0)
(9.796855094488379 -0.11513759675174433 0.0)
(9.561215806498803 -0.11048141904382892 0.0)
(9.235790907716838 -0.10400706452356942 0.0)
(8.820350720455197 -0.09577134171514429 0.0)
(8.31425670328463 -0.08586106684420798 0.0)
(7.717801067103703 -0.07437938779528246 0.0)
(7.030132568770626 -0.06126160642853819 0.0)
(6.235107850640352 -0.0468819088042288 0.0)
(5.351213414025186 -0.0330614032628305 0.0)
(4.4247654547045885 -0.021282538405602444 0.0)
(3.457226697659175 -0.01173033963006132 0.0)
(2.4184896599954313 -0.004822959478452919 0.0)
(1.2712070365883401 -0.0011534562830619658 0.0)
(-0.0003711570437945423 -8.044073558865338e-05 0.0)
(0.00033169967530455053 -8.049413056391578e-05 0.0)
(1.3064289583605568 -0.001154371905788314 0.0)
(2.559049802488411 -0.004827637863366705 0.0)
(3.742674262019035 -0.011743881956915428 0.0)
(4.820336693525415 -0.021310259724052347 0.0)
(5.761532799633981 -0.033105668542953534 0.0)
(6.565852883029157 -0.046937374277585826 0.0)
(7.280345906848741 -0.061316823604604664 0.0)
(7.926211597349017 -0.07442930150975267 0.0)
(8.485694660347255 -0.08590694304160301 0.0)
(8.957370080743491 -0.09581356638313997 0.0)
(9.34195402509824 -0.10404588585734313 0.0)
(9.638763379880032 -0.11051740380785939 0.0)
(9.847577999695007 -0.11517146015751853 0.0)
(9.968085261424651 -0.11797523789988855 0.0)
(10.000000000000002 -0.11891137924471298 0.0)
(9.943025849686485 -0.11797523789988747 0.0)
(9.796866444749433 -0.11517146015751663 0.0)
(9.561236620119985 -0.1105174038078559 0.0)
(9.235823752679554 -0.10404588585733981 0.0)
(8.820407697034295 -0.09581356638313634 0.0)
(8.314305339652774 -0.08590694304159892 0.0)
(7.71823284709543 -0.07442930150974884 0.0)
(7.030765204262363 -0.06131682360460099 0.0)
(6.234147116970859 -0.04693737427758158 0.0)
(5.349578311477099 -0.03310566854294948 0.0)
(4.42410775091895 -0.021310259724050228 0.0)
(3.4573257379809244 -0.011743881956914825 0.0)
(2.4187279752893454 -0.0048276378633669076 0.0)
(1.2713488194172078 -0.0011543719057883139 0.0)
(-0.0003316996753168871 -8.049413056391515e-05 0.0)
)
