(
(-0.011100985850746068 -7.303112165765549e-05 0.0)
(1.2662481183359588 -0.0010956015879712028 0.0)
(2.487910161666058 -0.004874399919117214 0.0)
(3.6510534130890218 -0.012687464660304402 0.0)
(4.716894392147846 -0.02449159858829091 0.0)
(5.65287778820933 -0.03969141174357604 0.0)
(6.469132963066732 -0.057174248176683214 0.0)
(7.204572045789528 -0.0746396358300705 0.0)
(7.862366972280597 -0.09030769300045173 0.0)
(8.43250110113506 -0.10405740797778928 0.0)
(8.91497337950099 -0.11594372183504092 0.0)
(9.309058382773866 -0.12582226237842997 0.0)
(9.614727579343878 -0.13358823648323057 0.0)
(9.831841732499965 -0.13917334870671313 0.0)
(9.96030993296544 -0.14253789729166697 0.0)
(10.000000000000004 -0.143661336927507 0.0)
(9.950801178145696 -0.14253789729166644 0.0)
(9.81260271194448 -0.1391733487067124 0.0)
(9.58527242065614 -0.13358823648322823 0.0)
(9.268719395003924 -0.12582226237842867 0.0)
(8.862804398276797 -0.11594372183503951 0.0)
(8.367498898864968 -0.10405740797778809 0.0)
(7.782077472163843 -0.09030769300045126 0.0)
(7.1065390653215665 -0.07463963583006955 0.0)
(6.330867036933297 -0.05717424817668132 0.0)
(5.4582333229017665 -0.03969141174357448 0.0)
(4.527550052296523 -0.024491598588290236 0.0)
(3.5489465869109282 -0.012687464660304335 0.0)
(2.4898676161116957 -0.004874399919117606 0.0)
(1.3115296594418095 -0.0010956015879712952 0.0)
(0.011100985850731859 -7.303112165766404e-05 0.0)
(-0.011110582038706199 -7.298877392791457e-05 0.0)
(1.2662206418647641 -0.0010951534926182441 0.0)
(2.4879426627442625 -0.00487351387660874 0.0)
(3.6514144888135704 -0.012688048271944344 0.0)
(4.717806447409367 -0.024496659298355258 0.0)
(5.653557322055449 -0.03970049058333767 0.0)
(6.468306762225774 -0.05718076348064887 0.0)
(7.203409785015871 -0.07463887279742223 0.0)
(7.86217317465394 -0.09030319368606653 0.0)
(8.432451608274944 -0.1040521828198272 0.0)
(8.91490369403205 -0.11593802014816199 0.0)
(9.309020932932771 -0.12581631784860497 0.0)
(9.6147039677439 -0.13358220022827763 0.0)
(9.8318285441974 -0.13916729948750392 0.0)
(9.960303921907515 -0.1425318541988492 0.0)
(10.000000000000004 -0.14365530209361232 0.0)
(9.950807189203621 -0.14253185419884867 0.0)
(9.812615900247046 -0.1391672994875032 0.0)
(9.585296032256117 -0.13358220022827536 0.0)
(9.268756844845019 -0.12581631784860373 0.0)
(8.862874083745737 -0.11593802014816057 0.0)
(8.367548391725082 -0.10405218281982603 0.0)
(7.782271269790501 -0.09030319368606608 0.0)
(7.107701326095227 -0.07463887279742132 0.0)
(6.331693237774255 -0.057180763480647046 0.0)
(5.457553789055646 -0.03970049058333618 0.0)
(4.5266379970349995 -0.024496659298354626 0.0)
(3.5485855111863795 -0.01268804827194429 0.0)
(2.4898351150334914 -0.004873513876609135 0.0)
(1.3115571359130043 -0.0010951534926183365 0.0)
(0.011110582038692049 -7.298877392792306e-05 0.0)
(-0.011127574546010443 -7.296392739720402e-05 0.0)
(1.2661656394943188 -0.0010949678561026077 0.0)
(2.487918242928147 -0.004873778833499744 0.0)
(3.6517048476573906 -0.012691537334859232 0.0)
(4.71873995435092 -0.02450714403517824 0.0)
(5.654505191616304 -0.039718095365257076 0.0)
(6.467804157944271 -0.05719862014507399 0.0)
(7.20226547538994 -0.0746503819042646 0.0)
(7.861910461391286 -0.09031030362717608 0.0)
(8.43239809829396 -0.10405777540523586 0.0)
(8.914830887530472 -0.11594239599930362 0.0)
(9.308981315453446 -0.1258197337075086 0.0)
(9.614678966265105 -0.13358491165534905 0.0)
(9.831814640229933 -0.13916953219837477 0.0)
(9.960297538403745 -0.14253380348438968 0.0)
(10.000000000000004 -0.14365716140667284 0.0)
(9.950813572707391 -0.1425338034843892 0.0)
(9.812629804214515 -0.13916953219837405 0.0)
(9.585321033734914 -0.13358491165534678 0.0)
(9.268796462324342 -0.1258197337075074 0.0)
(8.862946890247317 -0.11594239599930223 0.0)
(8.367601901706065 -0.10405777540523475 0.0)
(7.782533983053155 -0.09031030362717572 0.0)
(7.10884563572116 -0.07465038190426376 0.0)
(6.332195842055757 -0.057198620145072265 0.0)
(5.456605919494787 -0.03971809536525566 0.0)
(4.525704490093444 -0.02450714403517765 0.0)
(3.548295152342559 -0.012691537334859195 0.0)
(2.489859534849607 -0.004873778833500144 0.0)
(1.31161213828345 -0.0010949678561027005 0.0)
(0.011127574545996366 -7.296392739721254e-05 0.0)
(-0.011151216752974757 -7.295767377662783e-05 0.0)
(1.2660855279281562 -0.0010950528349531786 0.0)
(2.4878379751797577 -0.004875183148069156 0.0)
(3.6519117317840815 -0.01269777854600764 0.0)
(4.719653896385295 -0.024522592118605125 0.0)
(5.6556797492374695 -0.039743452567423766 0.0)
(6.467647233734865 -0.057227033580791585 0.0)
(7.201189395783246 -0.07467365746149826 0.0)
(7.861590375632776 -0.09032871042597536 0.0)
(8.432342922322778 -0.10407394000604378 0.0)
(8.914758158980739 -0.11595665712157205 0.0)
(9.308941271055456 -0.12583235986854974 0.0)
(9.61465367342673 -0.13359625162929964 0.0)
(9.831800631512454 -0.1391799487380946 0.0)
(9.960291062933608 -0.14254365950024803 0.0)
(10.000000000000004 -0.14366683317187423 0.0)
(9.950820048177528 -0.14254365950024755 0.0)
(9.812643812931992 -0.13917994873809394 0.0)
(9.585346326573289 -0.13359625162929742 0.0)
(9.268836506722334 -0.1258323598685486 0.0)
(8.86301961879705 -0.11595665712157074 0.0)
(8.367657077677247 -0.10407394000604275 0.0)
(7.782854068811666 -0.09032871042597505 0.0)
(7.109921715327856 -0.07467365746149751 0.0)
(6.332352766265163 -0.057227033580789954 0.0)
(5.455431361873617 -0.03974345256742245 0.0)
(4.524790548059067 -0.024522592118604598 0.0)
(3.5480882682158676 -0.012697778546007631 0.0)
(2.489939802597997 -0.004875183148069565 0.0)
(1.3116922498496129 -0.0010950528349532728 0.0)
(0.01115121675296077 -7.295767377663641e-05 0.0)
(-0.011180469864277332 -7.297028783883346e-05 0.0)
(1.2659838271219335 -0.0010954046953547268 0.0)
(2.4877053863171126 -0.0048776651173039216 0.0)
(3.6520260510836007 -0.012706497677989684 0.0)
(4.720508116571512 -0.02454232478811161 0.0)
(5.657029387005865 -0.03977544804076421 0.0)
(6.4678428845602305 -0.05726475535341711 0.0)
(7.200228827165073 -0.07470767678371981 0.0)
(7.861226981361059 -0.09035760532139935 0.0)
(8.432288504692632 -0.10409996637926378 0.0)
(8.914688703942272 -0.11598017690734483 0.0)
(9.308902559216389 -0.12585364156131124 0.0)
(9.614629200549821 -0.1336157218924199 0.0)
(9.831787133562383 -0.13919809142296471 0.0)
(9.960284780017414 -0.1425609891911184 0.0)
(10.000000000000004 -0.1436838924295475 0.0)
(9.950826331093722 -0.14256098919111793 0.0)
(9.812657310882063 -0.13919809142296405 0.0)
(9.585370799450198 -0.13361572189241774 0.0)
(9.268875218561401 -0.1258536415613101 0.0)
(8.863089073835516 -0.11598017690734358 0.0)
(8.367711495307395 -0.10409996637926283 0.0)
(7.783217463083385 -0.09035760532139915 0.0)
(7.11088228394603 -0.07470767678371917 0.0)
(6.332157115439795 -0.05726475535341562 0.0)
(5.454081724105218 -0.039775448040763 0.0)
(4.523936327872848 -0.024542324788111147 0.0)
(3.547973948916349 -0.01270649767798971 0.0)
(2.4900723914606426 -0.004877665117304341 0.0)
(1.311793950655836 -0.0010954046953548231 0.0)
(0.011180469864263439 -7.297028783884212e-05 0.0)
(-0.01121404855172458 -7.300121534500432e-05 0.0)
(1.2658650056230196 -0.001096007977204919 0.0)
(2.487526302052272 -0.004881115688016498 0.0)
(3.6520427825750676 -0.012717311628097276 0.0)
(4.72126508203734 -0.024565475026299476 0.0)
(5.658494804307039 -0.03981267596271391 0.0)
(6.468382513881036 -0.057310128037271445 0.0)
(7.199425975163194 -0.07475094512414743 0.0)
(7.860836245455622 -0.09039571872460485 0.0)
(8.432237236414633 -0.10413471097367044 0.0)
(8.914625574142399 -0.1160119219402633 0.0)
(9.308866880863631 -0.1258826437071468 0.0)
(9.61460662292782 -0.13364246695696821 0.0)
(9.831774739454954 -0.13922316309660301 0.0)
(9.960278965715007 -0.14258503112208773 0.0)
(10.000000000000004 -0.14370758962711955 0.0)
(9.950832145396129 -0.1425850311220873 0.0)
(9.812669704989492 -0.13922316309660235 0.0)
(9.585393377072197 -0.13364246695696605 0.0)
(9.268910896914159 -0.12588264370714572 0.0)
(8.863152203635389 -0.11601192194026214 0.0)
(8.367762763585393 -0.10413471097366958 0.0)
(7.783608198988822 -0.09039571872460479 0.0)
(7.11168513594791 -0.07475094512414693 0.0)
(6.331617486118987 -0.05731012803727009 0.0)
(5.45261630680404 -0.03981267596271281 0.0)
(4.523179362407018 -0.024565475026299088 0.0)
(3.547957217424882 -0.012717311628097333 0.0)
(2.4902514757254837 -0.004881115688016928 0.0)
(1.31191277215475 -0.0010960079772050178 0.0)
(0.01121404855171079 -7.300121534501314e-05 0.0)
(-0.011250477429220546 -7.304909739709959e-05 0.0)
(1.2657342842306993 -0.0010968361734029308 0.0)
(2.487308591020208 -0.004885383248442414 0.0)
(3.6519611911073575 -0.012729745251146245 0.0)
(4.7218915331050395 -0.02459102565405492 0.0)
(5.660011613385683 -0.03985350060648895 0.0)
(6.4692424113721465 -0.05736115803963301 0.0)
(7.198816115625796 -0.07480156135105989 0.0)
(7.86043533613732 -0.09044137600238154 0.0)
(8.432191370123125 -0.10417664717534897 0.0)
(8.914571543389032 -0.11605049740165693 0.0)
(9.30883580363873 -0.12591809200482634 0.0)
(9.614586932580131 -0.133675311693737 0.0)
(9.83176399376457 -0.13925406215553707 0.0)
(9.960273875496199 -0.1426147289346927 0.0)
(10.000000000000004 -0.14373688355308184 0.0)
(9.950837235614939 -0.1426147289346923 0.0)
(9.812680450679876 -0.1392540621555365 0.0)
(9.585413067419886 -0.1336753116937349 0.0)
(9.268941974139059 -0.12591809200482537 0.0)
(8.863206234388755 -0.11605049740165585 0.0)
(8.367808629876901 -0.10417664717534822 0.0)
(7.784009108307125 -0.0904413760023816 0.0)
(7.11229499548531 -0.07480156135105956 0.0)
(6.330757588627873 -0.05736115803963179 0.0)
(5.451099497725393 -0.039853500606487964 0.0)
(4.522552911339318 -0.0245910256540546 0.0)
(3.548038808892593 -0.01272974525114634 0.0)
(2.4904691867575486 -0.004885383248442858 0.0)
(1.312043493547071 -0.0010968361734030319 0.0)
(0.011250477429206861 -7.30490973971086e-05 0.0)
(-0.011288155878532807 -7.311183014534793e-05 0.0)
(1.2655974066038027 -0.001097852894522963 0.0)
(2.4870618190453775 -0.004890280289783838 0.0)
(3.651784861660294 -0.012743252236486495 0.0)
(4.722359944660757 -0.024617854023537906 0.0)
(5.661513168425804 -0.039896128211928415 0.0)
(6.470384794710943 -0.05741560319555478 0.0)
(7.198426044665244 -0.07485730148004646 0.0)
(7.860041868628155 -0.09049257105747154 0.0)
(8.432152921099046 -0.10422393238431776 0.0)
(8.91452898569463 -0.11609420835632389 0.0)
(9.308810693018097 -0.1259584289210008 0.0)
(9.614570994664613 -0.1337128129650804 0.0)
(9.83175536863721 -0.13928943095164567 0.0)
(9.960269733015888 -0.1426487777613781 0.0)
(10.000000000000004 -0.14377048708591939 0.0)
(9.950841378095248 -0.1426487777613777 0.0)
(9.812689075807235 -0.13928943095164512 0.0)
(9.585429005335406 -0.13371281296507834 0.0)
(9.26896708475969 -0.12595842892099987 0.0)
(8.863248792083159 -0.11609420835632292 0.0)
(8.36784707890098 -0.10422393238431713 0.0)
(7.784402575816291 -0.0904925710574717 0.0)
(7.112685066445861 -0.07485730148004627 0.0)
(6.3296152052890715 -0.05741560319555371 0.0)
(5.4495979426852665 -0.03989612821192754 0.0)
(4.522084499783601 -0.024617854023537663 0.0)
(3.5482151383396574 -0.012743252236486629 0.0)
(2.4907159587323795 -0.004890280289784296 0.0)
(1.3121803711739677 -0.0010978528945230675 0.0)
(0.011288155878519219 -7.311183014535713e-05 0.0)
(-0.01132542837752935 -7.318665722755761e-05 0.0)
(1.2654603868948455 -0.0010990134676990408 0.0)
(2.4867968288368987 -0.0048955916450031094 0.0)
(3.651521541827195 -0.012757239111892507 0.0)
(4.722649735557666 -0.024644781345274484 0.0)
(5.662933493845959 -0.03993868580003431 0.0)
(6.47175946966345 -0.05747107128449017 0.0)
(7.198272901285932 -0.07491571639181313 0.0)
(7.859673131170653 -0.09054705447281285 0.0)
(8.432123578722177 -0.10427448897500055 0.0)
(8.914499770966426 -0.11614113422488306 0.0)
(9.308792652316464 -0.12600188212536756 0.0)
(9.61455950946411 -0.13375332303374224 0.0)
(9.831749243045191 -0.13932771544473313 0.0)
(9.960266720287086 -0.14268568155898995 0.0)
(10.000000000000004 -0.14380692374787513 0.0)
(9.95084439082405 -0.14268568155898953 0.0)
(9.812695201399256 -0.13932771544473263 0.0)
(9.585440490535909 -0.13375332303374024 0.0)
(9.268985125461326 -0.12600188212536675 0.0)
(8.863278006811363 -0.11614113422488218 0.0)
(8.367876421277849 -0.10427448897500002 0.0)
(7.784771313273795 -0.09054705447281315 0.0)
(7.112838209825173 -0.0749157163918131 0.0)
(6.3282405303365605 -0.057471071284489236 0.0)
(5.4481776172651095 -0.03993868580003355 0.0)
(4.521794708886691 -0.024644781345274303 0.0)
(3.5484784581727573 -0.012757239111892676 0.0)
(2.490980948940859 -0.004895591645003581 0.0)
(1.3123173908829253 -0.0010990134676991488 0.0)
(0.011325428377515852 -7.318665722756703e-05 0.0)
(-0.011360657240792386 -7.32702908786286e-05 0.0)
(1.2653292454991687 -0.0011002668994690157 0.0)
(2.4865252635797463 -0.004901083942868745 0.0)
(3.651182801399797 -0.012771091319647201 0.0)
(4.722748172913916 -0.024670624482009674 0.0)
(5.664210183145596 -0.03997930346824217 0.0)
(6.47330603552715 -0.05752512514008735 0.0)
(7.198363414327778 -0.07497423944200396 0.0)
(7.859345325414108 -0.09060243234681002 0.0)
(8.432104632242874 -0.1043260955832934 0.0)
(8.91448518284613 -0.11618921317051839 0.0)
(9.308782474209252 -0.12604654236362228 0.0)
(9.614552981617324 -0.13379506196141652 0.0)
(9.831745886135819 -0.13936723348421273 0.0)
(9.960264969683582 -0.1427238188421747 0.0)
(10.000000000000004 -0.1438445925786817 0.0)
(9.950846141427556 -0.14272381884217428 0.0)
(9.812698558308629 -0.13936723348421223 0.0)
(9.585447018382695 -0.13379506196141458 0.0)
(9.268995303568536 -0.12604654236362153 0.0)
(8.863292594931657 -0.11618921317051759 0.0)
(8.367895367757153 -0.10432609558329298 0.0)
(7.785099119030339 -0.09060243234681044 0.0)
(7.112747696783326 -0.07497423944200404 0.0)
(6.326693964472856 -0.05752512514008652 0.0)
(5.446900927965469 -0.03997930346824149 0.0)
(4.521696271530441 -0.024670624482009556 0.0)
(3.5488171986001564 -0.012771091319647404 0.0)
(2.4912525141980124 -0.004901083942869231 0.0)
(1.3124485322786024 -0.0011002668994691267 0.0)
(0.011360657240778964 -7.327029087863827e-05 0.0)
(-0.011392294576519513 -7.335905638893634e-05 0.0)
(1.2652097445297819 -0.0011015581163340035 0.0)
(2.4862590553545045 -0.004906515861860404 0.0)
(3.650783524012772 -0.012784200219083738 0.0)
(4.7226509315721605 -0.024694247933594028 0.0)
(5.665287140932528 -0.040016196550518864 0.0)
(6.474956539027355 -0.05757538973482009 0.0)
(7.198693606813311 -0.07503029923485846 0.0)
(7.859072854543762 -0.09065627147699055 0.0)
(8.432096914134776 -0.10437648470923955 0.0)
(8.91448586230906 -0.11623633269231662 0.0)
(9.308780605903877 -0.12609044734659963 0.0)
(9.6145516979459 -0.13383619581598058 0.0)
(9.831745445405549 -0.13940624871972587 0.0)
(9.96026455812369 -0.14276151392847938 0.0)
(10.000000000000004 -0.1438818384788268 0.0)
(9.950846552987446 -0.14276151392847902 0.0)
(9.812698999038897 -0.13940624871972543 0.0)
(9.585448302054118 -0.13383619581597864 0.0)
(9.268997171873913 -0.12609044734659888 0.0)
(8.863291915468727 -0.1162363326923159 0.0)
(8.367903085865251 -0.10437648470923921 0.0)
(7.785371589900686 -0.09065627147699108 0.0)
(7.112417504297791 -0.07503029923485866 0.0)
(6.325043460972647 -0.05757538973481938 0.0)
(5.4458239701785365 -0.04001619655051825 0.0)
(4.521793512872199 -0.024694247933593958 0.0)
(3.5492164759871825 -0.012784200219083969 0.0)
(2.4915187224232547 -0.004906515861860902 0.0)
(1.3125680332479894 -0.0011015581163341176 0.0)
(0.011392294576506154 -7.335905638894625e-05 0.0)
(-0.011418950298057756 -7.344905356434975e-05 0.0)
(1.265107134640659 -0.0011028303845871715 0.0)
(2.4860099008635768 -0.004911648733395007 0.0)
(3.6503412531840485 -0.01279598982914293 0.0)
(4.722362284139055 -0.024714613728782805 0.0)
(5.666117047651834 -0.04004774403232312 0.0)
(6.476638460059776 -0.05761965653435235 0.0)
(7.19924897068879 -0.07508143260563707 0.0)
(7.858867690431184 -0.09070620627047023 0.0)
(8.432100763517434 -0.10442344234682924 0.0)
(8.91450177950086 -0.11628042244469264 0.0)
(9.308787129490254 -0.1261316679696694 0.0)
(9.614555714852013 -0.13387491725111697 0.0)
(9.831747940219266 -0.1394430468932005 0.0)
(9.960265503690602 -0.1427971105647731 0.0)
(10.000000000000004 -0.1439170249315973 0.0)
(9.950845607420534 -0.14279711056477273 0.0)
(9.81269650422518 -0.1394430468932001 0.0)
(9.585444285148006 -0.13387491725111514 0.0)
(9.268990648287536 -0.12613166796966876 0.0)
(8.863275998276928 -0.11628042244469197 0.0)
(8.367899236482593 -0.10442344234682899 0.0)
(7.785576754013264 -0.09070620627047084 0.0)
(7.111862140422311 -0.07508143260563735 0.0)
(6.323361539940222 -0.05761965653435172 0.0)
(5.444994063459229 -0.04004774403232258 0.0)
(4.522082160305305 -0.02471461372878277 0.0)
(3.5496587468159073 -0.012795989829143182 0.0)
(2.4917678769141833 -0.0049116487333955156 0.0)
(1.3126706431371125 -0.0011028303845872886 0.0)
(0.011418950298044442 -7.344905356435988e-05 0.0)
(-0.011439453201767986 -7.353632809362639e-05 0.0)
(1.2650259243226087 -0.0011040278030890237 0.0)
(2.4857887474994786 -0.0049162570284876465 0.0)
(3.649875421484729 -0.012805942135927258 0.0)
(4.721894913254747 -0.024730827031793582 0.0)
(5.666663438720541 -0.04007255977501898 0.0)
(6.478277898091237 -0.057655980536496475 0.0)
(7.200005104281532 -0.07512539284757364 0.0)
(7.858738847612145 -0.09075004268377664 0.0)
(8.432116011256015 -0.10446490526337332 0.0)
(8.914532235049238 -0.11631954520458698 0.0)
(9.308801758333935 -0.12616839307406502 0.0)
(9.614564855840156 -0.1339095249178048 0.0)
(9.831753260959417 -0.13947601116021455 0.0)
(9.960267764837834 -0.14282904469997923 0.0)
(10.000000000000004 -0.14394860590863046 0.0)
(9.950843346273302 -0.14282904469997892 0.0)
(9.812691183485029 -0.13947601116021416 0.0)
(9.585435144159863 -0.13390952491780297 0.0)
(9.268976019443853 -0.12616839307406438 0.0)
(8.86324554272855 -0.11631954520458637 0.0)
(8.36788398874401 -0.10446490526337313 0.0)
(7.785705596832303 -0.09075004268377733 0.0)
(7.111106006829565 -0.075125392847574 0.0)
(6.321722101908757 -0.0576559805364959 0.0)
(5.444447672390523 -0.04007255977501847 0.0)
(4.522549531189616 -0.024730827031793568 0.0)
(3.550124578515228 -0.012805942135927527 0.0)
(2.4919890302782814 -0.0049162570284881635 0.0)
(1.312751853455163 -0.0011040278030891434 0.0)
(0.011439453201754693 -7.353632809363673e-05 0.0)
(-0.011452902427570178 -7.361704529361408e-05 0.0)
(1.2649696818084362 -0.001105097759461205 0.0)
(2.4856053123364403 -0.00492013826708259 0.0)
(3.6494064967074666 -0.012813619853283846 0.0)
(4.721269354340862 -0.024742175459753466 0.0)
(5.6669023067146815 -0.04008955342027149 0.0)
(6.479802819213902 -0.057682765731051154 0.0)
(7.200928784464782 -0.07516024842806046 0.0)
(7.858691987204402 -0.09078585462510559 0.0)
(8.432141987392784 -0.10449905165417311 0.0)
(8.91457589079312 -0.11635198198950297 0.0)
(9.308823849670292 -0.12619900902588593 0.0)
(9.614578719272032 -0.13393849821848267 0.0)
(9.831761173842414 -0.13950369313118174 0.0)
(9.960271242214716 -0.1428559132066187 0.0)
(10.000000000000004 -0.14397519379957102 0.0)
(9.95083986889642 -0.1428559132066184 0.0)
(9.812683270602031 -0.13950369313118136 0.0)
(9.585421280727985 -0.13393849821848083 0.0)
(9.268953928107498 -0.12619900902588535 0.0)
(8.863201886984669 -0.11635198198950239 0.0)
(8.367858012607243 -0.10449905165417298 0.0)
(7.785752457240046 -0.09078585462510634 0.0)
(7.110182326646312 -0.07516024842806088 0.0)
(6.320197180786089 -0.057682765731050606 0.0)
(5.444208804396382 -0.04008955342027098 0.0)
(4.523175090103503 -0.02474217545975346 0.0)
(3.550593503292492 -0.012813619853284126 0.0)
(2.49217246544132 -0.0049201382670831136 0.0)
(1.3128080959693356 -0.0011050977594613265 0.0)
(0.011452902427556888 -7.361704529362456e-05 0.0)
(-0.01145870704108725 -7.368765859821329e-05 0.0)
(1.264940878291321 -0.0011059932417781513 0.0)
(2.4854676551799404 -0.004923121914656501 0.0)
(3.6489550825491004 -0.012818685636358037 0.0)
(4.720513093311647 -0.024748160383499262 0.0)
(5.666823156211592 -0.04009797829839724 0.0)
(6.4811462211834066 -0.05769883522556977 0.0)
(7.201979426421112 -0.07518446785665747 0.0)
(7.8587291681685425 -0.09081206858327116 0.0)
(8.432177550583809 -0.10452438118928598 0.0)
(8.91463082857898 -0.11637630758645282 0.0)
(9.308852432846418 -0.1262221706162195 0.0)
(9.614596696013809 -0.13396056411932397 0.0)
(9.831771331190657 -0.13952487651094062 0.0)
(9.96027578303167 -0.14287653553166427 0.0)
(10.000000000000004 -0.14399562038113234 0.0)
(9.950835328079465 -0.14287653553166396 0.0)
(9.812673113253789 -0.13952487651094023 0.0)
(9.585403303986208 -0.13396056411932214 0.0)
(9.26892534493137 -0.1262221706162189 0.0)
(8.863146949198807 -0.11637630758645226 0.0)
(8.367822449416217 -0.10452438118928584 0.0)
(7.785715276275906 -0.09081206858327191 0.0)
(7.109131684689979 -0.07518446785665789 0.0)
(6.318853778816583 -0.057698835225569206 0.0)
(5.444287954899473 -0.04009797829839672 0.0)
(4.5239313511327195 -0.024748160383499248 0.0)
(3.551044917450859 -0.012818685636358317 0.0)
(2.49231012259782 -0.004923121914657026 0.0)
(1.3128368994864505 -0.001105993241778274 0.0)
(0.01145870704107394 -7.36876585982239e-05 0.0)
(-0.011456611998220501 -7.37450653880033e-05 0.0)
(1.264940779345111 -0.0011066749041850938 0.0)
(2.4853818244335995 -0.0049250768751934095 0.0)
(3.64854101332191 -0.012820916903909138 0.0)
(4.719659358893187 -0.024748518836430682 0.0)
(5.666429464939576 -0.04009746423566427 0.0)
(6.4822490773748935 -0.057703482955861495 0.0)
(7.203110866865057 -0.07519698697598023 0.0)
(7.858848756841022 -0.09082753276490867 0.0)
(8.43222113824754 -0.10453978093527805 0.0)
(8.91469463454102 -0.11639145317320893 0.0)
(9.308886251969849 -0.1262368601671593 0.0)
(9.61461799620034 -0.13397475308501414 0.0)
(9.831783286708843 -0.13953863054053836 0.0)
(9.960281187773505 -0.14289000556788098 0.0)
(10.000000000000004 -0.14400898814669 0.0)
(9.950829923337633 -0.14289000556788062 0.0)
(9.812661157735603 -0.13953863054053797 0.0)
(9.585382003799678 -0.13397475308501236 0.0)
(9.268891525807941 -0.1262368601671587 0.0)
(8.863083143236768 -0.11639145317320837 0.0)
(8.367778861752486 -0.10453978093527791 0.0)
(7.785595687603425 -0.09082753276490942 0.0)
(7.108000244246031 -0.07519698697598065 0.0)
(6.317750922625094 -0.057703482955860905 0.0)
(5.444681646171492 -0.04009746423566372 0.0)
(4.524785085551183 -0.024748518836430648 0.0)
(3.5514589866780497 -0.01282091690390941 0.0)
(2.492395953344161 -0.004925076875193937 0.0)
(1.3128369984326604 -0.0011066749041852173 0.0)
(0.011456611998207149 -7.374506538801402e-05 0.0)
(-0.011446709351320718 -7.378674331366354e-05 0.0)
(1.2649693893173217 -0.0011071127956829387 0.0)
(2.4853515913433877 -0.004925917251303825 0.0)
(3.6481824824702205 -0.012820215618122943 0.0)
(4.718745662613965 -0.0247432350687817 0.0)
(5.665738530972887 -0.04008803381904864 0.0)
(6.4830629303049285 -0.05769650470916008 0.0)
(7.204273392373421 -0.07519725571882888 0.0)
(7.859045498714354 -0.09083156770216784 0.0)
(8.432270835221773 -0.10454457425548355 0.0)
(8.91476450516199 -0.11639675328039736 0.0)
(9.308923821090168 -0.1262424322467109 0.0)
(9.614641683940397 -0.13398044167835874 0.0)
(9.831796515093377 -0.13954435089307685 0.0)
(9.960287218965751 -0.14289573146652015 0.0)
(10.000000000000004 -0.14401470974108094 0.0)
(9.950823892145385 -0.1428957314665198 0.0)
(9.812647929351069 -0.13954435089307646 0.0)
(9.585358316059622 -0.13398044167835696 0.0)
(9.268853956687622 -0.1262424322467103 0.0)
(8.863013272615797 -0.11639675328039678 0.0)
(8.367729164778252 -0.10454457425548336 0.0)
(7.785398945730092 -0.09083156770216856 0.0)
(7.106837718737665 -0.07519725571882921 0.0)
(6.316937069695059 -0.05769650470915942 0.0)
(5.445372580138184 -0.04008803381904801 0.0)
(4.525698781830408 -0.024743235068781625 0.0)
(3.55181751752974 -0.012820215618123198 0.0)
(2.492426186434373 -0.004925917251304349 0.0)
(1.3128083884604498 -0.0011071127956830623 0.0)
(0.01144670935130731 -7.378674331367431e-05 0.0)
(-0.011429434204576306 -7.381086112338808e-05 0.0)
(1.2650254511381143 -0.0011072876761203695 0.0)
(2.48537828429598 -0.00492560611839888 0.0)
(3.6478952431837413 -0.012816612592213927 0.0)
(4.71781215061693 -0.02473254123963643 0.0)
(5.664780712685995 -0.04007010140380394 0.0)
(6.483552020764667 -0.05767820709685926 0.0)
(7.205415923702147 -0.07518526227713421 0.0)
(7.859310749310554 -0.09082399610728724 0.0)
(8.432324457912381 -0.10453855054018174 0.0)
(8.914837370454636 -0.11639197503100449 0.0)
(9.30896348948896 -0.1262386420278926 0.0)
(9.614666718438015 -0.13397737995297324 0.0)
(9.831810435113242 -0.13954178622673055 0.0)
(9.960293611608858 -0.1428934616420708 0.0)
(10.000000000000004 -0.14401253376791506 0.0)
(9.950817499502278 -0.14289346164207045 0.0)
(9.812634009331205 -0.1395417862267301 0.0)
(9.585333281562004 -0.1339773799529714 0.0)
(9.268814288288828 -0.126238642027892 0.0)
(8.862940407323151 -0.11639197503100385 0.0)
(8.367675542087646 -0.10453855054018152 0.0)
(7.785133695133892 -0.0908239961072879 0.0)
(7.105695187408936 -0.07518526227713448 0.0)
(6.3164479792353205 -0.0576782070968585 0.0)
(5.446330398425079 -0.040070101403803245 0.0)
(4.526632293827444 -0.024732541239636304 0.0)
(3.55210475681622 -0.012816612592214165 0.0)
(2.49239949348178 -0.004925606118399399 0.0)
(1.3127523266396568 -0.0011072876761204927 0.0)
(0.011429434204562819 -7.381086112339885e-05 0.0)
(-0.01140554559633122 -7.381635912473993e-05 0.0)
(1.2651065015536456 -0.001107191861570901 0.0)
(2.4854607304518725 -0.004924157147089214 0.0)
(3.6476919162312305 -0.012810266136548986 0.0)
(4.71689983971142 -0.0247169072162837 0.0)
(5.663598094862146 -0.040044454907449616 0.0)
(6.483694859014074 -0.05764939408256898 0.0)
(7.2064882601148526 -0.07516153362078293 0.0)
(7.859632854003686 -0.09080515066229407 0.0)
(8.432379650236435 -0.1045219744604029 0.0)
(8.914910028851299 -0.11637732837256709 0.0)
(9.309003514209355 -0.1262256560459853 0.0)
(9.614691999723169 -0.13396570243546976 0.0)
(9.831824435148231 -0.1395310492282468 0.0)
(9.96030008482178 -0.14288329582646678 0.0)
(10.000000000000004 -0.1440025558354724 0.0)
(9.950811026289358 -0.14288329582646642 0.0)
(9.812620009296214 -0.13953104922824636 0.0)
(9.58530800027685 -0.13396570243546788 0.0)
(9.268774263568433 -0.1262256560459846 0.0)
(8.862867748926488 -0.1163773283725664 0.0)
(8.367620349763593 -0.10452197446040262 0.0)
(7.784811590440759 -0.09080515066229465 0.0)
(7.104622850996228 -0.07516153362078312 0.0)
(6.316305140985915 -0.057649394082568126 0.0)
(5.447513016248933 -0.040044454907448825 0.0)
(4.527544604732957 -0.02471690721628352 0.0)
(3.5523080837687306 -0.012810266136549196 0.0)
(2.492317047325887 -0.004924157147089726 0.0)
(1.3126712762241253 -0.0011071918615710228 0.0)
(0.011405545596317646 -7.381635912475062e-05 0.0)
(-0.011376093148328777 -7.380299574559798e-05 0.0)
(1.2652089793569345 -0.0011068295619505492 0.0)
(2.4855953072778063 -0.004921634002523359 0.0)
(3.6475814354270053 -0.012801455102779526 0.0)
(4.716048815169597 -0.024697019929108003 0.0)
(5.662242639564981 -0.04001222119011654 0.0)
(6.483485169001785 -0.05761133165742525 0.0)
(7.2074432851113475 -0.07512711234352479 0.0)
(7.859997660102808 -0.09077585940156459 0.0)
(8.432433987144188 -0.10449557433876747 0.0)
(8.914979287874955 -0.1163534568524616 0.0)
(9.30904213663836 -0.12620404488127673 0.0)
(9.614716416982441 -0.13394592221460402 0.0)
(9.831837900062421 -0.13951261166169623 0.0)
(9.960306354183384 -0.14286568068704783 0.0)
(10.000000000000004 -0.14398521435585043 0.0)
(9.950804756927754 -0.14286568068704747 0.0)
(9.812606544382025 -0.1395126116616958 0.0)
(9.585283583017576 -0.13394592221460208 0.0)
(9.268735641139427 -0.12620404488127604 0.0)
(8.862798489902833 -0.11635345685246085 0.0)
(8.36756601285584 -0.10449557433876708 0.0)
(7.784446784341636 -0.09077585940156506 0.0)
(7.1036678259997315 -0.07512711234352484 0.0)
(6.316514830998205 -0.057611331657424256 0.0)
(5.448868471546101 -0.04001222119011564 0.0)
(4.5283956292747805 -0.024697019929107746 0.0)
(3.552418564572956 -0.012801455102779705 0.0)
(2.492182470499953 -0.004921634002523861 0.0)
(1.3125687984208358 -0.0011068295619506689 0.0)
(0.011376093148315105 -7.380299574560856e-05 0.0)
(-0.011342370947252475 -7.37713581483941e-05 0.0)
(1.2653283818607828 -0.0011062166960418228 0.0)
(2.4857761017142512 -0.004918147547057576 0.0)
(3.6475686550954847 -0.012790566631610044 0.0)
(4.715296469452925 -0.024673753189125066 0.0)
(5.660773903020524 -0.03997481654237441 0.0)
(6.482932164123325 -0.05756569221475564 0.0)
(7.208239036640455 -0.07508351085331055 0.0)
(7.860389138695318 -0.09073740932950837 0.0)
(8.432485081171322 -0.10446051014832242 0.0)
(8.91504210441081 -0.11632140934160973 0.0)
(9.309077659777104 -0.1261747580888078 0.0)
(9.614738897366129 -0.13391890839709394 0.0)
(9.831850238232114 -0.13948728364002247 0.0)
(9.960312144229391 -0.14284139020081407 0.0)
(10.000000000000004 -0.1439612712819383 0.0)
(9.950798966881745 -0.14284139020081366 0.0)
(9.812594206212331 -0.13948728364002197 0.0)
(9.585261102633888 -0.13391890839709195 0.0)
(9.268700118000684 -0.12617475808880704 0.0)
(8.862735673366977 -0.1163214093416089 0.0)
(8.367514918828705 -0.10446051014832194 0.0)
(7.784055305749125 -0.09073740932950873 0.0)
(7.102872074470623 -0.07508351085331047 0.0)
(6.317067835876669 -0.05756569221475451 0.0)
(5.450337208090563 -0.0399748165423734 0.0)
(4.529147974991455 -0.02467375318912474 0.0)
(3.552431344904476 -0.012790566631610188 0.0)
(2.492001676063507 -0.004918147547058063 0.0)
(1.3124493959169874 -0.0011062166960419404 0.0)
(0.0113423709472387 -7.377135814840455e-05 0.0)
(-0.011305860684924583 -7.372283643127012e-05 0.0)
(1.2654594627376115 -0.001105380192051546 0.0)
(2.485995169984424 -0.004913850969166737 0.0)
(3.6476541367810547 -0.01277807914254383 0.0)
(4.714675859255815 -0.02464812929432444 0.0)
(5.659256418825559 -0.03993388445601514 0.0)
(6.482060142401357 -0.05751448106817605 0.0)
(7.208840550835772 -0.07503264491985354 0.0)
(7.860790088928052 -0.09069148987194915 0.0)
(8.432530687339757 -0.10441832254544778 0.0)
(8.915095718415198 -0.11628259394900908 0.0)
(9.309108522803859 -0.12613908247666084 0.0)
(9.614758453127301 -0.13388584792066052 0.0)
(9.831860907540706 -0.13945617803016155 0.0)
(9.960317200555773 -0.14281149164729237 0.0)
(10.000000000000004 -0.14393177862860124 0.0)
(9.950793910555365 -0.14281149164729195 0.0)
(9.81258353690374 -0.13945617803016105 0.0)
(9.585241546872718 -0.13388584792065852 0.0)
(9.268669254973931 -0.12613908247665997 0.0)
(8.862682059362589 -0.11628259394900814 0.0)
(8.36746931266027 -0.1044183225454472 0.0)
(7.78365435551639 -0.09069148987194937 0.0)
(7.102270560275305 -0.07503264491985331 0.0)
(6.317939857598639 -0.05751448106817478 0.0)
(5.451854692285531 -0.039933884456014014 0.0)
(4.529768585188566 -0.024648129294324046 0.0)
(3.552345863218905 -0.01277807914254394 0.0)
(2.4917826077933336 -0.004913850969167213 0.0)
(1.3123183150401583 -0.0011053801920516606 0.0)
(0.011305860684910707 -7.372283643128038e-05 0.0)
(-0.01126816655547815 -7.365956254970844e-05 0.0)
(1.2655964625334988 -0.0011043568044347102 0.0)
(2.486242886629307 -0.004908933052623004 0.0)
(3.647834124574836 -0.012764541313005246 0.0)
(4.714214253054955 -0.02462127411176609 0.0)
(5.657756862459455 -0.039891223412030226 0.0)
(6.480907418875028 -0.05745994834177904 0.0)
(7.209221398263995 -0.07497674949921329 0.0)
(7.861182893781301 -0.09064011864584483 0.0)
(8.432568801797885 -0.10437086517623384 0.0)
(8.915137774186851 -0.11623871615199974 0.0)
(9.309133369653688 -0.12609858556596693 0.0)
(9.614774225021584 -0.13384819340215584 0.0)
(9.831869439198297 -0.13942066155570473 0.0)
(9.960321300996798 -0.14277729871422665 0.0)
(10.000000000000004 -0.14389803224907144 0.0)
(9.95078981011434 -0.14277729871422623 0.0)
(9.81257500524615 -0.13942066155570412 0.0)
(9.585225774978435 -0.1338481934021538 0.0)
(9.2686444081241 -0.126098585565966 0.0)
(8.862640003590936 -0.11623871615199871 0.0)
(8.36743119820214 -0.10437086517623315 0.0)
(7.78326155066314 -0.09064011864584494 0.0)
(7.101889712847082 -0.07497674949921293 0.0)
(6.3190925811249725 -0.05745994834177763 0.0)
(5.453354248651639 -0.03989122341202898 0.0)
(4.5302301913894265 -0.02462127411176562 0.0)
(3.552165875425123 -0.012764541313005313 0.0)
(2.49153489114845 -0.004908933052623464 0.0)
(1.3121813152442705 -0.0011043568044348212 0.0)
(0.011268166555464176 -7.365956254971851e-05 0.0)
(-0.01123094477000159 -7.358431664230865e-05 0.0)
(1.2657333617280475 -0.0011031914989709643 0.0)
(2.4865083674327098 -0.0049036098816822304 0.0)
(3.6481007101424474 -0.01275054797045745 0.0)
(4.713931932982325 -0.024594367609041445 0.0)
(5.6563411216855775 -0.039848707858646186 0.0)
(6.479524642107235 -0.0574044901037977 0.0)
(7.2093648451858705 -0.07491828053391494 0.0)
(7.8615502941284285 -0.09058555280888943 0.0)
(8.432597749866147 -0.10432022323066306 0.0)
(8.915166423872103 -0.11619170386071012 0.0)
(9.309151108601469 -0.12605504671689494 0.0)
(9.614785520060801 -0.13380759931223604 0.0)
(9.83187545833946 -0.139382294745564 0.0)
(9.960324265386587 -0.14274031377654164 0.0)
(10.000000000000004 -0.1438615148975283 0.0)
(9.950786845724549 -0.14274031377654123 0.0)
(9.812568986104987 -0.13938229474556338 0.0)
(9.585214479939218 -0.13380759931223393 0.0)
(9.26862666917632 -0.12605504671689396 0.0)
(8.862611353905685 -0.11619170386070901 0.0)
(8.367402250133878 -0.10432022323066226 0.0)
(7.782894150316011 -0.09058555280888937 0.0)
(7.1017462659252075 -0.07491828053391442 0.0)
(6.32047535789277 -0.057404490103796155 0.0)
(5.454769989425519 -0.03984870785864484 0.0)
(4.530512511462056 -0.02459436760904091 0.0)
(3.5518992898575106 -0.012750547970457483 0.0)
(2.491269410345047 -0.004903609881682676 0.0)
(1.3120444160497216 -0.0011031914989710723 0.0)
(0.011230944769987527 -7.35843166423185e-05 0.0)
(-0.011195830785653414 -7.350040487658339e-05 0.0)
(1.2658641452210988 -0.0011019354770505194 0.0)
(2.486779947653813 -0.00489811534673709 0.0)
(3.6484421802017533 -0.0127367139567719 0.0)
(4.713841303665427 -0.024568592008656177 0.0)
(5.655071401563506 -0.0398082058514987 0.0)
(6.477972568779438 -0.05735054308775094 0.0)
(7.209264588806078 -0.07485980704332773 0.0)
(7.861876147070324 -0.09053018988413335 0.0)
(8.432616259619381 -0.104268621823177 0.0)
(8.915180408656193 -0.11614362270921297 0.0)
(9.309160960230287 -0.12601037894682104 0.0)
(9.61479184196159 -0.13376584928094734 0.0)
(9.831878700494144 -0.13934276336718684 0.0)
(9.960325963475281 -0.1427021618847372 0.0)
(10.000000000000004 -0.14382383107959196 0.0)
(9.950785147635857 -0.14270216188473672 0.0)
(9.812565743950302 -0.13934276336718618 0.0)
(9.585208158038428 -0.13376584928094518 0.0)
(9.268616817547501 -0.12601037894681996 0.0)
(8.862597369121595 -0.11614362270921177 0.0)
(8.367383740380644 -0.10426862182317609 0.0)
(7.782568297374116 -0.09053018988413321 0.0)
(7.101846522305002 -0.07485980704332709 0.0)
(6.3220274312205715 -0.05735054308774927 0.0)
(5.456039709547593 -0.03980820585149727 0.0)
(4.530603140778953 -0.024568592008655587 0.0)
(3.551557819798204 -0.012736713956771901 0.0)
(2.4909978301239426 -0.004898115346737524 0.0)
(1.3119136325566698 -0.0011019354770506243 0.0)
(0.011195830785639274 -7.350040487659297e-05 0.0)
(-0.011164367446666663 -7.341151418200635e-05 0.0)
(1.26598306662523 -0.001100643925978733 0.0)
(2.4870456945545443 -0.004892690867601104 0.0)
(3.6488435311830494 -0.012723647113201323 0.0)
(4.713946347190644 -0.02454507984333609 0.0)
(5.654003491272517 -0.03977149697468551 0.0)
(6.476319394154221 -0.0573004776268306 0.0)
(7.208925034206532 -0.07480389824565387 0.0)
(7.862146135224848 -0.09047646241720679 0.0)
(8.432623517772894 -0.10421832822521848 0.0)
(8.915179114073297 -0.11609658529534309 0.0)
(9.309162491677595 -0.1259665448758449 0.0)
(9.614792912951197 -0.13372477772828503 0.0)
(9.831879023208005 -0.13930380435701858 0.0)
(9.960326320651964 -0.1426645193631422 0.0)
(10.000000000000004 -0.14378663655328194 0.0)
(9.950784790459172 -0.14266451936314173 0.0)
(9.81256542123644 -0.13930380435701792 0.0)
(9.585207087048822 -0.1337247777282828 0.0)
(9.268615286100193 -0.12596654487584377 0.0)
(8.86259866370449 -0.11609658529534181 0.0)
(8.367376482227131 -0.10421832822521748 0.0)
(7.78229830921959 -0.09047646241720654 0.0)
(7.102186076904549 -0.07480389824565312 0.0)
(6.323680605845793 -0.05730047762682883 0.0)
(5.457107619838584 -0.03977149697468401 0.0)
(4.5304980972537345 -0.024545079843335444 0.0)
(3.5511564688169064 -0.012723647113201297 0.0)
(2.490732083223211 -0.004892690867601525 0.0)
(1.3117947111525385 -0.0011006439259788345 0.0)
(0.011164367446652461 -7.341151418201571e-05 0.0)
(-0.01113793719459586 -7.332155025307632e-05 0.0)
(1.266084900751504 -0.0010993735941468726 0.0)
(2.487293931702255 -0.0048875747859637025 0.0)
(3.649287128458468 -0.012711921572947095 0.0)
(4.71424244813765 -0.024524864194611046 0.0)
(5.65318431283711 -0.039740194149096804 0.0)
(6.474637755700219 -0.05725649350579732 0.0)
(7.208361100795139 -0.07475301067118087 0.0)
(7.862348395806424 -0.09042673109471493 0.0)
(8.432619205416698 -0.10417155224547225 0.0)
(8.915162597005015 -0.1160526583570134 0.0)
(9.309155635654403 -0.12592547049285302 0.0)
(9.614788685972297 -0.13368618926313489 0.0)
(9.831876412301584 -0.13926712950269252 0.0)
(9.96032532122295 -0.14262904015529057 0.0)
(10.000000000000004 -0.14375156557803886 0.0)
(9.950785789888187 -0.1426290401552901 0.0)
(9.812568032142861 -0.13926712950269185 0.0)
(9.585211314027722 -0.1336861892631326 0.0)
(9.268622142123387 -0.12592547049285183 0.0)
(8.862615180772773 -0.11605265835701203 0.0)
(8.367380794583328 -0.10417155224547117 0.0)
(7.782096048638015 -0.09042673109471457 0.0)
(7.102750010315944 -0.07475301067118001 0.0)
(6.325362244299798 -0.05725649350579547 0.0)
(5.457926798273991 -0.039740194149095236 0.0)
(4.530201996306728 -0.024524864194610373 0.0)
(3.5507128715414864 -0.012711921572947048 0.0)
(2.490483846075499 -0.004887574785964114 0.0)
(1.3116928770262644 -0.0010993735941469715 0.0)
(0.011137937194581617 -7.332155025308547e-05 0.0)
(-0.011117701326364218 -7.323446594024615e-05 0.0)
(1.2661651731947126 -0.0010981802976116248 0.0)
(2.4875137520108126 -0.00488299189309243 0.0)
(3.6497534811752663 -0.012702052534796724 0.0)
(4.714716596372535 -0.02450883330110255 0.0)
(5.652649859459093 -0.03971567276362204 0.0)
(6.473001541534631 -0.05722052330646265 0.0)
(7.20759756677431 -0.07470938022683488 0.0)
(7.86247404185512 -0.09038318101998709 0.0)
(8.432603512027834 -0.10413034913491415 0.0)
(8.915131583181113 -0.11601377196353202 0.0)
(9.309140693401822 -0.1258889605310906 0.0)
(9.61477934675061 -0.13365177939205994 0.0)
(9.831870982493335 -0.139234350230213 0.0)
(9.96032300910132 -0.14259728315266793 0.0)
(10.000000000000004 -0.1437201591083544 0.0)
(9.950788102009817 -0.14259728315266745 0.0)
(9.812573461951112 -0.13923435023021227 0.0)
(9.585220653249408 -0.13365177939205766 0.0)
(9.268637084375966 -0.12588896053108942 0.0)
(8.862646194596675 -0.1160137719635306 0.0)
(8.367396487972192 -0.10413034913491301 0.0)
(7.781970402589319 -0.09038318101998667 0.0)
(7.103513544336776 -0.07470938022683396 0.0)
(6.326998458465391 -0.05722052330646074 0.0)
(5.458461251652009 -0.039715672763620445 0.0)
(4.5297278480718415 -0.024508833301101856 0.0)
(3.550246518824687 -0.01270205253479666 0.0)
(2.4902640257669413 -0.00488299189309283 0.0)
(1.3116126045830558 -0.001098180297611721 0.0)
(0.011117701326349953 -7.323446594025511e-05 0.0)
(-0.01110454896900136 -7.315408756890537e-05 0.0)
(1.2662203569305555 -0.0010971164676396735 0.0)
(2.487695496978008 -0.004879143552915879 0.0)
(3.6502220986482357 -0.012694473626231636 0.0)
(4.715347958689286 -0.02449769153094367 0.0)
(5.6524236140421396 -0.03969901024307836 0.0)
(6.4714826439145225 -0.05719414749357971 0.0)
(7.206667980432072 -0.07467492395452086 0.0)
(7.862517552713421 -0.09034772570363427 0.0)
(8.4325771271451 -0.1040965292828431 0.0)
(8.915087435292275 -0.11598163471188788 0.0)
(9.309118321455099 -0.12585861917148444 0.0)
(9.614765305634453 -0.13362306002184418 0.0)
(9.831862972359096 -0.13920690680084472 0.0)
(9.960319485877466 -0.14257064369987169 0.0)
(10.000000000000004 -0.14369379708704993 0.0)
(9.95079162523367 -0.14257064369987116 0.0)
(9.81258147208535 -0.139206906800844 0.0)
(9.585234694365566 -0.1336230600218419 0.0)
(9.26865945632269 -0.1258586191714832 0.0)
(8.862690342485513 -0.11598163471188647 0.0)
(8.367422872854926 -0.10409652928284194 0.0)
(7.781926891731018 -0.0903477257036338 0.0)
(7.104443130679017 -0.07467492395451988 0.0)
(6.328517356085502 -0.05719414749357779 0.0)
(5.458687497068961 -0.03969901024307675 0.0)
(4.529096485755088 -0.02449769153094297 0.0)
(3.549777901351716 -0.012694473626231561 0.0)
(2.4900822807997454 -0.004879143552916276 0.0)
(1.311557420847213 -0.0010971164676397676 0.0)
(0.011104548968987092 -7.315408756891414e-05 0.0)
(-0.01109905801302825 -7.308394681764258e-05 0.0)
(1.2662480272866354 -0.001096228846973764 0.0)
(2.4878311810624765 -0.004876198854461071 0.0)
(3.6506723906829257 -0.012689517850628962 0.0)
(4.716108794182751 -0.024491928433131898 0.0)
(5.652515517395967 -0.03969093870813526 0.0)
(6.470147800422577 -0.05717852497211342 0.0)
(7.205613186091675 -0.07465115579980827 0.0)
(7.862477016593814 -0.09032192298739329 0.0)
(8.432541210071973 -0.10407157867168748 0.0)
(8.915032093115968 -0.11595765865412483 0.0)
(9.309089502796642 -0.12583577955786768 0.0)
(9.614747179564782 -0.13360129302907428 0.0)
(9.831852733849514 -0.13918600502866788 0.0)
(9.960314906355404 -0.14255029228572222 0.0)
(10.000000000000004 -0.14367363781311365 0.0)
(9.950796204755735 -0.14255029228572175 0.0)
(9.812591710594932 -0.13918600502866715 0.0)
(9.585252820435237 -0.13360129302907195 0.0)
(9.268688274981146 -0.12583577955786643 0.0)
(8.86274568466182 -0.11595765865412339 0.0)
(8.367458789928055 -0.10407157867168629 0.0)
(7.781967427850626 -0.09032192298739282 0.0)
(7.105497925019417 -0.0746511557998073 0.0)
(6.32985219957745 -0.0571785249721115 0.0)
(5.458595593715132 -0.039690938708133665 0.0)
(4.52833565026162 -0.024491928433131204 0.0)
(3.549327609317025 -0.012689517850628888 0.0)
(2.489946596715277 -0.004876198854461465 0.0)
(1.311529750491133 -0.0010962288469738572 0.0)
(0.011099058013014007 -7.308394681765121e-05 0.0)
(-0.011101469721004932 -7.302712554274942e-05 0.0)
(1.266246968478128 -0.001095556436042101 0.0)
(2.4879148425537734 -0.004874287182390937 0.0)
(3.651084572271118 -0.012687402955702346 0.0)
(4.716965673133257 -0.024491797227641793 0.0)
(5.652921531455341 -0.03969181280727165 0.0)
(6.469055661639803 -0.05717434216707639 0.0)
(7.2044795294867425 -0.0746391200919326 0.0)
(7.862354214579233 -0.09030690659541109 0.0)
(8.432497338938937 -0.10405659358565558 0.0)
(8.914967988286175 -0.11594289725435797 0.0)
(9.309055503665583 -0.1258214452210787 0.0)
(9.614725764967936 -0.13358743481559096 0.0)
(9.831840716825967 -0.13917256329931318 0.0)
(9.96030947175095 -0.1425371231141254 0.0)
(10.000000000000004 -0.14366056704816194 0.0)
(9.950801639360188 -0.14253712311412492 0.0)
(9.812603727618479 -0.13917256329931246 0.0)
(9.585274235032083 -0.13358743481558863 0.0)
(9.268722274112207 -0.12582144522107744 0.0)
(8.862809789491612 -0.11594289725435653 0.0)
(8.36750266106109 -0.10405659358565442 0.0)
(7.782090229865206 -0.09030690659541064 0.0)
(7.106631581624352 -0.07463912009193166 0.0)
(6.330944338360226 -0.05717434216707451 0.0)
(5.458189579655755 -0.03969181280727011 0.0)
(4.527478771311111 -0.024491797227641127 0.0)
(3.5489154277288324 -0.012687402955702278 0.0)
(2.4898629352239805 -0.004874287182391331 0.0)
(1.3115308092996405 -0.0010955564360421934 0.0)
(0.011101469720990726 -7.302712554275797e-05 0.0)
)
