(
(-0.025761087980555243 -3.486676335052911e-05 0.0)
(1.2086836179027018 -0.0006094711764330228 0.0)
(2.37178466710697 -0.0032116632180730783 0.0)
(3.484556895089073 -0.00969030397193587 0.0)
(4.523665450671892 -0.02090043767598521 0.0)
(5.460908124409505 -0.03615407002947301 0.0)
(6.299298605634637 -0.05319029461945545 0.0)
(7.058403680634108 -0.06918653451664292 0.0)
(7.740738466205168 -0.08314095268947008 0.0)
(8.334879785662455 -0.09544060117562234 0.0)
(8.836902966138405 -0.10609649640272885 0.0)
(9.248632149684846 -0.11494995379556394 0.0)
(9.570614102897018 -0.12190877894124161 0.0)
(9.802993564530292 -0.12691270776677888 0.0)
(9.946057926447448 -0.12992661918362353 0.0)
(10.000000000000007 -0.1309330312500114 0.0)
(9.96505318466368 -0.12992661918362433 0.0)
(9.841450879914163 -0.12691270776678076 0.0)
(9.629385897102997 -0.12190877894124276 0.0)
(9.329145628092935 -0.11494995379556729 0.0)
(8.940874811639384 -0.10609649640273248 0.0)
(8.465120214337556 -0.09544060117562751 0.0)
(7.903705978239274 -0.08314095268947663 0.0)
(7.252707430476985 -0.06918653451664832 0.0)
(6.500701394365359 -0.0531902946194597 0.0)
(5.650202986701578 -0.03615407002947733 0.0)
(4.720778993772499 -0.020900437675987964 0.0)
(3.7154431049108885 -0.009690303971937108 0.0)
(2.6059931106707954 -0.0032116632180737856 0.0)
(1.3690941598750799 -0.0006094711764332636 0.0)
(0.025761087980544436 -3.48667633505514e-05 0.0)
(-0.025730097551714196 -3.483171446833555e-05 0.0)
(1.2087941042133301 -0.0006088355358933165 0.0)
(2.371960582427532 -0.0032082406859939194 0.0)
(3.4845867348254984 -0.009680004972498126 0.0)
(4.523055252746072 -0.020878874214689303 0.0)
(5.4595888000850765 -0.03611951335984464 0.0)
(6.298675969564478 -0.0531475993696899 0.0)
(7.0590260960379005 -0.06914493283024273 0.0)
(7.741088645807107 -0.0831038209783545 0.0)
(8.3349226741669 -0.09540660871210532 0.0)
(8.836954666400024 -0.10606532067560327 0.0)
(9.248661614264982 -0.11492137829177301 0.0)
(9.5706327594426 -0.12188235686217241 0.0)
(9.803003777344593 -0.12688788922316507 0.0)
(9.946062739809879 -0.12990278918872117 0.0)
(10.000000000000007 -0.13090953298671845 0.0)
(9.965048371301247 -0.12990278918872197 0.0)
(9.841440667099862 -0.12688788922316696 0.0)
(9.629367240557414 -0.12188235686217351 0.0)
(9.329116163512797 -0.1149213782917763 0.0)
(8.940823111377764 -0.10606532067560683 0.0)
(8.46507732583311 -0.09540660871211039 0.0)
(7.903355798637334 -0.08310382097836097 0.0)
(7.252085015073192 -0.06914493283024802 0.0)
(6.501324030435521 -0.05314759936969402 0.0)
(5.65152231102601 -0.03611951335984886 0.0)
(4.72138919169832 -0.020878874214691995 0.0)
(3.715413265174463 -0.009680004972499334 0.0)
(2.605817195350233 -0.0032082406859946146 0.0)
(1.3689836735644514 -0.000608835535893555 0.0)
(0.025730097551703298 -3.4831714468357685e-05 0.0)
(-0.025697313108245468 -3.4782626345551223e-05 0.0)
(1.2089125070980213 -0.0006080175045608894 0.0)
(2.372166315981202 -0.0032041807458438446 0.0)
(3.484701902418565 -0.00966852157326777 0.0)
(4.522572975721614 -0.020855697545870622 0.0)
(5.458254281610437 -0.03608259013681341 0.0)
(6.2977872455400785 -0.053100918772823726 0.0)
(7.059465666815277 -0.06909784242978173 0.0)
(7.741439825637291 -0.08306092830744036 0.0)
(8.33495987033376 -0.09536709260401738 0.0)
(8.836997241841296 -0.10602887368799403 0.0)
(9.24868638977441 -0.11488780899814977 0.0)
(9.570648469759659 -0.1218511954811772 0.0)
(9.80301231797761 -0.1268585333734804 0.0)
(9.946066811268256 -0.1298745496016409 0.0)
(10.000000000000007 -0.13088166938912663 0.0)
(9.965044299842871 -0.12987454960164171 0.0)
(9.841432126466845 -0.12685853337348224 0.0)
(9.629351530240356 -0.12185119548117825 0.0)
(9.329091388003372 -0.114887808998153 0.0)
(8.940780535936492 -0.10602887368799753 0.0)
(8.465040129666251 -0.09536709260402236 0.0)
(7.9030046188071505 -0.08306092830744669 0.0)
(7.251645444295814 -0.06909784242978688 0.0)
(6.502212754459924 -0.05310091877282772 0.0)
(5.652856829500653 -0.036082590136817534 0.0)
(4.721871468722779 -0.020855697545873252 0.0)
(3.715298097581396 -0.009668521573268946 0.0)
(2.605611461796562 -0.0032041807458445285 0.0)
(1.3688652706797597 -0.0006080175045611252 0.0)
(0.025697313108234487 -3.4782626345573185e-05 0.0)
(-0.025664175138617636 -3.472165582448709e-05 0.0)
(1.2090336241506345 -0.0006070530252359424 0.0)
(2.372392828212012 -0.003199661783965599 0.0)
(3.4848973376149264 -0.009656358333798697 0.0)
(4.522239809968671 -0.02083192600995654 0.0)
(5.4569632052859305 -0.03604492269925021 0.0)
(6.296671482469197 -0.05305230388888351 0.0)
(7.059703079030453 -0.06904733238130667 0.0)
(7.741776575496445 -0.08301415930221764 0.0)
(8.334989739831508 -0.09532378911685524 0.0)
(8.837028821775222 -0.10598875685385885 0.0)
(9.248705387622564 -0.11485072088804274 0.0)
(9.570660543565605 -0.12181666397232879 0.0)
(9.803018811169553 -0.126825930060055 0.0)
(9.946069961930146 -0.12984314121817625 0.0)
(10.000000000000007 -0.13085066473273924 0.0)
(9.965041149180982 -0.12984314121817706 0.0)
(9.841425633274902 -0.12682593006005682 0.0)
(9.629339456434408 -0.1218166639723298 0.0)
(9.329072390155215 -0.11485072088804589 0.0)
(8.940748956002567 -0.10598875685386226 0.0)
(8.465010260168505 -0.09532378911686011 0.0)
(7.902667868947995 -0.08301415930222389 0.0)
(7.251408032080638 -0.06904733238131171 0.0)
(6.50332851753081 -0.05305230388888738 0.0)
(5.6541479058251625 -0.03604492269925424 0.0)
(4.722204634475722 -0.020831926009959107 0.0)
(3.7151026623850334 -0.009656358333799842 0.0)
(2.605384949565752 -0.00319966178396627 0.0)
(1.3687441536271463 -0.0006070530252361754 0.0)
(0.02566417513860657 -3.4721655824508864e-05 0.0)
(-0.025632139664591935 -3.465148183829629e-05 0.0)
(1.2091521337094548 -0.0006059844753755486 0.0)
(2.372630166586931 -0.0031948823552769043 0.0)
(3.4851644533495936 -0.009644049684581164 0.0)
(4.5220703941809175 -0.020808604084746326 0.0)
(5.455772298643298 -0.03600816608545094 0.0)
(6.295377704939936 -0.053003890766931135 0.0)
(7.059727901225028 -0.06899562200394208 0.0)
(7.7420840992118265 -0.08296556890721443 0.0)
(8.335010970249058 -0.0952786009266233 0.0)
(8.837048018637278 -0.10594673283349788 0.0)
(9.248717773078756 -0.11481174354515922 0.0)
(9.570668450359493 -0.12178027958695237 0.0)
(9.803022971621447 -0.1267915118128347 0.0)
(9.94607205336123 -0.1298099440652366 0.0)
(10.000000000000007 -0.1308178813054365 0.0)
(9.965039057749898 -0.12980994406523735 0.0)
(9.841421472823008 -0.1267915118128365 0.0)
(9.62933154964052 -0.12178027958695332 0.0)
(9.329060004699024 -0.11481174354516231 0.0)
(8.940729759140511 -0.10594673283350121 0.0)
(8.464989029750955 -0.09527860092662808 0.0)
(7.902360345232613 -0.08296556890722057 0.0)
(7.2513832098860656 -0.068995622003947 0.0)
(6.5046222950600745 -0.053003890766934895 0.0)
(5.6553388124677975 -0.03600816608545488 0.0)
(4.722374050263475 -0.020808604084748838 0.0)
(3.7148355466503653 -0.009644049684582278 0.0)
(2.6051476111908323 -0.003194882355277563 0.0)
(1.3686256440683255 -0.0006059844753757787 0.0)
(0.025632139664580795 -3.465148183831786e-05 0.0)
(-0.02560261426628982 -3.457518770355237e-05 0.0)
(1.2092628286812752 -0.0006048588051057169 0.0)
(2.3728679028919646 -0.0031900524591306242 0.0)
(3.4854915130458592 -0.009632136445143748 0.0)
(4.522072172178131 -0.02078675649296746 0.0)
(5.454733887941715 -0.0359739353137816 0.0)
(6.293962759170033 -0.052957806590975924 0.0)
(7.059539042757181 -0.06894498335706786 0.0)
(7.742348884753979 -0.0829172920954935 0.0)
(8.335022628760703 -0.09523351351973092 0.0)
(8.837053988952464 -0.10590464808548507 0.0)
(9.2487230019487 -0.11477258956263847 0.0)
(9.570671842731267 -0.121743640988378 0.0)
(9.803024616530646 -0.12675679090663594 0.0)
(9.94607299366785 -0.12977641676498963 0.0)
(10.000000000000007 -0.13078475955103844 0.0)
(9.965038117443276 -0.12977641676499038 0.0)
(9.841419827913809 -0.12675679090663772 0.0)
(9.629328157268748 -0.12174364098837893 0.0)
(9.32905477582908 -0.11477258956264151 0.0)
(8.940723788825325 -0.10590464808548834 0.0)
(8.464977371239309 -0.0952335135197356 0.0)
(7.902095559690459 -0.08291729209549956 0.0)
(7.251572068353914 -0.06894498335707265 0.0)
(6.506037240829981 -0.052957806590979574 0.0)
(5.656377223169382 -0.03597393531378546 0.0)
(4.722372272266261 -0.020786756492969922 0.0)
(3.7145084869540983 -0.009632136445144834 0.0)
(2.604909874885798 -0.0031900524591312717 0.0)
(1.3685149490965052 -0.0006048588051059443 0.0)
(0.025602614266278623 -3.457518770357373e-05 0.0)
(-0.025576896235697498 -3.44961256449598e-05 0.0)
(1.2093608453315443 -0.0006037254743187484 0.0)
(2.373095591428795 -0.0031853843123273817 0.0)
(3.4858641462990088 -0.009621142061432674 0.0)
(4.522245065838366 -0.02076734317783366 0.0)
(5.45389359904769 -0.035943734421725916 0.0)
(6.292488815288047 -0.0529160762154007 0.0)
(7.059144801722483 -0.06889764141018687 0.0)
(7.742559297930593 -0.08287145006184199 0.0)
(8.335024203112772 -0.09519050795435183 0.0)
(8.837046470396055 -0.10586435173665619 0.0)
(9.248720844485415 -0.11473497929484228 0.0)
(9.570670571626314 -0.12170835800959864 0.0)
(9.803023673622853 -0.12672329291455703 0.0)
(9.946072741534657 -0.12974403244567173 0.0)
(10.000000000000007 -0.13075275477883888 0.0)
(9.96503836957647 -0.12974403244567248 0.0)
(9.841420770821603 -0.12672329291455875 0.0)
(9.629329428373701 -0.12170835800959955 0.0)
(9.329056933292366 -0.11473497929484529 0.0)
(8.940731307381734 -0.10586435173665941 0.0)
(8.464975796887241 -0.09519050795435645 0.0)
(7.9018851465138455 -0.08287145006184793 0.0)
(7.251966309388613 -0.0688976414101916 0.0)
(6.507511184711971 -0.05291607621540428 0.0)
(5.657217512063408 -0.03594373442172973 0.0)
(4.722199378606025 -0.02076734317783609 0.0)
(3.714135853700948 -0.00962114206143374 0.0)
(2.604682186348967 -0.0031853843123280197 0.0)
(1.3684169324462359 -0.0006037254743189731 0.0)
(0.025576896235686247 -3.4496125644980974e-05 0.0)
(-0.025556115576029374 -3.44177695047332e-05 0.0)
(1.2094418769879658 -0.0006026342794960523 0.0)
(2.373303227979659 -0.003181083024697578 0.0)
(3.4862659802856117 -0.009611549606554554 0.0)
(4.522581478530491 -0.020751217124896266 0.0)
(5.453288352717962 -0.035918890381229855 0.0)
(6.291020635691648 -0.05288053319656468 0.0)
(7.058562500350756 -0.06885567628183545 0.0)
(7.742706093571626 -0.08283005702135285 0.0)
(8.335015624131112 -0.09515147381635233 0.0)
(8.837025793319665 -0.10582761433485872 0.0)
(9.248711395483891 -0.1147005652681316 0.0)
(9.570664692894661 -0.1216759809201535 0.0)
(9.803020184327707 -0.12669248967708707 0.0)
(9.946071308039919 -0.1297142140150283 0.0)
(10.000000000000007 -0.1307232732199771 0.0)
(9.965039803071207 -0.12971421401502906 0.0)
(9.84142426011675 -0.12669248967708874 0.0)
(9.629335307105354 -0.12167598092015434 0.0)
(9.32906638229389 -0.11470056526813456 0.0)
(8.940751984458124 -0.10582761433486189 0.0)
(8.4649843758689 -0.0951514738163569 0.0)
(7.901738350872812 -0.08283005702135873 0.0)
(7.252548610760343 -0.0688556762818401 0.0)
(6.508979364308373 -0.0528805331965682 0.0)
(5.657822758393136 -0.03591889038123363 0.0)
(4.721862965913897 -0.020751217124898667 0.0)
(3.713734019714344 -0.009611549606555598 0.0)
(2.6044745497981023 -0.0031810830246982065 0.0)
(1.3683359007898142 -0.0006026342794962747 0.0)
(0.025556115576018102 -3.441776950475419e-05 0.0)
(-0.025541185351454138 -3.434356210832562e-05 0.0)
(1.2095023632677997 -0.0006016331657418533 0.0)
(2.3734816893743718 -0.0031773375869506826 0.0)
(3.4866793591554313 -0.009603780555427825 0.0)
(4.523066628896267 -0.020739086883419546 0.0)
(5.452944742368992 -0.03590049479398192 0.0)
(6.289622729506345 -0.05285273922969142 0.0)
(7.0578177238989825 -0.06882093184298033 0.0)
(7.742782821745169 -0.08279493170849878 0.0)
(8.334997268760484 -0.09511812619434523 0.0)
(8.8369928662362 -0.10579605005431848 0.0)
(9.248695070115968 -0.11467085957188139 0.0)
(9.570654464837023 -0.12164793231012053 0.0)
(9.803014301958454 -0.1266657346321275 0.0)
(9.946068756168776 -0.12968827164035052 0.0)
(10.000000000000007 -0.1306976102402145 0.0)
(9.965042354942351 -0.12968827164035127 0.0)
(9.841430142486 -0.1266657346321292 0.0)
(9.629345535162992 -0.12164793231012135 0.0)
(9.329082707661811 -0.11467085957188432 0.0)
(8.94078491154159 -0.10579605005432159 0.0)
(8.465002731239528 -0.09511812619434974 0.0)
(7.90166162269927 -0.0827949317085046 0.0)
(7.253293387212119 -0.06882093184298492 0.0)
(6.510377270493679 -0.052852739229694905 0.0)
(5.658166368742107 -0.03590049479398568 0.0)
(4.721377815548121 -0.020739086883421933 0.0)
(3.713320640844523 -0.009603780555428862 0.0)
(2.604296088403389 -0.003177337586951305 0.0)
(1.3682754145099802 -0.0006016331657420737 0.0)
(0.02554118535144285 -3.434356210834643e-05 0.0)
(-0.025532761568725547 -3.4276763992976584e-05 0.0)
(1.2095396465145667 -0.0006007661201630249 0.0)
(2.3736231343457352 -0.0031743125667692096 0.0)
(3.487086119797183 -0.009598176265945925 0.0)
(4.523679200316175 -0.020731485434022357 0.0)
(5.452877865610896 -0.03588935592843202 0.0)
(6.28835651817252 -0.052833915530837695 0.0)
(7.056943196481924 -0.06879493470070161 0.0)
(7.7427861111556435 -0.08276761746526665 0.0)
(8.334969943502294 -0.09509193032183375 0.0)
(8.836949135901472 -0.10577104577177714 0.0)
(9.248672585688448 -0.11464716742003983 0.0)
(9.57064033685554 -0.12162544458411109 0.0)
(9.80300628497564 -0.12664420334740695 0.0)
(9.946065198045773 -0.12966734518212153 0.0)
(10.000000000000007 -0.13067689342393288 0.0)
(9.965045913065353 -0.12966734518212228 0.0)
(9.841438159468815 -0.1266442033474086 0.0)
(9.629359663144475 -0.12162544458411191 0.0)
(9.329105192089333 -0.11464716742004273 0.0)
(8.940828641876317 -0.10577104577178024 0.0)
(8.465030056497717 -0.09509193032183823 0.0)
(7.901658333288795 -0.08276761746527245 0.0)
(7.254167914629179 -0.06879493470070618 0.0)
(6.511643481827506 -0.052833915530841165 0.0)
(5.658233245500202 -0.03588935592843578 0.0)
(4.72076524412821 -0.020731485434024744 0.0)
(3.7129138802027706 -0.009598176265946955 0.0)
(2.6041546434320257 -0.0031743125667698276 0.0)
(1.3682381312632133 -0.0006007661201632438 0.0)
(0.025532761568714268 -3.427676399299727e-05 0.0)
(-0.025531214353445818 -3.422031014567087e-05 0.0)
(1.2095520885706115 -0.0006000712391560862 0.0)
(2.3737213480604744 -0.0031721408780058147 0.0)
(3.4874683898924155 -0.009594982980335929 0.0)
(4.524392277522694 -0.020728746770484734 0.0)
(5.453090660886077 -0.03588596320595442 0.0)
(6.2872776366997165 -0.05282488917889414 0.0)
(7.0559773432343835 -0.06877882712187061 0.0)
(7.742715817272374 -0.08274931442953407 0.0)
(8.334934848978396 -0.09507403719753202 0.0)
(8.836896523746386 -0.10575370012966555 0.0)
(9.24864493012594 -0.11463052980241531 0.0)
(9.570622929707872 -0.12160950581166596 0.0)
(9.802996485630821 -0.12662884186818563 0.0)
(9.94606079000833 -0.12965235411063203 0.0)
(10.000000000000007 -0.13066203303013915 0.0)
(9.965050321102797 -0.12965235411063278 0.0)
(9.841447958813633 -0.1266288418681873 0.0)
(9.629377070292142 -0.12160950581166678 0.0)
(9.32913284765184 -0.11463052980241821 0.0)
(8.940881254031403 -0.10575370012966866 0.0)
(8.465065151021616 -0.0950740371975365 0.0)
(7.901728627172066 -0.08274931442953987 0.0)
(7.255133767876723 -0.06877882712187518 0.0)
(6.512722363300312 -0.05282488917889764 0.0)
(5.658020450225019 -0.035885963205958195 0.0)
(4.720052166921689 -0.020728746770487135 0.0)
(3.712531610107537 -0.009594982980336963 0.0)
(2.6040564297172866 -0.003172140878006432 0.0)
(1.3682256892071685 -0.0006000712391563042 0.0)
(0.025531214353434566 -3.422031014569145e-05 0.0)
(-0.025536611687423792 -3.4176681045179676e-05 0.0)
(1.209539142754754 -0.0005995790545212328 0.0)
(2.3737720151876402 -0.0031709179406917702 0.0)
(3.487809373192488 -0.009594341005725586 0.0)
(4.5251745292079075 -0.02073099122467229 0.0)
(5.453573778359442 -0.03589046569656797 0.0)
(6.28643348916609 -0.052826056775251935 0.0)
(7.054962601981078 -0.0687733168440332 0.0)
(7.74257502867999 -0.08274082680320669 0.0)
(8.334893527177966 -0.09506523301258732 0.0)
(8.836837341452783 -0.10574477526376515 0.0)
(9.248613318563267 -0.11462167774548856 0.0)
(9.570603008232244 -0.1216008163132872 0.0)
(9.802985334489282 -0.12662032514975746 0.0)
(9.946055725737544 -0.12964395710613785 0.0)
(10.000000000000007 -0.13065368199735036 0.0)
(9.965055385373583 -0.1296439571061386 0.0)
(9.841459109955172 -0.12662032514975913 0.0)
(9.629396991767772 -0.12160081631328802 0.0)
(9.329164459214512 -0.11462167774549147 0.0)
(8.940940436325006 -0.10574477526376826 0.0)
(8.465106472822047 -0.09506523301259183 0.0)
(7.901869415764449 -0.08274082680321249 0.0)
(7.25614850913003 -0.0687733168440378 0.0)
(6.5135665108339404 -0.052826056775255474 0.0)
(5.657537332751651 -0.035890465696571804 0.0)
(4.719269915236473 -0.020730991224674717 0.0)
(3.7121906268074643 -0.00959434100572663 0.0)
(2.6040057625901207 -0.0031709179406923882 0.0)
(1.3682386350230262 -0.0005995790545214504 0.0)
(0.025536611687412582 -3.41766810452002e-05 0.0)
(-0.02554871642167862 -3.414779367436139e-05 0.0)
(1.2095013778824586 -0.0005993111919508939 0.0)
(2.373772909506358 -0.003170697488455354 0.0)
(3.4880940875150066 -0.00959627854930482 0.0)
(4.525991584663856 -0.020738120179374136 0.0)
(5.454305990733051 -0.03590266556907221 0.0)
(6.285861165869942 -0.05283736701786316 0.0)
(7.053943558596263 -0.06877864597871675 0.0)
(7.742369931371677 -0.08274252751705763 0.0)
(8.334847793705318 -0.09506590460677936 0.0)
(8.836774189382378 -0.105744663316356 0.0)
(9.248579139954662 -0.11462100019244659 0.0)
(9.570581447741846 -0.12159975788963659 0.0)
(9.80297332151178 -0.12661902740114933 0.0)
(9.94605022774821 -0.12964252311765462 0.0)
(10.000000000000007 -0.1306522072546695 0.0)
(9.965060883362916 -0.12964252311765537 0.0)
(9.841471122932674 -0.12661902740115105 0.0)
(9.629418552258167 -0.12159975788963741 0.0)
(9.329198637823119 -0.11462100019244952 0.0)
(8.94100358839541 -0.10574466331635914 0.0)
(8.465152206294693 -0.0950659046067839 0.0)
(7.902074513072764 -0.08274252751706349 0.0)
(7.257167552514848 -0.0687786459787214 0.0)
(6.514138834130088 -0.05283736701786677 0.0)
(5.656805120378039 -0.0359026655690761 0.0)
(4.718452859780522 -0.0207381201793766 0.0)
(3.711905912484945 -0.009596278549305878 0.0)
(2.6040048682714034 -0.0031706974884559754 0.0)
(1.3682763998953218 -0.000599311191951112 0.0)
(0.025548716421667474 -3.414779367438191e-05 0.0)
(-0.025566996696332132 -3.413491729144184e-05 0.0)
(1.2094404532731255 -0.0005992794208363697 0.0)
(2.3737239917218993 -0.003171489207564528 0.0)
(3.48831002303351 -0.009600710478953393 0.0)
(4.526807543968566 -0.02074982040136272 0.0)
(5.45525512593475 -0.03592202678338834 0.0)
(6.285585813649872 -0.05285832295535899 0.0)
(7.052964987981979 -0.06879458037349268 0.0)
(7.742109536947947 -0.08275434184483169 0.0)
(8.334799658005576 -0.09507602247148797 0.0)
(8.836709842321605 -0.10575336920620247 0.0)
(9.248543896045657 -0.11462852691373049 0.0)
(9.570559195565187 -0.12160637704591296 0.0)
(9.802960974526572 -0.12662500564306095 0.0)
(9.946044537611922 -0.12964811515201285 0.0)
(10.000000000000007 -0.13065767359959193 0.0)
(9.965066573499204 -0.1296481151520136 0.0)
(9.841483469917883 -0.12662500564306262 0.0)
(9.629440804434829 -0.12160637704591383 0.0)
(9.329233881732122 -0.11462852691373344 0.0)
(8.941067935456184 -0.10575336920620566 0.0)
(8.465200341994436 -0.09507602247149256 0.0)
(7.902334907496495 -0.0827543418448376 0.0)
(7.258146123129134 -0.06879458037349741 0.0)
(6.514414186350156 -0.052858322955362684 0.0)
(5.655855985176337 -0.0359220267833923 0.0)
(4.71763690047581 -0.02074982040136524 0.0)
(3.7116899769664418 -0.009600710478954472 0.0)
(2.604053786055862 -0.0031714892075651556 0.0)
(1.368337324504655 -0.0005992794208365886 0.0)
(0.02556699669632106 -3.4134917291462395e-05 0.0)
(-0.02559064930955888 -3.4138617661129834e-05 0.0)
(1.2093590458426304 -0.0005994851371423084 0.0)
(2.373627411192221 -0.0031732583113300438 0.0)
(3.488447691936358 -0.00960744206379053 0.0)
(4.527586555362944 -0.02076557780428882 0.0)
(5.456379480700171 -0.03594769864317963 0.0)
(6.285619530978686 -0.052888003822183664 0.0)
(7.052069886740774 -0.06882041990020565 0.0)
(7.7418052866634 -0.08277575068658014 0.0)
(8.334751235073323 -0.09509514204624792 0.0)
(8.8366471275626 -0.1057705104124317 0.0)
(9.24850913538914 -0.11464392719897679 0.0)
(9.570537229422197 -0.12162038294849897 0.0)
(9.802948836037599 -0.12663799720247948 0.0)
(9.946038905342856 -0.12966048750545317 0.0)
(10.000000000000007 -0.13066984085092218 0.0)
(9.96507220576827 -0.12966048750545392 0.0)
(9.841495608406856 -0.12663799720248126 0.0)
(9.629462770577819 -0.12162038294849987 0.0)
(9.32926864238864 -0.1146439271989798 0.0)
(8.94113065021519 -0.10577051041243492 0.0)
(8.46524876492669 -0.09509514204625259 0.0)
(7.902639157781042 -0.08277575068658613 0.0)
(7.259041224370342 -0.06882041990021047 0.0)
(6.514380469021341 -0.05288800382218747 0.0)
(5.654731630410912 -0.03594769864318368 0.0)
(4.716857889081431 -0.020765577804291387 0.0)
(3.711552308063594 -0.009607442063791636 0.0)
(2.604150366585541 -0.00317325831133068 0.0)
(1.3684187319351504 -0.0005994851371425289 0.0)
(0.025590649309547884 -3.413861766115044e-05 0.0)
(-0.025618635008804895 -3.4158732195950904e-05 0.0)
(1.2092607324845386 -0.0005999193020705749 0.0)
(2.3734874114891076 -0.00317592706856893 0.0)
(3.488501045303817 -0.00961617753029358 0.0)
(4.528294390511482 -0.020784700036695216 0.0)
(5.457629652937872 -0.035978553173892196 0.0)
(6.285960836378641 -0.052925105495348505 0.0)
(7.051297583983644 -0.068855029217324 0.0)
(7.741470548718929 -0.08280581337696294 0.0)
(8.334704652523614 -0.0951224232519226 0.0)
(8.836588800677136 -0.10579533378180088 0.0)
(9.248476385304762 -0.11466652438782582 0.0)
(9.570516514465012 -0.12164116020365806 0.0)
(9.802937439387858 -0.1266574312540516 0.0)
(9.946033578412615 -0.12967909655940008 0.0)
(10.000000000000007 -0.13068817440189615 0.0)
(9.96507753269851 -0.12967909655940082 0.0)
(9.841507005056597 -0.12665743125405338 0.0)
(9.629483485535003 -0.12164116020365902 0.0)
(9.329301392473017 -0.11466652438782889 0.0)
(8.941188977100653 -0.10579533378180418 0.0)
(8.465295347476397 -0.09512242325192734 0.0)
(7.9029738957255145 -0.08280581337696905 0.0)
(7.259813527127473 -0.06885502921732893 0.0)
(6.5140391636213835 -0.05292510549535242 0.0)
(5.653481458173208 -0.035978553173896345 0.0)
(4.716150053932892 -0.020784700036697846 0.0)
(3.7114989546961348 -0.009616177530294714 0.0)
(2.604290366288655 -0.0031759270685695756 0.0)
(1.3685170452932427 -0.0005999193020707971 0.0)
(0.02561863500879399 -3.415873219597162e-05 0.0)
(-0.025649724153643708 -3.419437710004351e-05 0.0)
(1.2091498329079453 -0.000600562839208503 0.0)
(2.373310143943392 -0.003179378218970463 0.0)
(3.488467738886529 -0.009626533058045478 0.0)
(4.5288999484327 -0.020806346902673103 0.0)
(5.458950712366851 -0.0360132346838933 0.0)
(6.286594733514862 -0.052967997795210255 0.0)
(7.050682013280849 -0.0688968876547695 0.0)
(7.741120030887428 -0.0828432090163628 0.0)
(8.334661957108466 -0.09515666740224418 0.0)
(8.836537424441858 -0.10582674862087303 0.0)
(9.24844708477132 -0.11469532560113993 0.0)
(9.570497960870957 -0.12166779589680946 0.0)
(9.802927285325291 -0.12668245390110472 0.0)
(9.946028790876765 -0.12970312466606732 0.0)
(10.000000000000007 -0.1307118687098244 0.0)
(9.96508232023436 -0.12970312466606812 0.0)
(9.841517159119164 -0.1266824539011065 0.0)
(9.629502039129058 -0.12166779589681044 0.0)
(9.329330693006462 -0.11469532560114305 0.0)
(8.941240353335932 -0.10582674862087639 0.0)
(8.465338042891547 -0.095156667402249 0.0)
(7.903324413557016 -0.08284320901636902 0.0)
(7.260429097830268 -0.06889688765477457 0.0)
(6.51340526648516 -0.05296799779521429 0.0)
(5.6521603987442255 -0.03601323468389755 0.0)
(4.715544496011672 -0.020806346902675802 0.0)
(3.7115322611134234 -0.009626533058046643 0.0)
(2.6044676338343713 -0.00317937821897112 0.0)
(1.3686279448698362 -0.0006005628392087276 0.0)
(0.025649724153632893 -3.4194377100064376e-05 0.0)
(-0.025682550743927078 -3.4243986201532334e-05 0.0)
(1.209031219837361 -0.0006013874727115703 0.0)
(2.373103397366731 -0.003183460125299699 0.0)
(3.488349236107537 -0.00963805364410171 0.0)
(4.529376622019378 -0.020829567278533242 0.0)
(5.46028461405261 -0.036050219331081525 0.0)
(6.287493370106867 -0.05301479611258222 0.0)
(7.050250221682917 -0.06894415602937862 0.0)
(7.740769134281161 -0.08288629450879789 0.0)
(8.334625024786307 -0.09519636987189542 0.0)
(8.836495256234551 -0.10586337461909114 0.0)
(9.248422521200643 -0.1147290653662964 0.0)
(9.57048238385101 -0.12169911970432473 0.0)
(9.80291882000083 -0.12671196569430504 0.0)
(9.946024753090875 -0.1297315160744062 0.0)
(10.000000000000007 -0.13073988269016393 0.0)
(9.965086358020251 -0.129731516074407 0.0)
(9.841525624443626 -0.12671196569430687 0.0)
(9.629517616149004 -0.12169911970432574 0.0)
(9.329355256577136 -0.1147290653662996 0.0)
(8.941282521543238 -0.10586337461909458 0.0)
(8.465374975213704 -0.09519636987190035 0.0)
(7.903675310163284 -0.08288629450880422 0.0)
(7.2608608894282005 -0.06894415602938382 0.0)
(6.512506629893151 -0.053014796112586395 0.0)
(5.650826497058463 -0.03605021933108587 0.0)
(4.715067822424993 -0.020829567278536004 0.0)
(3.711650763892416 -0.009638053644102907 0.0)
(2.604674380411033 -0.003183460125300368 0.0)
(1.368746557940421 -0.0006013874727117974 0.0)
(0.025682550743916354 -3.4243986201553375e-05 0.0)
(-0.02571567243933251 -3.430537976725526e-05 0.0)
(1.2089101049141104 -0.0006023569696922762 0.0)
(2.3728762558254712 -0.0031879934360601703 0.0)
(3.4881507437621546 -0.00965023309498728 0.0)
(4.529703467106168 -0.02085334090344081 0.0)
(5.461572748795382 -0.03608788207772091 0.0)
(6.288617261706812 -0.053063444215014195 0.0)
(7.05002118132272 -0.06899475745524611 0.0)
(7.7404332766550565 -0.08293317675655332 0.0)
(8.33459547829581 -0.0952397862069935 0.0)
(8.836464148849101 -0.10590360249709886 0.0)
(9.248403773871097 -0.11476626121973946 0.0)
(9.570470467830932 -0.1217337553154069 0.0)
(9.802912415365345 -0.12674466993944955 0.0)
(9.946021642467867 -0.12976302331787493 0.0)
(10.000000000000007 -0.1307709854598689 0.0)
(9.965089468643258 -0.12976302331787573 0.0)
(9.841532029079112 -0.12674466993945144 0.0)
(9.629529532169084 -0.12173375531540796 0.0)
(9.329374003906683 -0.11476626121974272 0.0)
(8.941313628928688 -0.10590360249710241 0.0)
(8.465404521704201 -0.09523978620699854 0.0)
(7.904011167789388 -0.08293317675655973 0.0)
(7.2610899297883975 -0.06899475745525142 0.0)
(6.511382738293203 -0.05306344421501848 0.0)
(5.649538362315689 -0.03608788207772536 0.0)
(4.714740977338204 -0.020853340903443627 0.0)
(3.711849256237799 -0.009650233094988511 0.0)
(2.6049015219522933 -0.0031879934360608516 0.0)
(1.3688676728636717 -0.0006023569696925064 0.0)
(0.02571567243932187 -3.430537976727649e-05 0.0)
(-0.02574763393315832 -3.437586027625076e-05 0.0)
(1.2087918097063481 -0.0006034287322269334 0.0)
(2.3726386995033915 -0.003192778965870517 0.0)
(3.4878809832409075 -0.009662536267911956 0.0)
(4.529866122717899 -0.020876623207809985 0.0)
(5.4627585183111425 -0.03612456809162618 0.0)
(6.289917026573897 -0.05311180459388449 0.0)
(7.050004955814666 -0.06904646859829203 0.0)
(7.7401272149787745 -0.0829817958394313 0.0)
(8.334574615855715 -0.09528500877320212 0.0)
(8.836445469087115 -0.10594566471553139 0.0)
(9.24839166650604 -0.11480527884371669 0.0)
(9.570462736378841 -0.1217701809046691 0.0)
(9.802908352826801 -0.1267791296718374 0.0)
(9.946019595682829 -0.12979626202583627 0.0)
(10.000000000000007 -0.1308038104201393 0.0)
(9.965091515428297 -0.12979626202583713 0.0)
(9.841536091617654 -0.1267791296718393 0.0)
(9.629537263621174 -0.12177018090467022 0.0)
(9.329386111271742 -0.11480527884372001 0.0)
(8.941332308690674 -0.105945664715535 0.0)
(8.465425384144298 -0.09528500877320724 0.0)
(7.904317229465671 -0.08298179583943782 0.0)
(7.261106155296449 -0.06904646859829748 0.0)
(6.5100829734261145 -0.0531118045938889 0.0)
(5.648352592799925 -0.03612456809163072 0.0)
(4.7145783217264725 -0.020876623207812865 0.0)
(3.7121190167590474 -0.009662536267913215 0.0)
(2.605139078274374 -0.0031927789658712106 0.0)
(1.3689859680714342 -0.0006034287322271662 0.0)
(0.02574763393314775 -3.437586027627219e-05 0.0)
(-0.025777030895837695 -3.445233094389402e-05 0.0)
(1.2086815318890882 -0.0006045556690305028 0.0)
(2.372401166190687 -0.003197606447305754 0.0)
(3.487551807327585 -0.00967442258396544 0.0)
(4.529857442064565 -0.02089839120978056 0.0)
(5.463789822056676 -0.03615866545646151 0.0)
(6.291335555417714 -0.05315775238261838 0.0)
(7.050202258077897 -0.06909701736549381 0.0)
(7.739864397042446 -0.08303001552387632 0.0)
(8.33456335412347 -0.09533005057369442 0.0)
(8.836440037703161 -0.10598771313746143 0.0)
(9.248386731080943 -0.11484440387521125 0.0)
(9.570459529200603 -0.12180679599835786 0.0)
(9.802906810885712 -0.12681383079386976 0.0)
(9.946018702667748 -0.12982977175027105 0.0)
(10.000000000000007 -0.1308369153022724 0.0)
(9.965092408443379 -0.12982977175027186 0.0)
(9.841537633558742 -0.1268138307938717 0.0)
(9.629540470799412 -0.12180679599835904 0.0)
(9.329391046696838 -0.11484440387521462 0.0)
(8.941337740074628 -0.10598771313746512 0.0)
(8.465436645876544 -0.09533005057369963 0.0)
(7.904580047402001 -0.08303001552388292 0.0)
(7.260908853033217 -0.06909701736549938 0.0)
(6.508664444582293 -0.05315775238262287 0.0)
(5.64732128905439 -0.0361586654564661 0.0)
(4.714587002379808 -0.020898391209783488 0.0)
(3.7124481926723707 -0.009674422583966731 0.0)
(2.605376611587079 -0.0031976064473064588 0.0)
(1.3690962458886944 -0.0006045556690307386 0.0)
(0.025777030895827186 -3.445233094391567e-05 0.0)
(-0.025802571678610733 -3.453143178894794e-05 0.0)
(1.2085841168678733 -0.0006056882645615084 0.0)
(2.3721740926665635 -0.0032022637696632436 0.0)
(3.4871776794096094 -0.00968536978016575 0.0)
(4.529677806558191 -0.020917688463169385 0.0)
(5.46462134643212 -0.03618867599639538 0.0)
(6.292810520675992 -0.05319926871943797 0.0)
(7.050604419011921 -0.06914418273649697 0.0)
(7.73965637058538 -0.08307571712516923 0.0)
(8.334562187918987 -0.09537293255415843 0.0)
(8.836448093342314 -0.10602790023215482 0.0)
(9.248389184449357 -0.11488191723191649 0.0)
(9.57046098721376 -0.12184199179624197 0.0)
(9.802907857292148 -0.1268472486017284 0.0)
(9.946019002660075 -0.1298620801351918 0.0)
(10.000000000000007 -0.130868845538311 0.0)
(9.965092108451051 -0.12986208013519265 0.0)
(9.841536587152307 -0.12684724860173036 0.0)
(9.629539012786255 -0.12184199179624315 0.0)
(9.329388593328424 -0.11488191723191991 0.0)
(8.941329684435475 -0.10602790023215854 0.0)
(8.465437812081026 -0.09537293255416372 0.0)
(7.904788073859066 -0.08307571712517595 0.0)
(7.260506692099192 -0.06914418273650262 0.0)
(6.507189479324011 -0.05319926871944256 0.0)
(5.646489764678945 -0.03618867599640003 0.0)
(4.714766637886183 -0.020917688463172348 0.0)
(3.7128223205903472 -0.009685369780167062 0.0)
(2.6056036851112028 -0.0032022637696639588 0.0)
(1.3691936609099096 -0.0006056882645617468 0.0)
(0.025802571678600266 -3.453143178896978e-05 0.0)
(-0.02582313406620792 -3.4609687264991736e-05 0.0)
(1.2085038448805199 -0.000606776754644343 0.0)
(2.371967456126251 -0.0032065462987189287 0.0)
(3.4867750379832483 -0.00969489685673917 0.0)
(4.529335109054294 -0.020933667081965878 0.0)
(5.465216555777647 -0.036213281103205826 0.0)
(6.294277115073655 -0.053234529452455416 0.0)
(7.051193768401028 -0.06918589235118622 0.0)
(7.7395122759095285 -0.083116892598558 0.0)
(8.33457116848316 -0.09541177055882294 0.0)
(8.836469282054527 -0.10606446025219089 0.0)
(9.248398918814761 -0.11491617064556753 0.0)
(9.57046704635588 -0.12187422185935123 0.0)
(9.802911446068922 -0.1268779147780722 0.0)
(9.946020482478694 -0.12989176760927162 0.0)
(10.000000000000007 -0.13089819817209827 0.0)
(9.965090628632431 -0.12989176760927248 0.0)
(9.841532998375532 -0.1268779147780742 0.0)
(9.629532953644134 -0.12187422185935247 0.0)
(9.329378858963018 -0.11491617064557101 0.0)
(8.941308495723263 -0.10606446025219467 0.0)
(8.465428831516853 -0.09541177055882828 0.0)
(7.904932168534918 -0.0831168925985648 0.0)
(7.259917342710082 -0.06918589235119192 0.0)
(6.505722884926345 -0.053234529452460065 0.0)
(5.645894555333418 -0.03621328110321053 0.0)
(4.715109335390082 -0.020933667081968862 0.0)
(3.7132249620167097 -0.0096948968567405 0.0)
(2.6058103216515156 -0.0032065462987196517 0.0)
(1.369273932897263 -0.0006067767546445835 0.0)
(0.025823134066197486 -3.4609687265013766e-05 0.0)
(-0.025837814584936072 -3.468365896957241e-05 0.0)
(1.208444242931299 -0.0006077733130161027 0.0)
(2.371790335801301 -0.003210265867980767 0.0)
(3.4863615743761645 -0.009702585211370358 0.0)
(4.5288444070542475 -0.020945624994892182 0.0)
(5.465549297683521 -0.0362313996735134 0.0)
(6.295670899135927 -0.05326198528956964 0.0)
(7.051944411311246 -0.0692203135653977 0.0)
(7.739438444271333 -0.08315173276907031 0.0)
(8.334589901226426 -0.09544485811681508 0.0)
(8.836502672846548 -0.10609578681717395 0.0)
(9.248415506466948 -0.11494565908383342 0.0)
(9.570477440399346 -0.12190207005767592 0.0)
(9.802917419531752 -0.12690448190721476 0.0)
(9.946023077103083 -0.12991752975921123 0.0)
(10.000000000000007 -0.13092368350260467 0.0)
(9.965088034008042 -0.12991752975921209 0.0)
(9.841527024912702 -0.12690448190721676 0.0)
(9.62952255960067 -0.12190207005767716 0.0)
(9.329362271310831 -0.1149456590838369 0.0)
(8.941275104931242 -0.10609578681717778 0.0)
(8.465410098773585 -0.09544485811682048 0.0)
(7.905006000173113 -0.08315173276907714 0.0)
(7.259166699799862 -0.06922031356540347 0.0)
(6.50432910086407 -0.053261985289574314 0.0)
(5.645561813427544 -0.03623139967351811 0.0)
(4.71560003739013 -0.02094562499489518 0.0)
(3.7136384256237944 -0.009702585211371694 0.0)
(2.605987441976466 -0.003210265867981497 0.0)
(1.3693335348464841 -0.0006077733130163454 0.0)
(0.025837814584925647 -3.46836589695946e-05 0.0)
(-0.025845968199659515 -3.475009672131809e-05 0.0)
(1.2084079298208203 -0.0006086341527250846 0.0)
(2.3716505140347586 -0.003213259046380154 0.0)
(3.485955455422843 -0.009708097031822266 0.0)
(4.5282272611062195 -0.02095303679313069 0.0)
(5.465604952079131 -0.036242235610485736 0.0)
(6.296930632540969 -0.053280429871526834 0.0)
(7.052823365866362 -0.06924593397395079 0.0)
(7.7394381196979065 -0.08317870682335213 0.0)
(8.334617563066319 -0.09547074142136866 0.0)
(8.836546798588062 -0.106120503495149 0.0)
(9.24843821857483 -0.11496908687868429 0.0)
(9.5704917126489 -0.12192431279232843 0.0)
(9.802925515217606 -0.12692578267810478 0.0)
(9.946026672530195 -0.1299382346432727 0.0)
(10.000000000000007 -0.13094418175103192 0.0)
(9.96508443858093 -0.12993823464327356 0.0)
(9.841518929226849 -0.12692578267810678 0.0)
(9.629508287351115 -0.1219243127923297 0.0)
(9.329339559202952 -0.1149690868786878 0.0)
(8.941230979189728 -0.10612050349515283 0.0)
(8.465382436933693 -0.09547074142137409 0.0)
(7.90500632474654 -0.08317870682335898 0.0)
(7.2582877452447425 -0.06924593397395658 0.0)
(6.503069367459026 -0.053280429871531525 0.0)
(5.645506159031935 -0.036242235610490454 0.0)
(4.71621718333816 -0.02095303679313369 0.0)
(3.714044544577117 -0.009708097031823609 0.0)
(2.6061272637430086 -0.0032132590463808874 0.0)
(1.3693698479569627 -0.0006086341527253288 0.0)
(0.025845968199649082 -3.475009672134042e-05 0.0)
(-0.025847236655463922 -3.4806081366961514e-05 0.0)
(1.2083965010807258 -0.000609321450049338 0.0)
(2.3715541343392488 -0.003215394319134085 0.0)
(3.485574525247119 -0.00971119013878783 0.0)
(4.52751078747413 -0.020955576815826316 0.0)
(5.46538107361215 -0.036245312802876094 0.0)
(6.29800096490758 -0.05328905277713924 0.0)
(7.053792012411227 -0.06926162786296489 0.0)
(7.739511316450409 -0.08319662957080595 0.0)
(8.3346529385922 -0.09548828320743377 0.0)
(8.836599720474714 -0.10613752428050365 0.0)
(9.248466057209932 -0.11498542465567435 0.0)
(9.57050923600801 -0.12193997275824009 0.0)
(9.80293537741686 -0.126940881173838 0.0)
(9.946031110783538 -0.12995297252672894 0.0)
(10.000000000000007 -0.13095879226184456 0.0)
(9.965080000327589 -0.1299529725267298 0.0)
(9.841509067027594 -0.12694088117384 0.0)
(9.629490763992004 -0.12193997275824135 0.0)
(9.329311720567848 -0.11498542465567786 0.0)
(8.941178057303075 -0.1061375242805075 0.0)
(8.465347061407813 -0.0954882832074392 0.0)
(7.9049331279940365 -0.08319662957081281 0.0)
(7.257319098699876 -0.06926162786297067 0.0)
(6.501999035092413 -0.0532890527771439 0.0)
(5.645730037498918 -0.03624531280288077 0.0)
(4.7169336569702525 -0.0209555768158293 0.0)
(3.714425474752842 -0.00971119013878917 0.0)
(2.6062236434385184 -0.00321539431913482 0.0)
(1.3693812766970572 -0.0006093214500495829 0.0)
(0.02584723665545346 -3.4806081366983936e-05 0.0)
(-0.025841564218721816 -3.484915304359409e-05 0.0)
(1.2084104588689466 -0.0006098050064018098 0.0)
(2.371505431462271 -0.0032165778662641233 0.0)
(3.4852355212240216 -0.009711728626805659 0.0)
(4.526726466698621 -0.020953133459028644 0.0)
(5.464887499092844 -0.03624049604448037 0.0)
(6.298834867789689 -0.0532874751317094 0.0)
(7.054807790388748 -0.06926670567166787 0.0)
(7.739654818397447 -0.0832047135186974 0.0)
(8.334694473468176 -0.0954967127210225 0.0)
(8.836659113215623 -0.1061461013110681 0.0)
(9.248497799193562 -0.11499395456277178 0.0)
(9.570529240532334 -0.12194836188515784 0.0)
(9.80294657280252 -0.12694911399413383 0.0)
(9.94603619685438 -0.12996109585394305 0.0)
(10.000000000000007 -0.1309668730759266 0.0)
(9.965074914256746 -0.12996109585394397 0.0)
(9.841497871641934 -0.12694911399413583 0.0)
(9.629470759467681 -0.1219483618851591 0.0)
(9.32927997858422 -0.1149939545627753 0.0)
(8.941118664562167 -0.10614610131107195 0.0)
(8.465305526531836 -0.0954967127210279 0.0)
(7.904789626046998 -0.08320471351870423 0.0)
(7.256303320722353 -0.06926670567167363 0.0)
(6.5011651322103035 -0.05328747513171402 0.0)
(5.646223612018225 -0.036240496044485 0.0)
(4.717717977745763 -0.0209531334590316 0.0)
(3.71476447877594 -0.009711728626806988 0.0)
(2.606272346315496 -0.0032165778662648576 0.0)
(1.3693673189088362 -0.0006098050064020549 0.0)
(0.025841564218711307 -3.484915304361657e-05 0.0)
(-0.025829200125926224 -3.4877419260542027e-05 0.0)
(1.2084491899058034 -0.0006100635752010139 0.0)
(2.37150654531914 -0.0032167576848746147 0.0)
(3.4849533385701355 -0.009709688835697387 0.0)
(4.525908760399695 -0.02094581407936538 0.0)
(5.464145915282623 -0.036227996974850483 0.0)
(6.299395701020238 -0.053275766254091285 0.0)
(7.055826068372904 -0.06926094429043492 0.0)
(7.739862320325997 -0.08320260347314529 0.0)
(8.334740342727786 -0.09549565958472914 0.0)
(8.836722367202407 -0.10614585772781059 0.0)
(9.248532049841025 -0.11499430181146375 0.0)
(9.57055084725967 -0.12194911157019239 0.0)
(9.802958609469822 -0.12695011940392997 0.0)
(9.946041707270073 -0.12996224770077852 0.0)
(10.000000000000007 -0.1309680691370909 0.0)
(9.965069403841053 -0.12996224770077938 0.0)
(9.841485834974632 -0.12695011940393192 0.0)
(9.629449152740346 -0.12194911157019363 0.0)
(9.329245727936755 -0.1149943018114672 0.0)
(8.941055410575382 -0.10614585772781439 0.0)
(8.465259657272226 -0.09549565958473448 0.0)
(7.9045821241184475 -0.08320260347315209 0.0)
(7.255285042738193 -0.06926094429044062 0.0)
(6.500604298979754 -0.05327576625409584 0.0)
(5.646965195828449 -0.03622799697485506 0.0)
(4.718535684044691 -0.020945814079368293 0.0)
(3.715046661429826 -0.009709688835698702 0.0)
(2.6062712324586266 -0.0032167576848753454 0.0)
(1.3693285878719792 -0.0006100635752012588 0.0)
(0.025829200125915653 -3.487741926056452e-05 0.0)
(-0.02581068763269511 -3.488963805194419e-05 0.0)
(1.2085109924203932 -0.0006100857954069515 0.0)
(2.3715574269690234 -0.0032159258740647816 0.0)
(3.484740375875034 -0.009705160390152623 0.0)
(4.525093597096174 -0.020933940276988482 0.0)
(5.463188906017418 -0.03620836478023957 0.0)
(6.299658822613093 -0.053254440610946634 0.0)
(7.056802105091962 -0.06924459686381726 0.0)
(7.740124704980932 -0.08319039214569093 0.0)
(8.334788530959676 -0.0954851700714357 0.0)
(8.836786703170608 -0.10613680423333378 0.0)
(9.248567304241535 -0.11498645114427797 0.0)
(9.570573106829947 -0.12194218887355482 0.0)
(9.802970958549627 -0.1269438532273593 0.0)
(9.946047399913034 -0.12995637745719257 0.0)
(10.000000000000007 -0.1309623278925978 0.0)
(9.965063711198093 -0.12995637745719343 0.0)
(9.841473485894827 -0.12694385322736124 0.0)
(9.629426893170068 -0.12194218887355603 0.0)
(9.329210473536245 -0.11498645114428142 0.0)
(8.940991074607181 -0.10613680423333756 0.0)
(8.465211469040336 -0.09548517007144101 0.0)
(7.904319739463512 -0.08319039214569768 0.0)
(7.254309006019134 -0.06924459686382288 0.0)
(6.5003411773869 -0.05325444061095109 0.0)
(5.647922205093658 -0.036208364780244064 0.0)
(4.719350847348213 -0.020933940276991348 0.0)
(3.715259624124928 -0.009705160390153917 0.0)
(2.606220350808743 -0.0032159258740655063 0.0)
(1.3692667853573892 -0.0006100857954071955 0.0)
(0.02581068763268447 -3.488963805196665e-05 0.0)
(-0.0257868401441134 -3.488527254646004e-05 0.0)
(1.2085931509232892 -0.0006098706907044242 0.0)
(2.37165584076531 -0.003214118982079854 0.0)
(3.484605990329936 -0.009698342261784045 0.0)
(4.524316793572318 -0.020918033765051903 0.0)
(5.462058520533543 -0.03618246206336272 0.0)
(6.29961267148683 -0.053224435212021075 0.0)
(7.057693015278092 -0.0692183816678337 0.0)
(7.740430443660533 -0.08316861607972273 0.0)
(8.334836920861097 -0.09546570507116633 0.0)
(8.836849294315483 -0.10611933862162214 0.0)
(9.248602013381229 -0.11497074750516822 0.0)
(9.57059504119837 -0.12192789796587067 0.0)
(9.802983077445958 -0.12693059078875674 0.0)
(9.946053024658944 -0.12994374305094908 0.0)
(10.000000000000007 -0.13094990160222716 0.0)
(9.965058086452183 -0.12994374305094994 0.0)
(9.841461366998498 -0.12693059078875868 0.0)
(9.629404958801645 -0.12192789796587188 0.0)
(9.329175764396552 -0.11497074750517162 0.0)
(8.940928483462306 -0.10611933862162586 0.0)
(8.465163079138915 -0.09546570507117157 0.0)
(7.90401400078391 -0.08316861607972939 0.0)
(7.253418095833002 -0.06921838166783921 0.0)
(6.500387328513164 -0.05322443521202543 0.0)
(5.649052590577536 -0.036182462063367136 0.0)
(4.7201276508720715 -0.020918033765054713 0.0)
(3.7153940096700264 -0.00969834226178531 0.0)
(2.606121937012456 -0.00321411898208057 0.0)
(1.3691846268544927 -0.000609870690704667 0.0)
(0.025786840144102676 -3.488527254648242e-05 0.0)
(-0.025758705475201628 -3.486451455641405e-05 0.0)
(1.2086920555201794 -0.0006094277124005386 0.0)
(2.3717974625858336 -0.0032114164004480336 0.0)
(3.4845560865898406 -0.00968953402667875 0.0)
(4.523612481153841 -0.02089879344658999 0.0)
(5.460804425901178 -0.03615142694221187 0.0)
(6.299259275437507 -0.05318706843965006 0.0)
(7.058459653967591 -0.06918345055023642 0.0)
(7.740766102766552 -0.08313823207574111 0.0)
(8.334883386268306 -0.09543811984042264 0.0)
(8.836907390496632 -0.10609422829970182 0.0)
(9.248634652204005 -0.11494788088330801 0.0)
(9.570615686608917 -0.12190686676347914 0.0)
(9.802994433676682 -0.1269109148154115 0.0)
(9.946058334366757 -0.1299248996147444 0.0)
(10.000000000000007 -0.1309313362544446 0.0)
(9.965052776744368 -0.12992489961474527 0.0)
(9.841450010767774 -0.12691091481541344 0.0)
(9.629384313391098 -0.12190686676348027 0.0)
(9.329143125573776 -0.11494788088331136 0.0)
(8.940870387281157 -0.10609422829970545 0.0)
(8.465116613731706 -0.09543811984042781 0.0)
(7.90367834167789 -0.08313823207574769 0.0)
(7.252651457143502 -0.06918345055024182 0.0)
(6.5007407245624895 -0.05318706843965431 0.0)
(5.650306685209905 -0.036151426942216174 0.0)
(4.72083196329055 -0.020898793446592737 0.0)
(3.715443913410121 -0.009689534026679984 0.0)
(2.605980315191932 -0.003211416400448739 0.0)
(1.3690857222576023 -0.0006094277124007792 0.0)
(0.02575870547519082 -3.486451455643632e-05 0.0)
)
