(
(-0.02840107653490536 1.0246994565372894e-05 0.0)
(1.1907214314386823 2.5843891729004155e-05 0.0)
(2.3199160034654076 -0.0006257684320887405 0.0)
(3.3928966224359565 -0.003600863123761746 0.0)
(4.404757175161745 -0.01019856497232534 0.0)
(5.333065082196061 -0.019886356710312057 0.0)
(6.1803919532979545 -0.030257396356869956 0.0)
(6.96425897869051 -0.039140789114894936 0.0)
(7.67017641385121 -0.046591287634804746 0.0)
(8.277396383786725 -0.053231359657560526 0.0)
(8.79069465190048 -0.05900804357390854 0.0)
(9.212977339298918 -0.06380921239386221 0.0)
(9.544603034299044 -0.06758380007125588 0.0)
(9.785997327943031 -0.07029843791393404 0.0)
(9.937664365483682 -0.07193335255992074 0.0)
(10.000000000000007 -0.07247942029696028 0.0)
(9.973446745627431 -0.07193335255992231 0.0)
(9.858447116501427 -0.07029843791393724 0.0)
(9.655396965700962 -0.0675838000712592 0.0)
(9.364800438478852 -0.06380921239386785 0.0)
(8.987083125877307 -0.0590080435739147 0.0)
(8.522603616213273 -0.05323135965756866 0.0)
(7.974268030593238 -0.04659128763481426 0.0)
(7.346852132420615 -0.03914078911490321 0.0)
(6.619608046702047 -0.030257396356877443 0.0)
(5.778046028915015 -0.019886356710319547 0.0)
(4.839687269282664 -0.01019856497232982 0.0)
(3.8071033775640175 -0.0036008631237635187 0.0)
(2.6578617743123694 -0.0006257684320893875 0.0)
(1.3870563463391086 2.5843891728747734e-05 0.0)
(0.02840107653490124 1.024699456534902e-05 0.0)
(-0.02841827560221457 1.0177339590935565e-05 0.0)
(1.1906537575813567 2.4882534306132582e-05 0.0)
(2.319736300381647 -0.0006295040797499468 0.0)
(3.392530608208819 -0.0036090375561777747 0.0)
(4.4044134518013625 -0.010212057617062004 0.0)
(5.333541542913626 -0.019907065249443846 0.0)
(6.181699098331931 -0.030287418903886296 0.0)
(6.964828461693942 -0.03917675352010368 0.0)
(7.670062626647972 -0.04662699093769579 0.0)
(8.27740675392099 -0.053265088387428286 0.0)
(8.790716611891895 -0.059039835688218606 0.0)
(9.212987717419029 -0.06383903079819454 0.0)
(9.544609510172553 -0.06761188068249836 0.0)
(9.786001121127693 -0.07032517226661127 0.0)
(9.937665960094705 -0.07195924364690189 0.0)
(10.000000000000007 -0.07250502255197622 0.0)
(9.973445151016408 -0.07195924364690345 0.0)
(9.858443323316765 -0.07032517226661449 0.0)
(9.655390489827454 -0.06761188068250175 0.0)
(9.364790060358743 -0.06383903079820023 0.0)
(8.987061165885892 -0.059039835688224816 0.0)
(8.522593246079005 -0.053265088387436474 0.0)
(7.974381817796474 -0.04662699093770536 0.0)
(7.346282649417181 -0.039176753520112004 0.0)
(6.618300901668068 -0.03028741890389383 0.0)
(5.77756956819745 -0.019907065249451364 0.0)
(4.840030992643047 -0.010212057617066504 0.0)
(3.8074693917911557 -0.0036090375561795614 0.0)
(2.65804147739613 -0.0006295040797506011 0.0)
(1.3871240201964339 2.488253430587415e-05 0.0)
(0.02841827560221047 1.0177339590911526e-05 0.0)
(-0.02843001488755722 1.0112306035398794e-05 0.0)
(1.1906053521351305 2.401433114034818e-05 0.0)
(2.319585049954396 -0.0006326935729441196 0.0)
(3.39215903845884 -0.0036154736233944586 0.0)
(4.403941112475258 -0.010221798485568754 0.0)
(5.3337776569498745 -0.01992173306812552 0.0)
(6.182926302644007 -0.03031011533854508 0.0)
(6.9655359082045525 -0.03920578710076146 0.0)
(7.670013025320577 -0.046656619599007326 0.0)
(8.277425737338142 -0.05329328834769871 0.0)
(8.790749247510007 -0.05906658372239669 0.0)
(9.213004113577032 -0.06386424680169032 0.0)
(9.544619793628668 -0.06763572148406886 0.0)
(9.786007006308333 -0.07034793519527775 0.0)
(9.937668534700318 -0.07198132835222217 0.0)
(10.000000000000007 -0.07252687362819482 0.0)
(9.973442576410793 -0.07198132835222373 0.0)
(9.858437438136125 -0.070347935195281 0.0)
(9.65538020637134 -0.06763572148407225 0.0)
(9.36477366420074 -0.06386424680169604 0.0)
(8.987028530267779 -0.05906658372240293 0.0)
(8.522574262661855 -0.05329328834770693 0.0)
(7.97443141912387 -0.04665661959901692 0.0)
(7.345575202906568 -0.03920578710076983 0.0)
(6.617073697355989 -0.030310115338552636 0.0)
(5.777333454161202 -0.019921733068133045 0.0)
(4.8405033319691535 -0.010221798485573261 0.0)
(3.8078409615411357 -0.003615473623396253 0.0)
(2.6581927278233812 -0.0006326935729447789 0.0)
(1.3871724256426603 2.4014331140088122e-05 0.0)
(0.028430014887553118 1.011230603537462e-05 0.0)
(-0.02843577858821176 1.0054751354217345e-05 0.0)
(1.1905783419467553 2.3277429490422716e-05 0.0)
(2.3194688978507236 -0.0006351967711753198 0.0)
(3.3917982392810657 -0.0036198885363927487 0.0)
(4.4033609109093 -0.01022735958190382 0.0)
(5.333763049886011 -0.019929715689238212 0.0)
(6.1840196451218175 -0.03032448842102936 0.0)
(6.966350234316901 -0.03922661417444963 0.0)
(7.670029789260605 -0.04667887178956541 0.0)
(8.277452499941555 -0.053314720483707875 0.0)
(8.790791124805464 -0.059087112416755155 0.0)
(9.21302580735574 -0.06388375245928733 0.0)
(9.544633432831136 -0.06765427495476185 0.0)
(9.786014724900877 -0.07036572653849148 0.0)
(9.937671976177064 -0.0719986363143326 0.0)
(10.000000000000007 -0.07254401342930242 0.0)
(9.973439134934049 -0.0719986363143342 0.0)
(9.858429719543581 -0.07036572653849472 0.0)
(9.65536656716887 -0.06765427495476524 0.0)
(9.364751970422033 -0.06388375245929305 0.0)
(8.986986652972321 -0.05908711241676139 0.0)
(8.52254750005844 -0.05331472048371612 0.0)
(7.974414655183842 -0.046678871789575034 0.0)
(7.344760876794218 -0.03922661417445801 0.0)
(6.615980354878176 -0.030324488421036917 0.0)
(5.777348061225066 -0.01992971568924573 0.0)
(4.841083533535113 -0.01022735958190832 0.0)
(3.808201760718911 -0.003619888536394546 0.0)
(2.658308879927054 -0.0006351967711759821 0.0)
(1.3871994358310356 2.327742949016149e-05 0.0)
(0.02843577858820765 1.005475135419306e-05 0.0)
(-0.028435313457715834 1.0007204394789016e-05 0.0)
(1.1905739137944944 2.270420746673044e-05 0.0)
(2.31939294758157 -0.0006369036884927399 0.0)
(3.391464063531304 -0.003622088311972356 0.0)
(4.402698340098849 -0.010228496561667974 0.0)
(5.3334983635297 -0.019930662371014037 0.0)
(6.184931086297101 -0.030329906624389585 0.0)
(6.9672356600313785 -0.03923831963765238 0.0)
(7.670112181891201 -0.046692769788826166 0.0)
(8.2774858658314 -0.05332844310660852 0.0)
(8.790840403766515 -0.059100519778020055 0.0)
(9.213051845570204 -0.06389669072807531 0.0)
(9.544649828498356 -0.06766672588901772 0.0)
(9.786023937764492 -0.07037776457718 0.0)
(9.937676133312749 -0.07201040705304214 0.0)
(10.000000000000007 -0.07255568886379471 0.0)
(9.973434977798364 -0.0720104070530437 0.0)
(9.858420506679968 -0.07037776457718324 0.0)
(9.65535017150165 -0.0676667258890211 0.0)
(9.364725932207566 -0.06389669072808103 0.0)
(8.986937374011271 -0.05910051977802631 0.0)
(8.522514134168597 -0.05332844310661676 0.0)
(7.974332262553245 -0.04669276978883579 0.0)
(7.343875451079738 -0.03923831963766075 0.0)
(6.615068913702892 -0.030329906624397114 0.0)
(5.7776127475813785 -0.019930662371021528 0.0)
(4.841746104345567 -0.01022849656167246 0.0)
(3.8085359364686737 -0.0036220883119741486 0.0)
(2.658384830196207 -0.0006369036884934029 0.0)
(1.3872038639832964 2.270420746646856e-05 0.0)
(0.02843531345771169 1.0007204394764652e-05 0.0)
(-0.028428639933052488 9.97175428352638e-06 0.0)
(1.1905922622432572 2.2319851396312342e-05 0.0)
(2.3193605362628156 -0.0006377393260721699 0.0)
(3.391171194280642 -0.0036219762960186877 0.0)
(4.401982512193174 -0.010225159468050428 0.0)
(5.332995227715208 -0.01992453151798766 0.0)
(6.18562057911205 -0.030326131882682426 0.0)
(6.968153281361932 -0.03924038917373111 0.0)
(7.670256583030909 -0.046697702944127756 0.0)
(8.277524368971516 -0.05333385326945522 0.0)
(8.790894919165764 -0.059106216711265494 0.0)
(9.213081084148918 -0.06390249312419365 0.0)
(9.544668260234705 -0.06767252721556356 0.0)
(9.786034240102802 -0.0703835203819463 0.0)
(9.937680823450435 -0.0720161233836258 0.0)
(10.000000000000007 -0.07256138693443975 0.0)
(9.973430287660678 -0.07201612338362737 0.0)
(9.858410204341656 -0.07038352038194952 0.0)
(9.655331739765302 -0.06767252721556695 0.0)
(9.364696693628852 -0.06390249312419936 0.0)
(8.986882858612022 -0.05910621671127173 0.0)
(8.522475631028481 -0.05333385326946345 0.0)
(7.974187861413537 -0.04669770294413735 0.0)
(7.3429578297491815 -0.039240389173739454 0.0)
(6.614379420887942 -0.030326131882689913 0.0)
(5.778115883395874 -0.019924531517995107 0.0)
(4.8424619322512426 -0.010225159468054882 0.0)
(3.808828805719336 -0.00362197629602047 0.0)
(2.658417241514962 -0.0006377393260728312 0.0)
(1.3871855155345334 2.2319851396050352e-05 0.0)
(0.02842863993304831 9.971754283501979e-06 0.0)
(-0.028416051236686578 9.949958633464179e-06 0.0)
(1.1906325810957727 2.214124918174303e-05 0.0)
(2.3193730879885113 -0.0006376669675271251 0.0)
(3.3909324996681653 -0.0036195574103078205 0.0)
(4.401244879360884 -0.010217494926839694 0.0)
(5.332275749309761 -0.01991159250862499 0.0)
(6.186057828513767 -0.03031333005115281 0.0)
(6.969062779706038 -0.03923273185105665 0.0)
(7.670456647957826 -0.04669345450165116 0.0)
(8.277566317604368 -0.05333071325959013 0.0)
(8.790952275696302 -0.05910395290366692 0.0)
(9.213112238402223 -0.06390090470097205 0.0)
(9.544687918183406 -0.06767142403472425 0.0)
(9.786045179249912 -0.07038274105325888 0.0)
(9.937685840514053 -0.07201553414097549 0.0)
(10.000000000000007 -0.0725608572784377 0.0)
(9.973425270597058 -0.07201553414097706 0.0)
(9.858399265194546 -0.0703827410532621 0.0)
(9.6553120818166 -0.0676714240347276 0.0)
(9.364665539375547 -0.06390090470097774 0.0)
(8.986825502081485 -0.05910395290367313 0.0)
(8.52243368239563 -0.0533307132595983 0.0)
(7.973987796486619 -0.046693454501660715 0.0)
(7.342048331405074 -0.039232731851064934 0.0)
(6.613942171486225 -0.03031333005116023 0.0)
(5.778835361801323 -0.019911592508632378 0.0)
(4.843199565083535 -0.01021749492684411 0.0)
(3.809067500331813 -0.0036195574103095873 0.0)
(2.6584046897892657 -0.0006376669675277825 0.0)
(1.3871451966820176 2.2141249181481466e-05 0.0)
(0.028416051236682338 9.949958633439774e-06 0.0)
(-0.028398100492906038 9.942775105592122e-06 0.0)
(1.1906930988154227 2.2176248277587172e-05 0.0)
(2.319430051258793 -0.0006366897921596985 0.0)
(3.390758467498466 -0.0036149379362526634 0.0)
(4.400517851839167 -0.01020583970395469 0.0)
(5.331371540878247 -0.019892413859326167 0.0)
(6.186223622563466 -0.030292063618857855 0.0)
(6.9699241933703355 -0.03921568411837863 0.0)
(7.670703586185071 -0.0466802111301865 0.0)
(8.277609868583768 -0.0533191610433022 0.0)
(8.791009953217106 -0.0590938278227887 0.0)
(9.213143939469223 -0.063891995250821 0.0)
(9.54470793861016 -0.06766346481824757 0.0)
(9.78605627455971 -0.07037546083339453 0.0)
(9.937690964063009 -0.07200866521533524 0.0)
(10.000000000000007 -0.0725541231679043 0.0)
(9.973420147048104 -0.0720086652153368 0.0)
(9.858388169884748 -0.07037546083339775 0.0)
(9.655292061389847 -0.06766346481825093 0.0)
(9.364633838308547 -0.06389199525082663 0.0)
(8.98676782456068 -0.059093827822794855 0.0)
(8.522390131416229 -0.05331916104331033 0.0)
(7.973740858259373 -0.046680211130195985 0.0)
(7.3411869177407745 -0.03921568411838683 0.0)
(6.613776377436527 -0.03029206361886519 0.0)
(5.77973957023284 -0.019892413859333484 0.0)
(4.843926592605254 -0.010205839703959064 0.0)
(3.8092415325015123 -0.0036149379362544094 0.0)
(2.658347726518984 -0.0006366897921603498 0.0)
(1.3870846789623676 2.2176248277326563e-05 0.0)
(0.02839810049290173 9.942775105567755e-06 0.0)
(-0.02837557642455263 9.950519330983023e-06 0.0)
(1.1907711563643195 2.2423310887602403e-05 0.0)
(2.319528923211775 -0.0006348507352678431 0.0)
(3.390656744426698 -0.003608320845092111 0.0)
(4.399833373887267 -0.010190705908566357 0.0)
(5.330322331684944 -0.019867838244855034 0.0)
(6.1861106765739144 -0.030263266993926757 0.0)
(6.970699673414328 -0.03918999502188297 0.0)
(7.670986547698699 -0.046658554719247874 0.0)
(8.27765310835936 -0.05329970420384095 0.0)
(8.791065417483432 -0.059076286346161286 0.0)
(9.213174794463031 -0.06387615623868066 0.0)
(9.544727441854038 -0.06764899927954461 0.0)
(9.786067038524582 -0.07036199960189533 0.0)
(9.93769596897793 -0.07199581841473139 0.0)
(10.000000000000007 -0.07254148048733669 0.0)
(9.973415142133181 -0.07199581841473293 0.0)
(9.858377405919876 -0.0703619996018985 0.0)
(9.655272558145969 -0.06764899927954791 0.0)
(9.36460298331474 -0.06387615623868627 0.0)
(8.986712360294353 -0.0590762863461674 0.0)
(8.522346891640638 -0.05329970420384901 0.0)
(7.973457896745745 -0.04665855471925729 0.0)
(7.340411437696781 -0.03918999502189108 0.0)
(6.61388932342608 -0.030263266993933995 0.0)
(5.780788779426146 -0.019867838244862268 0.0)
(4.844611070557155 -0.010190705908570677 0.0)
(3.80934325557328 -0.0036083208450938334 0.0)
(2.6582488545660015 -0.0006348507352684866 0.0)
(1.3870066214134704 2.2423310887343228e-05 0.0)
(0.02837557642454825 9.95051933095873e-06 0.0)
(-0.028349468697983195 9.97285104254086e-06 0.0)
(1.190863324036567 2.2871581532692926e-05 0.0)
(2.319665359594725 -0.0006322306016469275 0.0)
(3.390631799978538 -0.003599996879706133 0.0)
(4.399221520214176 -0.01017275849195756 0.0)
(5.329174222062332 -0.019838945472751644 0.0)
(6.185723953185264 -0.030228205447377067 0.0)
(6.971355146663582 -0.039156793293472825 0.0)
(7.671293099687465 -0.046629436811912645 0.0)
(8.277694137054505 -0.05327319763913703 0.0)
(8.791116231496888 -0.05905209921417649 0.0)
(9.213203447671665 -0.0638540836017679 0.0)
(9.544745570978185 -0.06762866300792196 0.0)
(9.786076998195602 -0.07034294882064669 0.0)
(9.937700635352016 -0.07197755820407988 0.0)
(10.000000000000007 -0.07252348473298989 0.0)
(9.973410475759096 -0.07197755820408142 0.0)
(9.858367446248856 -0.07034294882064986 0.0)
(9.655254429021822 -0.06762866300792524 0.0)
(9.364574330106105 -0.06385408360177346 0.0)
(8.986661546280898 -0.05905209921418252 0.0)
(8.522305862945492 -0.05327319763914502 0.0)
(7.973151344756977 -0.046629436811921963 0.0)
(7.339755964447526 -0.03915679329348083 0.0)
(6.614276046814733 -0.030228205447384193 0.0)
(5.781936889048762 -0.019838945472758787 0.0)
(4.8452229242302485 -0.010172758491961824 0.0)
(3.80936820002144 -0.0035999968797078277 0.0)
(2.6581124181830504 -0.0006322306016475619 0.0)
(1.3869144537412226 2.287158153243561e-05 0.0)
(0.028349468697978726 9.972851042516675e-06 0.0)
(-0.028320924438940444 1.0008789025714494e-05 0.0)
(1.1909655521532627 2.350136402080144e-05 0.0)
(2.3198333656425802 -0.0006289445151748559 0.0)
(3.3906847301674032 -0.0035903317799055234 0.0)
(4.398709174550932 -0.010152786030780224 0.0)
(5.327977657846821 -0.01980700503856438 0.0)
(6.185080444315723 -0.030188419519420875 0.0)
(6.971861812822681 -0.03911753775635368 0.0)
(7.6716097728178045 -0.04659413679575941 0.0)
(8.2777311519434 -0.05324080599915114 0.0)
(8.791160162582681 -0.05902232916516459 0.0)
(9.213228640125559 -0.0638267471713679 0.0)
(9.544761529422052 -0.06760334954195059 0.0)
(9.786085715963047 -0.07031914554612427 0.0)
(9.937704758153323 -0.07195468690363062 0.0)
(10.000000000000007 -0.0725009266053876 0.0)
(9.973406352957788 -0.07195468690363213 0.0)
(9.858358728481411 -0.0703191455461274 0.0)
(9.655238470577954 -0.06760334954195384 0.0)
(9.364549137652213 -0.06382674717137339 0.0)
(8.986617615195106 -0.05902232916517056 0.0)
(8.522268848056596 -0.05324080599915905 0.0)
(7.972834671626638 -0.04659413679576863 0.0)
(7.339249298288426 -0.03911753775636158 0.0)
(6.614919555684277 -0.03018841951942789 0.0)
(5.783133453264275 -0.019807005038571433 0.0)
(4.845735269893493 -0.01015278603078443 0.0)
(3.8093152698325743 -0.0035903317799071896 0.0)
(2.657944412135195 -0.0006289445151754798 0.0)
(1.3868122256245268 2.350136402054632e-05 0.0)
(0.0283209244389359 1.0008789025690448e-05 0.0)
(-0.028291197829946477 1.005675423126996e-05 0.0)
(1.19107334899798 2.428498686155494e-05 0.0)
(2.320025559476955 -0.0006251368604794857 0.0)
(3.390813209337628 -0.003579750212493722 0.0)
(4.398318848428669 -0.01013166607843989 0.0)
(5.326785213880989 -0.019773420346538065 0.0)
(6.1842084245677515 -0.03014565733094629 0.0)
(6.972197409907514 -0.039073953227010585 0.0)
(7.6719226530517055 -0.046554205688918396 0.0)
(8.277762526659544 -0.05320395251328544 0.0)
(8.791195280489273 -0.05898828424061643 0.0)
(9.213249264914374 -0.06379534806022182 0.0)
(9.544774616000813 -0.0675741711090156 0.0)
(9.786092808784165 -0.07029163565066375 0.0)
(9.937708156233505 -0.0719282094364835 0.0)
(10.000000000000007 -0.0724747972673877 0.0)
(9.973402954877606 -0.07192820943648501 0.0)
(9.858351635660293 -0.07029163565066686 0.0)
(9.655225383999193 -0.0675741711090188 0.0)
(9.364528512863396 -0.06379534806022726 0.0)
(8.986582497288515 -0.058988284240622336 0.0)
(8.522237473340452 -0.053203952513293254 0.0)
(7.972521791392736 -0.04655420568892752 0.0)
(7.338913701203594 -0.03907395322701836 0.0)
(6.615791575432251 -0.030145657330953188 0.0)
(5.784325897230111 -0.01977342034654503 0.0)
(4.846125596015756 -0.010131666078444039 0.0)
(3.809186790662349 -0.0035797502124953577 0.0)
(2.6577522183008195 -0.0006251368604800986 0.0)
(1.3867044287798092 2.428498686130226e-05 0.0)
(0.028291197829941855 1.0056754231246074e-05 0.0)
(-0.02826159500381719 1.0114639155825014e-05 0.0)
(1.1911819781745705 2.5188019100928203e-05 0.0)
(2.3202334964523765 -0.0006209749389422242 0.0)
(3.391011592349519 -0.003568717112184371 0.0)
(4.39806769206312 -0.010110326607004535 0.0)
(5.325649283971179 -0.019739667046598863 0.0)
(6.183146208893761 -0.030101797774283665 0.0)
(6.972347192396128 -0.03902795472992723 0.0)
(7.672217993004091 -0.04651139799117228 0.0)
(8.277786882655308 -0.05316425645628731 0.0)
(8.791220042200093 -0.05895146031223321 0.0)
(9.213264415822625 -0.06376126588783042 0.0)
(9.544784255714136 -0.06754240975607974 0.0)
(9.786097965013372 -0.0702616278687437 0.0)
(9.937710680287136 -0.07189928917410583 0.0)
(10.000000000000007 -0.07244624479429965 0.0)
(9.973400430823975 -0.07189928917410732 0.0)
(9.858346479431086 -0.07026162786874678 0.0)
(9.65521574428587 -0.06754240975608287 0.0)
(9.364513361955145 -0.0637612658878358 0.0)
(8.986557735577694 -0.058951460312239044 0.0)
(8.522213117344688 -0.053164256456295036 0.0)
(7.97222645144035 -0.04651139799118131 0.0)
(7.338763918714979 -0.039027954729934894 0.0)
(6.616853791106245 -0.030101797774290458 0.0)
(5.785461827139923 -0.019739667046605743 0.0)
(4.846376752381305 -0.010110326607008628 0.0)
(3.808988407650457 -0.003568717112185979 0.0)
(2.6575442813253978 -0.0006209749389428258 0.0)
(1.3865957996032183 2.5188019100678098e-05 0.0)
(0.0282615950038125 1.0114639155801304e-05 0.0)
(-0.02823341665457587 1.017990044169218e-05 0.0)
(1.1912866667157467 2.6170783154373957e-05 0.0)
(2.320448040198554 -0.0006166416177813981 0.0)
(3.391271162616465 -0.0035577172532205792 0.0)
(4.397966740805507 -0.010089705233809565 0.0)
(5.324619778799503 -0.0197072281969962 0.0)
(6.1819404691071975 -0.03005876795811397 0.0)
(6.972304579119997 -0.03898156335491358 0.0)
(7.6724828159777605 -0.04646759459444559 0.0)
(8.277803149772797 -0.053123462000279356 0.0)
(8.79123335973087 -0.05891347535606062 0.0)
(9.21327342714712 -0.06372599816249695 0.0)
(9.544790025010654 -0.06750946101888523 0.0)
(9.786100958095389 -0.07023044068740401 0.0)
(9.937712219411916 -0.07186919681991834 0.0)
(10.000000000000007 -0.0724165237295557 0.0)
(9.973398891699196 -0.07186919681991982 0.0)
(9.858343486349069 -0.07023044068740707 0.0)
(9.655209974989353 -0.06750946101888834 0.0)
(9.364504350630652 -0.06372599816250228 0.0)
(8.986544418046917 -0.058913475356066385 0.0)
(8.5221968502272 -0.053123462000287 0.0)
(7.971961628466679 -0.04646759459445452 0.0)
(7.3388065319911115 -0.038981563354921145 0.0)
(6.618059530892812 -0.03005876795812066 0.0)
(5.7864913323116 -0.01970722819700301 0.0)
(4.846477703638918 -0.010089705233813613 0.0)
(3.8087288373835104 -0.0035577172532221613 0.0)
(2.6573297375792193 -0.0006166416177819891 0.0)
(1.3864911110620417 2.6170783154126448e-05 0.0)
(0.028233416654571117 1.017990044166866e-05 0.0)
(-0.02820790088733735 1.0249670627362607e-05 0.0)
(1.1913828147985315 2.7190098167299816e-05 0.0)
(2.320659764055778 -0.0006123272952012274 0.0)
(3.3915805150958063 -0.003547233949281541 0.0)
(4.398020430269405 -0.010070708024267435 0.0)
(5.32374193293978 -0.019677529101436417 0.0)
(6.180644183208445 -0.030018458533838874 0.0)
(6.972071442428512 -0.03893681745411713 0.0)
(7.672705486135732 -0.04642472013985442 0.0)
(8.277810613264627 -0.053083361579027225 0.0)
(8.791234647933663 -0.058875998361581375 0.0)
(9.213275902946746 -0.06369109448355213 0.0)
(9.544791670398032 -0.06747677260466638 0.0)
(9.786101656519667 -0.07019944441433741 0.0)
(9.93771270598152 -0.07183925457691161 0.0)
(10.000000000000007 -0.0723869399623675 0.0)
(9.973398405129593 -0.07183925457691309 0.0)
(9.85834278792479 -0.07019944441434044 0.0)
(9.655208329601974 -0.06747677260466946 0.0)
(9.364501874831026 -0.0636910944835574 0.0)
(8.986543129844122 -0.05887599836158707 0.0)
(8.52218938673537 -0.0530833615790348 0.0)
(7.971738958308707 -0.046424720139863256 0.0)
(7.339039668682598 -0.0389368174541246 0.0)
(6.619355816791568 -0.03001845853384548 0.0)
(5.787369178171327 -0.019677529101443166 0.0)
(4.846424014175018 -0.010070708024271445 0.0)
(3.808419484904168 -0.0035472339492830995 0.0)
(2.657118013721995 -0.0006123272952018084 0.0)
(1.386394962979257 2.7190098167054813e-05 0.0)
(0.028207900887332542 1.024967062733927e-05 0.0)
(-0.028186168818234304 1.0320884138518885e-05 0.0)
(1.191466197852065 2.8201177302821933e-05 0.0)
(2.320859365265099 -0.0006082215346430544 0.0)
(3.391926057405546 -0.003537727817563675 0.0)
(4.398226401437993 -0.010054169681011011 0.0)
(5.323054317333109 -0.01965187468384545 0.0)
(6.179314307628405 -0.029982640623817017 0.0)
(6.971658025921387 -0.038895683080558546 0.0)
(7.672876219758628 -0.046384658452496924 0.0)
(8.277808945198622 -0.053045717131679104 0.0)
(8.791223850207201 -0.05884067599937065 0.0)
(9.213271734439397 -0.0636580884547943 0.0)
(9.54478911958096 -0.06744578078254222 0.0)
(9.786100029598723 -0.0701700009690764 0.0)
(9.937712118616966 -0.0718107780524656 0.0)
(10.000000000000007 -0.07235879334934336 0.0)
(9.973398992494147 -0.07181077805246705 0.0)
(9.858344414845735 -0.0701700009690794 0.0)
(9.655210880419046 -0.06744578078254528 0.0)
(9.364506043338373 -0.06365808845479955 0.0)
(8.986553927570586 -0.058840675999376306 0.0)
(8.522191054801375 -0.05304571713168661 0.0)
(7.971568224685812 -0.04638465845250569 0.0)
(7.339453085189724 -0.03889568308056593 0.0)
(6.620685692371611 -0.02998264062382356 0.0)
(5.788056793777997 -0.019651874683852148 0.0)
(4.846218043006429 -0.010054169681014991 0.0)
(3.8080739425944277 -0.0035377278175652144 0.0)
(2.656918412512674 -0.0006082215346436267 0.0)
(1.386311579925723 2.8201177302579228e-05 0.0)
(0.028186168818229454 1.0320884138495724e-05 0.0)
(-0.028169175314625428 1.0390411983762239e-05 0.0)
(1.1915331521775203 2.9159595593442464e-05 0.0)
(2.32103807371454 -0.0006045047357145289 0.0)
(3.392292607048745 -0.0035296165401036876 0.0)
(4.398575604314937 -0.010040816868586941 0.0)
(5.322587144551293 -0.019631392152398803 0.0)
(6.178009274667128 -0.02995288800148775 0.0)
(6.97108249436362 -0.03885996760335879 0.0)
(7.672987515123405 -0.04634916976962479 0.0)
(8.277798218866549 -0.053012182686382886 0.0)
(8.791201440983828 -0.05880906026940358 0.0)
(9.21326110478166 -0.06362843030074426 0.0)
(9.544782484637672 -0.06741784727647897 0.0)
(9.786096148816485 -0.07014340404274043 0.0)
(9.937710483125981 -0.0717850184529681 0.0)
(10.000000000000007 -0.07233332060116679 0.0)
(9.973400627985132 -0.07178501845296956 0.0)
(9.858348295627973 -0.07014340404274343 0.0)
(9.655217515362335 -0.06741784727648199 0.0)
(9.36451667299611 -0.06362843030074945 0.0)
(8.986576336793958 -0.05880906026940918 0.0)
(8.522201781133447 -0.05301218268639034 0.0)
(7.971456929321034 -0.0463491697696335 0.0)
(7.340028616747493 -0.038859967603366116 0.0)
(6.621990725332892 -0.029952888001494246 0.0)
(5.788523966559813 -0.019631392152405475 0.0)
(4.8458688401294845 -0.0100408168685909 0.0)
(3.8077073929512277 -0.003529616540105214 0.0)
(2.6567397040632326 -0.0006045047357150943 0.0)
(1.3862446256002678 2.9159595593201765e-05 0.0)
(0.028169175314620556 1.039041198373924e-05 0.0)
(-0.02815766703997056 1.0455199236770276e-05 0.0)
(1.1915807359243262 3.0023241892848264e-05 0.0)
(2.3211880372817704 -0.0006013402077608785 0.0)
(3.392664058504665 -0.003523256511594009 0.0)
(4.399052695564672 -0.010031236285144853 0.0)
(5.322360941311696 -0.019616981472056528 0.0)
(6.17678642508544 -0.029930507942645325 0.0)
(6.970370135558955 -0.0388312402952464 0.0)
(7.673034482115345 -0.04631981339903872 0.0)
(8.277778905563817 -0.05298423168531534 0.0)
(8.791168404883823 -0.058782540309015544 0.0)
(9.213244481021249 -0.0636034231464329 0.0)
(9.54477205709544 -0.0673941994336301 0.0)
(9.786090184687426 -0.07012082225561504 0.0)
(9.937707871369046 -0.07176310760809519 0.0)
(10.000000000000007 -0.07231164094379156 0.0)
(9.973403239742067 -0.07176310760809665 0.0)
(9.858354259757032 -0.07012082225561801 0.0)
(9.655227942904567 -0.0673941994336331 0.0)
(9.364533296756521 -0.06360342314643806 0.0)
(8.986609372893962 -0.05878254030902113 0.0)
(8.522221094436178 -0.05298423168532278 0.0)
(7.971409962329094 -0.04631981339904739 0.0)
(7.34074097555216 -0.038831240295253686 0.0)
(6.623213574914582 -0.0299305079426518 0.0)
(5.78875016979941 -0.019616981472063193 0.0)
(4.845391748879748 -0.010031236285148805 0.0)
(3.8073359414953067 -0.003523256511595527 0.0)
(2.656589740496002 -0.0006013402077614388 0.0)
(1.386197041853462 3.002324189260917e-05 0.0)
(0.028157667039965688 1.0455199236747416e-05 0.0)
(-0.028152149646804236 1.0512399264170755e-05 0.0)
(1.1916068583497 3.075416916263968e-05 0.0)
(2.3213026668419965 -0.0005988669943510468 0.0)
(3.393024090875884 -0.0035189271800520104 0.0)
(4.399636712670498 -0.010025848883994012 0.0)
(5.3223856465708375 -0.019609275821749258 0.0)
(6.175699488656821 -0.029916483786132132 0.0)
(6.969552249250045 -0.038810763381584706 0.0)
(7.673015057090747 -0.04629787920595631 0.0)
(8.277751853881616 -0.05296309224432849 0.0)
(8.791126193452985 -0.058762281356749116 0.0)
(9.213222593575786 -0.06358416576047136 0.0)
(9.54475829512139 -0.06737587629694793 0.0)
(9.786082399264465 -0.0701032478101143 0.0)
(9.937704398101982 -0.07174600824028586 0.0)
(10.000000000000007 -0.07229470694170093 0.0)
(9.97340671300913 -0.07174600824028732 0.0)
(9.858362045179993 -0.07010324781011727 0.0)
(9.655241704878616 -0.06737587629695092 0.0)
(9.364555184201986 -0.06358416576047653 0.0)
(8.986651584324802 -0.05876228135675469 0.0)
(8.522248146118379 -0.0529630922443359 0.0)
(7.971429387353693 -0.04629787920596496 0.0)
(7.341558861861073 -0.03881076338159198 0.0)
(6.624300511343202 -0.029916483786138606 0.0)
(5.788725464540267 -0.01960927582175593 0.0)
(4.844807731773919 -0.01002584888399797 0.0)
(3.8069759091240862 -0.0035189271800535266 0.0)
(2.6564751109357756 -0.000598866994351604 0.0)
(1.3861709194280882 3.075416916240173e-05 0.0)
(0.02815214964679938 1.0512399264148004e-05 0.0)
(-0.028152865559288406 1.0559498801404186e-05 0.0)
(1.1916103716820603 3.132026179577574e-05 0.0)
(2.321376925782051 -0.0005971937639576452 0.0)
(3.393356884998672 -0.0035168187683853585 0.0)
(4.400301994989215 -0.010024891377685015 0.0)
(5.322660174824828 -0.019608613773654412 0.0)
(6.1747962233794516 -0.029911431727728886 0.0)
(6.968664771865022 -0.038799436580498545 0.0)
(7.6729300935496525 -0.04628433093869411 0.0)
(8.277718252421373 -0.052949693191785774 0.0)
(8.79107666138436 -0.058749173553904174 0.0)
(9.21319640413958 -0.06357150427716841 0.0)
(9.544741803391487 -0.06736368295153701 0.0)
(9.786073134624846 -0.07009145289522196 0.0)
(9.937700215933791 -0.0717344716644792 0.0)
(10.000000000000007 -0.07228326264396692 0.0)
(9.97341089517732 -0.07173447166448066 0.0)
(9.858371309819614 -0.07009145289522493 0.0)
(9.65525819660852 -0.06736368295153998 0.0)
(9.364581373638192 -0.0635715042771736 0.0)
(8.986701116393428 -0.05874917355390973 0.0)
(8.522281747578624 -0.052949693191793185 0.0)
(7.971514350894788 -0.04628433093870276 0.0)
(7.342446339246099 -0.03879943658050583 0.0)
(6.625203776620574 -0.02991143172773538 0.0)
(5.788450936286274 -0.01960861377366111 0.0)
(4.8441424494552 -0.01002489137768899 0.0)
(3.8066431150012976 -0.00351681876838688 0.0)
(2.656400851995721 -0.0005971937639582019 0.0)
(1.3861674060957279 3.132026179553842e-05 0.0)
(0.028152865559283577 1.0559498801381513e-05 0.0)
(-0.02815978332153824 1.0594428380970706e-05 0.0)
(1.191591121552011 3.1696646717593624e-05 0.0)
(2.3214075512999606 -0.0005963940352630716 0.0)
(3.3936478185081027 -0.003517023916345457 0.0)
(4.401019311232838 -0.010028405837293372 0.0)
(5.323172463804425 -0.019615024416954095 0.0)
(6.174116317077141 -0.029915573745639343 0.0)
(6.967746697536591 -0.03879775757090585 0.0)
(7.672783324634622 -0.04627976388332977 0.0)
(8.277679577569776 -0.05294462325754304 0.0)
(8.791021985026424 -0.05874379283335768 0.0)
(9.213167063428548 -0.06356599501893688 0.0)
(9.54472330652217 -0.06735815515068759 0.0)
(9.786062797839882 -0.07008595575792022 0.0)
(9.937695508621292 -0.07172900477671061 0.0)
(10.000000000000007 -0.07227781089209517 0.0)
(9.97341560248982 -0.07172900477671207 0.0)
(9.858381646604577 -0.07008595575792322 0.0)
(9.655276693477836 -0.06735815515069059 0.0)
(9.364610714349224 -0.06356599501894204 0.0)
(8.986755792751362 -0.05874379283336325 0.0)
(8.52232042243022 -0.05294462325755048 0.0)
(7.971661119809818 -0.04627976388333845 0.0)
(7.343364413574531 -0.03879775757091318 0.0)
(6.625883682922884 -0.029915573745645886 0.0)
(5.787938647306676 -0.019615024416960836 0.0)
(4.843425133211575 -0.010028405837297373 0.0)
(3.806352181491867 -0.003517023916346989 0.0)
(2.6563702264778115 -0.0005963940352636301 0.0)
(1.3861866562257774 3.169664671735641e-05 0.0)
(0.02815978332153346 1.059442838094807e-05 0.0)
(-0.028172598979736167 1.061565326104602e-05 0.0)
(1.1915499537750491 3.186678626320543e-05 0.0)
(2.3213931977664966 -0.0005965029468831032 0.0)
(3.39388410831802 -0.003519533610106247 0.0)
(4.401757143837916 -0.010036237843893412 0.0)
(5.323900004469067 -0.01962822607970965 0.0)
(6.173689643588959 -0.029928727847174125 0.0)
(6.966838364771173 -0.03880580012541647 0.0)
(7.672581199103276 -0.046284378707920834 0.0)
(8.277637528629054 -0.052948105205235727 0.0)
(8.790964566758321 -0.058746375614126684 0.0)
(9.213135860619854 -0.06356788005250451 0.0)
(9.544703617232042 -0.0673595357758562 0.0)
(9.786051843088995 -0.0700869979323654 0.0)
(9.937690482995183 -0.07172984778202725 0.0)
(10.000000000000007 -0.07227859122608923 0.0)
(9.97342062811593 -0.0717298477820287 0.0)
(9.858392601355463 -0.0700869979323684 0.0)
(9.655296382767965 -0.06735953577585922 0.0)
(9.364641917157918 -0.0635678800525097 0.0)
(8.986813211019467 -0.05874637561413228 0.0)
(8.522362471370943 -0.05294810520524319 0.0)
(7.971863245341165 -0.046284378707929556 0.0)
(7.344272746339951 -0.03880580012542385 0.0)
(6.626310356411065 -0.029928727847180737 0.0)
(5.78721110664203 -0.01962822607971646 0.0)
(4.842687300606496 -0.01003623784389745 0.0)
(3.8061158916819493 -0.003519533610107794 0.0)
(2.656384580011276 -0.0005965029468836658 0.0)
(1.3862278240027395 3.186678626296776e-05 0.0)
(0.028172598979731442 1.0615653261023381e-05 0.0)
(-0.028190749437306553 1.0622240859229438e-05 0.0)
(1.19148867718798 3.182320481223848e-05 0.0)
(2.32133449584966 -0.000597515713440404 0.0)
(3.394055372286455 -0.003524237578315233 0.0)
(4.402483073789607 -0.010048043273443377 0.0)
(5.324810830012951 -0.019647638705011367 0.0)
(6.173534950167402 -0.029950316065176542 0.0)
(6.965979684048734 -0.038823210868898644 0.0)
(7.672332597981684 -0.04629797264551733 0.0)
(8.277593953152731 -0.052959986044452276 0.0)
(8.790906929433705 -0.05875680841354926 0.0)
(9.213104166707828 -0.06357707655294494 0.0)
(9.544683600632487 -0.06736776416489869 0.0)
(9.786040751703897 -0.07009453362731895 0.0)
(9.937685359872283 -0.07173696364031772 0.0)
(10.000000000000007 -0.07228556935950103 0.0)
(9.97342575123883 -0.0717369636403192 0.0)
(9.858403692740561 -0.07009453362732197 0.0)
(9.65531639936752 -0.06736776416490174 0.0)
(9.364673611069943 -0.06357707655295018 0.0)
(8.986870848344081 -0.05875680841355491 0.0)
(8.522406046847264 -0.0529599860444598 0.0)
(7.9721118464627585 -0.046297972645526105 0.0)
(7.345131427062393 -0.0388232108689061 0.0)
(6.626465049832623 -0.029950316065183245 0.0)
(5.786300281098144 -0.019647638705018247 0.0)
(4.841961370654803 -0.010048043273447467 0.0)
(3.805944627713514 -0.0035242375783168 0.0)
(2.6564432819281127 -0.0005975157134409727 0.0)
(1.3862891005898088 3.1823204811999835e-05 0.0)
(0.028190749437301897 1.0622240859206761e-05 0.0)
(-0.028213437196349077 1.0613901728508451e-05 0.0)
(1.1914099841719372 3.156781725391824e-05 0.0)
(2.3212340248042844 -0.0005993878358252502 0.0)
(3.3941540853879544 -0.0035309291372149785 0.0)
(4.403165205053885 -0.010063303416966271 0.0)
(5.3258649204279855 -0.019672409337617883 0.0)
(6.173659033758406 -0.029979389852842105 0.0)
(6.965208384229304 -0.03884922480513582 0.0)
(7.672048444348324 -0.04631994840337067 0.0)
(8.277550765767524 -0.05297974375285287 0.0)
(8.790851605531177 -0.058774632833505064 0.0)
(9.213073374264983 -0.06359318044285332 0.0)
(9.544664136216271 -0.06738247877745397 0.0)
(9.78603001101976 -0.07010823173813079 0.0)
(9.937680364353238 -0.07175003969378686 0.0)
(10.000000000000007 -0.07229843868591454 0.0)
(9.973430746757874 -0.07175003969378835 0.0)
(9.8584144334247 -0.07010823173813384 0.0)
(9.655335863783735 -0.06738247877745705 0.0)
(9.364704403512789 -0.0635931804428586 0.0)
(8.986926172246609 -0.058774632833510775 0.0)
(8.522449234232472 -0.052979743752860464 0.0)
(7.972396000096119 -0.04631994840337953 0.0)
(7.345902726881824 -0.038849224805143356 0.0)
(6.626340966241616 -0.029979389852848905 0.0)
(5.785246190683106 -0.019672409337624847 0.0)
(4.8412792393905235 -0.010063303416970414 0.0)
(3.8058459146120147 -0.003530929137216571 0.0)
(2.6565437529734885 -0.0005993878358258267 0.0)
(1.3863677936058518 3.1567817253678134e-05 0.0)
(0.028213437196344497 1.06139017284857e-05 0.0)
(-0.028239665398237496 1.0591002275030935e-05 0.0)
(1.1913173323540809 3.111184485033896e-05 0.0)
(2.3210961991442973 -0.0006020370564050028 0.0)
(3.3941759103494284 -0.003539314271949292 0.0)
(4.403773566030923 -0.010081347771673342 0.0)
(5.327015960909739 -0.019701449601249057 0.0)
(6.1740564423559885 -0.03001467176112977 0.0)
(6.964558354815897 -0.03888269892936087 0.0)
(7.671741223394003 -0.04634934040688429 0.0)
(8.277509864048126 -0.053006510212876126 0.0)
(8.790801025881803 -0.058799065701590075 0.0)
(9.213044836254923 -0.06361548414676833 0.0)
(9.544646079214234 -0.06740303308036598 0.0)
(9.786020092962591 -0.07012749039487186 0.0)
(9.937675715932016 -0.07176850140456718 0.0)
(10.000000000000007 -0.0723166337506709 0.0)
(9.973435395179095 -0.07176850140456867 0.0)
(9.858424351481867 -0.07012749039487491 0.0)
(9.655353920785773 -0.06740303308036909 0.0)
(9.364732941522847 -0.06361548414677366 0.0)
(8.986976751895984 -0.058799065701595855 0.0)
(8.522490135951871 -0.05300651021288379 0.0)
(7.972703221050441 -0.04634934040689325 0.0)
(7.346552756295232 -0.03888269892936852 0.0)
(6.625943557644032 -0.03001467176113668 0.0)
(5.78409515020135 -0.019701449601256103 0.0)
(4.840670878413484 -0.010081347771677537 0.0)
(3.805824089650541 -0.0035393142719509114 0.0)
(2.6566815786334765 -0.0006020370564055888 0.0)
(1.3864604454237086 3.1111844850096994e-05 0.0)
(0.028239665398233 1.0591002275008072e-05 0.0)
(-0.028268281623763977 1.055454865888932e-05 0.0)
(1.1912147926857857 3.0475322194735998e-05 0.0)
(2.3209270746770536 -0.0006053469732739997 0.0)
(3.394119888221997 -0.0035490245550381157 0.0)
(4.4042814264523535 -0.01010138350162997 0.0)
(5.32821337684521 -0.019733483519848587 0.0)
(6.174709714553411 -0.030054611567535812 0.0)
(6.964058156911742 -0.038922162449794545 0.0)
(7.6714244338454085 -0.046384857225194975 0.0)
(8.27747304514126 -0.05303910935523645 0.0)
(8.79075741286284 -0.05882903348227933 0.0)
(9.213019806585605 -0.0636430076807434 0.0)
(9.54463022301801 -0.06742852395516775 0.0)
(9.786011433313684 -0.07015146340739763 0.0)
(9.937671618851743 -0.07179153759886177 0.0)
(10.000000000000007 -0.07233935509591172 0.0)
(9.973439492259368 -0.07179153759886325 0.0)
(9.858433011130774 -0.07015146340740071 0.0)
(9.655369776981997 -0.06742852395517092 0.0)
(9.364757971192168 -0.06364300768074878 0.0)
(8.987020364914947 -0.058829033482285166 0.0)
(8.522526954858737 -0.053039109355244196 0.0)
(7.973020010599036 -0.04638485722520403 0.0)
(7.347052954199388 -0.03892216244980232 0.0)
(6.625290285446607 -0.030054611567542834 0.0)
(5.782897734265875 -0.01973348351985573 0.0)
(4.840163017992053 -0.010101383501634224 0.0)
(3.8058801117779724 -0.0035490245550397646 0.0)
(2.6568507031007207 -0.0006053469732745959 0.0)
(1.3865629850920038 3.0475322194491815e-05 0.0)
(0.028268281623759557 1.0554548658866318e-05 0.0)
(-0.028298028528330778 1.0506142585286865e-05 0.0)
(1.1911068705724859 2.968621692811124e-05 0.0)
(2.320734082422239 -0.0006091721547403387 0.0)
(3.393988480515451 -0.0035596333344069895 0.0)
(4.404666471860364 -0.010122530273516195 0.0)
(5.329404555968807 -0.019767103581637625 0.0)
(6.175590146765445 -0.03009745439003455 0.0)
(6.963729768297663 -0.03896588141154546 0.0)
(7.671111994855756 -0.04642493831428232 0.0)
(8.277441926802336 -0.053076108833256974 0.0)
(8.790722682750557 -0.05886321944611382 0.0)
(9.212999385014903 -0.06367454171104857 0.0)
(9.544617264319854 -0.06745783137945481 0.0)
(9.786004412562164 -0.07017909744539512 0.0)
(9.93766825313063 -0.0718181361084368 0.0)
(10.000000000000007 -0.07236560438729459 0.0)
(9.973442857980482 -0.07181813610843832 0.0)
(9.858440031882294 -0.07017909744539823 0.0)
(9.655382735680153 -0.067457831379458 0.0)
(9.364778392762869 -0.06367454171105401 0.0)
(8.98705509502723 -0.058863219446119726 0.0)
(8.522558073197661 -0.053076108833264815 0.0)
(7.97333244958869 -0.046424938314291474 0.0)
(7.347381342813467 -0.03896588141155334 0.0)
(6.62440985323457 -0.03009745439004169 0.0)
(5.781706555142276 -0.01976710358164485 0.0)
(4.839777972584042 -0.010122530273520504 0.0)
(3.806011519484519 -0.003559633334408668 0.0)
(2.6570436953555356 -0.0006091721547409459 0.0)
(1.386670907205304 2.968621692786461e-05 0.0)
(0.02829802852832644 1.05061425852637e-05 0.0)
(-0.028327599087371667 1.0447910928541252e-05 0.0)
(1.1909983079144015 2.8779200892252906e-05 0.0)
(2.3205257021064614 -0.0006133445293283605 0.0)
(3.393787461044012 -0.003570674479698657 0.0)
(4.404911784064147 -0.010143858936862262 0.0)
(5.3305371600490385 -0.01980083258260731 0.0)
(6.1766590544114 -0.03014131779338413 0.0)
(6.9635876177685905 -0.03901193488341584 0.0)
(7.67081763442266 -0.04646782258441812 0.0)
(8.277417876314235 -0.05311588295756213 0.0)
(8.790698361522548 -0.05890012152438412 0.0)
(9.212984468829276 -0.0637087006900821 0.0)
(9.544607772501255 -0.06748966763862034 0.0)
(9.785999339187011 -0.07020917831978978 0.0)
(9.937665766652305 -0.07184712824344218 0.0)
(10.000000000000007 -0.07239422827897787 0.0)
(9.973445344458808 -0.07184712824344372 0.0)
(9.858445105257447 -0.07020917831979291 0.0)
(9.655392227498751 -0.06748966763862359 0.0)
(9.364793308948494 -0.06370870069008759 0.0)
(8.98707941625524 -0.05890012152439011 0.0)
(8.52258212368576 -0.053115882957570054 0.0)
(7.973626810021787 -0.046467822584427367 0.0)
(7.347523493342539 -0.039011934883423846 0.0)
(6.623340945588612 -0.030141317793391374 0.0)
(5.780573951062042 -0.01980083258261462 0.0)
(4.839532660380259 -0.010143858936866626 0.0)
(3.8062125389559593 -0.003570674479700364 0.0)
(2.657252075671314 -0.000613344529328979 0.0)
(1.3867794698633886 2.8779200892003702e-05 0.0)
(0.0283275990873674 1.0447910928517911e-05 0.0)
(-0.028355694024620202 1.038241228111808e-05 0.0)
(1.1908938747561195 2.7794126712437664e-05 0.0)
(2.320311089579575 -0.0006176807705318113 0.0)
(3.3935256622355 -0.0035816628631882078 0.0)
(4.405006584494254 -0.010164432349220433 0.0)
(5.33156142453466 -0.019833188532160508 0.0)
(6.177869471644822 -0.030184274499887198 0.0)
(6.963637951158716 -0.03905829936010417 0.0)
(7.670554286205032 -0.04651162577922713 0.0)
(8.27740195041141 -0.05315668412589464 0.0)
(8.790685517809077 -0.05893811830728149 0.0)
(9.212975713418633 -0.06374398373479732 0.0)
(9.544602164615359 -0.06752263390567943 0.0)
(9.78599643610305 -0.07024038433199208 0.0)
(9.937664268668076 -0.07187724014250539 0.0)
(10.000000000000007 -0.07242396908952695 0.0)
(9.973446842443035 -0.07187724014250693 0.0)
(9.858448008341409 -0.07024038433199524 0.0)
(9.655397835384647 -0.06752263390568271 0.0)
(9.364802064359138 -0.06374398373480288 0.0)
(8.987092259968708 -0.05893811830728755 0.0)
(8.522598049588588 -0.053156684125902645 0.0)
(7.973890158239414 -0.04651162577923649 0.0)
(7.347473159952412 -0.03905829936011228 0.0)
(6.622130528355186 -0.03018427449989454 0.0)
(5.779549686576419 -0.019833188532167895 0.0)
(4.839437859950153 -0.010164432349224843 0.0)
(3.806474337764472 -0.0035816628631899407 0.0)
(2.657466688198201 -0.0006176807705324405 0.0)
(1.3868839030216709 2.7794126712185864e-05 0.0)
(0.028355694024615997 1.0382412281094557e-05 0.0)
(-0.028381078899931904 1.0312524533758734e-05 0.0)
(1.1907981596995594 2.6774276745984312e-05 0.0)
(2.320099674523388 -0.0006219903518451405 0.0)
(3.393214587050614 -0.0035921156754077895 0.0)
(4.4049467077932185 -0.01018334655248968 0.0)
(5.332432345118011 -0.01986274976906738 0.0)
(6.179168214946873 -0.03022443707044707 0.0)
(6.963878556910959 -0.039102937671326166 0.0)
(7.6703335212417745 -0.04655442326646515 0.0)
(8.277394848848889 -0.0531967196095616 0.0)
(8.79068471593942 -0.05897554028567856 0.0)
(9.212973503479699 -0.06377884057275797 0.0)
(9.544600687062411 -0.06755528170316756 0.0)
(9.785995830866474 -0.07027134434691569 0.0)
(9.937663824996632 -0.0719071487438697 0.0)
(10.000000000000007 -0.07245352006213554 0.0)
(9.973447286114482 -0.07190714874387127 0.0)
(9.858448613577984 -0.07027134434691885 0.0)
(9.655399312937595 -0.06755528170317089 0.0)
(9.364804274298072 -0.06377884057276358 0.0)
(8.987093061838365 -0.05897554028568467 0.0)
(8.522605151151106 -0.053196719609569676 0.0)
(7.974110923202672 -0.0465544232664746 0.0)
(7.3472325542001675 -0.03910293767133437 0.0)
(6.620831785053131 -0.030224437070454496 0.0)
(5.778678765993066 -0.019862749769074824 0.0)
(4.839497736651189 -0.010183346552494131 0.0)
(3.8067854129493592 -0.003592115675409545 0.0)
(2.6576781032543884 -0.0006219903518457796 0.0)
(1.3869796180782312 2.6774276745730012e-05 0.0)
(0.028381078899927747 1.0312524533735024e-05 0.0)
(-0.028402638348325897 1.0241318426226163e-05 0.0)
(1.1907153682892007 2.5764461334656033e-05 0.0)
(2.319900746128697 -0.0006260839181495967 0.0)
(3.3928679035638813 -0.0036015736389113547 0.0)
(4.404734784833743 -0.010199770491180914 0.0)
(5.333111655141965 -0.019888217426658996 0.0)
(6.1804982199128435 -0.030260040835188705 0.0)
(6.964298863248743 -0.03914388849135021 0.0)
(7.670165039541494 -0.04659433460283874 0.0)
(8.277396883656342 -0.053234230322653536 0.0)
(8.790695991146263 -0.05901074320630613 0.0)
(9.212977936113148 -0.06381173965827285 0.0)
(9.544603404763386 -0.06758617654659059 0.0)
(9.785997550070276 -0.07030069803814455 0.0)
(9.937664455132081 -0.07193553991830749 0.0)
(10.000000000000007 -0.07248158278112923 0.0)
(9.97344665597903 -0.07193553991830906 0.0)
(9.858446894374184 -0.07030069803814777 0.0)
(9.65539659523662 -0.06758617654659392 0.0)
(9.364799841664624 -0.06381173965827848 0.0)
(8.987081786631524 -0.0590107432063123 0.0)
(8.522603116343653 -0.05323423032266167 0.0)
(7.974279404902953 -0.04659433460284825 0.0)
(7.346812247862381 -0.0391438884913585 0.0)
(6.619501780087158 -0.0302600408351962 0.0)
(5.777999455969111 -0.019888217426666487 0.0)
(4.839709659610665 -0.010199770491185397 0.0)
(3.8071320964360926 -0.0036015736389131284 0.0)
(2.65787703164908 -0.0006260839181502442 0.0)
(1.3870624094885902 2.5764461334399443e-05 0.0)
(0.028402638348321782 1.0241318426202277e-05 0.0)
)
