(
(-0.007728802192315205 -7.657476914970121e-05 0.0)
(1.278396821011128 -0.0011322988936082593 0.0)
(2.5101544370804323 -0.004942317247264116 0.0)
(3.6806710148571993 -0.012610152960997576 0.0)
(4.750718370326307 -0.023921924467662347 0.0)
(5.687474919652931 -0.038325805591952616 0.0)
(6.499104547398677 -0.054976707804508154 0.0)
(7.228697032012858 -0.0717909040641713 0.0)
(7.8830857296321755 -0.08694638234161418 0.0)
(8.449579116455546 -0.10023828402487037 0.0)
(8.928583261375158 -0.111724228520881 0.0)
(9.31961876175387 -0.1212701163579148 0.0)
(9.622443450950433 -0.12877467278774202 0.0)
(9.8368925994746 -0.13417183958210127 0.0)
(9.962805746174421 -0.13742323459302708 0.0)
(10.000000000000004 -0.13850888122883742 0.0)
(9.948305364936715 -0.13742323459302638 0.0)
(9.807551844969844 -0.1341718395821002 0.0)
(9.577556549049586 -0.12877467278773927 0.0)
(9.258159016023919 -0.12127011635791284 0.0)
(8.84919451640263 -0.1117242285208788 0.0)
(8.350420883544482 -0.1002382840248682 0.0)
(7.761358714812266 -0.08694638234161257 0.0)
(7.082414079098241 -0.0717909040641694 0.0)
(6.300895452601352 -0.05497670780450541 0.0)
(5.423636191458162 -0.03832580559195021 0.0)
(4.493726074118058 -0.02392192446766118 0.0)
(3.519328985142752 -0.01261015296099732 0.0)
(2.4676233406973216 -0.004942317247264446 0.0)
(1.299380956766639 -0.0011322988936083222 0.0)
(0.007728802192301277 -7.657476914970687e-05 0.0)
(-0.007751914727148017 -7.656515814082392e-05 0.0)
(1.278318947048127 -0.0011323395704681168 0.0)
(2.5100816853833443 -0.004943562178128144 0.0)
(3.6808976091510517 -0.012616083058163648 0.0)
(4.751659374928619 -0.023936920191583177 0.0)
(5.688640979171274 -0.03835048809097985 0.0)
(6.498884148194906 -0.055004043859257404 0.0)
(7.227581322120113 -0.07181276111999443 0.0)
(7.882767202972252 -0.08696332508276368 0.0)
(8.449522795966164 -0.10025305098867898 0.0)
(8.928508633435372 -0.1117371606632583 0.0)
(9.319577752292734 -0.12128148713575328 0.0)
(9.622417552289743 -0.12878482400065533 0.0)
(9.836878245485055 -0.13418111983978792 0.0)
(9.962799118587204 -0.13743198741116996 0.0)
(10.000000000000004 -0.13851746122018943 0.0)
(9.948311992523932 -0.13743198741116922 0.0)
(9.807566198959389 -0.13418111983978678 0.0)
(9.577582447710274 -0.12878482400065264 0.0)
(9.258200025485058 -0.12128148713575136 0.0)
(8.849269144342415 -0.11173716066325615 0.0)
(8.350477204033863 -0.1002530509886769 0.0)
(7.76167724147219 -0.08696332508276218 0.0)
(7.083529788990988 -0.07181276111999264 0.0)
(6.301115851805122 -0.055004043859254774 0.0)
(5.422470131939815 -0.038350488090977526 0.0)
(4.492785069515745 -0.023936920191582067 0.0)
(3.5191023908488996 -0.012616083058163419 0.0)
(2.46769609239441 -0.004943562178128482 0.0)
(1.2994588307296402 -0.0011323395704681814 0.0)
(0.007751914727134177 -7.656515814082966e-05 0.0)
(-0.007780962186614353 -7.657485687064703e-05 0.0)
(1.2782183190840464 -0.0011326546913026834 0.0)
(2.5099546496939134 -0.004945923313112077 0.0)
(3.681030800379375 -0.012624602459901966 0.0)
(4.752546010009029 -0.023956428255322498 0.0)
(5.689995527906103 -0.03838217247276865 0.0)
(6.499024282078193 -0.05504114417967597 0.0)
(7.226575993336428 -0.07184581629772874 0.0)
(7.882401827807813 -0.08699116688425888 0.0)
(8.449466836858107 -0.10027805751632535 0.0)
(8.928436814733713 -0.11175969924790537 0.0)
(9.319537807577506 -0.12130183323835554 0.0)
(9.622392303871534 -0.1288034019634185 0.0)
(9.836864309730522 -0.13419840525035298 0.0)
(9.962792639651987 -0.13744848213258082 0.0)
(10.000000000000004 -0.13853369330613968 0.0)
(9.94831847145915 -0.13744848213258012 0.0)
(9.807580134713922 -0.13419840525035195 0.0)
(9.577607696128485 -0.1288034019634158 0.0)
(9.258239970200284 -0.12130183323835365 0.0)
(8.849340963044074 -0.1117596992479033 0.0)
(8.35053316314192 -0.10027805751632335 0.0)
(7.762042616636631 -0.08699116688425747 0.0)
(7.084535117774674 -0.07184581629772706 0.0)
(6.300975717921832 -0.05504114417967348 0.0)
(5.4211155832049815 -0.038382172472766436 0.0)
(4.491898434435333 -0.023956428255321457 0.0)
(3.518969199620576 -0.012624602459901765 0.0)
(2.4678231280838414 -0.004945923313112425 0.0)
(1.2995594586937211 -0.0011326546913027493 0.0)
(0.0077809621866006115 -7.657485687065286e-05 0.0)
(-0.007814668278486087 -7.660343919472545e-05 0.0)
(1.278099358527534 -0.0011332304102789847 0.0)
(2.5097789117279277 -0.004949296908264293 0.0)
(3.6810647363632643 -0.01263533683928595 0.0)
(4.753339318444158 -0.023979591510248605 0.0)
(5.691479049464087 -0.038419466583548154 0.0)
(6.499518791822075 -0.05508637864555778 0.0)
(7.225725217969361 -0.07188861721333731 0.0)
(7.8820056580551485 -0.08702868442827726 0.0)
(8.44941369787221 -0.10031220486673278 0.0)
(8.928370960852542 -0.11179085397064602 0.0)
(9.3195006827059 -0.12133026069519535 0.0)
(9.622368815065107 -0.128829590394335 0.0)
(9.836851404522559 -0.13422293632447913 0.0)
(9.962786594041331 -0.13747199400937715 0.0)
(10.000000000000004 -0.13855686427852726 0.0)
(9.948324517069805 -0.13747199400937646 0.0)
(9.807593039921885 -0.1342229363244781 0.0)
(9.577631184934912 -0.12882959039433237 0.0)
(9.25827709507189 -0.12133026069519355 0.0)
(8.849406816925246 -0.111790853970644 0.0)
(8.35058630212782 -0.10031220486673087 0.0)
(7.762438786389295 -0.08702868442827595 0.0)
(7.085385893141742 -0.07188861721333574 0.0)
(6.300481208177948 -0.05508637864555543 0.0)
(5.419632061646993 -0.038419466583546065 0.0)
(4.491105126000202 -0.023979591510247634 0.0)
(3.518935263636687 -0.012635336839285784 0.0)
(2.467998866049828 -0.004949296908264654 0.0)
(1.299678419250234 -0.0011332304102790532 0.0)
(0.007814668278472449 -7.660343919473142e-05 0.0)
(-0.007851552018749928 -7.664964925802903e-05 0.0)
(1.277967292287811 -0.0011340414313584504 0.0)
(2.5095621930901086 -0.004953534733985624 0.0)
(3.680997926017671 -0.012647814547323461 0.0)
(4.754004443712683 -0.024005392205316018 0.0)
(5.693026360621995 -0.03846073178831838 0.0)
(6.500345949573084 -0.05513775973722611 0.0)
(7.225066377532094 -0.07193928327289034 0.0)
(7.88159610068842 -0.08707422926257098 0.0)
(8.449365713838294 -0.10035399266779524 0.0)
(8.92831396529092 -0.11182925594995892 0.0)
(9.319468008876855 -0.12136552045582578 0.0)
(9.622348117925645 -0.12886223862166085 0.0)
(9.836840096892397 -0.13425363521164752 0.0)
(9.962781247388309 -0.13750148997270628 0.0)
(10.000000000000004 -0.13858595604721552 0.0)
(9.94832986372283 -0.13750148997270564 0.0)
(9.807604347552047 -0.1342536352116465 0.0)
(9.577651882074374 -0.12886223862165827 0.0)
(9.258309768900935 -0.12136552045582404 0.0)
(8.849463812486867 -0.11182925594995699 0.0)
(8.350634286161734 -0.10035399266779343 0.0)
(7.762848343756025 -0.08707422926256979 0.0)
(7.086044733579011 -0.07193928327288894 0.0)
(6.299654050426935 -0.055137759737223895 0.0)
(5.418084750489082 -0.03846073178831639 0.0)
(4.490440000731676 -0.024005392205315123 0.0)
(3.519002073982281 -0.012647814547323336 0.0)
(2.468215584687647 -0.004953534733985997 0.0)
(1.2998104854899575 -0.0011340414313585215 0.0)
(0.007851552018736394 -7.664964925803518e-05 0.0)
(-0.007889992803335579 -7.671145667491516e-05 0.0)
(1.277827923113842 -0.00113505211975857 0.0)
(2.5093140160009275 -0.004958450587966754 0.0)
(3.6808333048669546 -0.012661487336350655 0.0)
(4.754512161427118 -0.02403269670518451 0.0)
(5.694569475358273 -0.03850415496947425 0.0)
(6.501469411532886 -0.05519302986351207 0.0)
(7.224628420268122 -0.071995588302422 0.0)
(7.881191150909056 -0.08712580023044313 0.0)
(8.449324993087028 -0.10040158483998263 0.0)
(8.928268332329559 -0.11187321787312753 0.0)
(9.319441221718645 -0.12140606327087063 0.0)
(9.622331121847592 -0.12889991214201557 0.0)
(9.836830883676615 -0.13428915305891798 0.0)
(9.96277683461507 -0.13753567402390088 0.0)
(10.000000000000004 -0.13861969037311028 0.0)
(9.948334276496066 -0.13753567402390024 0.0)
(9.807613560767829 -0.134289153058917 0.0)
(9.577668878152426 -0.12889991214201305 0.0)
(9.258336556059145 -0.12140606327086896 0.0)
(8.849509445448229 -0.11187321787312571 0.0)
(8.350675006912999 -0.10040158483998093 0.0)
(7.76325329353539 -0.0871258002304421 0.0)
(7.086482690842983 -0.07199558830242074 0.0)
(6.29853058846713 -0.05519302986351001 0.0)
(5.4165416357528 -0.03850415496947238 0.0)
(4.48993228301724 -0.024032696705183692 0.0)
(3.5191666951329985 -0.012661487336350568 0.0)
(2.4684637617768295 -0.0049584505879671425 0.0)
(1.2999498546639268 -0.0011350521197586445 0.0)
(0.007889992803322145 -7.67114566749215e-05 0.0)
(-0.007928301614493772 -7.67861457405593e-05 0.0)
(1.277687374632163 -0.0011362180676800443 0.0)
(2.509045284907655 -0.0049638284765770565 0.0)
(3.6805781060633116 -0.012675754449031337 0.0)
(4.754840163399933 -0.024060305300082036 0.0)
(5.696040592034459 -0.03854782819187627 0.0)
(6.50283981483828 -0.05524976055618054 0.0)
(7.2244305892184055 -0.07205505836194184 0.0)
(7.8808086014695276 -0.08718113139791185 0.0)
(8.449293324813727 -0.10045289027031645 0.0)
(8.928236066997293 -0.11192080813367387 0.0)
(9.319421498209994 -0.12145010776320776 0.0)
(9.622318573607526 -0.1289409556498365 0.0)
(9.836824169687064 -0.13432792927705955 0.0)
(9.962773549610802 -0.13757304417828942 0.0)
(10.000000000000004 -0.1386565850316468 0.0)
(9.948337561500336 -0.13757304417828878 0.0)
(9.80762027475738 -0.13432792927705858 0.0)
(9.577681426392493 -0.12894095564983402 0.0)
(9.258356279567796 -0.12145010776320618 0.0)
(8.849541710780494 -0.11192080813367217 0.0)
(8.3507066751863 -0.1004528902703149 0.0)
(7.763635842974919 -0.08718113139791094 0.0)
(7.086680521892698 -0.07205505836194075 0.0)
(6.29716018516173 -0.05524976055617862 0.0)
(5.415070519076611 -0.038547828191874516 0.0)
(4.489604281044425 -0.024060305300081287 0.0)
(3.5194218939366424 -0.012675754449031285 0.0)
(2.4687324928701027 -0.004963828476577459 0.0)
(1.300090403145606 -0.001136218067680122 0.0)
(0.007928301614480432 -7.678614574056589e-05 0.0)
(-0.007964795233146206 -7.687043475405687e-05 0.0)
(1.2775518222859328 -0.0011374880455042448 0.0)
(2.5087678073629003 -0.004969432105229563 0.0)
(3.6802435425753006 -0.01268998901453526 0.0)
(4.754974037824506 -0.0240870049188573 0.0)
(5.697375072475131 -0.03858983253402998 0.0)
(6.504396946475111 -0.05530545917238151 0.0)
(7.2244815767173485 -0.07211508044583195 0.0)
(7.880465260892354 -0.08723779161470406 0.0)
(8.449272100464382 -0.1005056546920485 0.0)
(8.928218586973797 -0.1119699357026135 0.0)
(9.319409704965793 -0.12149571869842109 0.0)
(9.622311024552157 -0.12898356576847703 0.0)
(9.836820249924159 -0.13436826010998615 0.0)
(9.962771536712578 -0.1376119584596548 0.0)
(10.000000000000004 -0.13869501893902597 0.0)
(9.94833957439856 -0.13761195845965415 0.0)
(9.807624194520285 -0.1343682601099853 0.0)
(9.57768897544786 -0.1289835657684746 0.0)
(9.258368072811999 -0.12149571869841956 0.0)
(8.84955919080399 -0.11196993570261185 0.0)
(8.350727899535647 -0.10050565469204703 0.0)
(7.763979183552094 -0.08723779161470326 0.0)
(7.086629534393754 -0.072115080445831 0.0)
(6.2956030535248955 -0.055305459172379716 0.0)
(5.413736038635936 -0.03858983253402832 0.0)
(4.489470406619852 -0.024087004918856608 0.0)
(3.5197564574246543 -0.01268998901453524 0.0)
(2.469009970414858 -0.004969432105229979 0.0)
(1.3002259554918367 -0.0011374880455043263 0.0)
(0.007964795233132952 -7.68704347540637e-05 0.0)
(-0.007997870196452485 -7.696062021035717e-05 0.0)
(1.2774272219972582 -0.0011388062527289359 0.0)
(2.5084937752223486 -0.00497501526073283 0.0)
(3.679844314510519 -0.012703565592095584 0.0)
(4.754907902503537 -0.024111622429106878 0.0)
(5.698514282051091 -0.03862832240198592 0.0)
(6.506072388927946 -0.05535767841681685 0.0)
(7.224779142467525 -0.07217301729353348 0.0)
(7.880176214934371 -0.08729329133455081 0.0)
(8.449262252598075 -0.10055755973301764 0.0)
(8.928216660299322 -0.11201844200444351 0.0)
(9.319406360159611 -0.1215408920154601 0.0)
(9.62230880637317 -0.12902587028727702 0.0)
(9.836819296615111 -0.1344083734946822 0.0)
(9.962770884363467 -0.13765070704566545 0.0)
(10.000000000000004 -0.13873330337967033 0.0)
(9.94834022674767 -0.13765070704566487 0.0)
(9.807625147829333 -0.13440837349468135 0.0)
(9.57769119362685 -0.1290258702872746 0.0)
(9.258371417618179 -0.12154089201545866 0.0)
(8.849561117478466 -0.11201844200444194 0.0)
(8.350737747401952 -0.10055755973301628 0.0)
(7.764268229510077 -0.08729329133455015 0.0)
(7.086331968643576 -0.07217301729353263 0.0)
(6.293927611072055 -0.055357678416815166 0.0)
(5.412596829059975 -0.038628322401984334 0.0)
(4.489536541940822 -0.02411162242910624 0.0)
(3.5201556854894376 -0.012703565592095595 0.0)
(2.4692840025554106 -0.004975015260733258 0.0)
(1.3003505557805113 -0.00113880625272902 0.0)
(0.007997870196439294 -7.696062021036422e-05 0.0)
(-0.008026073251033864 -7.705273952549997e-05 0.0)
(1.2773190484748744 -0.0011401147697402557 0.0)
(2.508235228956928 -0.004980332629448139 0.0)
(3.6793979632197655 -0.012715887651731959 0.0)
(4.754644663302039 -0.024133076182466875 0.0)
(5.699408165977696 -0.03866160662136134 0.0)
(6.5077925263205465 -0.05540412387141849 0.0)
(7.225310211974254 -0.07222632326595091 0.0)
(7.879954163746179 -0.08734519200129597 0.0)
(8.449264213912036 -0.10060632478068127 0.0)
(8.928230371628423 -0.11206419576100128 0.0)
(9.319411610756118 -0.12158364288141642 0.0)
(9.622312016533288 -0.12906601042307436 0.0)
(9.836821351646577 -0.1344465069224095 0.0)
(9.962771621226494 -0.13768758739434073 0.0)
(10.000000000000004 -0.1387697562052974 0.0)
(9.948339489884644 -0.13768758739434014 0.0)
(9.807623092797867 -0.13444650692240864 0.0)
(9.57768798346673 -0.12906601042307206 0.0)
(9.258366167021673 -0.121583642881415 0.0)
(8.849547406149364 -0.1120641957609998 0.0)
(8.350735786087991 -0.10060632478067996 0.0)
(7.76449028069827 -0.08734519200129538 0.0)
(7.085800899136846 -0.07222632326595017 0.0)
(6.2922074736794515 -0.05540412387141689 0.0)
(5.411702945133369 -0.03866160662135982 0.0)
(4.489799781142322 -0.02413307618246627 0.0)
(3.520602036780192 -0.012715887651731993 0.0)
(2.469542548820831 -0.00498033262944858 0.0)
(1.3004587293028953 -0.0011401147697403429 0.0)
(0.008026073251020721 -7.705273952550726e-05 0.0)
(-0.008048165206268066 -7.714274514530546e-05 0.0)
(1.2772320546654568 -0.0011413561026945912 0.0)
(2.508003528616545 -0.0049851505759219905 0.0)
(3.6789241005621798 -0.012726413784686526 0.0)
(4.754195886468943 -0.024150423540263175 0.0)
(5.700017448630524 -0.03868822274444862 0.0)
(6.509481778962781 -0.05544275480788077 0.0)
(7.226051451014973 -0.07227265619617673 0.0)
(7.879808863850755 -0.0873912131945923 0.0)
(8.449277898229719 -0.10064980718805816 0.0)
(8.92825911851038 -0.11210518663592779 0.0)
(9.319425226053706 -0.12162209290145036 0.0)
(9.62232051398395 -0.12910222249173647 0.0)
(9.836826324724234 -0.13448098488011684 0.0)
(9.962773714925246 -0.1377209790506304 0.0)
(10.000000000000004 -0.1388027757454377 0.0)
(9.948337396185892 -0.13772097905062988 0.0)
(9.80761811972021 -0.13448098488011598 0.0)
(9.577679486016066 -0.12910222249173417 0.0)
(9.258352551724084 -0.121622092901449 0.0)
(8.849518659267407 -0.11210518663592636 0.0)
(8.35072210177031 -0.10064980718805694 0.0)
(7.764635580593694 -0.0873912131945918 0.0)
(7.085059660096123 -0.07227265619617605 0.0)
(6.290518221037213 -0.055442754807879226 0.0)
(5.411093662480541 -0.038688222744447144 0.0)
(4.490248557975421 -0.0241504235402626 0.0)
(3.521075899437779 -0.012726413784686582 0.0)
(2.469774249161215 -0.00498515057592244 0.0)
(1.3005457231123132 -0.001141356102694681 0.0)
(0.008048165206254948 -7.714274514531297e-05 0.0)
(-0.008063175382058191 -7.722668238749996e-05 0.0)
(1.2771700629178404 -0.0011424757096928835 0.0)
(2.5078088546902717 -0.004989257408400507 0.0)
(3.6784435471960286 -0.012734681491934286 0.0)
(4.75358129043728 -0.02416290229133031 0.0)
(5.7003153592444615 -0.03870700130749216 0.0)
(6.51106592418395 -0.055471873853528864 0.0)
(7.226970290902293 -0.07230998030002053 0.0)
(7.879746699459686 -0.08742933282739974 0.0)
(8.449302704287236 -0.10068609641771703 0.0)
(8.928301637859795 -0.11213961356516945 0.0)
(9.31944660782111 -0.121654552652024 0.0)
(9.622333925362721 -0.12913291540121435 0.0)
(9.836833997340145 -0.13451029246941815 0.0)
(9.96277707346643 -0.13774941484624553 0.0)
(10.000000000000004 -0.138830911181905 0.0)
(9.948334037644708 -0.13774941484624495 0.0)
(9.807610447104299 -0.13451029246941734 0.0)
(9.577666074637296 -0.1291329154012121 0.0)
(9.258331169956682 -0.12165455265202267 0.0)
(8.849476139917993 -0.11213961356516808 0.0)
(8.350697295712791 -0.10068609641771584 0.0)
(7.764697744984763 -0.0874293328273993 0.0)
(7.0841408202088 -0.07230998030001991 0.0)
(6.28893407581604 -0.05547187385352736 0.0)
(5.410795751866603 -0.038707001307490684 0.0)
(4.490863154007085 -0.02416290229132974 0.0)
(3.5215564528039316 -0.012734681491934349 0.0)
(2.4699689230874884 -0.004989257408400964 0.0)
(1.3006077148599293 -0.0011424757096929754 0.0)
(0.00806317538204508 -7.722668238750766e-05 0.0)
(-0.008070444258740362 -7.730086320322035e-05 0.0)
(1.277135797036005 -0.0011434243972518908 0.0)
(2.5076597607942825 -0.0049924726801778225 0.0)
(3.677977417757073 -0.01274032750554411 0.0)
(4.752827879432311 -0.024169964142175617 0.0)
(5.700288808172146 -0.03871711721478621 0.0)
(6.512475357541149 -0.05549020157076877 0.0)
(7.228026359492534 -0.0723366556246419 0.0)
(7.879770401962588 -0.08745787599279069 0.0)
(8.449337542151804 -0.1007135979872959 0.0)
(8.928356061454236 -0.1121659638924377 0.0)
(9.319474816582584 -0.12167959591108056 0.0)
(9.622351661398152 -0.12915674056121673 0.0)
(9.836844032373607 -0.13453314196845634 0.0)
(9.96278154928189 -0.1377716453643485 0.0)
(10.000000000000004 -0.13885292629509322 0.0)
(9.948329561829247 -0.13777164536434797 0.0)
(9.807600412070839 -0.13453314196845553 0.0)
(9.577648338601866 -0.12915674056121443 0.0)
(9.258302961195206 -0.12167959591107926 0.0)
(8.84942171632355 -0.11216596389243633 0.0)
(8.350662457848225 -0.10071359798729473 0.0)
(7.76467404248186 -0.08745787599279024 0.0)
(7.083084751618556 -0.0723366556246413 0.0)
(6.2875246424588385 -0.05549020157076725 0.0)
(5.4108223029389215 -0.03871711721478472 0.0)
(4.491616565012057 -0.024169964142175048 0.0)
(3.522022582242888 -0.012740327505544175 0.0)
(2.470118016983478 -0.004992472680178282 0.0)
(1.3006419807417648 -0.0011434243972519844 0.0)
(0.008070444258727235 -7.730086320322816e-05 0.0)
(-0.008069652455171198 -7.736202822313379e-05 0.0)
(1.277130762600111 -0.0011441604817758453 0.0)
(2.5075627978416075 -0.004994655118094211 0.0)
(3.6775461931201017 -0.012743103750007076 0.0)
(4.751968756955268 -0.024171298807992254 0.0)
(5.699938962019118 -0.0387181259918708 0.0)
(6.5136481511111475 -0.05549693267323458 0.0)
(7.2291732550638645 -0.07235151010507815 0.0)
(7.879878929914848 -0.08747558855629604 0.0)
(8.449380881111386 -0.10073110352814021 0.0)
(8.928419998020534 -0.11218307983255889 0.0)
(9.319508612896758 -0.12169612232363246 0.0)
(9.622372942801292 -0.1291726511377999 0.0)
(9.836855988903606 -0.1345485294120456 0.0)
(9.962786945712484 -0.1377866938366435 0.0)
(10.000000000000004 -0.13886785378120436 0.0)
(9.948324165398652 -0.13778669383664296 0.0)
(9.80758845554084 -0.1345485294120448 0.0)
(9.577627057198725 -0.12917265113779766 0.0)
(9.258269164881032 -0.12169612232363113 0.0)
(8.849357779757252 -0.11218307983255751 0.0)
(8.350619118888641 -0.10073110352813905 0.0)
(7.7645655145296 -0.08747558855629563 0.0)
(7.081937856047222 -0.07235151010507752 0.0)
(6.286351848888839 -0.05549693267323303 0.0)
(5.411172149091951 -0.03871812599186928 0.0)
(4.492475687489103 -0.024171298807991657 0.0)
(3.5224538068798603 -0.012743103750007135 0.0)
(2.4702149799361526 -0.004994655118094673 0.0)
(1.3006470151776588 -0.0011441604817759394 0.0)
(0.008069652455158035 -7.73620282231417e-05 0.0)
(-0.008060834761750965 -7.740748996816356e-05 0.0)
(1.2771551808140607 -0.0011446516210573926 0.0)
(2.507522226206999 -0.004995708829820288 0.0)
(3.677168820506759 -0.01274288824222047 0.0)
(4.751041671276071 -0.024166847646005924 0.0)
(5.699281192385318 -0.03870998331492635 0.0)
(6.514532774490044 -0.05549177140859814 0.0)
(7.230360585123066 -0.07235389106263437 0.0)
(7.880067514796788 -0.08748169226027964 0.0)
(8.449430816931388 -0.10073784387881071 0.0)
(8.928490638302932 -0.11219020934243686 0.0)
(9.319546511815414 -0.12170340574934634 0.0)
(9.622396834506223 -0.12917994804933652 0.0)
(9.836869341582087 -0.13455577870406515 0.0)
(9.962793025648924 -0.13779389906078826 0.0)
(10.000000000000004 -0.13887503775380783 0.0)
(9.948318085462212 -0.13779389906078773 0.0)
(9.807575102862357 -0.13455577870406435 0.0)
(9.577603165493796 -0.12917994804933422 0.0)
(9.258231265962376 -0.121703405749345 0.0)
(8.849287139474855 -0.11219020934243545 0.0)
(8.35056918306864 -0.10073784387880952 0.0)
(7.76437692964766 -0.08748169226027917 0.0)
(7.080750525988019 -0.0723538910626337 0.0)
(6.285467225509941 -0.055491771408596534 0.0)
(5.411829918725753 -0.03870998331492478 0.0)
(4.493402773168302 -0.024166847646005293 0.0)
(3.5228311794932035 -0.012742888242220519 0.0)
(2.470255551570761 -0.004995708829820746 0.0)
(1.3006225969637089 -0.0011446516210574871 0.0)
(0.008060834761737743 -7.740748996817153e-05 0.0)
(-0.008044378611797033 -7.743525093240293e-05 0.0)
(1.2772079787862054 -0.0011448762353350158 0.0)
(2.507539828533858 -0.004995587517190518 0.0)
(3.6768618809792923 -0.012739690451202185 0.0)
(4.75008735684341 -0.024156806232131147 0.0)
(5.698344400465101 -0.038693046958281185 0.0)
(6.515090358944944 -0.05547494455338532 0.0)
(7.2315361805594955 -0.0723436938823914 0.0)
(7.880327870533702 -0.08747591891915484 0.0)
(8.44948515552323 -0.10073352288063009 0.0)
(8.928564878496653 -0.11218703916445062 0.0)
(9.319586848129402 -0.12170112616782101 0.0)
(9.622422286755135 -0.12917831068288282 0.0)
(9.83688350371679 -0.13455457132388587 0.0)
(9.962799521949927 -0.13779294445241552 0.0)
(10.000000000000004 -0.13887416256229013 0.0)
(9.94831158916121 -0.13779294445241494 0.0)
(9.807560940727654 -0.13455457132388507 0.0)
(9.577577713244883 -0.12917831068288052 0.0)
(9.25819092964839 -0.12170112616781965 0.0)
(8.849212899281133 -0.11218703916444916 0.0)
(8.350514844476796 -0.10073352288062884 0.0)
(7.764116573910744 -0.08747591891915431 0.0)
(7.079574930551586 -0.07234369388239066 0.0)
(6.284909641055042 -0.05547494455338362 0.0)
(5.4127667106459745 -0.03869304695827954 0.0)
(4.494357087600966 -0.024156806232130467 0.0)
(3.523138119020671 -0.012739690451202212 0.0)
(2.470237949243902 -0.004995587517190971 0.0)
(1.3005697989915639 -0.0011448762353351094 0.0)
(0.008044378611783738 -7.74352509324109e-05 0.0)
(-0.008021007058432705 -7.744409134987052e-05 0.0)
(1.2772868366702403 -0.001144824455468276 0.0)
(2.5076148314081443 -0.004994296510459919 0.0)
(3.6766388608990077 -0.01273365088203936 0.0)
(4.749147744487585 -0.024141615767723324 0.0)
(5.697169747181626 -0.03866806107446212 0.0)
(6.515296405234969 -0.05544719144883031 0.0)
(7.232648387860368 -0.07232136660979391 0.0)
(7.880648557570819 -0.08745852220296864 0.0)
(8.449541509348599 -0.10071833039035333 0.0)
(8.928639456623406 -0.11217370859042121 0.0)
(9.319627849534877 -0.12168938373969833 0.0)
(9.622448181222778 -0.1291678109813254 0.0)
(9.83689785304942 -0.13454496032158403 0.0)
(9.962806149179908 -0.13778387195527064 0.0)
(10.000000000000004 -0.13886526666096538 0.0)
(9.94830496193123 -0.13778387195527006 0.0)
(9.807546591395026 -0.13454496032158317 0.0)
(9.57755181877724 -0.1291678109813231 0.0)
(9.258149928242913 -0.12168938373969691 0.0)
(8.849138321154381 -0.11217370859041972 0.0)
(8.350458490651429 -0.10071833039035202 0.0)
(7.763795886873626 -0.08745852220296803 0.0)
(7.078462723250711 -0.07232136660979306 0.0)
(6.284703594765017 -0.0554471914488285 0.0)
(5.413941363929453 -0.038668061074460365 0.0)
(4.495296699956793 -0.02414161576772259 0.0)
(3.523361139100955 -0.012733650882039364 0.0)
(2.4701629463696153 -0.004994296510460365 0.0)
(1.3004909411075287 -0.0011448244554683688 0.0)
(0.00802100705841932 -7.744409134987844e-05 0.0)
(-0.007991747004955757 -7.743362278879585e-05 0.0)
(1.277388289595007 -0.0011444985565697893 0.0)
(2.507743939340776 -0.004991892534102403 0.0)
(3.6765095593602304 -0.012725034902351943 0.0)
(4.748264119056541 -0.024121943693998376 0.0)
(5.695808844651203 -0.03863612349749376 0.0)
(6.515141860063089 -0.05540973151557439 0.0)
(7.2336483386716095 -0.07228789026435323 0.0)
(7.881015485506406 -0.08743026649160386 0.0)
(8.449597402323501 -0.10069293393820936 0.0)
(8.928711095856736 -0.11215080334138387 0.0)
(9.319667714505094 -0.1216686944057878 0.0)
(9.622473380153616 -0.12914891028234204 0.0)
(9.836911759096553 -0.13452736798701787 0.0)
(9.96281261615051 -0.13776708019828066 0.0)
(10.000000000000004 -0.13884874091946325 0.0)
(9.948298494960628 -0.13776708019828002 0.0)
(9.80753268534789 -0.134527367987017 0.0)
(9.577526619846402 -0.12914891028233969 0.0)
(9.258110063272698 -0.12166869440578636 0.0)
(8.84906668192105 -0.11215080334138233 0.0)
(8.350402597676526 -0.10069293393820797 0.0)
(7.763428958938038 -0.08743026649160314 0.0)
(7.077462772439468 -0.07228789026435227 0.0)
(6.284858139936899 -0.055409731515572457 0.0)
(5.41530226645988 -0.038636123497491896 0.0)
(4.496180325387838 -0.02412194369399757 0.0)
(3.523490440639733 -0.012725034902351912 0.0)
(2.470033838436983 -0.004991892534102839 0.0)
(1.3003894881827616 -0.0011444985565698803 0.0)
(0.007991747004942271 -7.743362278880366e-05 0.0)
(-0.00795788408458621 -7.740430521860086e-05 0.0)
(1.2775078799045947 -0.0011439128580409403 0.0)
(2.5079214795653892 -0.00498848121444117 0.0)
(3.6764796576360226 -0.012714221082524898 0.0)
(4.74747530543517 -0.02409865436588673 0.0)
(5.694321488441318 -0.03859863750607996 0.0)
(6.514633513861423 -0.0553642106745538 0.0)
(7.2344920969839315 -0.07224473573544477 0.0)
(7.881412532198252 -0.0873923932893255 0.0)
(8.449650378612878 -0.10065844939784382 0.0)
(8.928776648499792 -0.11211932983207738 0.0)
(9.31970469144619 -0.12163996721757143 0.0)
(9.622496776352726 -0.1291224390480682 0.0)
(9.836924610851923 -0.134502567295184 0.0)
(9.962818638714872 -0.1377433069805279 0.0)
(10.000000000000004 -0.1388253114486323 0.0)
(9.948292472396266 -0.1377433069805273 0.0)
(9.80751983359252 -0.1345025672951831 0.0)
(9.577503223647293 -0.12912243904806578 0.0)
(9.2580730863316 -0.12163996721756991 0.0)
(8.849001129277994 -0.11211932983207573 0.0)
(8.35034962138715 -0.10065844939784235 0.0)
(7.763031912246191 -0.08739239328932467 0.0)
(7.076619014127145 -0.0722447357354437 0.0)
(6.285366486138569 -0.055364210674551724 0.0)
(5.41678962266977 -0.03859863750607798 0.0)
(4.49696913900921 -0.024098654365885857 0.0)
(3.5235203423639403 -0.012714221082524832 0.0)
(2.4698562982123686 -0.004988481214441593 0.0)
(1.3002698978731737 -0.0011439128580410288 0.0)
(0.007957884084572623 -7.740430521860853e-05 0.0)
(-0.007920906172094648 -7.735742679968495e-05 0.0)
(1.2776403530195837 -0.0011430930944035808 0.0)
(2.5081396512893157 -0.0049842124386213 0.0)
(3.676550469553443 -0.012701684562018107 0.0)
(4.746815962650902 -0.02407277107385899 0.0)
(5.692773030262792 -0.038557250166104756 0.0)
(6.513793702432078 -0.05531262902824498 0.0)
(7.235142589600703 -0.07219379915411983 0.0)
(7.881822252141091 -0.08734656667535463 0.0)
(8.449698110535486 -0.10061639195687277 0.0)
(8.928833234289364 -0.11208067095092149 0.0)
(9.319737155659023 -0.12160446439514454 0.0)
(9.622517341833923 -0.12908956037611008 0.0)
(9.836935843632906 -0.13447164794311 0.0)
(9.962823952252537 -0.1377135968537087 0.0)
(10.000000000000004 -0.13879600769655792 0.0)
(9.948287158858601 -0.13771359685370807 0.0)
(9.807508600811538 -0.1344716479431091 0.0)
(9.577482658166096 -0.1290895603761076 0.0)
(9.258040622118767 -0.12160446439514296 0.0)
(8.848944543488424 -0.11208067095091975 0.0)
(8.350301889464541 -0.10061639195687119 0.0)
(7.762622192303351 -0.08734656667535369 0.0)
(7.075968521510373 -0.0721937991541186 0.0)
(6.286206297567918 -0.05531262902824275 0.0)
(5.4183380808483 -0.03855725016610267 0.0)
(4.4976284817934795 -0.02407277107385804 0.0)
(3.5234495304465194 -0.012701684562018003 0.0)
(2.4696381264884417 -0.004984212438621709 0.0)
(1.3001374247581843 -0.0011430930944036667 0.0)
(0.007920906172080954 -7.735742679969246e-05 0.0)
(-0.00788243800930676 -7.729504728401362e-05 0.0)
(1.2777798883136546 -0.0011420752845722223 0.0)
(2.50838886844614 -0.0049792737688428125 0.0)
(3.6767188837663864 -0.01268797617260772 0.0)
(4.746315061019444 -0.024045431082414716 0.0)
(5.691231506535165 -0.03851377996157067 0.0)
(6.512659325552868 -0.05525725297982076 0.0)
(7.235571235066385 -0.07213731858057593 0.0)
(7.882226642990197 -0.08729480018727169 0.0)
(8.449738500837974 -0.10056860954231053 0.0)
(8.928878366949377 -0.11203652529842974 0.0)
(9.319763680725472 -0.12156374586757397 0.0)
(9.622534172987587 -0.1290517188951637 0.0)
(9.836944963891659 -0.13443596847056066 0.0)
(9.962828323296378 -0.13767925522644225 0.0)
(10.000000000000004 -0.1387621172164965 0.0)
(9.94828278781476 -0.13767925522644162 0.0)
(9.807499480552785 -0.1344359684705597 0.0)
(9.577465827012432 -0.12905171889516118 0.0)
(9.258014097052317 -0.12156374586757228 0.0)
(8.848899410828409 -0.11203652529842789 0.0)
(8.350261499162054 -0.10056860954230881 0.0)
(7.762217801454244 -0.08729480018727061 0.0)
(7.07553987604469 -0.07213731858057455 0.0)
(6.2873406744471305 -0.05525725297981839 0.0)
(5.4198796045759305 -0.038513779961568455 0.0)
(4.498129383424939 -0.02404543108241369 0.0)
(3.523281116233575 -0.012687976172607578 0.0)
(2.469388909331617 -0.004979273768843208 0.0)
(1.2999978894641129 -0.0011420752845723047 0.0)
(0.00788243800929297 -7.729504728402091e-05 0.0)
(-0.007844169816919941 -7.72199075133854e-05 0.0)
(1.2779203548612583 -0.0011409041492488228 0.0)
(2.5086581808899204 -0.004973882201220738 0.0)
(3.6769775004624417 -0.012673698235845642 0.0)
(4.745994609242107 -0.02401783566076086 0.0)
(5.689764648990891 -0.03847013689373842 0.0)
(6.5112802256685836 -0.0552005156515413 0.0)
(7.235759199483402 -0.07207777566788634 0.0)
(7.882607936551473 -0.08723936834985895 0.0)
(8.449769774844338 -0.1005172016260375 0.0)
(8.92891006343332 -0.11198883255381044 0.0)
(9.319783101182644 -0.12151960073246872 0.0)
(9.622546530283616 -0.1290105772906729 0.0)
(9.836951570900693 -0.13439709656828608 0.0)
(9.962831559790727 -0.1376417910070044 0.0)
(10.000000000000004 -0.13872512909414103 0.0)
(9.948279551320411 -0.13764179100700377 0.0)
(9.807492873543751 -0.13439709656828505 0.0)
(9.577453469716403 -0.1290105772906703 0.0)
(9.257994676595146 -0.12151960073246697 0.0)
(8.848867714344467 -0.11198883255380851 0.0)
(8.35023022515569 -0.10051720162603567 0.0)
(7.761836507892967 -0.08723936834985775 0.0)
(7.075351911627674 -0.07207777566788483 0.0)
(6.28871977433142 -0.055200515651538794 0.0)
(5.421346462120208 -0.03847013689373611 0.0)
(4.498449835202275 -0.024017835660759764 0.0)
(3.5230224995375186 -0.012673698235845465 0.0)
(2.4691195968878357 -0.004973882201221118 0.0)
(1.299857422916509 -0.0011409041492489022 0.0)
(0.007844169816906056 -7.721990751339244e-05 0.0)
(-0.007807783029297985 -7.713530899185733e-05 0.0)
(1.2780555808192695 -0.0011396311459769622 0.0)
(2.508935755524571 -0.00496827463137279 0.0)
(3.67731495649711 -0.01265947809815245 0.0)
(4.745868687383739 -0.0239911973012405 0.0)
(5.688436908666925 -0.03842823855916583 0.0)
(6.509716997905146 -0.055144909977813183 0.0)
(7.235698224039139 -0.07201778662270397 0.0)
(7.882949379483393 -0.08718270673664262 0.0)
(8.449790558431955 -0.10046442697784658 0.0)
(8.928926931055672 -0.11193968824901075 0.0)
(9.319794563731179 -0.1214739686463041 0.0)
(9.62255387076503 -0.12896794324947242 0.0)
(9.836955374360123 -0.13435674019655797 0.0)
(9.962833519529944 -0.13760285030465852 0.0)
(10.000000000000004 -0.13868666851992 0.0)
(9.948277591581194 -0.13760285030465783 0.0)
(9.807489070084323 -0.13435674019655694 0.0)
(9.577446129234987 -0.12896794324946978 0.0)
(9.257983214046611 -0.12147396864630226 0.0)
(8.848850846722113 -0.11193968824900874 0.0)
(8.350209441568072 -0.10046442697784466 0.0)
(7.761495064961046 -0.08718270673664129 0.0)
(7.075412887071938 -0.07201778662270229 0.0)
(6.290283002094862 -0.055144909977810554 0.0)
(5.422674202444176 -0.03842823855916342 0.0)
(4.498575757060642 -0.02399119730123934 0.0)
(3.5226850435028494 -0.012659478098152238 0.0)
(2.468842022253184 -0.004968274631373158 0.0)
(1.2997221969584973 -0.001139631145977038 0.0)
(0.007807783029284017 -7.713530899186416e-05 0.0)
(-0.007774876415321251 -7.704496882369675e-05 0.0)
(1.278179624606482 -0.0011383122081915116 0.0)
(2.5092093962284534 -0.0049626974456593335 0.0)
(3.677716424669586 -0.012645940566363378 0.0)
(4.7459428282204295 -0.023966686444637456 0.0)
(5.687306624044071 -0.03838992589402318 0.0)
(6.508038327630637 -0.05509287917021233 0.0)
(7.235390987883068 -0.07195998725392722 0.0)
(7.88323596940818 -0.08712730495524794 0.0)
(8.449799938408008 -0.10041260441923083 0.0)
(8.92892822868397 -0.11189125169487661 0.0)
(9.319797564727665 -0.1214288545994646 0.0)
(9.622555871904506 -0.12892569003333598 0.0)
(9.836956207152896 -0.13431667254052027 0.0)
(9.962834116406672 -0.13756414410262557 0.0)
(10.000000000000004 -0.13864842538110306 0.0)
(9.948276994704466 -0.13756414410262488 0.0)
(9.80748823729155 -0.13431667254051924 0.0)
(9.577444128095513 -0.1289256900333333 0.0)
(9.257980213050127 -0.12142885459946272 0.0)
(8.848849549093815 -0.11189125169487454 0.0)
(8.35020006159202 -0.10041260441922881 0.0)
(7.761208475036259 -0.0871273049552465 0.0)
(7.075720123228011 -0.07195998725392543 0.0)
(6.291961672369375 -0.05509287917020959 0.0)
(5.4238044870670326 -0.03838992589402069 0.0)
(4.498501616223952 -0.023966686444636242 0.0)
(3.522283575330372 -0.012645940566363135 0.0)
(2.4685683815493014 -0.004962697445659687 0.0)
(1.2995981531712846 -0.001138312208191584 0.0)
(0.0077748764153072174 -7.704496882370337e-05 0.0)
(-0.007746895831406931 -7.695285639062e-05 0.0)
(1.2782870359658176 -0.0011370052876058358 0.0)
(2.5094670797296508 -0.004957395695417441 0.0)
(3.6781642652028363 -0.01263368045485902 0.0)
(4.7462137741394494 -0.023945380053149525 0.0)
(5.686423457760858 -0.038356882286725805 0.0)
(6.5063179725458795 -0.05504670936723703 0.0)
(7.234850990409813 -0.07190691716007924 0.0)
(7.883455114088842 -0.08707559725859472 0.0)
(8.449797502633508 -0.10036401093860908 0.0)
(8.928913899302799 -0.11184565110498453 0.0)
(9.319791972313805 -0.12138624082063458 0.0)
(9.622552445775636 -0.12888567417128044 0.0)
(9.836954032687622 -0.13427865409967754 0.0)
(9.962833324195238 -0.13752737308061191 0.0)
(10.000000000000004 -0.13861208001124592 0.0)
(9.948277786915899 -0.13752737308061122 0.0)
(9.807490411756822 -0.13427865409967646 0.0)
(9.577447554224383 -0.1288856741712777 0.0)
(9.257985805463985 -0.12138624082063267 0.0)
(8.848863878474987 -0.11184565110498237 0.0)
(8.350202497366519 -0.100364010938607 0.0)
(7.7609893303555975 -0.0870755972585932 0.0)
(7.076260120701269 -0.07190691716007734 0.0)
(6.293682027454137 -0.05504670936723421 0.0)
(5.4246876533502455 -0.03835688228672326 0.0)
(4.49823067030493 -0.023945380053148276 0.0)
(3.52183573479712 -0.012633680454858753 0.0)
(2.468310698048103 -0.004957395695417785 0.0)
(1.299490741811949 -0.0011370052876059052 0.0)
(0.0077468958313928514 -7.695285639062637e-05 0.0)
(-0.0077250706932231895 -7.68630189444215e-05 0.0)
(1.2783730954386503 -0.0011357678079195253 0.0)
(2.5096974838865393 -0.004952602329853467 0.0)
(3.6786388008031317 -0.01262323645050964 0.0)
(4.7466696202728 -0.02392821429063974 0.0)
(5.685826214528066 -0.03833055961292678 0.0)
(6.504631521905996 -0.05500842918556477 0.0)
(7.2341019581204495 -0.0718609081439947 0.0)
(7.883597184709022 -0.08702985558827732 0.0)
(8.449783358131931 -0.10032078164462066 0.0)
(8.928884572518951 -0.1118048900858304 0.0)
(9.319778032210035 -0.1213479996812961 0.0)
(9.622543742916253 -0.1288496538870776 0.0)
(9.836948946506329 -0.13424435533476764 0.0)
(9.962831177703967 -0.13749415289005412 0.0)
(10.000000000000004 -0.1385792293594082 0.0)
(9.948279933407171 -0.13749415289005343 0.0)
(9.807495497938115 -0.1342443553347665 0.0)
(9.577456257083766 -0.12884965388707484 0.0)
(9.257999745567757 -0.12134799968129413 0.0)
(8.848893205258836 -0.1118048900858282 0.0)
(8.350216641868096 -0.1003207816446185 0.0)
(7.760847259735416 -0.08702985558827571 0.0)
(7.077009152990634 -0.07186090814399272 0.0)
(6.295368478094025 -0.05500842918556189 0.0)
(5.4252848965830385 -0.03833055961292419 0.0)
(4.497774824171578 -0.02392821429063847 0.0)
(3.5213611991968237 -0.012623236450509358 0.0)
(2.4680802938912145 -0.004952602329853802 0.0)
(1.299404682339116 -0.001135767807919592 0.0)
(0.007725070693209083 -7.686301894442765e-05 0.0)
(-0.007710359957413855 -7.677940377813425e-05 0.0)
(1.2784340217291854 -0.0011346541417260915 0.0)
(2.509890485161977 -0.004948527960681075 0.0)
(3.6791191812443333 -0.012615067443759585 0.0)
(4.747290337575328 -0.02391594338930891 0.0)
(5.685541136120716 -0.03831211444275685 0.0)
(6.503053075266827 -0.054979720586346606 0.0)
(7.2331768021234595 -0.07182398175766921 0.0)
(7.883655938945583 -0.0869920897496075 0.0)
(8.4497581263868 -0.10028481595335759 0.0)
(8.928841536897659 -0.11177075960202572 0.0)
(9.31975635691901 -0.12131581142715152 0.0)
(9.622530145714078 -0.12881921184611805 0.0)
(9.836941172086517 -0.13421528327077287 0.0)
(9.962827771245754 -0.13746594316535077 0.0)
(10.000000000000004 -0.13855131682313304 0.0)
(9.948283339865384 -0.13746594316535002 0.0)
(9.807503272357927 -0.13421528327077173 0.0)
(9.577469854285939 -0.1288192118461153 0.0)
(9.25802142085878 -0.12131581142714952 0.0)
(8.848936240880128 -0.11177075960202346 0.0)
(8.350241873613227 -0.10028481595335537 0.0)
(7.760788505498856 -0.08699208974960583 0.0)
(7.077934308987627 -0.0718239817576672 0.0)
(6.296946924733196 -0.054979720586343685 0.0)
(5.425569974990387 -0.03831211444275425 0.0)
(4.497154106869047 -0.023915943389307633 0.0)
(3.520880818755621 -0.01261506744375929 0.0)
(2.467887292615776 -0.004948527960681403 0.0)
(1.299343756048581 -0.0011346541417261561 0.0)
(0.0077103599573997445 -7.677940377814024e-05 0.0)
(-0.00770340998679786 -7.670568478919532e-05 0.0)
(1.2784671378476782 -0.0011337132214806795 0.0)
(2.510037603433008 -0.004945351608227853 0.0)
(3.679584299488685 -0.012609532365820672 0.0)
(4.748048652864331 -0.02390910651011253 0.0)
(5.685580748362491 -0.038302357223248804 0.0)
(6.501651986686014 -0.05496184497291129 0.0)
(7.232116172080824 -0.07179776047896305 0.0)
(7.8836287952448565 -0.0869639591044457 0.0)
(8.449722916034835 -0.10025769413149663 0.0)
(8.928786683345388 -0.11174475928458887 0.0)
(9.319727898813365 -0.12129109035120118 0.0)
(9.6225122516053 -0.12879568561598953 0.0)
(9.836931051021969 -0.1341927152809993 0.0)
(9.962823254494145 -0.13744398339019698 0.0)
(10.000000000000004 -0.13852956882819983 0.0)
(9.948287856616993 -0.13744398339019628 0.0)
(9.807513393422475 -0.13419271528099816 0.0)
(9.577487748394718 -0.12879568561598673 0.0)
(9.258049878964425 -0.12129109035119919 0.0)
(8.848991094432398 -0.11174475928458658 0.0)
(8.350277083965192 -0.10025769413149441 0.0)
(7.760815649199583 -0.086963959104444 0.0)
(7.078994939030266 -0.07179776047896101 0.0)
(6.298348013314012 -0.05496184497290837 0.0)
(5.42553036274861 -0.03830235722324623 0.0)
(4.496395791580042 -0.02390910651011126 0.0)
(3.520415700511268 -0.012609532365820377 0.0)
(2.4677401743447454 -0.004945351608228178 0.0)
(1.2993106399300882 -0.0011337132214807428 0.0)
(0.007703409986783767 -7.670568478920115e-05 0.0)
(-0.007704526150369461 -7.664510105511356e-05 0.0)
(1.2784709887324661 -0.001132986389497507 0.0)
(2.5101323745919477 -0.004943212835609625 0.0)
(3.6800137190914413 -0.012606874417891403 0.0)
(4.748911247153308 -0.02390800405301478 0.0)
(5.685943310763958 -0.038301716668777505 0.0)
(6.500489817432578 -0.05495558776701065 0.0)
(7.230966670136248 -0.07178339642289205 0.0)
(7.883516946251394 -0.0869466996618768 0.0)
(8.449679274154487 -0.1002406078622724 0.0)
(8.928722422026876 -0.11172803153990178 0.0)
(9.3196939082902 -0.12127492265229646 0.0)
(9.622490846824322 -0.12878010889620373 0.0)
(9.836919028013746 -0.1341776429616307 0.0)
(9.962817825906939 -0.13742923843693883 0.0)
(10.000000000000004 -0.13851494094171912 0.0)
(9.948293285204198 -0.13742923843693808 0.0)
(9.807525416430698 -0.13417764296162957 0.0)
(9.577509153175697 -0.12878010889620092 0.0)
(9.25808386948759 -0.12127492265229443 0.0)
(8.849055355750911 -0.11172803153989952 0.0)
(8.35032072584554 -0.10024060786227018 0.0)
(7.760927498193046 -0.08694669966187514 0.0)
(7.080144440974845 -0.07178339642289004 0.0)
(6.299510182567451 -0.05495558776700777 0.0)
(5.4251678003471415 -0.03830171666877496 0.0)
(4.495533197291062 -0.02390800405301353 0.0)
(3.519986280908511 -0.012606874417891115 0.0)
(2.4676454031858053 -0.004943212835609947 0.0)
(1.2993067890453003 -0.00113298638949757 0.0)
(0.007704526150355407 -7.66451010551193e-05 0.0)
(-0.007713659405943285 -7.660031451432976e-05 0.0)
(1.2784454051827172 -0.0011325055814442142 0.0)
(2.510170634567452 -0.004942205616582458 0.0)
(3.6803885721408567 -0.012607210385341207 0.0)
(4.749840219627274 -0.02391268445796364 0.0)
(5.686612892996482 -0.03831022092413455 0.0)
(6.499617631097384 -0.05496122389882474 0.0)
(7.2297788033022234 -0.0717815207198017 0.0)
(7.883325306405348 -0.08694106977023207 0.0)
(8.449629118290138 -0.10023430788509613 0.0)
(8.928651576466894 -0.11172131135446352 0.0)
(9.319655878830918 -0.12126801870954919 0.0)
(9.62246687185806 -0.12877316609933132 0.0)
(9.836905631330835 -0.13417072856280604 0.0)
(9.962811724006329 -0.13742235617184728 0.0)
(10.000000000000004 -0.1385080758862619 0.0)
(9.948299387104807 -0.13742235617184653 0.0)
(9.80753881311361 -0.1341707285628049 0.0)
(9.577533128141958 -0.12877316609932857 0.0)
(9.258121898946872 -0.12126801870954719 0.0)
(8.849126201310893 -0.11172131135446128 0.0)
(8.350370881709889 -0.10023430788509394 0.0)
(7.761119138039093 -0.0869410697702304 0.0)
(7.081332307808872 -0.07178152071979972 0.0)
(6.300382368902644 -0.054961223898821916 0.0)
(5.424498218114614 -0.03831022092413206 0.0)
(4.494604224817093 -0.023912684457962418 0.0)
(3.519611427859095 -0.012607210385340933 0.0)
(2.4676071432103015 -0.004942205616582784 0.0)
(1.2993323725950496 -0.0011325055814442766 0.0)
(0.00771365940592929 -7.660031451433545e-05 0.0)
(-0.007730408454978237 -7.657329300551128e-05 0.0)
(1.278391511292803 -0.0011322919231470485 0.0)
(2.510150702286191 -0.004942374206507754 0.0)
(3.6806923882797147 -0.012610525506374981 0.0)
(4.750794752935231 -0.023922942076528207 0.0)
(5.687560074841736 -0.038327496327897656 0.0)
(6.499073749952384 -0.05497850572703264 0.0)
(7.228604764274295 -0.07179221578465428 0.0)
(7.883062296010958 -0.0869473167966507 0.0)
(8.44957465219871 -0.10023907100943949 0.0)
(8.92857725948974 -0.11172489400092796 0.0)
(9.319615481380387 -0.12127068186957334 0.0)
(9.622441380122671 -0.12877516227916536 0.0)
(9.836891449598971 -0.13417227589056013 0.0)
(9.962805216898664 -0.13742363898905974 0.0)
(10.000000000000004 -0.13850927529980567 0.0)
(9.948305894212472 -0.13742363898905904 0.0)
(9.807552994845473 -0.134172275890559 0.0)
(9.577558619877346 -0.1287751622791626 0.0)
(9.258162296397403 -0.12127068186957136 0.0)
(8.849200518288047 -0.11172489400092575 0.0)
(8.35042534780132 -0.10023907100943732 0.0)
(7.761382148433484 -0.08694731679664912 0.0)
(7.082506346836803 -0.07179221578465238 0.0)
(6.300926250047644 -0.05497850572702991 0.0)
(5.423551036269357 -0.03832749632789525 0.0)
(4.493649691509135 -0.02392294207652704 0.0)
(3.519307611720236 -0.012610525506374728 0.0)
(2.467627075491563 -0.0049423742065080834 0.0)
(1.299386266484964 -0.0011322919231471114 0.0)
(0.007730408454964316 -7.657329300551697e-05 0.0)
)
