(
(-0.011055775855254418 -7.30868825500862e-05 0.0)
(1.2664127968890246 -0.0010962124081790817 0.0)
(2.488215932777123 -0.00487581068674335 0.0)
(3.651465573031611 -0.012687655327662405 0.0)
(4.7173663151894845 -0.02448620760717018 0.0)
(5.653355679882854 -0.039676619510132315 0.0)
(6.469544705209388 -0.05714980870011173 0.0)
(7.20490820459645 -0.0746080661526217 0.0)
(7.862656529687679 -0.09027073626927888 0.0)
(8.43273853451557 -0.10401561645061506 0.0)
(8.915162638629113 -0.11589768874558803 0.0)
(9.309205208998321 -0.1257727073740972 0.0)
(9.614834848863655 -0.13353591497911185 0.0)
(9.831911943816268 -0.13911903889707203 0.0)
(9.960344626946034 -0.14248239079532557 0.0)
(10.000000000000004 -0.14360543073497523 0.0)
(9.950766484165102 -0.1424823907953251 0.0)
(9.812532500628178 -0.13911903889707133 0.0)
(9.585165151136364 -0.13353591497910963 0.0)
(9.268572568779469 -0.12577270737409596 0.0)
(8.862615139148675 -0.1158976887455866 0.0)
(8.367261465484455 -0.1040156164506139 0.0)
(7.781787914756761 -0.09027073626927841 0.0)
(7.106202906514645 -0.07460806615262074 0.0)
(6.3304552947906405 -0.05714980870010983 0.0)
(5.457755431228242 -0.039676619510130746 0.0)
(4.527078129254884 -0.024486207607169498 0.0)
(3.548534426968339 -0.012687655327662332 0.0)
(2.4895618450006305 -0.004875810686743743 0.0)
(1.3113649808887438 -0.001096212408179174 0.0)
(0.011055775855240212 -7.308688255009472e-05 0.0)
(-0.01106556737185403 -7.304494166739764e-05 0.0)
(1.266384600495702 -0.001095770573214772 0.0)
(2.4882470211085495 -0.004874953016770039 0.0)
(3.651825166410805 -0.01268831295880238 0.0)
(4.718279689156669 -0.02449140987837294 0.0)
(5.654042582084038 -0.03968592182377038 0.0)
(6.468725990213016 -0.057156616541937974 0.0)
(7.203745409369019 -0.07460761301985566 0.0)
(7.862460823277245 -0.0902665269019844 0.0)
(8.432688897898844 -0.10401066059290877 0.0)
(8.915092814901822 -0.11589223722254507 0.0)
(9.309167672446895 -0.12576699465391847 0.0)
(9.614811182006612 -0.1335300949511092 0.0)
(9.83189872618464 -0.1391131941078372 0.0)
(9.960338601349807 -0.14247654481052877 0.0)
(10.000000000000004 -0.14359959053036164 0.0)
(9.950772509761329 -0.14247654481052824 0.0)
(9.812545718259805 -0.1391131941078365 0.0)
(9.585188817993407 -0.13353009495110693 0.0)
(9.268610105330893 -0.12576699465391722 0.0)
(8.862684962875967 -0.11589223722254367 0.0)
(8.367311102101182 -0.1040106605929076 0.0)
(7.781983621167195 -0.09026652690198396 0.0)
(7.107365701742078 -0.07460761301985476 0.0)
(6.3312740097870135 -0.05715661654193613 0.0)
(5.4570685290270555 -0.039685921823768865 0.0)
(4.526164755287696 -0.024491409878372297 0.0)
(3.5481748335891448 -0.01268831295880232 0.0)
(2.4895307566692044 -0.004874953016770434 0.0)
(1.3113931772820666 -0.001095770573214864 0.0)
(0.011065567371839884 -7.30449416674061e-05 0.0)
(-0.011082742606331167 -7.302054449761842e-05 0.0)
(1.2663289159425883 -0.0010955916267587074 0.0)
(2.488221167275751 -0.00487524703073148 0.0)
(3.6521136599122452 -0.012691874633460063 0.0)
(4.71921349511933 -0.024502029132836996 0.0)
(5.654996994365262 -0.0397037377582801 0.0)
(6.468231705880765 -0.05717475553789651 0.0)
(7.2026018528770255 -0.07461942966967036 0.0)
(7.86219643470721 -0.09027392876064845 0.0)
(8.432635300239806 -0.10401652546280764 0.0)
(8.915019948437845 -0.11589686694492318 0.0)
(9.309128010462537 -0.12577064648718592 0.0)
(9.614786151886662 -0.133533027031864 0.0)
(9.831884807738634 -0.13911563581147748 0.0)
(9.960332210088495 -0.1424786958357002 0.0)
(10.000000000000004 -0.14360164912078693 0.0)
(9.950778901022641 -0.14247869583569972 0.0)
(9.812559636705812 -0.13911563581147685 0.0)
(9.585213848113357 -0.1335330270318618 0.0)
(9.268649767315251 -0.12577064648718467 0.0)
(8.862757829339943 -0.11589686694492181 0.0)
(8.36736469976022 -0.10401652546280656 0.0)
(7.7822480097372315 -0.09027392876064806 0.0)
(7.108509258234074 -0.07461942966966952 0.0)
(6.331768294119264 -0.05717475553789475 0.0)
(5.456114116745829 -0.03970373775827867 0.0)
(4.525230949325033 -0.024502029132836396 0.0)
(3.547886340087704 -0.012691874633460025 0.0)
(2.4895566105020035 -0.00487524703073188 0.0)
(1.3114488618351805 -0.0010955916267588004 0.0)
(0.011082742606317093 -7.30205444976269e-05 0.0)
(-0.011106546910304103 -7.301476300775529e-05 0.0)
(1.2662481899070754 -0.0010956834313907947 0.0)
(2.4881395072488415 -0.0048766798101920915 0.0)
(3.652318377659263 -0.012698183858166902 0.0)
(4.720126703351817 -0.02451759877994857 0.0)
(5.656176981596936 -0.03972928451409246 0.0)
(6.468083570161928 -0.05720342869368929 0.0)
(7.20152778090065 -0.07464299690009091 0.0)
(7.861874980727656 -0.09029261662114267 0.0)
(8.43258009652154 -0.10403295336865788 0.0)
(8.914947240856304 -0.11591137449119088 0.0)
(9.30908796572028 -0.1257835024190265 0.0)
(9.614760858281484 -0.13354458239111203 0.0)
(9.831870800029302 -0.139126256724002 0.0)
(9.960325733982426 -0.1424887493587291 0.0)
(10.000000000000004 -0.143611516055554 0.0)
(9.95078537712871 -0.14248874935872857 0.0)
(9.812573644415144 -0.13912625672400136 0.0)
(9.585239141718535 -0.1335445823911098 0.0)
(9.26868981205751 -0.1257835024190253 0.0)
(8.862830536921484 -0.11591137449118956 0.0)
(8.367419903478485 -0.10403295336865682 0.0)
(7.782569463716786 -0.09029261662114237 0.0)
(7.1095833302104525 -0.07464299690009014 0.0)
(6.3319164298381 -0.05720342869368765 0.0)
(5.454934129514151 -0.03972928451409113 0.0)
(4.524317741092545 -0.02451759877994803 0.0)
(3.5476816223406864 -0.012698183858166888 0.0)
(2.489638270528913 -0.004876679810192498 0.0)
(1.3115295878706938 -0.001095683431390889 0.0)
(0.011106546910290116 -7.301476300776383e-05 0.0)
(-0.01113593436620501 -7.302785122589591e-05 0.0)
(1.2661459693434796 -0.0010960419533834515 0.0)
(2.4880056290200123 -0.004879188401443568 0.0)
(3.6524303247285745 -0.012706963417131673 0.0)
(4.720979189155061 -0.024537434717897443 0.0)
(5.657530697298825 -0.039761439613493536 0.0)
(6.468288091868984 -0.05724137616330682 0.0)
(7.200570386197574 -0.0746772792101276 0.0)
(7.861510585438361 -0.0903217693730654 0.0)
(8.432525712294435 -0.10405922249833034 0.0)
(8.914877886795319 -0.11593512242630596 0.0)
(9.309049297712837 -0.1258049975833145 0.0)
(9.614736412545815 -0.1335642533075078 0.0)
(9.831857318529767 -0.13914459018194483 0.0)
(9.960319457579853 -0.14250626364620592 0.0)
(10.000000000000004 -0.14362875779960022 0.0)
(9.950791653531285 -0.14250626364620544 0.0)
(9.812587125914678 -0.1391445901819442 0.0)
(9.585263587454204 -0.13356425330750568 0.0)
(9.268728480064953 -0.12580499758331337 0.0)
(8.86289989098247 -0.1159351224263047 0.0)
(8.36747428770559 -0.1040592224983294 0.0)
(7.782933859006083 -0.0903217693730652 0.0)
(7.1105407249135295 -0.07467727921012694 0.0)
(6.331711908131042 -0.05724137616330531 0.0)
(5.453580413812257 -0.0397614396134923 0.0)
(4.523465255289299 -0.024537434717896975 0.0)
(3.547569675271375 -0.012706963417131694 0.0)
(2.489772148757743 -0.004879188401443985 0.0)
(1.31163180843429 -0.0010960419533835475 0.0)
(0.011135934366191123 -7.302785122590456e-05 0.0)
(-0.011169613742984438 -7.305923407967939e-05 0.0)
(1.266026745636358 -0.0010966514399362178 0.0)
(2.4878254149537136 -0.004882662581575658 0.0)
(3.6524445823707556 -0.012717827552595215 0.0)
(4.7217334958624475 -0.024560665391858968 0.0)
(5.658998661679544 -0.039798790220241735 0.0)
(6.468836284692286 -0.057286930604357064 0.0)
(7.1997717349395485 -0.07472077029779514 0.0)
(7.8611192597016935 -0.09036010609783064 0.0)
(8.432474537101935 -0.10409417863432531 0.0)
(8.914814933545447 -0.11596706730944512 0.0)
(9.309013705441716 -0.12583418752185535 0.0)
(9.614713888780559 -0.13359117547697189 0.0)
(9.831844955592453 -0.139169830646704 0.0)
(9.96031365665442 -0.14253046915238046 0.0)
(10.000000000000004 -0.143652616782235 0.0)
(9.950797454456715 -0.14253046915238 0.0)
(9.812599488851992 -0.1391698306467034 0.0)
(9.585286111219459 -0.13359117547696978 0.0)
(9.268764072336074 -0.12583418752185427 0.0)
(8.862962844232342 -0.11596706730944394 0.0)
(8.36752546289809 -0.10409417863432445 0.0)
(7.7833251847427505 -0.09036010609783056 0.0)
(7.111339376171556 -0.07472077029779466 0.0)
(6.331163715307737 -0.05728693060435569 0.0)
(5.452112449431535 -0.03979879022024061 0.0)
(4.522710948581911 -0.024560665391858576 0.0)
(3.547555417629194 -0.012717827552595271 0.0)
(2.489952362824042 -0.004882662581576089 0.0)
(1.3117510321414119 -0.0010966514399363165 0.0)
(0.011169613742970652 -7.305923407968818e-05 0.0)
(-0.011206105230441377 -7.310753266392377e-05 0.0)
(1.265895757257288 -0.0010974851113249892 0.0)
(2.4876067833263265 -0.0048869497014691924 0.0)
(3.6523605241310926 -0.012730298914320632 0.0)
(4.7223564806172185 -0.024586270088518592 0.0)
(5.660516375069767 -0.03983969521700754 0.0)
(6.469704062042069 -0.05733809043803975 0.0)
(7.199166918401759 -0.07477155924426618 0.0)
(7.860718197654614 -0.09040594234988723 0.0)
(8.43242881948838 -0.10413628586797756 0.0)
(8.91476114715732 -0.11600580554088472 0.0)
(9.308982752766195 -0.12586978968215104 0.0)
(9.614694276638756 -0.13362416598863072 0.0)
(9.831834254422212 -0.13920086909843413 0.0)
(9.960308586088182 -0.14256030233159409 0.0)
(10.000000000000004 -0.14368204468341023 0.0)
(9.950802525022954 -0.14256030233159367 0.0)
(9.812610190022234 -0.13920086909843354 0.0)
(9.585305723361262 -0.13362416598862867 0.0)
(9.268795025011594 -0.12586978968215007 0.0)
(8.863016630620468 -0.11600580554088362 0.0)
(8.367571180511648 -0.10413628586797681 0.0)
(7.783726246789832 -0.09040594234988729 0.0)
(7.1119441927093465 -0.0747715592442658 0.0)
(6.33029593795795 -0.057338090438038516 0.0)
(5.4505947360413085 -0.039839695217006525 0.0)
(4.522087963827139 -0.02458627008851827 0.0)
(3.5476394758688574 -0.012730298914320726 0.0)
(2.49017099445143 -0.004886949701469636 0.0)
(1.3118820205204822 -0.0010974851113250905 0.0)
(0.011206105230427692 -7.310753266393274e-05 0.0)
(-0.011243805459376253 -7.317062482719716e-05 0.0)
(1.2657587595960096 -0.0010985063375541023 0.0)
(2.4873593404115835 -0.004891861392919112 0.0)
(3.6521818433748563 -0.012743829533489426 0.0)
(4.722820770608967 -0.024613123784347563 0.0)
(5.662017151919706 -0.03988235731306663 0.0)
(6.470853295369138 -0.05739260779485714 0.0)
(7.198782511116395 -0.07482741447614846 0.0)
(7.860325021229747 -0.09045726416817491 0.0)
(8.432390568202067 -0.10418369408447346 0.0)
(8.914718890906432 -0.11604963503360488 0.0)
(9.30895779969021 -0.12591023977041052 0.0)
(9.614678437842038 -0.1336617752997564 0.0)
(9.831825685208882 -0.13923634176434949 0.0)
(9.960304468672541 -0.1425944523685305 0.0)
(10.000000000000004 -0.14371574849498508 0.0)
(9.950806642438595 -0.14259445236853008 0.0)
(9.812618759235564 -0.13923634176434896 0.0)
(9.585321562157981 -0.1336617752997544 0.0)
(9.26881997808758 -0.1259102397704096 0.0)
(8.863058886871357 -0.11604963503360387 0.0)
(8.36760943179796 -0.10418369408447282 0.0)
(7.784119423214698 -0.09045726416817508 0.0)
(7.1123285999947115 -0.07482741447614825 0.0)
(6.329146704630878 -0.057392607794856054 0.0)
(5.449093959191366 -0.039882357313065726 0.0)
(4.52162367383539 -0.02461312378434731 0.0)
(3.547818156625095 -0.012743829533489558 0.0)
(2.4904184373661735 -0.004891861392919569 0.0)
(1.312019018181761 -0.0010985063375542066 0.0)
(0.011243805459362669 -7.317062482720632e-05 0.0)
(-0.011281057950700295 -7.324573841526915e-05 0.0)
(1.265621772079129 -0.0010996702478113297 0.0)
(2.487093958398474 -0.0048971818451887935 0.0)
(3.651916391007588 -0.012757824899448886 0.0)
(4.7231059657848515 -0.024640046577078595 0.0)
(5.663435050840168 -0.03992490201396628 0.0)
(6.472233489463563 -0.057448087281887356 0.0)
(7.198635403236322 -0.07488588181673736 0.0)
(7.859957005879908 -0.09051181656588865 0.0)
(8.432361463934539 -0.10423432025351102 0.0)
(8.914690021455142 -0.11609662999987927 0.0)
(9.308939942606271 -0.12595376048375698 0.0)
(9.614667068318154 -0.13370235092602242 0.0)
(9.831819624468023 -0.13927469004040507 0.0)
(9.96030148531921 -0.14263141877304233 0.0)
(10.000000000000004 -0.1437522473331383 0.0)
(9.950809625791926 -0.14263141877304192 0.0)
(9.812624819976422 -0.1392746900404046 0.0)
(9.585332931681865 -0.13370235092602048 0.0)
(9.268837835171519 -0.12595376048375617 0.0)
(8.863087756322647 -0.11609662999987837 0.0)
(8.367638536065488 -0.1042343202535105 0.0)
(7.784487438564539 -0.09051181656588896 0.0)
(7.112475707874783 -0.07488588181673732 0.0)
(6.327766510536447 -0.0574480872818864 0.0)
(5.4476760602709 -0.03992490201396549 0.0)
(4.521338478659506 -0.02464004657707841 0.0)
(3.548083608992364 -0.012757824899449053 0.0)
(2.4906838193792837 -0.0048971818451892645 0.0)
(1.3121560056986419 -0.0010996702478114375 0.0)
(0.0112810579506868 -7.324573841527853e-05 0.0)
(-0.011316225898096227 -7.332957307449628e-05 0.0)
(1.2654908136875263 -0.0011009257020092827 0.0)
(2.486822297687152 -0.004902677287338998 0.0)
(3.6515758305206742 -0.01277167008142255 0.0)
(4.723199535190592 -0.024665855528452952 0.0)
(5.664707771946562 -0.039965459983382294 0.0)
(6.47378400112183 -0.057502091231967145 0.0)
(7.198732058412665 -0.07494439231805039 0.0)
(7.859630321526302 -0.09056720261047378 0.0)
(8.432342785474066 -0.10428593995384071 0.0)
(8.914675807274323 -0.11614472556686467 0.0)
(9.308929966121974 -0.12599843960166493 0.0)
(9.614660667623184 -0.13374411004864165 0.0)
(9.831816338497502 -0.13931422897350734 0.0)
(9.960299767111273 -0.1426695773089435 0.0)
(10.000000000000004 -0.1437899375056942 0.0)
(9.950811343999863 -0.14266957730894314 0.0)
(9.812628105946944 -0.13931422897350687 0.0)
(9.585339332376833 -0.13374411004863976 0.0)
(9.268847811655816 -0.12599843960166418 0.0)
(8.863101970503466 -0.11614472556686385 0.0)
(8.36765721452596 -0.10428593995384029 0.0)
(7.784814122918147 -0.0905672026104742 0.0)
(7.112379052698438 -0.07494439231805046 0.0)
(6.326215998878176 -0.05750209123196631 0.0)
(5.446403339164504 -0.039965459983381586 0.0)
(4.521244909253765 -0.024665855528452824 0.0)
(3.548424169479279 -0.012771670081422748 0.0)
(2.490955480090607 -0.004902677287339483 0.0)
(1.3122869640902448 -0.001100925702009394 0.0)
(0.011316225898082809 -7.33295730745059e-05 0.0)
(-0.011347764086293411 -7.341844526332328e-05 0.0)
(1.2653716384933473 -0.001102217537787292 0.0)
(2.4865562945522828 -0.0049081062596952755 0.0)
(3.651175125518873 -0.01278475674744354 0.0)
(4.723097367557683 -0.024689416640363383 0.0)
(5.6657793942018495 -0.04000224917833723 0.0)
(6.475436703698255 -0.05755224681032743 0.0)
(7.1990682297938005 -0.07500037513570179 0.0)
(7.859359322081773 -0.09062098874045708 0.0)
(8.432335353518033 -0.10433628511026562 0.0)
(8.914676872909077 -0.1161918085033361 0.0)
(9.308928308585791 -0.12604231400543156 0.0)
(9.614659516991958 -0.1337852178481623 0.0)
(9.831815971676848 -0.13935322129527009 0.0)
(9.960299389543644 -0.1427072513599756 0.0)
(10.000000000000004 -0.14382716297542286 0.0)
(9.950811721567492 -0.14270725135997525 0.0)
(9.812628472767598 -0.13935322129526967 0.0)
(9.58534048300806 -0.13378521784816047 0.0)
(9.268849469191998 -0.12604231400543087 0.0)
(8.86310090486871 -0.11619180850333537 0.0)
(8.367664646481993 -0.10433628511026528 0.0)
(7.785085122362674 -0.09062098874045761 0.0)
(7.112042881317301 -0.075000375135702 0.0)
(6.324563296301747 -0.05755224681032671 0.0)
(5.445331716909215 -0.040002249178336606 0.0)
(4.521347076886676 -0.024689416640363303 0.0)
(3.548824874481082 -0.012784756747443766 0.0)
(2.4912214832254764 -0.0049081062596957725 0.0)
(1.3124061392844242 -0.0011022175377874064 0.0)
(0.011347764086280052 -7.341844526333314e-05 0.0)
(-0.01137428678499995 -7.35084501003602e-05 0.0)
(1.265269482836599 -0.0011034889942446186 0.0)
(2.486307636684974 -0.004913230223144312 0.0)
(3.650731882246893 -0.012796509893348277 0.0)
(4.722803951945002 -0.02470969468065638 0.0)
(5.66660283248461 -0.040033653148908714 0.0)
(6.477118980465165 -0.05759635027261212 0.0)
(7.19962914662425 -0.07505137048710162 0.0)
(7.859155914766137 -0.09067081169168605 0.0)
(8.43233949461299 -0.10438314364871627 0.0)
(8.914693171537364 -0.11623581007120079 0.0)
(9.30893504282683 -0.1260834559340214 0.0)
(9.614663666981103 -0.13382386812307814 0.0)
(9.831818540123493 -0.13938995375440952 0.0)
(9.960300369205957 -0.14274278559725903 0.0)
(10.000000000000004 -0.1438622881232865 0.0)
(9.95081074190518 -0.14274278559725867 0.0)
(9.812625904320953 -0.13938995375440916 0.0)
(9.585336333018914 -0.1338238681230763 0.0)
(9.26884273495096 -0.1260834559340207 0.0)
(8.863084606240424 -0.11623581007120014 0.0)
(8.367660505387036 -0.10438314364871602 0.0)
(7.785288529678311 -0.09067081169168666 0.0)
(7.111481964486849 -0.0750513704871019 0.0)
(6.322881019534833 -0.057596350272611466 0.0)
(5.4445082786264525 -0.04003365314890813 0.0)
(4.521640492499359 -0.024709694680656334 0.0)
(3.549268117753063 -0.012796509893348523 0.0)
(2.4914701410927855 -0.004913230223144821 0.0)
(1.3125082949411726 -0.0011034889942447355 0.0)
(0.011374286784986636 -7.350845010037028e-05 0.0)
(-0.011394628635356589 -7.35956329377268e-05 0.0)
(1.2651888352499505 -0.0011046842059105914 0.0)
(2.486087249657009 -0.004917824040106186 0.0)
(3.650265576003215 -0.012806413107407473 0.0)
(4.722332180497782 -0.024725798669339095 0.0)
(5.667141906423139 -0.040058292062081745 0.0)
(6.4787569152590585 -0.057632463793373404 0.0)
(7.200390163244652 -0.07509513772980275 0.0)
(7.859029036924718 -0.09071448233483219 0.0)
(8.4323550268068 -0.10442445669073845 0.0)
(8.914723987027271 -0.11627479692206538 0.0)
(9.308949872954855 -0.12612005768635912 0.0)
(9.614672935247693 -0.13385836265101794 0.0)
(9.831823930984587 -0.13942281239387125 0.0)
(9.960302663053639 -0.14277461871141553 0.0)
(10.000000000000004 -0.14389376961454764 0.0)
(9.950808448057497 -0.14277461871141517 0.0)
(9.812620513459859 -0.13942281239387083 0.0)
(9.585327064752326 -0.13385836265101617 0.0)
(9.268827904822933 -0.12612005768635853 0.0)
(8.863053790750516 -0.11627479692206476 0.0)
(8.367644973193228 -0.10442445669073826 0.0)
(7.78541540751973 -0.09071448233483288 0.0)
(7.110720947866445 -0.0750951377298031 0.0)
(6.321243084740936 -0.05763246379337281 0.0)
(5.4439692046879244 -0.040058292062081204 0.0)
(4.522112263946581 -0.024725798669339077 0.0)
(3.549734423996742 -0.012806413107407736 0.0)
(2.4916905281207513 -0.004917824040106704 0.0)
(1.3125889425278212 -0.0011046842059107109 0.0)
(0.011394628635343296 -7.359563293773707e-05 0.0)
(-0.01140789585367301 -7.367616312104569e-05 0.0)
(1.2651332392408188 -0.0011057506573711852 0.0)
(2.485904816871209 -0.004921685866667742 0.0)
(3.6497966954311036 -0.012814031260512787 0.0)
(4.721702781990332 -0.02473702102661023 0.0)
(5.667372930094784 -0.04007508332908715 0.0)
(6.48027854022161 -0.05765900061057687 0.0)
(7.201317841976946 -0.07512975381123074 0.0)
(7.858984263337753 -0.09075008186172885 0.0)
(8.432381267643281 -0.10445840901684576 0.0)
(8.91476796540255 -0.11630705604502725 0.0)
(9.308972147361176 -0.12615051104840816 0.0)
(9.614686914561046 -0.13388718580552997 0.0)
(9.83183190739556 -0.13945035346515042 0.0)
(9.960306170299221 -0.14280135201364616 0.0)
(10.000000000000004 -0.143920224210074 0.0)
(9.950804940811915 -0.1428013520136458 0.0)
(9.812612537048885 -0.13945035346515006 0.0)
(9.585313085438973 -0.13388718580552825 0.0)
(9.268805630416612 -0.12615051104840758 0.0)
(8.863009812375237 -0.11630705604502668 0.0)
(8.367618732356744 -0.10445840901684562 0.0)
(7.7854601811066955 -0.09075008186172957 0.0)
(7.109793269134148 -0.07512975381123115 0.0)
(6.319721459778382 -0.0576590006105763 0.0)
(5.443738181016281 -0.04007508332908661 0.0)
(4.522741662454033 -0.024737021026610212 0.0)
(3.550203304568855 -0.01281403126051306 0.0)
(2.4918729609065515 -0.004921685866668265 0.0)
(1.312644538536953 -0.0011057506573713069 0.0)
(0.01140789585365972 -7.367616312105615e-05 0.0)
(-0.011413505502648092 -7.374650230138764e-05 0.0)
(1.2651051375961346 -0.0011066414907002398 0.0)
(2.4857683540904314 -0.004924646021234877 0.0)
(3.6493458422851037 -0.012819029624953794 0.0)
(4.720943411041618 -0.024742868662622004 0.0)
(5.667285752742058 -0.04008328917237145 0.0)
(6.481616997935698 -0.05767479474502231 0.0)
(7.2023714223147755 -0.07515369776409606 0.0)
(7.85902356127474 -0.0907760460942917 0.0)
(8.432417064148087 -0.1044835088239431 0.0)
(8.914823174333847 -0.11633117003323992 0.0)
(9.309000887349129 -0.1261734779551528 0.0)
(9.614704990695708 -0.13390907114993558 0.0)
(9.831842118887502 -0.13947136686396003 0.0)
(9.960310736840748 -0.14282181089155802 0.0)
(10.000000000000004 -0.14394048954333555 0.0)
(9.950800374270388 -0.1428218108915577 0.0)
(9.812602325556943 -0.13947136686395967 0.0)
(9.58529500930431 -0.1339090711499338 0.0)
(9.268776890428661 -0.1261734779551522 0.0)
(8.86295460344394 -0.11633117003323935 0.0)
(8.367582935851939 -0.10448350882394296 0.0)
(7.785420883169707 -0.09077604609429245 0.0)
(7.108739688796315 -0.07515369776409646 0.0)
(6.318383002064291 -0.05767479474502174 0.0)
(5.443825358369008 -0.040083289172370896 0.0)
(4.5235010334027494 -0.02474286866262198 0.0)
(3.5506541577148556 -0.012819029624954065 0.0)
(2.4920094236873296 -0.004924646021235404 0.0)
(1.3126726401816369 -0.0011066414907003627 0.0)
(0.011413505502634778 -7.374650230139824e-05 0.0)
(-0.011411211104568423 -7.380355990385035e-05 0.0)
(1.2651057650507553 -0.0011073175643110098 0.0)
(2.485683857239611 -0.0049265744400313624 0.0)
(3.6489328262276386 -0.0128211885817412 0.0)
(4.720087433021897 -0.02474308464294601 0.0)
(5.666884204778354 -0.04008254904219289 0.0)
(6.482713479018007 -0.05767915223133677 0.0)
(7.203504611865568 -0.07516591753491397 0.0)
(7.859145204056223 -0.0907912342116421 0.0)
(8.432460843488284 -0.10449865327242534 0.0)
(8.914887188041721 -0.11634607936217659 0.0)
(9.30903483013622 -0.12618794928272756 0.0)
(9.614726369419394 -0.13392305708223953 0.0)
(9.831854116786142 -0.1394849292999993 0.0)
(9.96031616203274 -0.14283509641948425 0.0)
(10.000000000000004 -0.14395367519266306 0.0)
(9.950794949078396 -0.1428350964194839 0.0)
(9.812590327658304 -0.13948492929999895 0.0)
(9.585273630580625 -0.1339230570822378 0.0)
(9.26874294764157 -0.12618794928272697 0.0)
(8.862890589736066 -0.11634607936217602 0.0)
(8.367539156511743 -0.1044986532724252 0.0)
(7.785299240388223 -0.09079123421164285 0.0)
(7.10760649924552 -0.07516591753491435 0.0)
(6.31728652098198 -0.057679152231336156 0.0)
(5.444226906332714 -0.04008254904219231 0.0)
(4.524357011422473 -0.02474308464294596 0.0)
(3.5510671737723216 -0.012821188581741463 0.0)
(2.4920939205381494 -0.004926574440031889 0.0)
(1.3126720127270162 -0.0011073175643111332 0.0)
(0.01141121110455507 -7.380355990386103e-05 0.0)
(-0.011401113471088147 -7.384482892176552e-05 0.0)
(1.2651350940354729 -0.0011077491727658796 0.0)
(2.4856550389557914 -0.004927386391863222 0.0)
(3.6485757944286816 -0.012820413270263465 0.0)
(4.719172458039386 -0.024737659477801942 0.0)
(5.666185929486587 -0.04007289545851752 0.0)
(6.4835198060957335 -0.05767188160954337 0.0)
(7.204667620353572 -0.0751658762093102 0.0)
(7.859343846920924 -0.09079497887568962 0.0)
(8.432510682079755 -0.10450317694293225 0.0)
(8.91495719388096 -0.11635112894319963 0.0)
(9.30907248433848 -0.12619328918747327 0.0)
(9.614750111390093 -0.133928529086163 0.0)
(9.831867373925762 -0.1394904448646405 0.0)
(9.960322207502184 -0.14284062485563284 0.0)
(10.000000000000004 -0.14395920180474753 0.0)
(9.950788903608952 -0.14284062485563254 0.0)
(9.812577070518685 -0.13949044486464013 0.0)
(9.585249888609926 -0.1339285290861613 0.0)
(9.268705293439309 -0.1261932891874727 0.0)
(8.862820583896827 -0.11635112894319903 0.0)
(8.367489317920272 -0.10450317694293206 0.0)
(7.785100597523523 -0.09079497887569034 0.0)
(7.106443490757514 -0.07516587620931052 0.0)
(6.316480193904253 -0.05767188160954269 0.0)
(5.444925181624485 -0.04007289545851687 0.0)
(4.525271986404985 -0.024737659477801856 0.0)
(3.551424205571279 -0.012820413270263715 0.0)
(2.4921227388219687 -0.004927386391863745 0.0)
(1.3126426837422986 -0.001107749172766003 0.0)
(0.011401113471074732 -7.384482892177622e-05 0.0)
(-0.011383656273749284 -7.386849606998547e-05 0.0)
(1.265191835888354 -0.0011079173519789477 0.0)
(2.4856831654616416 -0.004927046201052387 0.0)
(3.6482904342123077 -0.012816737756288532 0.0)
(4.71823868842092 -0.024726831539021162 0.0)
(5.665221607805617 -0.040054752582151264 0.0)
(6.484000550632217 -0.05765330233746249 0.0)
(7.2058093473134885 -0.07515357560305616 0.0)
(7.859610761864771 -0.09078711555274664 0.0)
(8.432564390105968 -0.1044968810736575 0.0)
(8.915030115923058 -0.11634609690695683 0.0)
(9.30911219549915 -0.12618926304374453 0.0)
(9.614775173429049 -0.13392524673186443 0.0)
(9.8318813078119 -0.1394876712140636 0.0)
(9.960328607622214 -0.1428381532906335 0.0)
(10.000000000000004 -0.14395682655036468 0.0)
(9.950782503488922 -0.14283815329063315 0.0)
(9.812563136632548 -0.13948767121406325 0.0)
(9.58522482657097 -0.1339252467318626 0.0)
(9.26866558227864 -0.1261892630437439 0.0)
(8.86274766185473 -0.11634609690695617 0.0)
(8.36743560989406 -0.10449688107365727 0.0)
(7.7848336825796745 -0.09078711555274728 0.0)
(7.105301763797595 -0.07515357560305642 0.0)
(6.31599944936777 -0.057653302337461715 0.0)
(5.445889503305458 -0.04005475258215053 0.0)
(4.5262057560234545 -0.024726831539021027 0.0)
(3.5517095657876534 -0.012816737756288764 0.0)
(2.4920946123161185 -0.004927046201052904 0.0)
(1.312585941889417 -0.0011079173519790702 0.0)
(0.011383656273735793 -7.386849606999618e-05 0.0)
(-0.011359606549865868 -7.387352145731526e-05 0.0)
(1.2652734974761901 -0.0011078147124632671 0.0)
(2.4857670009299504 -0.004925568814960725 0.0)
(3.6480892837843726 -0.012810323535176296 0.0)
(4.717327152295249 -0.024711076586424557 0.0)
(5.66403361026593 -0.040028917577890226 0.0)
(6.4841345895920215 -0.05762423075431955 0.0)
(7.206879627351429 -0.07512955618228734 0.0)
(7.859934221133442 -0.09076798974283772 0.0)
(8.432619607734507 -0.10448004229357909 0.0)
(8.915102750106893 -0.11633120435191485 0.0)
(9.30915221878248 -0.12617604775293115 0.0)
(9.61480045435612 -0.1339133542399866 0.0)
(9.831895306215088 -0.1394767302174009 0.0)
(9.960335081183267 -0.14282779032053064 0.0)
(10.000000000000004 -0.1439466537938467 0.0)
(9.950776029927871 -0.14282779032053028 0.0)
(9.812549138229357 -0.13947673021740048 0.0)
(9.585199545643897 -0.13391335423998482 0.0)
(9.26862555899531 -0.12617604775293045 0.0)
(8.862675027670894 -0.11633120435191414 0.0)
(8.367380392265519 -0.10448004229357878 0.0)
(7.784510223311002 -0.09076798974283827 0.0)
(7.1042314837596505 -0.07512955618228749 0.0)
(6.315865410407967 -0.05762423075431866 0.0)
(5.447077500845149 -0.04002891757788939 0.0)
(4.527117292149127 -0.02471107658642436 0.0)
(3.5519107162155885 -0.0128103235351765 0.0)
(2.4920107768478093 -0.004925568814961234 0.0)
(1.3125042803015807 -0.0011078147124633884 0.0)
(0.01135960654985229 -7.387352145732592e-05 0.0)
(-0.011330021000307606 -7.385968427742934e-05 0.0)
(1.2653764907382068 -0.0011074457640113831 0.0)
(2.485902861783613 -0.004923019147230301 0.0)
(3.6479811813266854 -0.012801452436067942 0.0)
(4.716477900892128 -0.024691086863806336 0.0)
(5.66267413530604 -0.03999652558855781 0.0)
(6.48391603354847 -0.05758594421229289 0.0)
(7.207831434320551 -0.07509487331641002 0.0)
(7.860300012518423 -0.09073844179906058 0.0)
(8.432673908803793 -0.10445340046788797 0.0)
(8.915171905019308 -0.1163071056296971 0.0)
(9.309190795638617 -0.12615422397073475 0.0)
(9.61482484337362 -0.1338933741448661 0.0)
(9.831908754071105 -0.1394581026020296 0.0)
(9.960341343748908 -0.14280999127527208 0.0)
(10.000000000000004 -0.14392913050750444 0.0)
(9.950769767362228 -0.14280999127527172 0.0)
(9.812535690373341 -0.13945810260202912 0.0)
(9.585175156626397 -0.13389337414486427 0.0)
(9.268586982139173 -0.126154223970734 0.0)
(8.862605872758479 -0.11630710562969633 0.0)
(8.367326091196233 -0.1044534004678876 0.0)
(7.784144431926021 -0.09073844179906106 0.0)
(7.103279676790528 -0.07509487331641006 0.0)
(6.3160839664515205 -0.05758594421229188 0.0)
(5.448436975805042 -0.03999652558855688 0.0)
(4.5279665435522505 -0.02469108686380607 0.0)
(3.5520188186732757 -0.012801452436068115 0.0)
(2.491874915994146 -0.004923019147230799 0.0)
(1.3124012870395636 -0.0011074457640115022 0.0)
(0.01133002100029393 -7.385968427743989e-05 0.0)
(-0.011296199559996856 -7.382759251069744e-05 0.0)
(1.2654962903388922 -0.001106826717543299 0.0)
(2.48608477854527 -0.004919509225596706 0.0)
(3.647970876663469 -0.012790514238829076 0.0)
(4.715728248764548 -0.024667740683008182 0.0)
(5.6612029157685955 -0.03995899985890585 0.0)
(6.48335448545428 -0.05754012495199591 0.0)
(7.20862294756391 -0.07505105090710035 0.0)
(7.860692063815453 -0.0906997700040084 0.0)
(8.43272490742418 -0.10441812618966519 0.0)
(8.915234542119967 -0.11627485959407044 0.0)
(9.309226231071081 -0.1261247505942196 0.0)
(9.61484726887274 -0.1338661843353299 0.0)
(9.831921060505755 -0.1394326068312909 0.0)
(9.960347120153465 -0.14278553821234405 0.0)
(10.000000000000004 -0.14390502663248178 0.0)
(9.950763990957673 -0.1427855382123437 0.0)
(9.812523383938691 -0.13943260683129044 0.0)
(9.585152731127279 -0.133866184335328 0.0)
(9.268551546706707 -0.1261247505942188 0.0)
(8.86254323565782 -0.11627485959406957 0.0)
(8.367275092575845 -0.10441812618966471 0.0)
(7.783752380628989 -0.09069977000400874 0.0)
(7.102488163547168 -0.07505105090710025 0.0)
(6.316645514545713 -0.05754012495199476 0.0)
(5.449908195342491 -0.039958999858904796 0.0)
(4.528716195679832 -0.024667740683007852 0.0)
(3.5520291233364913 -0.012790514238829214 0.0)
(2.4916929992324883 -0.004919509225597193 0.0)
(1.3122814874388777 -0.001106826717543416 0.0)
(0.01129619955998308 -7.382759251070783e-05 0.0)
(-0.0112596282811463 -7.377865621063954e-05 0.0)
(1.2656276325029594 -0.0011059847728283096 0.0)
(2.486304758125222 -0.0049151932695953 0.0)
(3.6480588225627737 -0.012777989547835504 0.0)
(4.715111134255545 -0.02464206383250375 0.0)
(5.659684594348551 -0.039917989200843836 0.0)
(6.482474618705386 -0.0574887861879021 0.0)
(7.209219389437626 -0.07500001443085255 0.0)
(7.861093149007779 -0.09065367352560767 0.0)
(8.432770362809592 -0.1043757693461634 0.0)
(8.915287909249257 -0.11623588307684782 0.0)
(9.309256968111796 -0.12608892262962976 0.0)
(9.614866745518075 -0.13383297948186665 0.0)
(9.831931684796816 -0.13940136314270787 0.0)
(9.960352156592284 -0.142755505554596 0.0)
(10.000000000000004 -0.14387540124895049 0.0)
(9.950758954518852 -0.1427555055545956 0.0)
(9.812512759647632 -0.1394013631427074 0.0)
(9.585133254481944 -0.1338329794818647 0.0)
(9.268520809665992 -0.1260889226296289 0.0)
(8.862489868528531 -0.11623588307684689 0.0)
(8.367229637190434 -0.10437576934616281 0.0)
(7.783351295436662 -0.0906536735256079 0.0)
(7.101891721673451 -0.07500001443085232 0.0)
(6.31752538129461 -0.05748878618790079 0.0)
(5.45142651676254 -0.03991798920084267 0.0)
(4.529333310188836 -0.024642063832503336 0.0)
(3.5519411774371865 -0.012777989547835605 0.0)
(2.491473019652536 -0.0049151932695957745 0.0)
(1.3121501452748103 -0.0011059847728284234 0.0)
(0.011259628281132424 -7.377865621064975e-05 0.0)
(-0.011221914038843364 -7.371502554875378e-05 0.0)
(1.2657647462960027 -0.0011049569233768965 0.0)
(2.4865531350231658 -0.004910260914436966 0.0)
(3.6482411548426756 -0.012764428675096211 0.0)
(4.714653672247665 -0.024615184506129716 0.0)
(5.658185883311413 -0.03987529554766014 0.0)
(6.4813150930370655 -0.05743418365138411 0.0)
(7.209594553376928 -0.07494400633706438 0.0)
(7.861485645145815 -0.09060217775878822 0.0)
(8.432808277733548 -0.10432819101959635 0.0)
(8.91532966155315 -0.11619188863489055 0.0)
(9.309281656231425 -0.12604831429218386 0.0)
(9.614882417541457 -0.13379521854499102 0.0)
(9.831940160132373 -0.13936574432679819 0.0)
(9.960356231773464 -0.14272121288206616 0.0)
(10.000000000000004 -0.14384155604206483 0.0)
(9.950754879337673 -0.14272121288206574 0.0)
(9.812504284312073 -0.13936574432679766 0.0)
(9.585117582458562 -0.13379521854498902 0.0)
(9.268496121546363 -0.12604831429218288 0.0)
(8.862448116224638 -0.11619188863488951 0.0)
(8.367191722266478 -0.10432819101959566 0.0)
(7.782958799298626 -0.09060217775878833 0.0)
(7.101516557734149 -0.07494400633706401 0.0)
(6.318684906962935 -0.05743418365138267 0.0)
(5.452925227799681 -0.03987529554765886 0.0)
(4.529790772196716 -0.024615184506129234 0.0)
(3.5517588451572832 -0.012764428675096277 0.0)
(2.491224642754591 -0.004910260914437425 0.0)
(1.3120130314817666 -0.0011049569233770077 0.0)
(0.011221914038829387 -7.37150255487638e-05 0.0)
(-0.011184713927898582 -7.36394963399144e-05 0.0)
(1.2659016071887987 -0.0011037883310135578 0.0)
(2.4868189960125995 -0.004904928878783872 0.0)
(3.6485098621563643 -0.012750427460550448 0.0)
(4.714375962784632 -0.02458828373231262 0.0)
(5.656772633278339 -0.039832794780369836 0.0)
(6.479926855885891 -0.057378716478004035 0.0)
(7.209731955364667 -0.074885487518913 0.0)
(7.8618523066673065 -0.09054754533333524 0.0)
(8.432836986283656 -0.10427748171459138 0.0)
(8.915357964511799 -0.11614480930349261 0.0)
(9.309299210679157 -0.1260047098379384 0.0)
(9.614893596342853 -0.1337545606711876 0.0)
(9.831946114121688 -0.13932731540917007 0.0)
(9.960359166640993 -0.14268416695204886 0.0)
(10.000000000000004 -0.14380497810829723 0.0)
(9.950751944470143 -0.14268416695204839 0.0)
(9.812498330322757 -0.13932731540916948 0.0)
(9.585106403657164 -0.13375456067118555 0.0)
(9.268478567098633 -0.12600470983793743 0.0)
(8.862419813265989 -0.11614480930349148 0.0)
(8.36716301371637 -0.10427748171459057 0.0)
(7.782592137777134 -0.09054754533333521 0.0)
(7.101379155746411 -0.07488548751891246 0.0)
(6.320073144114115 -0.05737871647800247 0.0)
(5.454338477832758 -0.03983279478036846 0.0)
(4.5300684816597485 -0.024588283732312075 0.0)
(3.5514901378435937 -0.012750427460550476 0.0)
(2.490958781765157 -0.004904928878784317 0.0)
(1.3118761705889703 -0.0011037883310136656 0.0)
(0.011184713927884518 -7.363949633992419e-05 0.0)
(-0.011149662453131192 -7.3555387199381e-05 0.0)
(1.2660322017640977 -0.0011025303415488595 0.0)
(2.4870906596480262 -0.004899431442527931 0.0)
(3.648853137996062 -0.012736601091950852 0.0)
(4.714290207912197 -0.024562543481840424 0.0)
(5.655506939870315 -0.039792354304934684 0.0)
(6.478370903852576 -0.057324821793885886 0.0)
(7.209625558208869 -0.07482702918621076 0.0)
(7.8621770231357875 -0.09049217669807595 0.0)
(8.432855227058742 -0.10422586950524033 0.0)
(8.915371574544976 -0.11609671366234647 0.0)
(9.309308860144672 -0.12596002516684093 0.0)
(9.61489979074618 -0.13371279229304986 0.0)
(9.831949285157364 -0.13928776488616038 0.0)
(9.960360832242165 -0.14264599549493537 0.0)
(10.000000000000004 -0.14376727461514005 0.0)
(9.950750278868972 -0.14264599549493495 0.0)
(9.812495159287081 -0.1392877648861598 0.0)
(9.585100209253838 -0.13371279229304775 0.0)
(9.268468917633118 -0.12596002516683985 0.0)
(8.862406203232812 -0.11609671366234527 0.0)
(8.367144772941284 -0.10422586950523942 0.0)
(7.782267421308652 -0.09049217669807581 0.0)
(7.10148555290221 -0.0748270291862101 0.0)
(6.321629096147434 -0.05732482179388418 0.0)
(5.455604171240784 -0.039792354304933227 0.0)
(4.530154236532183 -0.024562543481839817 0.0)
(3.551146862003895 -0.012736601091950848 0.0)
(2.4906871181297294 -0.004899431442528364 0.0)
(1.3117455760136711 -0.0011025303415489638 0.0)
(0.011149662453117049 -7.355538719939056e-05 0.0)
(-0.011118299712217608 -7.346639372891532e-05 0.0)
(1.2661507919351769 -0.0011012382287384531 0.0)
(2.4873561895262997 -0.004894010152960956 0.0)
(3.6492558994493773 -0.012723557074639071 0.0)
(4.714400175542569 -0.0245390947342284 0.0)
(5.654444415340167 -0.039755751001861565 0.0)
(6.476715602622932 -0.05727486763285225 0.0)
(7.2092800368059144 -0.07477119989115014 0.0)
(7.862445527103685 -0.09043850464954957 0.0)
(8.43286219859252 -0.10417562213760019 0.0)
(8.915369893652723 -0.11604971494593558 0.0)
(9.30931018064811 -0.12591622364159108 0.0)
(9.614900728580688 -0.13367174863670003 0.0)
(9.831949533909896 -0.13924883053539458 0.0)
(9.960361155393509 -0.14260837569471865 0.0)
(10.000000000000004 -0.143730102185106 0.0)
(9.950749955717628 -0.14260837569471818 0.0)
(9.812494910534552 -0.139248830535394 0.0)
(9.58509927141933 -0.13367174863669787 0.0)
(9.26846759712968 -0.12591622364158994 0.0)
(8.862407884125062 -0.11604971494593429 0.0)
(8.367137801407505 -0.10417562213759919 0.0)
(7.781998917340753 -0.09043850464954932 0.0)
(7.101831074305167 -0.07477119989114937 0.0)
(6.323284397377082 -0.057274867632850446 0.0)
(5.4566666957709336 -0.03975575100186004 0.0)
(4.5300442689018094 -0.024539094734227752 0.0)
(3.550744100550578 -0.012723557074639036 0.0)
(2.4904215882514555 -0.004894010152961375 0.0)
(1.3116269858425915 -0.0011012382287385544 0.0)
(0.011118299712203402 -7.346639372892464e-05 0.0)
(-0.01109200372661706 -7.337642613880066e-05 0.0)
(1.266252167066874 -0.0010999687656553748 0.0)
(2.4876039187503416 -0.004888903211628549 0.0)
(3.6497004499148837 -0.012711868538872422 0.0)
(4.714701033899252 -0.02451896778454837 0.0)
(5.65363174507192 -0.03972459315332367 0.0)
(6.4750336831047015 -0.05723104888935039 0.0)
(7.208710572734134 -0.07472045267081928 0.0)
(7.862646020997865 -0.09038888743937813 0.0)
(8.432857594568553 -0.10412894738908014 0.0)
(8.915352995690375 -0.1160058781918773 0.0)
(9.309303114168964 -0.12587522982107577 0.0)
(9.614896368639645 -0.13363323308531097 0.0)
(9.831946849449547 -0.1392122230610169 0.0)
(9.960360121896349 -0.1425729604965967 0.0)
(10.000000000000004 -0.14369509410676579 0.0)
(9.95075098921479 -0.14257296049659623 0.0)
(9.812497594994898 -0.13921222306101627 0.0)
(9.585103631360374 -0.13363323308530875 0.0)
(9.268474663608826 -0.12587522982107457 0.0)
(8.862424782087412 -0.11600587819187595 0.0)
(8.367142405431474 -0.10412894738907906 0.0)
(7.781798423446574 -0.0903888874393778 0.0)
(7.1024005383769495 -0.07472045267081844 0.0)
(6.324966316895316 -0.05723104888934852 0.0)
(5.457479366039182 -0.03972459315332207 0.0)
(4.529743410545126 -0.02451896778454768 0.0)
(3.5502995500850703 -0.012711868538872366 0.0)
(2.4901738590274127 -0.004888903211628957 0.0)
(1.3115256107108941 -0.0010999687656554735 0.0)
(0.011092003726602816 -7.337642613880977e-05 0.0)
(-0.01107192989382969 -7.328943744035561e-05 0.0)
(1.2663318729213628 -0.0010987777301850778 0.0)
(2.4878229625512556 -0.0048843350081899705 0.0)
(3.650167256658409 -0.01270204905752892 0.0)
(4.715179563816456 -0.024503046974148044 0.0)
(5.653104636310418 -0.039700249778184045 0.0)
(6.4733990457645305 -0.05719529087880566 0.0)
(7.207942187203036 -0.07467701726524015 0.0)
(7.862769695483409 -0.09034550515700444 0.0)
(8.432841617279227 -0.10408789606274112 0.0)
(8.915321623123477 -0.1159671295069479 0.0)
(9.309287971195403 -0.1258388448987723 0.0)
(9.614886902490884 -0.1335989379417484 0.0)
(9.8319413497266 -0.13917955092848008 0.0)
(9.960357777160656 -0.14254130597958467 0.0)
(10.000000000000004 -0.14366378857103618 0.0)
(9.95075333395048 -0.1425413059795842 0.0)
(9.812503094717846 -0.1391795509284794 0.0)
(9.585113097509135 -0.13359893794174618 0.0)
(9.268489806582387 -0.12583884489877106 0.0)
(8.86245615465431 -0.1159671295069465 0.0)
(8.367158382720799 -0.10408789606273998 0.0)
(7.78167474896103 -0.09034550515700403 0.0)
(7.10316892390805 -0.07467701726523922 0.0)
(6.3266009542354915 -0.057195290878803734 0.0)
(5.458006474800684 -0.03970024977818242 0.0)
(4.529264880627919 -0.024503046974147333 0.0)
(3.549832743341544 -0.012702049057528851 0.0)
(2.4899548152264983 -0.00488433500819037 0.0)
(1.3114459048564056 -0.0010987777301851738 0.0)
(0.011071929893815426 -7.328943744036453e-05 0.0)
(-0.011058960221344142 -7.320924975784853e-05 0.0)
(1.2663864073692146 -0.0010977174542471891 0.0)
(2.488003696545159 -0.0048805062611470195 0.0)
(3.65063580904564 -0.01269453008065457 0.0)
(4.715814739565065 -0.024492031834310115 0.0)
(5.652886249250325 -0.0396837904798114 0.0)
(6.471883513576661 -0.05716916474278398 0.0)
(7.207008641667138 -0.07464280214667102 0.0)
(7.862811116529678 -0.09031026394055035 0.0)
(8.432814968737407 -0.10405427187876114 0.0)
(8.915277154405228 -0.11593517143747445 0.0)
(9.309265417081978 -0.1258086675616024 0.0)
(9.614872746059662 -0.13357037007187936 0.0)
(9.831933276388817 -0.1391522496915157 0.0)
(9.96035422420983 -0.14251480298524985 0.0)
(10.000000000000004 -0.14363756108588527 0.0)
(9.950756886901308 -0.14251480298524938 0.0)
(9.812511168055629 -0.13915224969151502 0.0)
(9.585127253940357 -0.13357037007187714 0.0)
(9.26851236069581 -0.12580866756160114 0.0)
(8.86250062337256 -0.11593517143747302 0.0)
(8.367185031262618 -0.10405427187875997 0.0)
(7.781633327914761 -0.09031026394054988 0.0)
(7.104102469443951 -0.07464280214667003 0.0)
(6.328116486423363 -0.05716916474278204 0.0)
(5.458224861860776 -0.03968379047980978 0.0)
(4.528629704879308 -0.024492031834309404 0.0)
(3.5493641909543117 -0.01269453008065449 0.0)
(2.4897740812325946 -0.004880506261147416 0.0)
(1.3113913704085536 -0.0010977174542472835 0.0)
(0.011058960221329874 -7.320924975785726e-05 0.0)
(-0.011053664572842079 -7.313938639134952e-05 0.0)
(1.2664133742665586 -0.0010968345244266996 0.0)
(2.488138179611003 -0.00487758519864027 0.0)
(3.651085519741876 -0.01268964197833765 0.0)
(4.716578652684707 -0.02448640635012744 0.0)
(5.652986179419535 -0.039675938449664806 0.0)
(6.470553676252842 -0.05715381841590571 0.0)
(7.205950954409412 -0.07461931066482702 0.0)
(7.862768464171677 -0.09028471222459487 0.0)
(8.43277881983127 -0.10402955222227063 0.0)
(8.915221543409753 -0.11591140816256398 0.0)
(9.309236442815175 -0.12578602374655343 0.0)
(9.61485452135367 -0.13354878469564244 0.0)
(9.831922984163889 -0.13913151891652983 0.0)
(9.960349619154027 -0.14249461600667743 0.0)
(10.000000000000004 -0.14361756403902876 0.0)
(9.95076149195711 -0.14249461600667696 0.0)
(9.812521460280557 -0.13913151891652914 0.0)
(9.585145478646348 -0.13354878469564016 0.0)
(9.268541334962615 -0.12578602374655218 0.0)
(8.862556234368034 -0.11591140816256253 0.0)
(8.367221180168757 -0.10402955222226944 0.0)
(7.781675980272762 -0.09028471222459437 0.0)
(7.105160156701681 -0.07461931066482604 0.0)
(6.329446323747185 -0.057153818415903765 0.0)
(5.4581249316915645 -0.03967593844966318 0.0)
(4.527865791759663 -0.024486406350126735 0.0)
(3.548914480258075 -0.01268964197833757 0.0)
(2.4896395981667507 -0.004877585198640663 0.0)
(1.3113644035112095 -0.0010968345244267927 0.0)
(0.011053664572827835 -7.313938639135811e-05 0.0)
(-0.01105627562943057 -7.308291700937115e-05 0.0)
(1.2664115887372605 -0.0010961677350446474 0.0)
(2.488220502808904 -0.004875700166812336 0.0)
(3.6514966292818456 -0.012687599524851432 0.0)
(4.717437738230445 -0.02448641769508347 0.0)
(5.653400036069228 -0.03967703869158399 0.0)
(6.469467964412211 -0.05714992618769857 0.0)
(7.204815598272978 -0.07460757499244394 0.0)
(7.8626436124759875 -0.09026997270479152 0.0)
(8.432734758877617 -0.1040148232297524 0.0)
(8.915157233582457 -0.11589688379704238 0.0)
(9.309202321471268 -0.12577190838143296 0.0)
(9.614833029133148 -0.13353513023498007 0.0)
(9.831910925273354 -0.13911826947584946 0.0)
(9.960344164330978 -0.14248163202277483 0.0)
(10.000000000000004 -0.14360467606412197 0.0)
(9.950766946780158 -0.14248163202277436 0.0)
(9.812533519171092 -0.13911826947584877 0.0)
(9.58516697086687 -0.1335351302349778 0.0)
(9.26857545630652 -0.1257719083814317 0.0)
(8.86262054419533 -0.11589688379704093 0.0)
(8.367265241122409 -0.10401482322975121 0.0)
(7.781800831968453 -0.09026997270479108 0.0)
(7.106295512838117 -0.07460757499244298 0.0)
(6.330532035587818 -0.05714992618769667 0.0)
(5.457711075041869 -0.03967703869158242 0.0)
(4.527006706213923 -0.024486417695082786 0.0)
(3.5485033707181044 -0.01268759952485136 0.0)
(2.4895572749688495 -0.004875700166812729 0.0)
(1.311366189040508 -0.0010961677350447396 0.0)
(0.011056275629416367 -7.308291700937966e-05 0.0)
)
