(
(-0.02036002283349129 -5.5476127942224546e-05 0.0)
(1.231221052808635 -0.0008823906184212563 0.0)
(2.419947367024421 -0.004216027824684319 0.0)
(3.556265360003139 -0.011746317459231116 0.0)
(4.607802892829874 -0.02395074440406493 0.0)
(5.544611429779748 -0.04014949689973119 0.0)
(6.3752845509229985 -0.05850189707568134 0.0)
(7.12479491884768 -0.07625264124162634 0.0)
(7.794390807794997 -0.09194246655808817 0.0)
(8.377591835307815 -0.10573746315926914 0.0)
(8.871135187949598 -0.11767625547558644 0.0)
(9.275088374051128 -0.12759685118105274 0.0)
(9.589919406240131 -0.1353950309906608 0.0)
(9.815611980607303 -0.14100283673010158 0.0)
(9.952290895560054 -0.14438073991520314 0.0)
(10.000000000000005 -0.14550865882646014 0.0)
(9.958820215551079 -0.14438073991520337 0.0)
(9.828832463837148 -0.14100283673010233 0.0)
(9.610080593759887 -0.13539503099066033 0.0)
(9.302689403726655 -0.12759685118105402 0.0)
(8.906642589828191 -0.1176762554755878 0.0)
(8.422408164692204 -0.10573746315927149 0.0)
(7.850053636649442 -0.09194246655809164 0.0)
(7.186316192263407 -0.07625264124162888 0.0)
(6.424715449077015 -0.058501897075682714 0.0)
(5.566499681331348 -0.04014949689973279 0.0)
(4.636641551614508 -0.023950744404066096 0.0)
(3.6437346399968153 -0.01174631745923176 0.0)
(2.557830410753337 -0.004216027824684908 0.0)
(1.3465567249691401 -0.0008823906184214399 0.0)
(0.02036002283347798 -5.5476127942241676e-05 0.0)
(-0.020331513976732614 -5.539279370948098e-05 0.0)
(1.2313291605208683 -0.0008811865183475549 0.0)
(2.4201927217563317 -0.00421101065045616 0.0)
(3.55664844771039 -0.01173434095574579 0.0)
(4.607936002399201 -0.023929355299351016 0.0)
(5.543658014097629 -0.040116150012360706 0.0)
(6.373733162682933 -0.0584561811614917 0.0)
(7.124436393510735 -0.07620126667805738 0.0)
(7.79463096571133 -0.09189294511325401 0.0)
(8.377596512416412 -0.10569106605042124 0.0)
(8.87113119938481 -0.11763282954207835 0.0)
(9.275088275872848 -0.12755635728467957 0.0)
(9.589919441165112 -0.13535707037097683 0.0)
(9.815611747118753 -0.1409668156453693 0.0)
(9.95229098207343 -0.1443459280753843 0.0)
(10.000000000000005 -0.14547425873543152 0.0)
(9.958820129037703 -0.14434592807538452 0.0)
(9.828832697325698 -0.14096681564537006 0.0)
(9.610080558834905 -0.1353570703709763 0.0)
(9.302689501904936 -0.1275563572846808 0.0)
(8.906646578392978 -0.11763282954207965 0.0)
(8.422403487583608 -0.1056910660504235 0.0)
(7.849813478733108 -0.0918929451132574 0.0)
(7.186674717600353 -0.0762012666780598 0.0)
(6.426266837317083 -0.058456181161492975 0.0)
(5.567453097013469 -0.04011615001236223 0.0)
(4.636508442045179 -0.023929355299352147 0.0)
(3.643351552289563 -0.011734340955746408 0.0)
(2.557585056021426 -0.0042110106504567365 0.0)
(1.3464486172569066 -0.0008811865183477357 0.0)
(0.020331513976719257 -5.5392793709497894e-05 0.0)
(-0.020307924415566482 -5.530917699884743e-05 0.0)
(1.231420470231621 -0.0008800124495321469 0.0)
(2.420419709533015 -0.004206322935968897 0.0)
(3.557067491228823 -0.011723712969085887 0.0)
(4.608245431611874 -0.02391121147008038 0.0)
(5.5429438022527195 -0.04008811031650141 0.0)
(6.372168635467338 -0.05841650570315907 0.0)
(7.1238725308418065 -0.07615499640595463 0.0)
(7.794806157179661 -0.09184755994560982 0.0)
(8.377590402342417 -0.10564833396387464 0.0)
(8.871113105842651 -0.11759266499244819 0.0)
(9.27508038796446 -0.1275187738138462 0.0)
(9.589914554854921 -0.1353217415443722 0.0)
(9.815608790784133 -0.14093322495254276 0.0)
(9.952289807783036 -0.14431342401896338 0.0)
(10.000000000000005 -0.14544212596515727 0.0)
(9.958821303328097 -0.14431342401896355 0.0)
(9.82883565366032 -0.14093322495254346 0.0)
(9.610085445145096 -0.13532174154437163 0.0)
(9.302697389813323 -0.12751877381384735 0.0)
(8.906664671935138 -0.11759266499244941 0.0)
(8.422409597657603 -0.10564833396387682 0.0)
(7.849638287264778 -0.09184755994561315 0.0)
(7.187238580269284 -0.076154996405957 0.0)
(6.427831364532683 -0.05841650570316028 0.0)
(5.568167308858379 -0.04008811031650291 0.0)
(4.636199012832505 -0.023911211470081475 0.0)
(3.6429325087711297 -0.011723712969086485 0.0)
(2.5573580682447425 -0.004206322935969464 0.0)
(1.346357307546154 -0.000880012449532325 0.0)
(0.02030792441555309 -5.530917699886414e-05 0.0)
(-0.020290290632154658 -5.522895177561669e-05 0.0)
(1.2314909699592487 -0.0008789199984108825 0.0)
(2.420618356926826 -0.0042021706508211685 0.0)
(3.5575040785528547 -0.011714900473541895 0.0)
(4.608717584714373 -0.023897110122917967 0.0)
(5.542500175406873 -0.04006660982509223 0.0)
(6.370659711739843 -0.05838461396773841 0.0)
(7.12312810593501 -0.07611586345642526 0.0)
(7.794908684607372 -0.09180830519639215 0.0)
(8.377573773551305 -0.10561114446933605 0.0)
(8.871081702320263 -0.11755752658352775 0.0)
(9.27506505690623 -0.1274857521175039 0.0)
(9.589904962005088 -0.13529059679485567 0.0)
(9.815603241499371 -0.14090354056521223 0.0)
(9.952287424285043 -0.14428465591471498 0.0)
(10.000000000000005 -0.145413672370778 0.0)
(9.958823686826088 -0.1442846559147152 0.0)
(9.82884120294508 -0.14090354056521287 0.0)
(9.61009503799493 -0.13529059679485508 0.0)
(9.302712720871554 -0.12748575211750507 0.0)
(8.906696075457527 -0.11755752658352892 0.0)
(8.422426226448716 -0.1056111444693382 0.0)
(7.849535759837066 -0.09180830519639539 0.0)
(7.187983005176084 -0.07611586345642755 0.0)
(6.429340288260181 -0.05838461396773958 0.0)
(5.568610935704226 -0.040066609825093684 0.0)
(4.6357268597300045 -0.023897110122919042 0.0)
(3.642495921447096 -0.011714900473542483 0.0)
(2.5571594208509314 -0.004202170650821728 0.0)
(1.346286807818526 -0.0008789199984110585 0.0)
(0.020290290632141245 -5.522895177563322e-05 0.0)
(-0.020279387422680144 -5.515564298932962e-05 0.0)
(1.2315375620746953 -0.0008779571652874477 0.0)
(2.4207799357346955 -0.004198736238825975 0.0)
(3.5579390268341826 -0.011708290674046015 0.0)
(4.609331716163153 -0.02388767084526041 0.0)
(5.542346625712101 -0.0400525932303916 0.0)
(6.369272690848536 -0.05836190721973981 0.0)
(7.122235827458861 -0.07608558725967987 0.0)
(7.794934043126862 -0.09177690564746697 0.0)
(8.377547356681735 -0.10558113160515924 0.0)
(8.871038368630966 -0.11752895823272105 0.0)
(9.275042956316812 -0.12745874310857863 0.0)
(9.589891084107883 -0.13526500456574325 0.0)
(9.81559534308989 -0.14087906676105102 0.0)
(9.952283936305994 -0.14426088778051013 0.0)
(10.000000000000005 -0.14539014815117635 0.0)
(9.958827174805139 -0.1442608877805103 0.0)
(9.82884910135456 -0.14087906676105166 0.0)
(9.610108915892134 -0.13526500456574267 0.0)
(9.302734821460973 -0.12745874310857974 0.0)
(8.906739409146821 -0.11752895823272222 0.0)
(8.422452643318284 -0.10558113160516136 0.0)
(7.849510401317577 -0.0917769056474702 0.0)
(7.1888752836522345 -0.0760855872596821 0.0)
(6.43072730915149 -0.05836190721974096 0.0)
(5.5687644853989955 -0.04005259323039307 0.0)
(4.635112728281222 -0.023887670845261486 0.0)
(3.6420609731657674 -0.011708290674046596 0.0)
(2.556997842043061 -0.0041987362388265295 0.0)
(1.3462402157030793 -0.0008779571652876222 0.0)
(0.020279387422666738 -5.515564298934601e-05 0.0)
(-0.020275693854220407 -5.509247169394105e-05 0.0)
(1.2315581994056461 -0.0008771662552878327 0.0)
(2.4208973464794066 -0.0041961706017633075 0.0)
(3.55835322524104 -0.011704173993095804 0.0)
(4.610060842145877 -0.023883308381699317 0.0)
(5.542489899861083 -0.040046676395928064 0.0)
(6.368068515953899 -0.0583493831521295 0.0)
(7.121234900497227 -0.07606549809641469 0.0)
(7.794881118531174 -0.09175474093757031 0.0)
(8.377512312442628 -0.10555961408168914 0.0)
(8.870985008777795 -0.11750821518109827 0.0)
(9.275015057255667 -0.12743893351351088 0.0)
(9.589873530932724 -0.13524608933276255 0.0)
(9.815585442597355 -0.1408608788742404 0.0)
(9.952279497101305 -0.14424316394468314 0.0)
(10.000000000000005 -0.14537258691752525 0.0)
(9.958831614009828 -0.1442431639446833 0.0)
(9.828859001847096 -0.14086087887424104 0.0)
(9.610126469067295 -0.13524608933276197 0.0)
(9.302762720522118 -0.12743893351351204 0.0)
(8.906792768999994 -0.11750821518109941 0.0)
(8.42248768755739 -0.10555961408169126 0.0)
(7.849563325913265 -0.0917547409375735 0.0)
(7.189876210613871 -0.07606549809641693 0.0)
(6.431931484046129 -0.05834938315213065 0.0)
(5.568621211250012 -0.04004667639592955 0.0)
(4.634383602298496 -0.0238833083817004 0.0)
(3.641646774758909 -0.011704173993096385 0.0)
(2.55688043129835 -0.00419617060176386 0.0)
(1.3462195783721287 -0.0008771662552880059 0.0)
(0.020275693854207022 -5.509247169395731e-05 0.0)
(-0.020279372215416362 -5.504221352060172e-05 0.0)
(1.2315519751855337 -0.0008765820195504917 0.0)
(2.420965430347633 -0.004194586469031998 0.0)
(3.558728474653184 -0.011702731310120963 0.0)
(4.610872926200763 -0.023884214410902653 0.0)
(5.542923702649825 -0.040049119296583384 0.0)
(6.367100096297827 -0.058347592049526144 0.0)
(7.120169303949656 -0.07605647864771153 0.0)
(7.794752236230221 -0.09174278494350581 0.0)
(8.37747018061374 -0.10554753733954188 0.0)
(8.870923967295075 -0.11749620884039932 0.0)
(9.274982585556506 -0.12742719372966738 0.0)
(9.589853073734012 -0.1352346821966463 0.0)
(9.815573975031294 -0.14084977604725304 0.0)
(9.952274301721511 -0.1442322631601554 0.0)
(10.000000000000005 -0.14536176027830394 0.0)
(9.958836809389622 -0.1442322631601556 0.0)
(9.828870469413157 -0.14084977604725368 0.0)
(9.610146926266006 -0.13523468219664572 0.0)
(9.302795192221279 -0.1274271937296685 0.0)
(8.906853810482714 -0.11749620884040049 0.0)
(8.42252981938628 -0.10554753733954397 0.0)
(7.849692208214219 -0.091742784943509 0.0)
(7.190941807161445 -0.0760564786477138 0.0)
(6.432899903702203 -0.05834759204952735 0.0)
(5.568187408461268 -0.04004911929658491 0.0)
(4.633571518243608 -0.02388421441090377 0.0)
(3.641271525346764 -0.011702731310121551 0.0)
(2.5568123474301236 -0.004194586469032551 0.0)
(1.3462258025922411 -0.0008765820195506642 0.0)
(0.020279372215403026 -5.5042213520617913e-05 0.0)
(-0.020290260885806446 -5.500707672150344e-05 0.0)
(1.2315191628952031 -0.0008762301283248941 0.0)
(2.420981195858761 -0.004194053444526172 0.0)
(3.559048287297945 -0.011704026013972092 0.0)
(4.611732286840104 -0.023890349123604764 0.0)
(5.543628973577408 -0.04005981459577195 0.0)
(6.366409982468333 -0.05835661260970142 0.0)
(7.1190858581789955 -0.07605892521164578 0.0)
(7.794553059076522 -0.09174156298977974 0.0)
(8.37742281239055 -0.10554543200867357 0.0)
(8.870857926233889 -0.1174934667472696 0.0)
(9.274946967966384 -0.12742403958167275 0.0)
(9.589830611363633 -0.1352312843660866 0.0)
(9.815561444255579 -0.1408462461179947 0.0)
(9.952268578442094 -0.14422866438745666 0.0)
(10.000000000000005 -0.1453581439362331 0.0)
(9.958842532669038 -0.14422866438745688 0.0)
(9.828883000188872 -0.14084624611799534 0.0)
(9.610169388636384 -0.13523128436608603 0.0)
(9.302830809811399 -0.12742403958167392 0.0)
(8.9069198515439 -0.11749346674727079 0.0)
(8.422577187609468 -0.10554543200867572 0.0)
(7.8498913853679175 -0.09174156298978299 0.0)
(7.192025252932108 -0.0760589252116481 0.0)
(6.433590017531697 -0.058356612609702686 0.0)
(5.567482137533682 -0.040059814595773534 0.0)
(4.632712157604265 -0.023890349123605915 0.0)
(3.640951712702003 -0.011704026013972694 0.0)
(2.556796581918996 -0.004194053444526728 0.0)
(1.346258614882572 -0.0008762301283250668 0.0)
(0.020290260885793165 -5.500707672151961e-05 0.0)
(-0.020307881437133968 -5.498860514331763e-05 0.0)
(1.231461204246663 -0.0008761260430677261 0.0)
(2.4209439503050736 -0.004194594948367473 0.0)
(3.5592986111927924 -0.011708001217730564 0.0)
(4.612601165329563 -0.02390144297175266 0.0)
(5.544574724329532 -0.040078292361613886 0.0)
(6.366028496804558 -0.058376048485743855 0.0)
(7.1180321678103 -0.07607273029067405 0.0)
(7.794292338549828 -0.09175112876680337 0.0)
(8.377372289046134 -0.105553390593471 0.0)
(8.870789787317642 -0.11750010938426467 0.0)
(9.274909769457052 -0.12742960965701966 0.0)
(9.58980713077705 -0.13523604513554222 0.0)
(9.815548400849572 -0.1408504441850992 0.0)
(9.952262578733482 -0.14423252575007559 0.0)
(10.000000000000005 -0.14536189678676736 0.0)
(9.958848532377651 -0.14423252575007575 0.0)
(9.82889604359488 -0.14085044418509984 0.0)
(9.610192869222967 -0.13523604513554163 0.0)
(9.302868008320733 -0.12742960965702083 0.0)
(8.906987990460147 -0.11750010938426589 0.0)
(8.422627710953886 -0.10555339059347321 0.0)
(7.850152105894613 -0.0917511287668067 0.0)
(7.193078943300806 -0.07607273029067645 0.0)
(6.433971503195472 -0.058376048485745215 0.0)
(5.5665363867815545 -0.04007829236161555 0.0)
(4.631843279114803 -0.02390144297175386 0.0)
(3.6407013888071553 -0.011708001217731186 0.0)
(2.556833827472684 -0.004194594948368036 0.0)
(1.3463165735311122 -0.0008761260430678997 0.0)
(0.020307881437120756 -5.498860514333381e-05 0.0)
(-0.020331459654609488 -5.498761039339697e-05 0.0)
(1.2313806458368979 -0.000876274337094769 0.0)
(2.420855330188061 -0.004196187187867771 0.0)
(3.559468447563741 -0.01171448225821566 0.0)
(4.613441384737883 -0.023917008511954337 0.0)
(5.545719400348351 -0.04010374071488224 0.0)
(6.365972401088659 -0.058405045700817095 0.0)
(7.117054530070698 -0.07609728731487947 0.0)
(7.793981530233106 -0.09177106197183439 0.0)
(8.377320830483809 -0.105571063408278 0.0)
(8.870722544445659 -0.11751584488606731 0.0)
(9.274872624462954 -0.1274436592167874 0.0)
(9.589783663668278 -0.13524875532551273 0.0)
(9.81553541791667 -0.14086218579317808 0.0)
(9.952256566211894 -0.14424367758680276 0.0)
(10.000000000000005 -0.14537285393651989 0.0)
(9.95885454489924 -0.14424367758680298 0.0)
(9.82890902652778 -0.14086218579317877 0.0)
(9.610216336331739 -0.1352487553255122 0.0)
(9.30290515331483 -0.12744365921678863 0.0)
(8.90705523333213 -0.11751584488606859 0.0)
(8.42267916951621 -0.10557106340828029 0.0)
(7.850462914211335 -0.09177106197183778 0.0)
(7.19405658104041 -0.07609728731488198 0.0)
(6.434027598911369 -0.05840504570081855 0.0)
(5.565391710762732 -0.04010374071488399 0.0)
(4.631003059706482 -0.023917008511955593 0.0)
(3.6405315524362067 -0.011714482258216311 0.0)
(2.556922447589697 -0.004196187187868341 0.0)
(1.3463971319408776 -0.0008762743370949439 0.0)
(0.02033145965459636 -5.498761039341322e-05 0.0)
(-0.02035995955449226 -5.5004136179233136e-05 0.0)
(1.2312810272550554 -0.0008766684946377706 0.0)
(2.420719229313539 -0.00419876020293634 0.0)
(3.559550334111359 -0.0117231843703652 0.0)
(4.614216027361399 -0.023936361822849687 0.0)
(5.547012706663723 -0.040135041501490824 0.0)
(6.36624416006377 -0.05844233017033971 0.0)
(7.1161959005739295 -0.07613151729354434 0.0)
(7.793634290475186 -0.09180048677631046 0.0)
(8.377270697698668 -0.10559767394194346 0.0)
(8.87065915214672 -0.11753998186351564 0.0)
(9.27483716506718 -0.1274655709490229 0.0)
(9.589761241139147 -0.1352688564735035 0.0)
(9.815523065903195 -0.14088095503745304 0.0)
(9.95225080505653 -0.14426162990633415 0.0)
(10.000000000000005 -0.14539053394837614 0.0)
(9.958860306054603 -0.14426162990633437 0.0)
(9.828921378541258 -0.14088095503745374 0.0)
(9.61023875886087 -0.13526885647350304 0.0)
(9.302940612710605 -0.12746557094902417 0.0)
(8.90711862563107 -0.11753998186351697 0.0)
(8.422729302301352 -0.1055976739419458 0.0)
(7.850810153969257 -0.09180048677631396 0.0)
(7.19491521053718 -0.07613151729354693 0.0)
(6.433755839936255 -0.05844233017034129 0.0)
(5.564098404447357 -0.040135041501492684 0.0)
(4.6302284170829635 -0.023936361822851006 0.0)
(3.640449665888589 -0.011723184370365878 0.0)
(2.5570585484642194 -0.00419876020293692 0.0)
(1.3464967505227203 -0.0008766684946379474 0.0)
(0.020359959554479223 -5.500413617924948e-05 0.0)
(-0.020392128903320525 -5.503745638802955e-05 0.0)
(1.2311667255593748 -0.0008772911971353825 0.0)
(2.420541627704944 -0.0042022009399982655 0.0)
(3.55954067289055 -0.011733725199291391 0.0)
(4.614891056820404 -0.02395865255536385 0.0)
(5.548397817762186 -0.040170819422139244 0.0)
(6.366831833137693 -0.05848626368293088 0.0)
(7.115494005929265 -0.07617391622402803 0.0)
(7.793265876355773 -0.09183811030815407 0.0)
(8.377224093433572 -0.10563205297630067 0.0)
(8.870602395762464 -0.11757145978197789 0.0)
(9.274804949290704 -0.1274943820922979 0.0)
(9.589740848394566 -0.1352954653718459 0.0)
(9.815511887534019 -0.14090592723166798 0.0)
(9.952245548402017 -0.14428559391659243 0.0)
(10.000000000000005 -0.14541415999495977 0.0)
(9.958865562709116 -0.14428559391659265 0.0)
(9.828932556910434 -0.14090592723166873 0.0)
(9.610259151605451 -0.13529546537184547 0.0)
(9.30297282848708 -0.12749438209229924 0.0)
(8.907175382015325 -0.1175714597819793 0.0)
(8.422775906566448 -0.10563205297630313 0.0)
(7.851178568088671 -0.09183811030815768 0.0)
(7.195617105181845 -0.07617391622403076 0.0)
(6.43316816686233 -0.0584862636829326 0.0)
(5.562713293348889 -0.040170819422141214 0.0)
(4.629553387623958 -0.023958652555365237 0.0)
(3.640459327109398 -0.011733725199292104 0.0)
(2.5572361500728147 -0.004202200939998856 0.0)
(1.3466110522184014 -0.0008772911971355618 0.0)
(0.02039212890330759 -5.503745638804604e-05 0.0)
(-0.020426554238758936 -5.508610699076932e-05 0.0)
(1.2310427629572551 -0.0008781150841790618 0.0)
(2.420330328852046 -0.004206358219361697 0.0)
(3.559439888397683 -0.01174564160025512 0.0)
(4.615436813555398 -0.023982901295489897 0.0)
(5.549813874396066 -0.04020950246044807 0.0)
(6.367709599030677 -0.05853491588042147 0.0)
(7.114979686103311 -0.07622262117489176 0.0)
(7.792892475317279 -0.09188227945820636 0.0)
(8.37718306539467 -0.1056726899594747 0.0)
(8.870554769064585 -0.1176088955593041 0.0)
(9.27477739263581 -0.12752882673768556 0.0)
(9.589723381454423 -0.13532741287422628 0.0)
(9.815502373966233 -0.14093600514329443 0.0)
(9.952241027216136 -0.14431451668280768 0.0)
(10.000000000000005 -0.14544269399100657 0.0)
(9.958870083894997 -0.14431451668280795 0.0)
(9.828942070478218 -0.14093600514329524 0.0)
(9.610276618545594 -0.13532741287422587 0.0)
(9.303000385141974 -0.12752882673768695 0.0)
(8.907223008713204 -0.11760889555930559 0.0)
(8.42281693460535 -0.10567268995947723 0.0)
(7.851551969127166 -0.09188227945821008 0.0)
(7.1961314250078 -0.07622262117489463 0.0)
(6.432290400969343 -0.05853491588042332 0.0)
(5.5612972367150055 -0.04020950246045014 0.0)
(4.629007630888963 -0.023982901295491355 0.0)
(3.640560111602266 -0.01174564160025587 0.0)
(2.5574474489257137 -0.004206358219362301 0.0)
(1.3467350148205215 -0.0008781150841792438 0.0)
(0.020426554238746092 -5.508610699078599e-05 0.0)
(-0.0204617229745477 -5.51479503689718e-05 0.0)
(1.2309145861386503 -0.0008791039556793677 0.0)
(2.4200946168398794 -0.0042110493777769336 0.0)
(3.559252408918994 -0.011758409988398484 0.0)
(4.615829318013882 -0.02400804259794851 0.0)
(5.551198657627471 -0.04024939095448261 0.0)
(6.368838890315212 -0.0585861490742604 0.0)
(7.114675539368298 -0.07627549213969775 0.0)
(7.7925304939182185 -0.09193105351481916 0.0)
(8.377149416278932 -0.10571779937676808 0.0)
(8.870518364683056 -0.11765064433592534 0.0)
(9.274755705891502 -0.12756739145048218 0.0)
(9.589709607784114 -0.13536329526583635 0.0)
(9.815494943208604 -0.14096986720392155 0.0)
(9.952237440151526 -0.14434712739154518 0.0)
(10.000000000000005 -0.14547488220493165 0.0)
(9.958873670959607 -0.14434712739154545 0.0)
(9.828949501235847 -0.1409698672039224 0.0)
(9.610290392215903 -0.13536329526583604 0.0)
(9.303022071886282 -0.12756739145048362 0.0)
(8.907259413094733 -0.11765064433592692 0.0)
(8.422850583721088 -0.10571779937677073 0.0)
(7.851913950526227 -0.09193105351482299 0.0)
(7.196435571742813 -0.07627549213970079 0.0)
(6.431161109684805 -0.05858614907426237 0.0)
(5.559912453483598 -0.04024939095448477 0.0)
(4.628615126430479 -0.02400804259795003 0.0)
(3.640747591080956 -0.011758409988399266 0.0)
(2.5576831609378807 -0.00421104937777755 0.0)
(1.3468631916391265 -0.0008791039556795525 0.0)
(0.020461722974534947 -5.514795036898866e-05 0.0)
(-0.020496089860775633 -5.522026923773804e-05 0.0)
(1.230787826958477 -0.0008802143624316661 0.0)
(2.419844848423037 -0.0042160682943254415 0.0)
(3.5589864719597926 -0.011771469344105561 0.0)
(4.616051324268015 -0.024032971799904358 0.0)
(5.552491322614602 -0.040288732276788926 0.0)
(6.370170087998234 -0.05863771217163886 0.0)
(7.114594929375341 -0.07633020606497717 0.0)
(7.792195836959039 -0.09198228943517452 0.0)
(8.377124624566946 -0.10576539920291032 0.0)
(8.8704947821598 -0.1176948717469741 0.0)
(9.274740841933648 -0.12760838176775957 0.0)
(9.589700132573512 -0.13540153594003385 0.0)
(9.815489921755027 -0.14100602557655426 0.0)
(9.952234944817242 -0.14438199318792258 0.0)
(10.000000000000005 -0.1455093103455019 0.0)
(9.95887616629389 -0.1443819931879229 0.0)
(9.828954522689424 -0.14100602557655512 0.0)
(9.610299867426505 -0.13540153594003354 0.0)
(9.303036935844137 -0.12760838176776113 0.0)
(8.907282995617988 -0.1176948717469758 0.0)
(8.422875375433074 -0.10576539920291306 0.0)
(7.852248607485406 -0.09198228943517849 0.0)
(7.196516181735769 -0.07633020606498032 0.0)
(6.429829912001777 -0.05863771217164097 0.0)
(5.558619788496464 -0.04028873227679119 0.0)
(4.628393120176346 -0.024032971799905947 0.0)
(3.6410135280401583 -0.011771469344106378 0.0)
(2.5579329293547235 -0.00421606829432607 0.0)
(1.3469899508193002 -0.000880214362431854 0.0)
(0.020496089860762963 -5.5220269237755114e-05 0.0)
(-0.020528144879334333 -5.529988603827808e-05 0.0)
(1.2306680549832127 -0.0008813975151946926 0.0)
(2.4195919979688165 -0.0042211944469959265 0.0)
(3.558653762303548 -0.011784245863178005 0.0)
(4.61609307776914 -0.0240565935578302 0.0)
(5.553635072022789 -0.04032579784163782 0.0)
(6.371644701688911 -0.058687339584390076 0.0)
(7.11474139798006 -0.07638435892094952 0.0)
(7.791903208654291 -0.09203373600666552 0.0)
(8.377109779561179 -0.10581339798862215 0.0)
(8.87048505766775 -0.1177396345209207 0.0)
(9.274733453857364 -0.12764999664996635 0.0)
(9.589695372146041 -0.13544045467155374 0.0)
(9.815487530238984 -0.14104289152844893 0.0)
(9.952233650853707 -0.14441758213263226 0.0)
(10.000000000000005 -0.14554446570320506 0.0)
(9.958877460257424 -0.1444175821326326 0.0)
(9.828956914205467 -0.1410428915284498 0.0)
(9.610304627853978 -0.1354404546715535 0.0)
(9.303044323920421 -0.12764999664996796 0.0)
(8.907292720110041 -0.11773963452092245 0.0)
(8.422890220438841 -0.10581339798862499 0.0)
(7.852541235790156 -0.0920337360066696 0.0)
(7.196369713131048 -0.07638435892095279 0.0)
(6.4283552983110965 -0.0586873395843923 0.0)
(5.557476039088275 -0.040325797841640164 0.0)
(4.628351366675222 -0.024056593557831837 0.0)
(3.6413462376964043 -0.01178424586317885 0.0)
(2.5581857798089453 -0.004221194446996569 0.0)
(1.3471097227945648 -0.0008813975151948837 0.0)
(0.02052814487932173 -5.529988603829539e-05 0.0)
(-0.020556479591351325 -5.538330255403103e-05 0.0)
(1.2305605327743339 -0.000882601428400557 0.0)
(2.4193471752635984 -0.0042262026020180804 0.0)
(3.55826889860388 -0.011796178168741752 0.0)
(4.615952743944803 -0.02407786997489756 0.0)
(5.554579651595467 -0.04035895905591933 0.0)
(6.373197939559403 -0.05873285077478855 0.0)
(7.11510850961992 -0.07643557133019319 0.0)
(7.791665466556335 -0.09208313276105969 0.0)
(8.377105533524029 -0.1058596867550707 0.0)
(8.870489618483292 -0.11778296586336906 0.0)
(9.274733866281206 -0.12769040761531053 0.0)
(9.58969553566617 -0.1354783414425329 0.0)
(9.815487873739317 -0.1410788452371237 0.0)
(9.952233615115313 -0.14445233051255177 0.0)
(10.000000000000005 -0.14557880361593867 0.0)
(9.95887749599582 -0.1444523305125521 0.0)
(9.828956570705135 -0.14107884523712455 0.0)
(9.610304464333847 -0.1354783414425327 0.0)
(9.303043911496578 -0.1276904076153122 0.0)
(8.907288159294499 -0.11778296586337089 0.0)
(8.422894466475991 -0.10585968675507362 0.0)
(7.852778977888112 -0.09208313276106385 0.0)
(7.196002601491187 -0.07643557133019659 0.0)
(6.426802060440601 -0.05873285077479085 0.0)
(5.556531459515596 -0.04035895905592173 0.0)
(4.62849170049956 -0.024077869974899233 0.0)
(3.641731101396073 -0.011796178168742625 0.0)
(2.5584306025141634 -0.0042262026020187336 0.0)
(1.3472172450034439 -0.0008826014284007507 0.0)
(0.020556479591338772 -5.538330255404854e-05 0.0)
(-0.02057984902141747 -5.546685361590088e-05 0.0)
(1.2304699846609923 -0.0008837732043054903 0.0)
(2.419121137369161 -0.004230872710222389 0.0)
(3.557848791067665 -0.011806741977119868 0.0)
(4.615636488806513 -0.024095866204264592 0.0)
(5.555283558234271 -0.040386758876544686 0.0)
(6.374761555179248 -0.058772246064388516 0.0)
(7.115680134081077 -0.07648159311313651 0.0)
(7.79149305661802 -0.09212830929533773 0.0)
(8.377112073018598 -0.10590223165854108 0.0)
(8.870508264212535 -0.11782296187440447 0.0)
(9.274742061084025 -0.1277278390799047 0.0)
(9.589700615949127 -0.13551353157756646 0.0)
(9.815490937163249 -0.14111230696239477 0.0)
(9.952234839172338 -0.14448471154743778 0.0)
(10.000000000000005 -0.14561081533863662 0.0)
(9.958876271938795 -0.1444847115474381 0.0)
(9.828953507281202 -0.14111230696239568 0.0)
(9.61029938405089 -0.13551353157756627 0.0)
(9.30303571669376 -0.12772783907990642 0.0)
(8.907269513565254 -0.11782296187440636 0.0)
(8.422887926981423 -0.1059022316585441 0.0)
(7.852951387826428 -0.09212830929534198 0.0)
(7.1954309770300275 -0.07648159311313997 0.0)
(6.425238444820752 -0.0587722460643909 0.0)
(5.555827552876792 -0.04038675887654713 0.0)
(4.628807955637852 -0.0240958662042663 0.0)
(3.642151208932289 -0.011806741977120758 0.0)
(2.5586566404086017 -0.004230872710223052 0.0)
(1.3473077931167854 -0.0008837732043056867 0.0)
(0.02057984902140496 -5.5466853615918605e-05 0.0)
(-0.020597226359528834 -5.554686814308144e-05 0.0)
(1.230400389161635 -0.0008848613572199331 0.0)
(2.41892381597706 -0.004234999575598077 0.0)
(3.5574118984514786 -0.011815473133898158 0.0)
(4.615158208026473 -0.024109791524536087 0.0)
(5.555715863569252 -0.04040797583025391 0.0)
(6.376266846138665 -0.058803794496236635 0.0)
(7.116431155230466 -0.0765204021568314 0.0)
(7.791393554216618 -0.09216728063523162 0.0)
(8.377129110711458 -0.10593916335380855 0.0)
(8.870540175596252 -0.11785786520247268 0.0)
(9.274757678201176 -0.12776064637367351 0.0)
(9.589710389776572 -0.13554447888649945 0.0)
(9.815496585909536 -0.14114180645727029 0.0)
(9.952237269241955 -0.14451330247385694 0.0)
(10.000000000000005 -0.1456390943347673 0.0)
(9.958873841869176 -0.14451330247385727 0.0)
(9.828947858534915 -0.14114180645727126 0.0)
(9.610289610223445 -0.13554447888649931 0.0)
(9.303020099576608 -0.1277606463736753 0.0)
(8.907237602181539 -0.1178578652024746 0.0)
(8.42287088928856 -0.1059391633538116 0.0)
(7.853050890227829 -0.09216728063523592 0.0)
(7.194679955880636 -0.07652040215683494 0.0)
(6.423733153861332 -0.05880379449623905 0.0)
(5.55539524754181 -0.0404079758302564 0.0)
(4.629286236417894 -0.024109791524537807 0.0)
(3.6425881015484762 -0.011815473133899062 0.0)
(2.558853961800703 -0.004234999575598747 0.0)
(1.3473773886161426 -0.0008848613572201319 0.0)
(0.02059722635951633 -5.554686814309933e-05 0.0)
(-0.020607848077239733 -5.5619830443630824e-05 0.0)
(1.2303548041751828 -0.0008858180756955447 0.0)
(2.4187638810282754 -0.004238401871230425 0.0)
(3.556977417017604 -0.011821988008020987 0.0)
(4.614538916387168 -0.024119034082614968 0.0)
(5.555857572894873 -0.04042167768291637 0.0)
(6.377647672706749 -0.05882610988995369 0.0)
(7.117328574572737 -0.07655029326289706 0.0)
(7.791371331305614 -0.09219833445136248 0.0)
(8.377155897997557 -0.10596885912974767 0.0)
(8.870583950506617 -0.1178861422591922 0.0)
(9.274780031445102 -0.12778738800414802 0.0)
(9.58972442770441 -0.13556982360119396 0.0)
(9.8155045717826 -0.1411660475679132 0.0)
(9.952240798551355 -0.1445368470588079 0.0)
(10.000000000000005 -0.14566239807697573 0.0)
(9.958870312559778 -0.14453684705880823 0.0)
(9.828939872661852 -0.14116604756791418 0.0)
(9.610275572295608 -0.13556982360119382 0.0)
(9.302997746332682 -0.1277873880041498 0.0)
(8.907193827271172 -0.11788614225919414 0.0)
(8.422844102002463 -0.10596885912975076 0.0)
(7.853073113138833 -0.09219833445136681 0.0)
(7.193782536538363 -0.0765502932629006 0.0)
(6.422352327293245 -0.05882610988995613 0.0)
(5.55525353821619 -0.040421677682918856 0.0)
(4.629905528057201 -0.02411903408261669 0.0)
(3.6430225829823524 -0.011821988008021894 0.0)
(2.5590138967494878 -0.004238401871231099 0.0)
(1.347422973602595 -0.0008858180756957449 0.0)
(0.02060784807722723 -5.5619830443648876e-05 0.0)
(-0.020611247475705842 -5.568253468754366e-05 0.0)
(1.2303352326225445 -0.0008866013232727732 0.0)
(2.4186483597718644 -0.004240930106473668 0.0)
(3.5565644370853837 -0.011826000347838017 0.0)
(4.613805824430267 -0.024123187777408024 0.0)
(5.555702459762616 -0.040427262400192905 0.0)
(6.378843363890248 -0.05883821174796463 0.0)
(7.118332961143771 -0.07656995307081718 0.0)
(7.791427364319062 -0.09222010629586082 0.0)
(8.377191257892548 -0.10599001420829056 0.0)
(8.870637665554156 -0.11790655060242217 0.0)
(9.274808138655162 -0.12780688899300763 0.0)
(9.589742112931768 -0.13558845212125314 0.0)
(9.81551454389779 -0.14118396518426976 0.0)
(9.952245272029135 -0.14455431079630157 0.0)
(10.000000000000005 -0.1456797026414623 0.0)
(9.958865839081998 -0.14455431079630196 0.0)
(9.828929900546662 -0.14118396518427073 0.0)
(9.610257887068249 -0.135588452121253 0.0)
(9.302969639122622 -0.12780688899300935 0.0)
(8.907140112223633 -0.11790655060242414 0.0)
(8.42280874210747 -0.10599001420829365 0.0)
(7.853017080125385 -0.09222010629586518 0.0)
(7.192778149967325 -0.07656995307082075 0.0)
(6.421156636109743 -0.05883821174796706 0.0)
(5.555408651348449 -0.04042726240019536 0.0)
(4.630638620014103 -0.024123187777409738 0.0)
(3.643435562914574 -0.011826000347838924 0.0)
(2.5591294180058988 -0.004240930106474345 0.0)
(1.3474425451552332 -0.0008866013232729746 0.0)
(0.020611247475693317 -5.568253468756182e-05 0.0)
(-0.02060727519157758 -5.5732225765056567e-05 0.0)
(1.2303425344419383 -0.0008871766854859865 0.0)
(2.418582328000493 -0.004242473195296497 0.0)
(3.556191104237514 -0.01182733385847806 0.0)
(4.612991142875204 -0.024122070103165034 0.0)
(5.5552573395597395 -0.040424484599823306 0.0)
(6.379801383206017 -0.058839568336768185 0.0)
(7.119400184035113 -0.07657851776459837 0.0)
(7.791559191268859 -0.0922316395537099 0.0)
(8.377233636747334 -0.10600169907398817 0.0)
(8.870698960597949 -0.11791819352689709 0.0)
(9.274840764851962 -0.12781829250247784 0.0)
(9.589762668402114 -0.13559954594358548 0.0)
(9.815526064098606 -0.1411947720390566 0.0)
(9.952250493118868 -0.1445649263616615 0.0)
(10.000000000000005 -0.1456902476973212 0.0)
(9.958860617992265 -0.14456492636166188 0.0)
(9.828918380345845 -0.14119477203905756 0.0)
(9.610237331597903 -0.13559954594358534 0.0)
(9.302937012925822 -0.12781829250247956 0.0)
(8.90707881717984 -0.11791819352689903 0.0)
(8.422766363252684 -0.10600169907399126 0.0)
(7.852885253175587 -0.09223163955371426 0.0)
(7.191710927075981 -0.07657851776460191 0.0)
(6.420198616793974 -0.05883956833677056 0.0)
(5.555853771551328 -0.040424484599825734 0.0)
(4.631453301569169 -0.02412207010316672 0.0)
(3.6438088957624437 -0.01182733385847896 0.0)
(2.55919544977727 -0.004242473195297174 0.0)
(1.3474352433358394 -0.0008871766854861883 0.0)
(0.020607275191565015 -5.573222576507481e-05 0.0)
(-0.020596105759752466 -5.576672034113091e-05 0.0)
(1.230376388804778 -0.0008875188819721311 0.0)
(2.4185686870293943 -0.0042429633371990376 0.0)
(3.5558738220363377 -0.011825929947923185 0.0)
(4.6121306673390885 -0.024115730168447494 0.0)
(5.5545417700536355 -0.04041346633327401 0.0)
(6.380479637037966 -0.05883012005033412 0.0)
(7.120483351425344 -0.07657561102726454 0.0)
(7.791761019920004 -0.09223242747465933 0.0)
(8.377281172512568 -0.10600340031521861 0.0)
(8.870765142445906 -0.11792055946381563 0.0)
(9.274876476500108 -0.12782109748321469 0.0)
(9.589785190945687 -0.13560261762593323 0.0)
(9.815538626208502 -0.14119799329884494 0.0)
(9.95225623241542 -0.14456822732636634 0.0)
(10.000000000000005 -0.14569356991408966 0.0)
(9.958854878695712 -0.14456822732636673 0.0)
(9.828905818235949 -0.14119799329884586 0.0)
(9.61021480905433 -0.1356026176259331 0.0)
(9.302901301277677 -0.1278210974832164 0.0)
(8.907012635331883 -0.11792055946381758 0.0)
(8.42271882748745 -0.10600340031522165 0.0)
(7.852683424524442 -0.09223242747466363 0.0)
(7.190627759685747 -0.07657561102726802 0.0)
(6.419520362962025 -0.058830120050336436 0.0)
(5.556569341057435 -0.04041346633327637 0.0)
(4.632313777105287 -0.024115730168449145 0.0)
(3.6441261779636207 -0.011825929947924068 0.0)
(2.5592090907483684 -0.0042429633371997115 0.0)
(1.3474013889729994 -0.0008875188819723328 0.0)
(0.02059610575973983 -5.5766720341149164e-05 0.0)
(-0.02057822994463098 -5.578450278720001e-05 0.0)
(1.2304353082122954 -0.000887612877243637 0.0)
(2.4186080362178823 -0.00424237899624278 0.0)
(3.5556265312813227 -0.011821850301434783 0.0)
(4.611262205542784 -0.024104446538388315 0.0)
(5.553587192059303 -0.040394691723019814 0.0)
(6.380848324153549 -0.058810282029083207 0.0)
(7.121534870920938 -0.07656136057553642 0.0)
(7.7920239822907975 -0.09222243543890403 0.0)
(8.377331776553687 -0.10599504318255452 0.0)
(8.870833303188705 -0.11791354445823801 0.0)
(9.274913704495107 -0.12781518068949616 0.0)
(9.589808690963125 -0.13559753220419363 0.0)
(9.81555167827135 -0.14119348742737278 0.0)
(9.952262237744604 -0.14456406865206597 0.0)
(10.000000000000005 -0.1456895233196407 0.0)
(9.958848873366529 -0.1445640686520663 0.0)
(9.828892766173102 -0.14119348742737375 0.0)
(9.610191309036892 -0.13559753220419343 0.0)
(9.302864073282677 -0.12781518068949788 0.0)
(8.906944474589082 -0.1179135444582399 0.0)
(8.422668223446333 -0.10599504318255751 0.0)
(7.852420462153646 -0.09222243543890825 0.0)
(7.189576240190151 -0.07656136057553979 0.0)
(6.419151675846442 -0.05881028202908543 0.0)
(5.557523919051771 -0.04039469172302209 0.0)
(4.633182238901594 -0.024104446538389918 0.0)
(3.6443734687186358 -0.011821850301435646 0.0)
(2.55916974155988 -0.004242378996243447 0.0)
(1.3473424695654819 -0.0008876128772438379 0.0)
(0.020578229944618276 -5.578450278721825e-05 0.0)
(-0.02055443317682669 -5.5784791775115666e-05 0.0)
(1.2305167038535143 -0.0008874545413202332 0.0)
(2.4186986466346023 -0.004240745847300322 0.0)
(3.555460097475839 -0.011815274171216058 0.0)
(4.610423916108811 -0.024088714995049477 0.0)
(5.552435547987462 -0.040368985691088134 0.0)
(6.380891245115403 -0.058780925919376566 0.0)
(7.122508540678958 -0.07653639254819244 0.0)
(7.792336524295746 -0.09220210247821516 0.0)
(8.377383225421703 -0.10597699487311625 0.0)
(8.870900447968006 -0.11789745673667568 0.0)
(9.27495081310697 -0.1278008020944138 0.0)
(9.589832135906653 -0.13558451312249425 0.0)
(9.815564646803386 -0.14118145240438942 0.0)
(9.95226824524324 -0.14455263306330104 0.0)
(10.000000000000005 -0.14567828571393138 0.0)
(9.958842865867894 -0.14455263306330138 0.0)
(9.828879797641067 -0.14118145240439034 0.0)
(9.610167864093365 -0.13558451312249406 0.0)
(9.302826964670814 -0.12780080209441547 0.0)
(8.906877329809783 -0.11789745673667748 0.0)
(8.422616774578318 -0.10597699487311918 0.0)
(7.852107920148698 -0.09220210247821932 0.0)
(7.1886025704321295 -0.07653639254819576 0.0)
(6.41910875488459 -0.058780925919378675 0.0)
(5.558675563123615 -0.04036898569109031 0.0)
(4.634020528335568 -0.024088714995051018 0.0)
(3.64453990252412 -0.011815274171216895 0.0)
(2.55907913114316 -0.00424074584730098 0.0)
(1.3472610739242628 -0.0008874545413204328 0.0)
(0.0205544331768139 -5.578479177513384e-05 0.0)
(-0.020525761042781955 -5.5767574607277554e-05 0.0)
(1.2306169993528684 -0.0008870508311927272 0.0)
(2.4188365370236107 -0.004238135647948431 0.0)
(3.5553818334168175 -0.01180649050039813 0.0)
(4.6096526319412945 -0.024069226753665247 0.0)
(5.551137438971757 -0.04033747771349417 0.0)
(6.380606514054984 -0.058743341574969236 0.0)
(7.123361579431515 -0.07650180399467646 0.0)
(7.7926849134109295 -0.09217232198568732 0.0)
(8.377433258547477 -0.10595004839660206 0.0)
(8.870963626565041 -0.11787300316418242 0.0)
(9.274986171851179 -0.1277785934671306 0.0)
(9.589854495648343 -0.1355641324154674 0.0)
(9.815576961991038 -0.1411624170267873 0.0)
(9.952273990952827 -0.14453442301892108 0.0)
(10.000000000000005 -0.14566035085679796 0.0)
(9.958837120158304 -0.14453442301892142 0.0)
(9.828867482453415 -0.14116241702678817 0.0)
(9.610145504351674 -0.13556413241546714 0.0)
(9.302791605926604 -0.12777859346713222 0.0)
(8.906814151212748 -0.11787300316418417 0.0)
(8.422566741452542 -0.10595004839660488 0.0)
(7.8517595310335135 -0.09217232198569138 0.0)
(7.187749531679571 -0.07650180399467964 0.0)
(6.419393485945011 -0.05874334157497122 0.0)
(5.559973672139324 -0.04033747771349625 0.0)
(4.634791812503086 -0.024069226753666725 0.0)
(3.644618166583141 -0.011806490500398937 0.0)
(2.5589412407541507 -0.00423813564794908 0.0)
(1.3471607784249082 -0.0008870508311929248 0.0)
(0.020525761042769076 -5.576757460729562e-05 0.0)
(-0.020493473343612525 -5.573360777454256e-05 0.0)
(1.2307317879096018 -0.0008864194851455544 0.0)
(2.419015648733478 -0.004234663085571408 0.0)
(3.555395177883831 -0.011795885227407465 0.0)
(4.608982241855529 -0.024046838091909314 0.0)
(5.549749901547514 -0.04030155219313119 0.0)
(6.380006641534187 -0.05869918038319585 0.0)
(7.124056506216413 -0.07645911467275193 0.0)
(7.793053842055987 -0.09213440246168032 0.0)
(8.377479677566997 -0.10591538773189278 0.0)
(8.871020063027839 -0.11784125818599706 0.0)
(9.2750182271292 -0.12774953061409988 0.0)
(9.589874787742055 -0.13553728557409422 0.0)
(9.815588082727489 -0.14113721767423396 0.0)
(9.9522792224174 -0.1445102386349618 0.0)
(10.000000000000005 -0.1456365067730519 0.0)
(9.958831888693732 -0.14451023863496207 0.0)
(9.828856361716962 -0.14113721767423476 0.0)
(9.610125212257962 -0.13553728557409397 0.0)
(9.302759550648585 -0.12774953061410144 0.0)
(8.906757714749949 -0.11784125818599875 0.0)
(8.422520322433021 -0.10591538773189552 0.0)
(7.851390602388454 -0.09213440246168426 0.0)
(7.187054604894672 -0.07645911467275497 0.0)
(6.41999335846581 -0.058699180383197706 0.0)
(5.561361209563571 -0.04030155219313316 0.0)
(4.635462202588854 -0.02404683809191073 0.0)
(3.644604822116127 -0.01179588522740824 0.0)
(2.558762129044283 -0.004234663085572046 0.0)
(1.3470459898681746 -0.0008864194851457497 0.0)
(0.02049347334359955 -5.573360777456047e-05 0.0)
(-0.020458988741751213 -5.568438371740047e-05 0.0)
(1.2308560259245311 -0.000885588243369013 0.0)
(2.419228111923348 -0.004230480738207224 0.0)
(3.555499544545413 -0.011783924328537478 0.0)
(4.608442201565439 -0.02402253272662034 0.0)
(5.548333901570727 -0.04026278763164006 0.0)
(6.37911798485414 -0.05865038270603231 0.0)
(7.124562787222055 -0.07641020027312631 0.0)
(7.793427100181192 -0.09209001002070717 0.0)
(8.377520442913466 -0.10587453580518587 0.0)
(8.871067277641474 -0.11780361661838529 0.0)
(9.27504557049076 -0.12771489050391477 0.0)
(9.58989212059031 -0.13550515219946985 0.0)
(9.815597520387927 -0.14110696156017968 0.0)
(9.952283709775976 -0.1444811425290102 0.0)
(10.000000000000005 -0.1456078011281116 0.0)
(9.958827401335157 -0.14448114252901054 0.0)
(9.828846924056524 -0.1411069615601805 0.0)
(9.610107879409707 -0.13550515219946954 0.0)
(9.302732207287024 -0.12771489050391627 0.0)
(8.906710500136315 -0.11780361661838687 0.0)
(8.422479557086552 -0.10587453580518849 0.0)
(7.851017344263249 -0.092090010020711 0.0)
(7.1865483238890295 -0.07641020027312924 0.0)
(6.42088201514586 -0.05865038270603403 0.0)
(5.562777209540362 -0.040262787631641934 0.0)
(4.636002242878944 -0.024022532726621686 0.0)
(3.6445004554545446 -0.011783924328538215 0.0)
(2.5585496658544127 -0.004230480738207849 0.0)
(1.3469217518532448 -0.0008855882433692054 0.0)
(0.020458988741738147 -5.568438371741822e-05 0.0)
(-0.020423822427516024 -5.562206525086929e-05 0.0)
(1.2309842546065675 -0.00088459362910605 0.0)
(2.419464591349348 -0.0042257723705476724 0.0)
(3.5556903477213857 -0.011771133343802665 0.0)
(4.608056239453396 -0.02399737859108371 0.0)
(5.546951655489876 -0.04022288727293496 0.0)
(6.377979589963614 -0.05859909262414036 0.0)
(7.124858177387268 -0.07635721000503284 0.0)
(7.793788287507378 -0.0920410951854106 0.0)
(8.37755376343214 -0.10582928757540432 0.0)
(8.871103195882197 -0.11776173236296461 0.0)
(9.275067000518575 -0.12767619515964462 0.0)
(9.589905732619467 -0.13546914417328892 0.0)
(9.815604860298818 -0.14107297808292404 0.0)
(9.952287255862228 -0.14444841313073212 0.0)
(10.000000000000005 -0.14557549519550023 0.0)
(9.958823855248905 -0.1444484131307324 0.0)
(9.828839584145635 -0.1410729780829248 0.0)
(9.61009426738055 -0.13546914417328856 0.0)
(9.30271077725921 -0.127676195159646 0.0)
(8.90667458189559 -0.11776173236296611 0.0)
(8.422446236567879 -0.10582928757540686 0.0)
(7.850656156937062 -0.09204109518541433 0.0)
(7.186252933723816 -0.0763572100050356 0.0)
(6.422020410036391 -0.05859909262414196 0.0)
(5.5641594556212155 -0.04022288727293672 0.0)
(4.636388204990987 -0.023997378591084986 0.0)
(3.6443096522785705 -0.01177113334380337 0.0)
(2.5583131864284114 -0.004225772370548286 0.0)
(1.3467935231712083 -0.0008845936291062394 0.0)
(0.02042382242750286 -5.5622065250886824e-05 0.0)
(-0.02038951954441949 -5.5549390534359943e-05 0.0)
(1.2311108398220099 -0.0008834793438877847 0.0)
(2.419714696538127 -0.004220744859654 0.0)
(3.5559592038692625 -0.011758074285671832 0.0)
(4.607841313988504 -0.02397248091199671 0.0)
(5.545663896669007 -0.04018360426578172 0.0)
(6.376641475851462 -0.058547563729885795 0.0)
(7.124929697808595 -0.07630247216390854 0.0)
(7.794121534124206 -0.09198980718416637 0.0)
(8.377578175080384 -0.10578163116698545 0.0)
(8.871126239568225 -0.11771744573729317 0.0)
(9.27508157561643 -0.1276351447839254 0.0)
(9.58991502574187 -0.13543084362234697 0.0)
(9.815609779957901 -0.14103676041428662 0.0)
(9.952289704867612 -0.1444134885100111 0.0)
(10.000000000000005 -0.14554100843879458 0.0)
(9.958821406243521 -0.14441348851001137 0.0)
(9.82883466448655 -0.14103676041428737 0.0)
(9.610084974258147 -0.13543084362234656 0.0)
(9.302696202161355 -0.12763514478392674 0.0)
(8.906651538209564 -0.11771744573729462 0.0)
(8.422421824919635 -0.10578163116698788 0.0)
(7.850322910320234 -0.09198980718416996 0.0)
(7.18618141330249 -0.07630247216391119 0.0)
(6.423358524148547 -0.058547563729887266 0.0)
(5.565447214442088 -0.0401836042657834 0.0)
(4.636603130455878 -0.023972480911997933 0.0)
(3.644040796130693 -0.011758074285672503 0.0)
(2.5580630812396317 -0.0042207448596545995 0.0)
(1.3466669379557654 -0.0008834793438879713 0.0)
(0.02038951954440625 -5.5549390534377264e-05 0.0)
(-0.020357587298389525 -5.5469552761961224e-05 0.0)
(1.231230219648073 -0.0008822943473681809 0.0)
(2.4199674383252443 -0.004215619105157304 0.0)
(3.5562942999417637 -0.011745320945268376 0.0)
(4.6078068686024976 -0.023948933647829414 0.0)
(5.54452720687482 -0.040146664633648445 0.0)
(6.3751624368037625 -0.058498060108612686 0.0)
(7.1247742060095645 -0.0762483918303524 0.0)
(7.7944121977849905 -0.09193839951792039 0.0)
(8.377592605255035 -0.10573366051533024 0.0)
(8.871135396202147 -0.11767270261468288 0.0)
(9.275088655381186 -0.1275935430551668 0.0)
(9.589919591634718 -0.1353919334027835 0.0)
(9.81561206320436 -0.14099989989236902 0.0)
(9.952290949187313 -0.14437790319078883 0.0)
(10.000000000000005 -0.14550585614299272 0.0)
(9.95882016192382 -0.14437790319078905 0.0)
(9.82883238124009 -0.14099989989236972 0.0)
(9.610080408365299 -0.13539193340278302 0.0)
(9.302689122396599 -0.12759354305516807 0.0)
(8.906642381575642 -0.11767270261468424 0.0)
(8.422407394744985 -0.10573366051533259 0.0)
(7.850032246659448 -0.09193839951792389 0.0)
(7.1863369051015225 -0.07624839183035491 0.0)
(6.424837563196251 -0.058498060108614046 0.0)
(5.566583904236277 -0.04014666463365004 0.0)
(4.636637575841885 -0.02394893364783058 0.0)
(3.6437057000581907 -0.011745320945269016 0.0)
(2.557810339452514 -0.004215619105157891 0.0)
(1.346547558129702 -0.0008822943473683643 0.0)
(0.020357587298376216 -5.546955276197834e-05 0.0)
)
