(
(-0.0022539198465359694 -7.989681242646247e-05 0.0)
(1.2975841590760013 -0.0011568214397509634 0.0)
(2.5439967121544966 -0.00490471118325126 0.0)
(3.724107201962113 -0.012121056512331975 0.0)
(4.799736743883337 -0.02233040128202065 0.0)
(5.739113009942597 -0.03506552024955158 0.0)
(6.545089119508719 -0.04992204571072231 0.0)
(7.264551677890064 -0.06520950197818703 0.0)
(7.9132963067270214 -0.07909588118730175 0.0)
(8.474795198294839 -0.09126010429818424 0.0)
(8.948678623072636 -0.10176377256378898 0.0)
(9.335212264375372 -0.11049280585793984 0.0)
(9.63383753408121 -0.11735503366361896 0.0)
(9.844352670821658 -0.12229018583202395 0.0)
(9.966491802399906 -0.12526330430714547 0.0)
(10.000000000000002 -0.12625600665019898 0.0)
(9.944619308711232 -0.12526330430714447 0.0)
(9.800091773622782 -0.12229018583202228 0.0)
(9.56616246591881 -0.11735503366361563 0.0)
(9.24256551340242 -0.11049280585793693 0.0)
(8.829099154705151 -0.10176377256378573 0.0)
(8.32520480170519 -0.09126010429818071 0.0)
(7.731148137717424 -0.07909588118729857 0.0)
(7.046559433221039 -0.06520950197818384 0.0)
(6.254910880491302 -0.04992204571071848 0.0)
(5.371998101168488 -0.03506552024954799 0.0)
(4.444707700561027 -0.022330401282018804 0.0)
(3.475892798037843 -0.01212105651233147 0.0)
(2.433781065623259 -0.0049047111832515025 0.0)
(1.280193618701764 -0.0011568214397509825 0.0)
(0.0022539198465229976 -7.989681242646376e-05 0.0)
(-0.0022917694883492763 -7.99422787321281e-05 0.0)
(1.2974488816993854 -0.0011576300136592443 0.0)
(2.5437775124063746 -0.004908988523702748 0.0)
(3.724052242553705 -0.012133765292239347 0.0)
(4.8004458447787135 -0.02235681827280514 0.0)
(5.740710794849157 -0.03510780653885337 0.0)
(6.545900513917393 -0.04997452609238931 0.0)
(7.263839976078607 -0.06526099372837482 0.0)
(7.91287288880693 -0.07914203121160802 0.0)
(8.474744627697007 -0.0913024079441451 0.0)
(8.948618163555059 -0.10180261625287552 0.0)
(9.335177694561425 -0.11052844569290284 0.0)
(9.6338156399208 -0.11738801469616128 0.0)
(9.844340698849791 -0.1223211842356634 0.0)
(9.96648614970248 -0.12529307975236134 0.0)
(10.000000000000002 -0.12628537139177187 0.0)
(9.944624961408659 -0.1252930797523604 0.0)
(9.80010374559465 -0.12232118423566177 0.0)
(9.566184360079218 -0.11738801469615803 0.0)
(9.242600083216367 -0.11052844569289998 0.0)
(8.829159614222727 -0.10180261625287239 0.0)
(8.325255372303022 -0.09130240794414168 0.0)
(7.731571555637515 -0.07914203121160499 0.0)
(7.047271135032497 -0.0652609937283718 0.0)
(6.254099486082625 -0.049974526092385646 0.0)
(5.370400316261923 -0.03510780653884991 0.0)
(4.443998599665649 -0.02235681827280337 0.0)
(3.475947757446251 -0.012133765292238877 0.0)
(2.434000265371382 -0.004908988523703005 0.0)
(1.2803288960783803 -0.001157630013659266 0.0)
(0.002291769488336413 -7.994227873212958e-05 0.0)
(-0.0023314681915054558 -8.000423395458781e-05 0.0)
(1.2973051892310976 -0.0011586510487879272 0.0)
(2.54352427896022 -0.004913996672174335 0.0)
(3.723895284074444 -0.012147793688278166 0.0)
(4.800995658606178 -0.022384959311199104 0.0)
(5.742313955786329 -0.03515259353497703 0.0)
(6.547024830690255 -0.05003136856350729 0.0)
(7.2633535217615215 -0.0653186604178286 0.0)
(7.912451679453021 -0.0791947260359225 0.0)
(8.47470129831823 -0.09135100244927333 0.0)
(8.94856914580066 -0.1018474756576425 0.0)
(9.335149032639807 -0.1105697939198511 0.0)
(9.633797459192294 -0.11742642000045267 0.0)
(9.844330830839244 -0.12235738036629851 0.0)
(9.96648143322495 -0.12532790944317332 0.0)
(10.000000000000002 -0.12631974055152329 0.0)
(9.944629677886187 -0.12532790944317238 0.0)
(9.800113613605197 -0.12235738036629693 0.0)
(9.566202540807723 -0.11742642000044948 0.0)
(9.242628745137985 -0.11056979391984832 0.0)
(8.829208631977126 -0.10184747565763945 0.0)
(8.325298701681799 -0.09135100244927 0.0)
(7.731992764991426 -0.0791947260359196 0.0)
(7.047757589349582 -0.06531866041782575 0.0)
(6.252975169309759 -0.050031368563503764 0.0)
(5.368797155324747 -0.03515259353497369 0.0)
(4.443448785838185 -0.02238495931119741 0.0)
(3.476104715925513 -0.012147793688277737 0.0)
(2.434253498817537 -0.004913996672174607 0.0)
(1.2804725885466683 -0.0011586510487879519 0.0)
(0.002331468191492698 -8.000423395458948e-05 0.0)
(-0.0023712716676145503 -8.007995589471056e-05 0.0)
(1.2971593952553166 -0.001159839682721388 0.0)
(2.54324813843038 -0.004919515579784327 0.0)
(3.7236432229927616 -0.012162525318390719 0.0)
(4.801362027552006 -0.022413587931458083 0.0)
(5.743852052795434 -0.03519791337924838 0.0)
(6.548412669405185 -0.050090075569885664 0.0)
(7.263113688851556 -0.06537996827771203 0.0)
(7.912051185833723 -0.0792516503460673 0.0)
(8.474667113972142 -0.09140375265991466 0.0)
(8.94853372355989 -0.10189637973791242 0.0)
(9.335127537962917 -0.110615033773337 0.0)
(9.633783790723644 -0.11746856211768308 0.0)
(9.844323500372345 -0.12239718383216813 0.0)
(9.966477860200712 -0.12536626302668616 0.0)
(10.000000000000002 -0.1263576040114502 0.0)
(9.944633250910426 -0.12536626302668522 0.0)
(9.800120944072095 -0.12239718383216658 0.0)
(9.566216209276373 -0.11746856211767992 0.0)
(9.242650239814877 -0.11061503377333427 0.0)
(8.829244054217895 -0.10189637973790945 0.0)
(8.325332886027887 -0.09140375265991146 0.0)
(7.732393258610726 -0.07925165034606454 0.0)
(7.047997422259547 -0.06537996827770931 0.0)
(6.251587330594824 -0.05009007556988229 0.0)
(5.367259058315639 -0.03519791337924515 0.0)
(4.443082416892357 -0.02241358793145646 0.0)
(3.476356777007197 -0.012162525318390328 0.0)
(2.434529639347378 -0.004919515579784613 0.0)
(1.2806183825224497 -0.0011598396827214163 0.0)
(0.0023712716676018916 -8.007995589471247e-05 0.0)
(-0.002409431024754729 -8.016611746897676e-05 0.0)
(1.2970179056926154 -0.0011611436890591358 0.0)
(2.54296122392655 -0.004925302755828898 0.0)
(3.7233071344114532 -0.012177312901700611 0.0)
(4.801528854034972 -0.022441446244382483 0.0)
(5.7452575047077605 -0.035241774800620435 0.0)
(6.55000305096803 -0.050148067633065604 0.0)
(7.263131015168014 -0.0654422235528214 0.0)
(7.911689004905984 -0.07931030299199472 0.0)
(8.474643576656375 -0.09145834082831736 0.0)
(8.948513453221207 -0.10194717973786567 0.0)
(9.335114154967533 -0.11066217749696229 0.0)
(9.633775235082355 -0.11751258940031822 0.0)
(9.844319029536402 -0.1224388457418003 0.0)
(9.966475587621913 -0.12540645531660624 0.0)
(10.000000000000002 -0.12639729812039274 0.0)
(9.944635523489225 -0.1254064553166053 0.0)
(9.800125414908038 -0.12243884574179878 0.0)
(9.566224764917663 -0.11751258940031514 0.0)
(9.242663622810259 -0.11066217749695965 0.0)
(8.82926432455658 -0.10194717973786278 0.0)
(8.325356423343655 -0.09145834082831428 0.0)
(7.732755439538464 -0.0793103029919921 0.0)
(7.047980095943088 -0.06544222355281881 0.0)
(6.249996949031975 -0.05014806763306237 0.0)
(5.36585360640331 -0.035241774800617305 0.0)
(4.442915590409391 -0.02244144624438093 0.0)
(3.476692865588506 -0.012177312901700259 0.0)
(2.4348165538512085 -0.004925302755829198 0.0)
(1.2807598720851514 -0.0011611436890591675 0.0)
(0.0024094310247421563 -8.016611746897891e-05 0.0)
(-0.0024442696105838216 -8.025893289544127e-05 0.0)
(1.2968869373355314 -0.0011625057721483011 0.0)
(2.5426761419471338 -0.004931103922379987 0.0)
(3.7229017854479256 -0.012191506698850328 0.0)
(4.801488808004614 -0.022467310206667743 0.0)
(5.746468558537481 -0.03528225060848031 0.0)
(6.551726096922437 -0.05020279668788448 0.0)
(7.263404739424248 -0.06550269086026117 0.0)
(7.911381050237179 -0.0793681068837447 0.0)
(8.474631720557522 -0.091512368450228 0.0)
(8.948509225426205 -0.10199764359844028 0.0)
(9.335109471677992 -0.11070915368175795 0.0)
(9.633772168187653 -0.11755656737010475 0.0)
(9.844317614771766 -0.12248053554710411 0.0)
(9.966474715341509 -0.12544672033724416 0.0)
(10.000000000000002 -0.1264370787918223 0.0)
(9.944636395769628 -0.12544672033724327 0.0)
(9.800126829672674 -0.12248053554710264 0.0)
(9.566227831812364 -0.1175565673701017 0.0)
(9.2426683060998 -0.11070915368175537 0.0)
(8.82926855235158 -0.1019976435984375 0.0)
(8.325368279442507 -0.09151236845022503 0.0)
(7.73306339420727 -0.07936810688374218 0.0)
(7.047706371686853 -0.06550269086025873 0.0)
(6.248273903077563 -0.05020279668788136 0.0)
(5.364642552573588 -0.03528225060847726 0.0)
(4.44295563643975 -0.022467310206666244 0.0)
(3.477098214552035 -0.012191506698850007 0.0)
(2.4351016358306254 -0.004931103922380301 0.0)
(1.2808908404422354 -0.0011625057721483362 0.0)
(0.00244426961057132 -8.025893289544366e-05 0.0)
(-0.0024742566813758904 -8.035432403406626e-05 0.0)
(1.2967722446940753 -0.0011638660845498074 0.0)
(2.542405418472764 -0.0049366641867922756 0.0)
(3.7224449863940707 -0.01220448306035993 0.0)
(4.801243649010245 -0.022490043403127838 0.0)
(5.747432002794879 -0.035317562369879055 0.0)
(6.553506099781394 -0.05025185803979751 0.0)
(7.263922834677202 -0.06555871337716429 0.0)
(7.911140852792069 -0.07942252222406297 0.0)
(8.474632066610875 -0.09156346165078061 0.0)
(8.948521225936467 -0.10204555402992367 0.0)
(9.335113693869465 -0.1107538982801045 0.0)
(9.63377472479328 -0.11759856371550567 0.0)
(9.844319318240606 -0.12252042147430386 0.0)
(9.966475281685904 -0.12548528891725594 0.0)
(10.000000000000002 -0.12647519813581293 0.0)
(9.944635829425232 -0.12548528891725505 0.0)
(9.800125126203834 -0.12252042147430242 0.0)
(9.566225275206737 -0.11759856371550267 0.0)
(9.242664083908327 -0.110753898280102 0.0)
(8.829256551841318 -0.10204555402992098 0.0)
(8.325367933389154 -0.09156346165077772 0.0)
(7.733303591652381 -0.07942252222406057 0.0)
(7.047188276433896 -0.06555871337716193 0.0)
(6.246493900218602 -0.050251858039794484 0.0)
(5.363679108316188 -0.035317562369876064 0.0)
(4.44320079543412 -0.02249004340312638 0.0)
(3.4775550136058913 -0.012204483060359633 0.0)
(2.4353723593049956 -0.004936664186792602 0.0)
(1.281005533083692 -0.0011638660845498456 0.0)
(0.0024742566813634407 -8.035432403406893e-05 0.0)
(-0.002498074660100127 -8.044809957273375e-05 0.0)
(1.2966788671530878 -0.0011651648566253531 0.0)
(2.5421609485976298 -0.004941739241219704 0.0)
(3.721956808164625 -0.01221567182864426 0.0)
(4.800804148889571 -0.02250864697869951 0.0)
(5.748105505501856 -0.03534615855062183 0.0)
(6.5552648494757015 -0.05029309602275686 0.0)
(7.264662536769291 -0.06560782957662828 0.0)
(7.910978966406962 -0.079471158102446 0.0)
(8.474644599611482 -0.09160937548821527 0.0)
(8.948548927471524 -0.10208880593560608 0.0)
(9.335126636026587 -0.11079444529620856 0.0)
(9.633782792566665 -0.1176367331939342 0.0)
(9.84432406509562 -0.12255675100872765 0.0)
(9.966477261770963 -0.12552046642379502 0.0)
(10.000000000000002 -0.126509981258127 0.0)
(9.944633849340175 -0.12552046642379414 0.0)
(9.800120379348822 -0.12255675100872623 0.0)
(9.566217207433352 -0.11763673319393123 0.0)
(9.242651141751207 -0.11079444529620609 0.0)
(8.829228850306261 -0.10208880593560345 0.0)
(8.325355400388547 -0.09160937548821244 0.0)
(7.7334654780374885 -0.07947115810244368 0.0)
(7.046448574341804 -0.06560782957662603 0.0)
(6.24473515052429 -0.05029309602275389 0.0)
(5.36300560560921 -0.03534615855061888 0.0)
(4.443640295554796 -0.02250864697869808 0.0)
(3.4780431918353383 -0.012215671828643984 0.0)
(2.4356168291801303 -0.00494173924122004 0.0)
(1.2810989106246795 -0.0011651648566253943 0.0)
(0.0024980746600877088 -8.044809957273664e-05 0.0)
(-0.0025146770283451495 -8.053613918583217e-05 0.0)
(1.2966109075508911 -0.0011663450227059758 0.0)
(2.5419534738808 -0.004946106097055278 0.0)
(3.7214587004178936 -0.012224581389694187 0.0)
(4.800189618473852 -0.02252230352630643 0.0)
(5.748459474181606 -0.03536678268684204 0.0)
(6.556925069761333 -0.050324698715234026 0.0)
(7.265591344543835 -0.0656478813827043 0.0)
(7.910902504073457 -0.07951187754737447 0.0)
(8.474668768882228 -0.09164809259251205 0.0)
(8.948591112876604 -0.10212549890587898 0.0)
(9.335147729494647 -0.11082901316836118 0.0)
(9.6337960170246 -0.11766939870833729 0.0)
(9.844331646768678 -0.12258792789709588 0.0)
(9.96648056859537 -0.1255507072215795 0.0)
(10.000000000000002 -0.1265398998520041 0.0)
(9.944630542515768 -0.12555070722157866 0.0)
(9.800112797675762 -0.12258792789709447 0.0)
(9.566203982975416 -0.11766939870833434 0.0)
(9.242630048283146 -0.11082901316835876 0.0)
(8.829186664901181 -0.10212549890587637 0.0)
(8.3253312311178 -0.09164809259250928 0.0)
(7.733541940370993 -0.07951187754737218 0.0)
(7.045519766567257 -0.06564788138270211 0.0)
(6.243074930238655 -0.05032469871523111 0.0)
(5.362651636929462 -0.03536678268683912 0.0)
(4.444254825970518 -0.022522303526305007 0.0)
(3.4785412995820706 -0.012224581389693921 0.0)
(2.4358243038969607 -0.004946106097055622 0.0)
(1.2811668702268761 -0.0011663450227060188 0.0)
(0.0025146770283327397 -8.053613918583522e-05 0.0)
(-0.0025233343084234455 -8.061457457382588e-05 0.0)
(1.296571351908077 -0.001167354728453145 0.0)
(2.541792110381767 -0.0049495728826425235 0.0)
(3.7209725490970054 -0.012230820273696751 0.0)
(4.7994270591053025 -0.022530413002230687 0.0)
(5.748478356097908 -0.03537852859172497 0.0)
(6.558413813596226 -0.050345277552737086 0.0)
(7.266668447886426 -0.06567710899230605 0.0)
(7.910914825406604 -0.07954289142093234 0.0)
(8.474703512469572 -0.09167791180493912 0.0)
(8.948645928602184 -0.10215402071875644 0.0)
(9.335176047465248 -0.1108560830475001 0.0)
(9.633813817108603 -0.1176951249957719 0.0)
(9.844341730134941 -0.12261258228397015 0.0)
(9.966485056863311 -0.12557468258527874 0.0)
(10.000000000000002 -0.1265636393491636 0.0)
(9.944626054247827 -0.12557468258527785 0.0)
(9.800102714309501 -0.12261258228396874 0.0)
(9.566186182891414 -0.11769512499576898 0.0)
(9.242601730312543 -0.11085608304749768 0.0)
(8.829131849175601 -0.10215402071875386 0.0)
(8.325296487530457 -0.09167791180493637 0.0)
(7.733529619037845 -0.0795428914209301 0.0)
(7.044442663224664 -0.06567710899230389 0.0)
(6.24158618640376 -0.05034527755273416 0.0)
(5.362632755013161 -0.03537852859172203 0.0)
(4.445017385339069 -0.022530413002229265 0.0)
(3.47902745090296 -0.012230820273696489 0.0)
(2.4359856673959936 -0.00494957288264287 0.0)
(1.2812064258696905 -0.0011673547284531897 0.0)
(0.002523334308411021 -8.061457457382909e-05 0.0)
(-0.0025236661152864214 -8.067995942925991e-05 0.0)
(1.2965619382272255 -0.001168149609243535 0.0)
(2.5416839481174724 -0.004951987273765039 0.0)
(3.720519714801611 -0.012234114355502602 0.0)
(4.798549976247514 -0.02253261909093604 0.0)
(5.748161321613903 -0.035380880171698575 0.0)
(6.559665668299854 -0.050353928338794054 0.0)
(7.267846520846696 -0.06569422819773804 0.0)
(7.911015389029567 -0.07956283703025376 0.0)
(8.474747303803847 -0.09169752292385513 0.0)
(8.948710966145565 -0.1021731181779598 0.0)
(9.335210345698572 -0.11087446553265888 0.0)
(9.633835410715541 -0.11771278169023311 0.0)
(9.844353872149739 -0.12262963090069512 0.0)
(9.966490529368501 -0.12559133908127343 0.0)
(10.000000000000002 -0.1265801566795306 0.0)
(9.944620581742637 -0.1255913390812726 0.0)
(9.800090572294701 -0.12262963090069373 0.0)
(9.566164589284476 -0.1177127816902302 0.0)
(9.24256743207922 -0.1108744655326565 0.0)
(8.82906681163222 -0.10217311817795723 0.0)
(8.325252696196182 -0.09169752292385239 0.0)
(7.733429055414882 -0.0795628370302515 0.0)
(7.043264590264391 -0.06569422819773588 0.0)
(6.240334331700129 -0.0503539283387911 0.0)
(5.3629497894971685 -0.03538088017169561 0.0)
(4.44589446819686 -0.022532619090934597 0.0)
(3.4794802851983553 -0.012234114355502333 0.0)
(2.436093829660288 -0.004951987273765388 0.0)
(1.2812158395505417 -0.0011681496092435806 0.0)
(0.0025236661152739604 -8.067995942926325e-05 0.0)
(-0.0025156578699475417 -8.072942086120474e-05 0.0)
(1.2965830801282516 -0.0011686947394694092 0.0)
(2.5416337395399324 -0.004953243186493906 0.0)
(3.720120094242214 -0.012234318899183536 0.0)
(4.797596907316681 -0.022528824860920706 0.0)
(5.74752230064482 -0.035373734102640914 0.0)
(6.5606256296667445 -0.050350270973691755 0.0)
(7.2690738010539935 -0.06569848681243229 0.0)
(7.9111997763607285 -0.07957083800175459 0.0)
(8.474798218773937 -0.09170606427257247 0.0)
(8.948783367876075 -0.10218195217606953 0.0)
(9.33524911719299 -0.1108833529310695 0.0)
(9.633859849061833 -0.1177215929888683 0.0)
(9.844367539315158 -0.1226383246622415 0.0)
(9.966496745659077 -0.12559994485360185 0.0)
(10.000000000000002 -0.12658872610182642 0.0)
(9.944614365452061 -0.12559994485360101 0.0)
(9.800076905129282 -0.12263832466224009 0.0)
(9.566140150938184 -0.11772159298886536 0.0)
(9.242528660584801 -0.11088335293106709 0.0)
(8.82899440990171 -0.10218195217606692 0.0)
(8.325201781226092 -0.09170606427256969 0.0)
(7.73324466808372 -0.0795708380017523 0.0)
(7.04203731005709 -0.06569848681243007 0.0)
(6.2393743703332385 -0.05035027097368874 0.0)
(5.363588810466254 -0.035373734102637895 0.0)
(4.446847537127696 -0.022528824860919228 0.0)
(3.479879905757753 -0.012234318899183257 0.0)
(2.436144038237828 -0.004953243186494253 0.0)
(1.2811946976495154 -0.0011686947394694551 0.0)
(0.0025156578699350235 -8.072942086120814e-05 0.0)
(-0.0024996614400563245 -8.076078562482783e-05 0.0)
(1.2966338486747022 -0.00116896616710593 0.0)
(2.54164369072219 -0.004953285438321444 0.0)
(3.7197912460151086 -0.012231424917464423 0.0)
(4.796609728418033 -0.022519197023710205 0.0)
(5.746589370602985 -0.03535740436975303 0.0)
(6.561251518750634 -0.05033446615536183 0.0)
(7.270296364061256 -0.06568969772065003 0.0)
(7.911459885758084 -0.07956654278738444 0.0)
(8.474854020269206 -0.09170316055985442 0.0)
(8.948859952594127 -0.10218013456336998 0.0)
(9.33529065839997 -0.11088235474670481 0.0)
(9.633886058371253 -0.11772117173933525 0.0)
(9.844382131120952 -0.1226382815806317 0.0)
(9.966503432602602 -0.12560012178037164 0.0)
(10.000000000000002 -0.12658897109131256 0.0)
(9.944607678508536 -0.12560012178037075 0.0)
(9.80006231332349 -0.12263828158063028 0.0)
(9.566113941628766 -0.1177211717393323 0.0)
(9.242487119377822 -0.11088235474670234 0.0)
(8.828917825183659 -0.10218013456336734 0.0)
(8.325145979730822 -0.09170316055985162 0.0)
(7.732984558686364 -0.07956654278738212 0.0)
(7.040814747049824 -0.06568969772064773 0.0)
(6.238748481249349 -0.05033446615535872 0.0)
(5.364521740508093 -0.03535740436974993 0.0)
(4.447834716026347 -0.02251919702370867 0.0)
(3.4802087539848587 -0.012231424917464123 0.0)
(2.4361340870555703 -0.004953285438321786 0.0)
(1.2811439291030646 -0.0011689661671059756 0.0)
(0.0024996614400437317 -8.076078562483123e-05 0.0)
(-0.00247637967947755 -8.07726756097958e-05 0.0)
(1.2967120131895247 -0.001168951966119312 0.0)
(2.541713364427502 -0.004952112172779651 0.0)
(3.7195476191097834 -0.012225559566607603 0.0)
(4.795631814386383 -0.02250415860885794 0.0)
(5.745403522727688 -0.03533260847162359 0.0)
(6.561515835130209 -0.05030720831860759 0.0)
(7.27146049268656 -0.06566824709900498 0.0)
(7.91178428849057 -0.0795501401110049 0.0)
(8.474912256474036 -0.09168893936952566 0.0)
(8.94893735530732 -0.10216774520243797 0.0)
(9.335333144074873 -0.11087151483795964 0.0)
(9.63391288705469 -0.11771153645056776 0.0)
(9.844397006429867 -0.12262950354879285 0.0)
(9.96651029638701 -0.12559186208774423 0.0)
(10.000000000000002 -0.12658088088359937 0.0)
(9.944600814724128 -0.12559186208774334 0.0)
(9.800047438014575 -0.1226295035487914 0.0)
(9.566087112945327 -0.11771153645056479 0.0)
(9.242444633702918 -0.11087151483795714 0.0)
(8.828840422470465 -0.10216774520243525 0.0)
(8.325087743525993 -0.09168893936952277 0.0)
(7.732660155953877 -0.07955014011100248 0.0)
(7.039650618424518 -0.0656682470990026 0.0)
(6.238484164869774 -0.05030720831860437 0.0)
(5.365707588383394 -0.03533260847162039 0.0)
(4.448812630057999 -0.022504158608856344 0.0)
(3.480452380890185 -0.012225559566607279 0.0)
(2.436064413350258 -0.0049521121727799855 0.0)
(1.281065764588242 -0.0011689519661193567 0.0)
(0.002476379679464867 -8.077267560979915e-05 0.0)
(-0.002446835546178272 -8.076456839192126e-05 0.0)
(1.2968141392669357 -0.0011686527604749272 0.0)
(2.541839699320721 -0.004949774941010002 0.0)
(3.7193999180467547 -0.012216980559399375 0.0)
(4.79470613297524 -0.02248437037680051 0.0)
(5.744016861005123 -0.035300435894653606 0.0)
(6.561406965227305 -0.050269695122909214 0.0)
(7.272515037247824 -0.06563507744856947 0.0)
(7.9121587308956 -0.0795223506762082 0.0)
(8.474970368596127 -0.09166402555467223 0.0)
(8.94901217508204 -0.10214532845912712 0.0)
(9.33537470747487 -0.11085130949059323 0.0)
(9.633939156308877 -0.11769311047952705 0.0)
(9.844411511648044 -0.122612376257385 0.0)
(9.966517035430172 -0.12557552869150299 0.0)
(10.000000000000002 -0.12656481094761296 0.0)
(9.944594075680966 -0.1255755286915021 0.0)
(9.800032932796396 -0.12261237625738353 0.0)
(9.56606084369114 -0.11769311047952402 0.0)
(9.242403070302922 -0.11085130949059067 0.0)
(8.828765602695745 -0.10214532845912434 0.0)
(8.3250296314039 -0.09166402555466927 0.0)
(7.732285713548845 -0.0795223506762057 0.0)
(7.0385960738632525 -0.06563507744856695 0.0)
(6.238593034772681 -0.05026969512290587 0.0)
(5.367094250105962 -0.035300435894650296 0.0)
(4.449738311469144 -0.022484370376798853 0.0)
(3.480600081953213 -0.012216980559399016 0.0)
(2.4359380784570384 -0.004949774941010327 0.0)
(1.2809636385108305 -0.0011686527604749697 0.0)
(0.0024468355461654883 -8.07645683919245e-05 0.0)
(-0.0024123271553261956 -8.073682018752588e-05 0.0)
(1.296935739673928 -0.0011680816967214087 0.0)
(2.5420171444777626 -0.004946376436700615 0.0)
(3.7193546325405213 -0.012206064841721613 0.0)
(4.793873356932323 -0.02246070178625298 0.0)
(5.742490312814554 -0.03526230024301706 0.0)
(6.560929692586283 -0.050223574829457246 0.0)
(7.2734136629862585 -0.06559164618310143 0.0)
(7.912566760658919 -0.07948439549992002 0.0)
(8.475025803295148 -0.09162951378274034 0.0)
(8.949081124474265 -0.10211386928412829 0.0)
(9.335413522380202 -0.11082262649060422 0.0)
(9.633963711910843 -0.11766670342967125 0.0)
(9.844425009442736 -0.1225876522482591 0.0)
(9.966523353630862 -0.1255518392511976 0.0)
(10.000000000000002 -0.1265414673669416 0.0)
(9.944587757480276 -0.1255518392511967 0.0)
(9.800019435001706 -0.12258765224825757 0.0)
(9.566036288089174 -0.1176667034296682 0.0)
(9.24236425539759 -0.11082262649060158 0.0)
(8.82869665330352 -0.10211386928412543 0.0)
(8.324974196704881 -0.09162951378273726 0.0)
(7.731877683785525 -0.07948439549991737 0.0)
(7.037697448124815 -0.06559164618309876 0.0)
(6.239070307413706 -0.05022357482945376 0.0)
(5.368620798296536 -0.03526230024301364 0.0)
(4.4505710875120625 -0.022460701786251244 0.0)
(3.480645367459446 -0.012206064841721216 0.0)
(2.435760633299996 -0.004946376436700925 0.0)
(1.280842038103838 -0.0011680816967214486 0.0)
(0.0024123271553133053 -8.073682018752899e-05 0.0)
(-0.002374370742484046 -8.069065020194689e-05 0.0)
(1.2970714715110803 -0.0011672638663553535 0.0)
(2.542237903283053 -0.0049420659839134505 0.0)
(3.7194137523533795 -0.012193292030239338 0.0)
(4.793170076913436 -0.02243419279178354 0.0)
(5.740890951890733 -0.035219877127479676 0.0)
(6.560104987693843 -0.05017087387957127 0.0)
(7.274116885930908 -0.06553986159295028 0.0)
(7.912990449699198 -0.07943794226314939 0.0)
(8.475076124871839 -0.09158692043785113 0.0)
(8.949141173973839 -0.10207474993603795 0.0)
(9.335447883334941 -0.11078672611653805 0.0)
(9.633985474932363 -0.11763347557846074 0.0)
(9.844436906745534 -0.12255641784914484 0.0)
(9.966528973378898 -0.12552183463749658 0.0)
(10.000000000000002 -0.12651187581581408 0.0)
(9.94458213773224 -0.12552183463749564 0.0)
(9.800007537698908 -0.12255641784914328 0.0)
(9.566014525067656 -0.1176334755784576 0.0)
(9.24232989444285 -0.11078672611653535 0.0)
(8.828636603803945 -0.102074749936035 0.0)
(8.324923875128189 -0.09158692043784794 0.0)
(7.731453994745245 -0.07943794226314663 0.0)
(7.036994225180165 -0.06553986159294747 0.0)
(6.239895012306149 -0.05017087387956763 0.0)
(5.370220159220362 -0.03521987712747613 0.0)
(4.45127436753095 -0.02243419279178173 0.0)
(3.4805862476465874 -0.012193292030238907 0.0)
(2.435539874494705 -0.004942065983913749 0.0)
(1.2807063062666852 -0.0011672638663553908 0.0)
(0.0023743707424710462 -8.069065020194983e-05 0.0)
(-0.0023346340429928098 -8.062808705988505e-05 0.0)
(1.2972153709697822 -0.001166235203346869 0.0)
(2.5424922759985544 -0.004937032976058231 0.0)
(3.719574679868909 -0.012179223338921885 0.0)
(4.7926271937559966 -0.022406008150112344 0.0)
(5.739289051226704 -0.035175030542127256 0.0)
(6.558969086574206 -0.0501139078565756 0.0)
(7.274593807752094 -0.06548199899827004 0.0)
(7.913411181895122 -0.07938503203613621 0.0)
(8.47511912228818 -0.09153811699365669 0.0)
(8.94918968511561 -0.10202968924744439 0.0)
(9.335476280581595 -0.11074518576515331 0.0)
(9.634003489146082 -0.11759488689688904 0.0)
(9.84444668081072 -0.12252004544239761 0.0)
(9.966533647752831 -0.12548683319823398 0.0)
(10.000000000000002 -0.1264773364928507 0.0)
(9.944577463358305 -0.12548683319823303 0.0)
(9.799997763633723 -0.12252004544239603 0.0)
(9.565996510853935 -0.11759488689688585 0.0)
(9.242301497196197 -0.11074518576515054 0.0)
(8.828588092662175 -0.10202968924744134 0.0)
(8.324880877711848 -0.09153811699365341 0.0)
(7.73103326254932 -0.07938503203613331 0.0)
(7.03651730335898 -0.06548199899826707 0.0)
(6.24103091342579 -0.05011390785657181 0.0)
(5.371822059884394 -0.035175030542123585 0.0)
(4.451817250688391 -0.022406008150110457 0.0)
(3.480425320131057 -0.012179223338921415 0.0)
(2.435285501779203 -0.004937032976058515 0.0)
(1.2805624068079828 -0.0011662352033469032 0.0)
(0.0023346340429797052 -8.062808705988774e-05 0.0)
(-0.002294863014731898 -8.055187967134649e-05 0.0)
(1.2973611153710753 -0.0011650409052666613 0.0)
(2.5427690859525094 -0.0049314985542924855 0.0)
(3.7198303442264855 -0.012164476920327802 0.0)
(4.792268560752763 -0.022377386242832087 0.0)
(5.737754995407052 -0.035129730963875686 0.0)
(6.557571898644495 -0.050055179743304284 0.0)
(7.274823473377497 -0.06542060077561432 0.0)
(7.9138104710437105 -0.07932798959745894 0.0)
(8.475152906316358 -0.0914852477842116 0.0)
(8.949224526408756 -0.10198066710256819 0.0)
(9.335497466397099 -0.11069983064349394 0.0)
(9.634016963040407 -0.11755263290102841 0.0)
(9.84445390218375 -0.12248013316502843 0.0)
(9.966537171369227 -0.1254483728326177 0.0)
(10.000000000000002 -0.12643936699271457 0.0)
(9.944573939741911 -0.12544837283261676 0.0)
(9.799990542260693 -0.12248013316502679 0.0)
(9.56598303695961 -0.11755263290102516 0.0)
(9.242280311380693 -0.1106998306434911 0.0)
(8.82855325136903 -0.10198066710256505 0.0)
(8.324847093683669 -0.09148524778420819 0.0)
(7.73063397340073 -0.0793279895974559 0.0)
(7.036287637733577 -0.06542060077561121 0.0)
(6.2424281013555065 -0.05005517974330034 0.0)
(5.37335611570405 -0.035129730963871904 0.0)
(4.452175883691623 -0.022377386242830123 0.0)
(3.4801696557734796 -0.01216447692032729 0.0)
(2.4350086918252467 -0.004931498554292754 0.0)
(1.2804166624066893 -0.0011650409052666921 0.0)
(0.0022948630147186944 -8.055187967134897e-05 0.0)
(-0.0022568051239240518 -8.046537644956614e-05 0.0)
(1.2975023009725983 -0.0011637334473874686 0.0)
(2.543056170621951 -0.004925705890983662 0.0)
(3.720169512001962 -0.012149700705112296 0.0)
(4.7921099355817995 -0.02234958466418635 0.0)
(5.736356188038013 -0.035085968773320084 0.0)
(6.555974813786258 -0.04999726994561442 0.0)
(7.274795791719699 -0.06535836465056175 0.0)
(7.914170773110255 -0.07926932128751689 0.0)
(8.475175992547985 -0.09143063578585733 0.0)
(8.949244166990596 -0.10192983744477173 0.0)
(9.335510509915476 -0.11065265357263078 0.0)
(9.634025304597072 -0.11750857015415547 0.0)
(9.844458253570703 -0.12243843468948742 0.0)
(9.966539389406822 -0.1254081434187517 0.0)
(10.000000000000002 -0.12639963562577844 0.0)
(9.944571721704316 -0.1254081434187507 0.0)
(9.799986190873737 -0.12243843468948579 0.0)
(9.565974695402945 -0.11750857015415217 0.0)
(9.242267267862315 -0.11065265357262787 0.0)
(8.828533610787188 -0.10192983744476851 0.0)
(8.324824007452044 -0.09143063578585381 0.0)
(7.730273671334185 -0.07926932128751371 0.0)
(7.0363153193913766 -0.0653583646505585 0.0)
(6.244025186213747 -0.04999726994561035 0.0)
(5.374754923073091 -0.035085968773316205 0.0)
(4.452334508862587 -0.022349584664184324 0.0)
(3.4798304879980018 -0.01214970070511175 0.0)
(2.4347216071558044 -0.004925705890983915 0.0)
(1.280275476805166 -0.0011637334473874959 0.0)
(0.0022568051239107625 -8.046537644956837e-05 0.0)
(-0.002222132564666427 -8.037237818785582e-05 0.0)
(1.2976327243373122 -0.001162370277016576 0.0)
(2.54334091603171 -0.004919909505160172 0.0)
(3.7205772807837745 -0.012135543933139618 0.0)
(4.792158287942921 -0.02232382496467928 0.0)
(5.735154090156342 -0.035045666801052824 0.0)
(6.554248004986383 -0.049942722914073506 0.0)
(7.2745119790601 -0.06529802516458938 0.0)
(7.914476257081104 -0.07921160488451821 0.0)
(8.475187366616273 -0.09137668054989181 0.0)
(8.949247743889897 -0.10187943363622841 0.0)
(9.335514838028393 -0.11060572742674955 0.0)
(9.634028147303338 -0.11746463469275731 0.0)
(9.844459543779601 -0.12239678217050473 0.0)
(9.966540204409107 -0.1253679125634836 0.0)
(10.000000000000002 -0.12635988811561905 0.0)
(9.944570906702031 -0.1253679125634826 0.0)
(9.799984900664839 -0.12239678217050304 0.0)
(9.565971852696679 -0.11746463469275395 0.0)
(9.242262939749398 -0.11060572742674658 0.0)
(8.828530033887887 -0.10187943363622508 0.0)
(8.324812633383756 -0.09137668054988818 0.0)
(7.729968187363336 -0.07921160488451492 0.0)
(7.036599132050976 -0.065298025164586 0.0)
(6.245751995013627 -0.04994272291406933 0.0)
(5.375957020954766 -0.03504566680104886 0.0)
(4.452286156501465 -0.022323824964677205 0.0)
(3.479422719216188 -0.01213554393313904 0.0)
(2.4344368617460446 -0.004919909505160413 0.0)
(1.2801450534404517 -0.0011623702770165998 0.0)
(0.0022221325646530673 -8.037237818785782e-05 0.0)
(-0.002192368785781148 -8.027697105969965e-05 0.0)
(1.2977466549011745 -0.0011610112893662308 0.0)
(2.5436108109894096 -0.004914364079410912 0.0)
(3.721035733957642 -0.012122628627071167 0.0)
(4.792411493321837 -0.02230123897838119 0.0)
(5.734201519743778 -0.03501059584200494 0.0)
(6.552467345064429 -0.0498939353454565 0.0)
(7.273984505607745 -0.06524223352432282 0.0)
(7.914713500549445 -0.07915737634162152 0.0)
(8.475186528765473 -0.09132575277067498 0.0)
(8.949235099944246 -0.10183167032807437 0.0)
(9.335510260566487 -0.11056111405485135 0.0)
(9.63402536625589 -0.11742275696063009 0.0)
(9.844457716121024 -0.12235700574356326 0.0)
(9.96653958056637 -0.12532944793699355 0.0)
(10.000000000000002 -0.1263218708951167 0.0)
(9.944571530544769 -0.12532944793699255 0.0)
(9.799986728323416 -0.12235700574356154 0.0)
(9.565974633744126 -0.1174227569606267 0.0)
(9.242267517211305 -0.1105611140548483 0.0)
(8.82854267783354 -0.10183167032807099 0.0)
(8.324813471234556 -0.09132575277067126 0.0)
(7.729730943894994 -0.07915737634161812 0.0)
(7.037126605503335 -0.06524223352431932 0.0)
(6.247532654935586 -0.04989393534545222 0.0)
(5.376909591367329 -0.03501059584200091 0.0)
(4.452032951122547 -0.022301238978379066 0.0)
(3.4789642660423197 -0.012122628627070562 0.0)
(2.4341669667883448 -0.004914364079411141 0.0)
(1.2800311228765895 -0.0011610112893662512 0.0)
(0.0021923687857677374 -8.02769710597014e-05 0.0)
(-0.002168821553261139 -8.018334707976634e-05 0.0)
(1.2978390867636387 -0.0011597161958675913 0.0)
(2.5438539968043665 -0.0049093132695982354 0.0)
(3.72152472792982 -0.012111522261827703 0.0)
(4.792858426337425 -0.02228281909221011 0.0)
(5.733540331001576 -0.034982296849956504 0.0)
(6.550711072959739 -0.04985305087627408 0.0)
(7.273236547581141 -0.06519344111236752 0.0)
(7.914872079471306 -0.07910901836179339 0.0)
(8.475173515809216 -0.09128009012165594 0.0)
(8.949206790705485 -0.1017886461526895 0.0)
(9.335496978655058 -0.11052077368687947 0.0)
(9.634017083648867 -0.11738477698871036 0.0)
(9.844452850898945 -0.1223208531120939 0.0)
(9.96653754528912 -0.12529443960460054 0.0)
(10.000000000000002 -0.12628725437138982 0.0)
(9.944573565822019 -0.12529443960459954 0.0)
(9.799991593545498 -0.12232085311209218 0.0)
(9.56598291635115 -0.11738477698870695 0.0)
(9.242280799122733 -0.11052077368687636 0.0)
(8.8285709870723 -0.10178864615268603 0.0)
(8.324826484190814 -0.09128009012165217 0.0)
(7.729572364973134 -0.07910901836178993 0.0)
(7.0378745635299405 -0.06519344111236394 0.0)
(6.249288927040279 -0.04985305087626973 0.0)
(5.377570780109532 -0.03498229684995243 0.0)
(4.4515860181069575 -0.022282819092207966 0.0)
(3.4784752720701397 -0.01211152226182708 0.0)
(2.433923780973388 -0.004909313269598454 0.0)
(1.279938691014125 -0.0011597161958676091 0.0)
(0.002168821553247699 -8.018334707976787e-05 0.0)
(-0.0021525254894248862 -8.009561991445393e-05 0.0)
(1.2979059586377677 -0.0011585419005596812 0.0)
(2.5440597883367673 -0.004904978999065115 0.0)
(3.7220227771997614 -0.012102712830779504 0.0)
(4.79347944957062 -0.02226937464226618 0.0)
(5.733199575353455 -0.03496201323084655 0.0)
(6.549056356055588 -0.049821865895306086 0.0)
(7.27230096888763 -0.06515379177804156 0.0)
(7.9149450261789704 -0.07906865570619905 0.0)
(8.475148899512991 -0.0912416989360951 0.0)
(8.949164060029773 -0.10175225151362961 0.0)
(9.335475575876997 -0.11048647880480199 0.0)
(9.634003663404869 -0.11735236354748188 0.0)
(9.844445161882321 -0.1222899127565841 0.0)
(9.966534188003713 -0.125264425768384 0.0)
(10.000000000000002 -0.12625755953116174 0.0)
(9.944576923107423 -0.12526442576838295 0.0)
(9.799999282562121 -0.12228991275658235 0.0)
(9.565996336595148 -0.11735236354747844 0.0)
(9.242302201900797 -0.11048647880479888 0.0)
(8.828613717748013 -0.10175225151362612 0.0)
(8.324851100487038 -0.09124169893609127 0.0)
(7.729499418265469 -0.07906865570619553 0.0)
(7.038810142223455 -0.06515379177803793 0.0)
(6.250943643944434 -0.049821865895301715 0.0)
(5.3779115357576535 -0.03496201323084248 0.0)
(4.45096499487376 -0.02226937464226402 0.0)
(3.477977222800197 -0.012102712830778867 0.0)
(2.4337179894409866 -0.004904978999065327 0.0)
(1.279871819139996 -0.0011585419005596968 0.0)
(0.002152525489411438 -8.009561991445527e-05 0.0)
(-0.002144196613504547 -8.001764413491395e-05 0.0)
(1.297944332295751 -0.001157539999830018 0.0)
(2.5442191434831636 -0.004901551707729451 0.0)
(3.7225079983937 -0.012096587404210426 0.0)
(4.794247276396686 -0.022261496353083998 0.0)
(5.733194224979197 -0.03495063620979097 0.0)
(6.547575899585523 -0.04980175061356497 0.0)
(7.2712188771434105 -0.06512502764055886 0.0)
(7.914929135527556 -0.0790380618360839 0.0)
(8.475113761471823 -0.09121226605245134 0.0)
(8.949108785424828 -0.10172408552475294 0.0)
(9.335446992631214 -0.11045973626299672 0.0)
(9.633985695184863 -0.11732694082425349 0.0)
(9.844434986912477 -0.12226554413965113 0.0)
(9.966529656223134 -0.12524072518139848 0.0)
(10.000000000000002 -0.12623409111138695 0.0)
(9.944581454888004 -0.12524072518139748 0.0)
(9.800009457531965 -0.12226554413964938 0.0)
(9.566014304815154 -0.11732694082425002 0.0)
(9.242330785146578 -0.11045973626299359 0.0)
(8.828668992352958 -0.10172408552474942 0.0)
(8.324886238528206 -0.09121226605244748 0.0)
(7.729515308916883 -0.07903806183608036 0.0)
(7.039892233967678 -0.0651250276405552 0.0)
(6.252424100414502 -0.0498017506135606 0.0)
(5.377916886131908 -0.034950636209786896 0.0)
(4.450197168047691 -0.022261496353081847 0.0)
(3.4774920016062576 -0.01209658740420979 0.0)
(2.43355863429459 -0.004901551707729659 0.0)
(1.2798334454820128 -0.0011575399998300319 0.0)
(0.002144196613491114 -8.001764413491513e-05 0.0)
(-0.0021442008810708137 -7.995284585424673e-05 0.0)
(1.2979525216692591 -0.0011567545153637366 0.0)
(2.5443250604699545 -0.004899181984502483 0.0)
(3.7229590717800614 -0.012093415122157771 0.0)
(4.795128169909586 -0.02225953038227732 0.0)
(5.733524514964462 -0.03494866567228126 0.0)
(6.54633475209842 -0.04979358885973055 0.0)
(7.270037817480093 -0.06510841254349783 0.0)
(7.9148251057232155 -0.07901858099013091 0.0)
(8.475069645586956 -0.091193084697786 0.0)
(8.94904339555567 -0.10170538574808248 0.0)
(9.33541248481324 -0.11044172107982646 0.0)
(9.633963968479566 -0.1173096258469743 0.0)
(9.844422773058973 -0.12224881797374193 0.0)
(9.966524149065526 -0.12522437920407717 0.0)
(10.000000000000002 -0.1262178802714961 0.0)
(9.944586962045612 -0.12522437920407611 0.0)
(9.800021671385469 -0.12224881797374015 0.0)
(9.56603603152045 -0.11730962584697083 0.0)
(9.242365292964552 -0.11044172107982332 0.0)
(8.828734382222116 -0.10170538574807898 0.0)
(8.324930354413073 -0.09119308469778215 0.0)
(7.729619338721225 -0.07901858099012737 0.0)
(7.0410732936309985 -0.0651084125434942 0.0)
(6.253665247901607 -0.04979358885972621 0.0)
(5.377586596146641 -0.03494866567227723 0.0)
(4.449316274534789 -0.022259530382275183 0.0)
(3.4770409282198953 -0.012093415122157138 0.0)
(2.433452717307799 -0.004899181984502689 0.0)
(1.2798252561085046 -0.0011567545153637496 0.0)
(0.0021442008810574186 -7.99528458542478e-05 0.0)
(-0.0021525381046146323 -7.990407219035969e-05 0.0)
(1.2979301669322023 -0.001156219959911283 0.0)
(2.5443728854985106 -0.004897973950687517 0.0)
(3.723356178019464 -0.012093335368891399 0.0)
(4.79608342525991 -0.02226356311100674 0.0)
(5.734175932971545 -0.034956188200130606 0.0)
(6.545387447344248 -0.04979773924633482 0.0)
(7.268809683498595 -0.06510467652382695 0.0)
(7.914637507645234 -0.07901106912107207 0.0)
(8.475018490229663 -0.09118499766573179 0.0)
(8.94897076353352 -0.10169697381759489 0.0)
(9.335373568633466 -0.11043322480948185 0.0)
(9.633939437920663 -0.11730117940406909 0.0)
(9.844409056976188 -0.12224046917598685 0.0)
(9.96651790850532 -0.1252161060487594 0.0)
(10.000000000000002 -0.1262096392861371 0.0)
(9.944593202605816 -0.12521610604875835 0.0)
(9.800035387468254 -0.1222404691759851 0.0)
(9.566060562079354 -0.11730117940406565 0.0)
(9.242404209144325 -0.11043322480947874 0.0)
(8.828807014244264 -0.1016969738175914 0.0)
(8.324981509770364 -0.09118499766572796 0.0)
(7.729806936799207 -0.07901106912106853 0.0)
(7.042301427612499 -0.06510467652382335 0.0)
(6.2546125526557805 -0.04979773924633053 0.0)
(5.376935178139556 -0.03495618820012663 0.0)
(4.448361019184461 -0.022263563111004636 0.0)
(3.4766438219804923 -0.01209333536889078 0.0)
(2.4334048922792433 -0.0048979739506877255 0.0)
(1.2798476108455616 -0.0011562199599112956 0.0)
(0.0021525381046012945 -7.99040721903607e-05 0.0)
(-0.002168841961786006 -7.98734661688151e-05 0.0)
(1.2978782503108302 -0.001155959820861296 0.0)
(2.5443605172245696 -0.0048979806850803454 0.0)
(3.7236818689902336 -0.012096351648623932 0.0)
(4.797071070275158 -0.022273417348549554 0.0)
(5.735119856884949 -0.03497287326722738 0.0)
(6.544775608160859 -0.0498140194129833 0.0)
(7.267588437159257 -0.06511398373541566 0.0)
(7.914374584009956 -0.07901585628669121 0.0)
(8.47496254307276 -0.09118836028568239 0.0)
(8.948894080676558 -0.10169921933812658 0.0)
(9.335331953997636 -0.11043462076253839 0.0)
(9.633913181336032 -0.11730197261678679 0.0)
(9.844394441323704 -0.12224086457728561 0.0)
(9.966511208741316 -0.1252162692227545 0.0)
(10.000000000000002 -0.12620973024913018 0.0)
(9.94459990236982 -0.1252162692227535 0.0)
(9.800050003120736 -0.12224086457728386 0.0)
(9.566086818663987 -0.11730197261678338 0.0)
(9.242445823780155 -0.11043462076253528 0.0)
(8.828883697101228 -0.1016992193381231 0.0)
(8.325037456927268 -0.09118836028567862 0.0)
(7.730069860434485 -0.07901585628668775 0.0)
(7.0435226739518395 -0.06511398373541213 0.0)
(6.255224391839168 -0.049814019412979096 0.0)
(5.375991254226148 -0.034972873267223474 0.0)
(4.447373374169212 -0.022273417348547507 0.0)
(3.4763181310097218 -0.012096351648623334 0.0)
(2.433417260553184 -0.004897980685080559 0.0)
(1.279899527466934 -0.0011559598208613095 0.0)
(0.0021688419617727443 -7.987346616881611e-05 0.0)
(-0.002192396090927889 -7.986237256220754e-05 0.0)
(1.2977990529265069 -0.0011559855282477214 0.0)
(2.5442884990874624 -0.00489920189178407 0.0)
(3.72392183442695 -0.012102331431542055 0.0)
(4.798047709640203 -0.022288660117735955 0.0)
(5.73631481241478 -0.034997987762247815 0.0)
(6.544526117642644 -0.04984171403893717 0.0)
(7.266427737792023 -0.06513592523641382 0.0)
(7.914047887200913 -0.07903273214768892 0.0)
(8.474904262331966 -0.09120302481026887 0.0)
(8.948816716289231 -0.10171202364561345 0.0)
(9.335289469376717 -0.11044584760337255 0.0)
(9.633886352391967 -0.11731197063281176 0.0)
(9.844379568286557 -0.12224998680442847 0.0)
(9.96650434414889 -0.12522486155649573 0.0)
(10.000000000000002 -0.12621814916372776 0.0)
(9.944606766962249 -0.12522486155649473 0.0)
(9.800064876157885 -0.12224998680442675 0.0)
(9.56611364760805 -0.11731197063280835 0.0)
(9.242488308401075 -0.11044584760336949 0.0)
(8.828961061488554 -0.10171202364561004 0.0)
(8.325095737668063 -0.09120302481026515 0.0)
(7.73039655724353 -0.07903273214768555 0.0)
(7.044683373319076 -0.0651359252364104 0.0)
(6.255473882357382 -0.049841714038933074 0.0)
(5.374796298696313 -0.034997987762244005 0.0)
(4.446396734804165 -0.02228866011773397 0.0)
(3.4760781655730053 -0.01210233143154148 0.0)
(2.433489278690292 -0.00489920189178429 0.0)
(1.2799787248512577 -0.0011559855282477361 0.0)
(0.002192396090914717 -7.986237256220861e-05 0.0)
(-0.0022221655666968478 -7.987127880331611e-05 0.0)
(1.297696054567412 -0.0011562959525350297 0.0)
(2.5441599954323797 -0.004901583913210261 0.0)
(3.724065530687328 -0.012111011976924041 0.0)
(4.798970431608057 -0.022308621679173753 0.0)
(5.737708295401167 -0.03503042820022638 0.0)
(6.544649937946544 -0.049879606272997895 0.0)
(7.265378584403649 -0.06516953695740843 0.0)
(7.913671771678217 -0.0790609552096065 0.0)
(8.474846208756412 -0.0912283469071089 0.0)
(8.948742069621181 -0.10173482414220934 0.0)
(9.335247981467226 -0.11046641204513703 0.0)
(9.633860129903187 -0.11733073415761067 0.0)
(9.844365091358787 -0.12226743504344345 0.0)
(9.966497616345668 -0.1252415055185577 0.0)
(10.000000000000002 -0.1262345261182245 0.0)
(9.94461349476547 -0.1252415055185567 0.0)
(9.800079353085655 -0.12226743504344176 0.0)
(9.56613987009683 -0.11733073415760731 0.0)
(9.242529796310565 -0.11046641204513404 0.0)
(8.829035708156605 -0.10173482414220601 0.0)
(8.325153791243617 -0.0912283469071053 0.0)
(7.730772672766227 -0.07906095520960321 0.0)
(7.045732526707453 -0.06516953695740513 0.0)
(6.2553500620534805 -0.04987960627299394 0.0)
(5.373402815709921 -0.03503042820022268 0.0)
(4.445474012836309 -0.02230862167917183 0.0)
(3.4759344693126275 -0.012111011976923502 0.0)
(2.433617782345375 -0.004901583913210493 0.0)
(1.280081723210353 -0.0011562959525350462 0.0)
(0.002222165566683777 -7.987127880331729e-05 0.0)
(-0.0022568423727893114 -7.989979356820007e-05 0.0)
(1.297573780793014 -0.0011568774542479422 0.0)
(2.5439806524748345 -0.004905022087695239 0.0)
(3.724106644020571 -0.01212201187748642 0.0)
(4.799798693463525 -0.022332424958372003 0.0)
(5.739239078750992 -0.03506876920766641 0.0)
(6.545141628634927 -0.04992603119972276 0.0)
(7.264487074874648 -0.06521334206086987 0.0)
(7.913262763269853 -0.07909928540273588 0.0)
(8.474790933113999 -0.09126321396959283 0.0)
(8.948673420510444 -0.10176661901580618 0.0)
(9.33520931317201 -0.11049541052388227 0.0)
(9.633835666037879 -0.11735743875623078 0.0)
(9.844351646630114 -0.12229244265062883 0.0)
(9.96649132093902 -0.12526546980369666 0.0)
(10.000000000000002 -0.1262581415392005 0.0)
(9.944619790172117 -0.12526546980369566 0.0)
(9.800092797814326 -0.12229244265062719 0.0)
(9.566164333962138 -0.11735743875622745 0.0)
(9.242568464605782 -0.11049541052387933 0.0)
(8.829104357267342 -0.10176661901580293 0.0)
(8.32520906688603 -0.09126321396958931 0.0)
(7.731181681174592 -0.07909928540273273 0.0)
(7.046624036236455 -0.06521334206086671 0.0)
(6.254858371365094 -0.049926031199718945 0.0)
(5.371872032360092 -0.03506876920766284 0.0)
(4.44464575098084 -0.022332424958370158 0.0)
(3.4758933559793848 -0.01212201187748592 0.0)
(2.433797125302921 -0.004905022087695482 0.0)
(1.2802039969847512 -0.0011568774542479608 0.0)
(0.002256842372776348 -7.989979356820139e-05 0.0)
)
