(
(-0.010965264928513683 -7.31978118042909e-05 0.0)
(1.2667423320214637 -0.0010974251357953122 0.0)
(2.488827452016615 -0.004878592406399555 0.0)
(3.6522894573411593 -0.01268793251158421 0.0)
(4.718309579428476 -0.02447522358720964 0.0)
(5.654311248443123 -0.03964670604067545 0.0)
(6.470368126983872 -0.05710045288781287 0.0)
(7.205580066154081 -0.07454429903127152 0.0)
(7.8632352188587165 -0.09019605766071877 0.0)
(8.433213156414414 -0.10393114760493531 0.0)
(8.915540956899102 -0.11580463239111434 0.0)
(9.309498709174308 -0.12567252028420273 0.0)
(9.615049277472187 -0.13343012649853628 0.0)
(9.832052294923615 -0.13900922458416334 0.0)
(9.960413979580633 -0.14237015344413861 0.0)
(10.000000000000004 -0.1434923840842318 0.0)
(9.950697131530504 -0.1423701534441381 0.0)
(9.81239214952083 -0.13900922458416262 0.0)
(9.58495072252783 -0.13343012649853392 0.0)
(9.268279068603482 -0.12567252028420142 0.0)
(8.862236820878685 -0.11580463239111288 0.0)
(8.366786843585611 -0.10393114760493409 0.0)
(7.781209225585723 -0.09019605766071827 0.0)
(7.105531044957013 -0.07454429903127051 0.0)
(6.329631873016157 -0.057100452887810946 0.0)
(5.456799862667974 -0.03964670604067384 0.0)
(4.526134865015892 -0.024475223587208945 0.0)
(3.547710542658791 -0.012687932511584133 0.0)
(2.4889503257611385 -0.004878592406399944 0.0)
(1.3110354457563047 -0.0010974251357954033 0.0)
(0.010965264928499483 -7.319781180429934e-05 0.0)
(-0.010975446638687969 -7.315668887094473e-05 0.0)
(1.266712696831928 -0.0010969958700385773 0.0)
(2.4888557096727935 -0.004877791605103723 0.0)
(3.6526460532061114 -0.012688738261704026 0.0)
(4.719225516711043 -0.02448070880326164 0.0)
(5.655012843265899 -0.03965645493069252 0.0)
(6.469564465909631 -0.05710784576893705 0.0)
(7.204416298437022 -0.07454446630168976 0.0)
(7.8630357077897495 -0.09019242906923187 0.0)
(8.43316323617961 -0.10392673125421738 0.0)
(8.91547086225111 -0.11579968210881832 0.0)
(9.309461002187982 -0.12566727208477835 0.0)
(9.61502550198247 -0.13342473980645028 0.0)
(9.832039019687429 -0.13900378951744188 0.0)
(9.96040792538597 -0.1423647025246882 0.0)
(10.000000000000004 -0.14348693398247783 0.0)
(9.950703185725168 -0.14236470252468772 0.0)
(9.812405424757017 -0.13900378951744116 0.0)
(9.584974498017548 -0.13342473980644798 0.0)
(9.268316775589808 -0.12566727208477704 0.0)
(8.862306915526679 -0.11579968210881686 0.0)
(8.366836763820416 -0.10392673125421618 0.0)
(7.781408736654691 -0.09019242906923143 0.0)
(7.106694812674076 -0.0745444663016888 0.0)
(6.330435534090398 -0.0571078457689352 0.0)
(5.456098267845195 -0.039656454930690976 0.0)
(4.525218927733323 -0.02448070880326099 0.0)
(3.5473539467938386 -0.012688738261703964 0.0)
(2.4889220681049604 -0.0048777916051041155 0.0)
(1.3110650809458406 -0.0010969958700386684 0.0)
(0.010975446638673827 -7.315668887095315e-05 0.0)
(-0.010992986222369385 -7.31331932864178e-05 0.0)
(1.2666556513327294 -0.0010968303308969915 0.0)
(2.488826987355473 -0.0048781437615997856 0.0)
(3.652930788455581 -0.012692444994022221 0.0)
(4.720159843048043 -0.024491596449013817 0.0)
(5.655980272986762 -0.0396746920634449 0.0)
(6.46908687805723 -0.05712654842384395 0.0)
(7.203274345368853 -0.07455689760887887 0.0)
(7.862767987692655 -0.09020041467569632 0.0)
(8.4331094674937 -0.10393314069869893 0.0)
(8.915397881856057 -0.11580481964912655 0.0)
(9.309421254434348 -0.1256713959914803 0.0)
(9.615000416624417 -0.13342811335160856 0.0)
(9.832025073423706 -0.13900664938345333 0.0)
(9.960401519130736 -0.1423672572170656 0.0)
(10.000000000000004 -0.14348939131882613 0.0)
(9.9507095919804 -0.14236725721706509 0.0)
(9.81241937102074 -0.13900664938345267 0.0)
(9.5849995833756 -0.13342811335160626 0.0)
(9.268356523343442 -0.12567139599147906 0.0)
(8.862379895921732 -0.11580481964912515 0.0)
(8.366890532506327 -0.10393314069869779 0.0)
(7.781676456751787 -0.09020041467569594 0.0)
(7.107836765742247 -0.074556897608878 0.0)
(6.330913121942799 -0.05712654842384218 0.0)
(5.4551308381243295 -0.03967469206344344 0.0)
(4.524284601396322 -0.02449159644901322 0.0)
(3.5470692115443683 -0.01269244499402218 0.0)
(2.488950790422281 -0.004878143761600184 0.0)
(1.3111221264450394 -0.0010968303308970834 0.0)
(0.01099298622235532 -7.313319328642622e-05 0.0)
(-0.011017113022338728 -7.312835740371029e-05 0.0)
(1.266573701998741 -0.0010969357918575908 0.0)
(2.4887425470707307 -0.004879633402775555 0.0)
(3.6531311523436147 -0.012698889841502007 0.0)
(4.721071505849529 -0.024507408141230203 0.0)
(5.657171030513639 -0.039700616132683345 0.0)
(6.468956347763183 -0.057155739092092504 0.0)
(7.2022043822782456 -0.07458104674394334 0.0)
(7.862443821698718 -0.09021966360717328 0.0)
(8.433054212854376 -0.10395009431911516 0.0)
(8.915325222338986 -0.11581981927791678 0.0)
(9.309381212356984 -0.12568471080739274 0.0)
(9.614975123602768 -0.13344009890660855 0.0)
(9.83201106890576 -0.13901767852491723 0.0)
(9.960395042294067 -0.14237770527276133 0.0)
(10.000000000000004 -0.1434996481224132 0.0)
(9.950716068817071 -0.14237770527276086 0.0)
(9.812433375538685 -0.13901767852491656 0.0)
(9.58502487639725 -0.13344009890660624 0.0)
(9.268396565420806 -0.1256847108073915 0.0)
(8.862452555438802 -0.11581981927791543 0.0)
(8.36694578714565 -0.1039500943191141 0.0)
(7.782000622745724 -0.09021966360717297 0.0)
(7.1089067288328565 -0.07458104674394257 0.0)
(6.331043652236844 -0.057155739092090846 0.0)
(5.453940080597448 -0.039700616132681985 0.0)
(4.523372938594833 -0.02450740814122966 0.0)
(3.5468688476563344 -0.012698889841501993 0.0)
(2.489035230707024 -0.004879633402775961 0.0)
(1.311204075779028 -0.0010969357918576836 0.0)
(0.011017113022324753 -7.312835740371876e-05 0.0)
(-0.011046766951144081 -7.314239370266133e-05 0.0)
(1.2664704495337762 -0.0010973076191587016 0.0)
(2.4886060989701986 -0.004882195076522993 0.0)
(3.6532383412475284 -0.012707789629335638 0.0)
(4.721920448319844 -0.024527449143081484 0.0)
(5.658532796139229 -0.039733088082232276 0.0)
(6.469178610289811 -0.057194135189122676 0.0)
(7.201253421385959 -0.07461585263806808 0.0)
(7.862077453068667 -0.0902493301008286 0.0)
(8.432999900049406 -0.10397684720440077 0.0)
(8.915256076226152 -0.11584402193894101 0.0)
(9.309342635331516 -0.12570663150386308 0.0)
(9.614950734246623 -0.13346016984809042 0.0)
(9.831997621466492 -0.13903639234153484 0.0)
(9.960388779456315 -0.14239558762332238 0.0)
(10.000000000000004 -0.1435172537280536 0.0)
(9.950722331654822 -0.14239558762332197 0.0)
(9.812446822977954 -0.13903639234153417 0.0)
(9.585049265753396 -0.13346016984808823 0.0)
(9.268435142446274 -0.12570663150386194 0.0)
(8.862521701551636 -0.11584402193893972 0.0)
(8.367000099950621 -0.1039768472043998 0.0)
(7.782366991375776 -0.09024933010082838 0.0)
(7.109857689725145 -0.07461585263806743 0.0)
(6.330821389710215 -0.05719413518912114 0.0)
(5.452578314971853 -0.03973308808223101 0.0)
(4.522523996124515 -0.024527449143081005 0.0)
(3.546761658752421 -0.012707789629335655 0.0)
(2.4891716788075566 -0.00488219507652341 0.0)
(1.3113073282439933 -0.0010973076191587966 0.0)
(0.011046766951130204 -7.314239370266991e-05 0.0)
(-0.011080645069404071 -7.317468545397372e-05 0.0)
(1.2663504306622504 -0.001097929475388952 0.0)
(2.48842363833379 -0.004885716227584084 0.0)
(3.65324764548298 -0.012718753317127405 0.0)
(4.722669369479941 -0.024550838889610287 0.0)
(5.660005736373225 -0.03977068115403423 0.0)
(6.469743899828311 -0.057240049660674634 0.0)
(7.200463246173866 -0.0746597859839408 0.0)
(7.861684979369856 -0.09028811066520435 0.0)
(8.432948915484076 -0.10401222388171931 0.0)
(8.915193481671254 -0.11587636421155136 0.0)
(9.309307218361868 -0.1257361949255913 0.0)
(9.61492832017967 -0.13348744429560436 0.0)
(9.83198532196178 -0.13906196858243988 0.0)
(9.960383005795116 -0.1424201185509799 0.0)
(10.000000000000004 -0.14354143457764415 0.0)
(9.95072810531602 -0.1424201185509795 0.0)
(9.812459122482666 -0.13906196858243927 0.0)
(9.585071679820349 -0.13348744429560216 0.0)
(9.268470559415922 -0.12573619492559016 0.0)
(8.862584296106535 -0.11587636421155018 0.0)
(8.36705108451595 -0.10401222388171845 0.0)
(7.782759465074588 -0.09028811066520424 0.0)
(7.110647864937238 -0.07465978598394028 0.0)
(6.330256100171711 -0.05724004966067324 0.0)
(5.451105374737854 -0.039770681154033094 0.0)
(4.521775074964418 -0.024550838889609884 0.0)
(3.54675235451697 -0.012718753317127457 0.0)
(2.4893541394439658 -0.004885716227584514 0.0)
(1.3114273471155193 -0.0010979294753890496 0.0)
(0.011080645069390294 -7.317468545398243e-05 0.0)
(-0.01111725883458061 -7.322381381717087e-05 0.0)
(1.2662189187938102 -0.0010987740373232392 0.0)
(2.488203182148066 -0.00489004214302297 0.0)
(3.653158656238885 -0.012731299180493238 0.0)
(4.723285363104155 -0.024576549678144474 0.0)
(5.6615251329164105 -0.03981174357728885 0.0)
(6.470627378590531 -0.05729146510886655 0.0)
(7.199868575495203 -0.07471091643071764 0.0)
(7.861283645178599 -0.09033430135324892 0.0)
(8.432903499326914 -0.10405466996458924 0.0)
(8.91514018896452 -0.11591542503545783 0.0)
(9.309276517604891 -0.1257721021099113 0.0)
(9.614908866235007 -0.1335207238598237 0.0)
(9.831974710809359 -0.1390932834743975 0.0)
(9.960377974994579 -0.1424502202116507 0.0)
(10.000000000000004 -0.14357112820889137 0.0)
(9.950733136116558 -0.1424502202116503 0.0)
(9.812469733635087 -0.1390932834743969 0.0)
(9.585091133765012 -0.13352072385982156 0.0)
(9.268501260172897 -0.12577210210991027 0.0)
(8.86263758881327 -0.11591542503545674 0.0)
(8.367096500673112 -0.10405466996458847 0.0)
(7.783160799265847 -0.09033430135324895 0.0)
(7.1112425356159035 -0.07471091643071727 0.0)
(6.3293726214094885 -0.05729146510886529 0.0)
(5.449585978194664 -0.03981174357728781 0.0)
(4.521159081340202 -0.02457654967814414 0.0)
(3.5468413437610655 -0.012731299180493328 0.0)
(2.4895745956296906 -0.0048900421430234115 0.0)
(1.31155885898396 -0.0010987740373233394 0.0)
(0.011117258834566936 -7.322381381717977e-05 0.0)
(-0.01115499950481484 -7.328762018185169e-05 0.0)
(1.2660816923193607 -0.0010998041964552518 0.0)
(2.487954416854514 -0.0048949827500293025 0.0)
(3.6529752835398286 -0.012744875977148852 0.0)
(4.723741363559569 -0.024603451823672406 0.0)
(5.663024226264337 -0.03985447114423987 0.0)
(6.471790228135935 -0.057346122432966766 0.0)
(7.199495538091669 -0.07476699740010775 0.0)
(7.860891084385039 -0.09038587263063312 0.0)
(8.432865647080778 -0.10410232044978214 0.0)
(8.915098539689986 -0.11595948814951774 0.0)
(9.309251881995685 -0.12581277536083452 0.0)
(9.614893227183373 -0.13355854629757993 0.0)
(9.831966254243856 -0.13912896109834402 0.0)
(9.960373908098875 -0.14248456999343434 0.0)
(10.000000000000004 -0.1436050299379613 0.0)
(9.950737203012261 -0.14248456999343392 0.0)
(9.81247819020059 -0.13912896109834347 0.0)
(9.585106772816646 -0.13355854629757785 0.0)
(9.268525895782105 -0.1258127753608336 0.0)
(8.862679238087802 -0.11595948814951673 0.0)
(8.367134352919248 -0.10410232044978147 0.0)
(7.783553360059408 -0.09038587263063329 0.0)
(7.111615573019437 -0.07476699740010752 0.0)
(6.3282097718640795 -0.05734612243296566 0.0)
(5.448086884846734 -0.03985447114423896 0.0)
(4.520703080884789 -0.024603451823672143 0.0)
(3.5470247164601227 -0.012744875977148977 0.0)
(2.4898233609232436 -0.00489498275002976 0.0)
(1.3116960854584097 -0.0010998041964553555 0.0)
(0.011154999504801264 -7.328762018186081e-05 0.0)
(-0.011192208824101267 -7.336330101308259e-05 0.0)
(1.2659447807191406 -0.0011009746894773533 0.0)
(2.4876882727450296 -0.00490032096736981 0.0)
(3.652705584446736 -0.012758887167487245 0.0)
(4.724017335020399 -0.024630363295135668 0.0)
(5.664437148997811 -0.03989698648376337 0.0)
(6.4731813549828745 -0.057401620090147064 0.0)
(7.199360524544323 -0.07482556479691335 0.0)
(7.860524545392277 -0.09044055854977566 0.0)
(8.432837021904117 -0.10415308166215274 0.0)
(8.91507036384058 -0.1160066175011105 0.0)
(9.309234393977846 -0.12585642757012494 0.0)
(9.614882090176083 -0.13359924976015217 0.0)
(9.831960323831286 -0.13916743384475358 0.0)
(9.960370983799963 -0.14252165862976035 0.0)
(10.000000000000004 -0.14364165018489997 0.0)
(9.950740127311173 -0.14252165862976 0.0)
(9.81248412061316 -0.13916743384475302 0.0)
(9.585117909823934 -0.13359924976015014 0.0)
(9.268543383799944 -0.12585642757012408 0.0)
(8.862707413937207 -0.11600661750110958 0.0)
(8.36716297809591 -0.10415308166215222 0.0)
(7.7839198990521705 -0.09044055854977594 0.0)
(7.111750586566782 -0.07482556479691328 0.0)
(6.326818645017136 -0.0574016200901461 0.0)
(5.446673962113257 -0.03989698648376257 0.0)
(4.5204271094239585 -0.02463036329513548 0.0)
(3.5472944155532162 -0.012758887167487408 0.0)
(2.4900895050327283 -0.004900320967370281 0.0)
(1.3118329970586302 -0.00110097468947746 0.0)
(0.011192208824087781 -7.336330101309193e-05 0.0)
(-0.011227251883022977 -7.344753103359339e-05 0.0)
(1.2658141996383905 -0.001102234087067508 0.0)
(2.4874164437048867 -0.004905822243540542 0.0)
(3.652361409044357 -0.012772717125437696 0.0)
(4.724101151805534 -0.024656101651711324 0.0)
(5.665701819876791 -0.039937421549620294 0.0)
(6.474739635562687 -0.05745551961488105 0.0)
(7.199469467101436 -0.07488404527686485 0.0)
(7.860200133253089 -0.09049595631143446 0.0)
(8.432818881534823 -0.10420472324689452 0.0)
(8.915056899411583 -0.11605474231274783 0.0)
(9.309224821942884 -0.12590114073956582 0.0)
(9.614875944552868 -0.13364104581185995 0.0)
(9.83195718014313 -0.13920701129153282 0.0)
(9.960369330586188 -0.14255985651380038 0.0)
(10.000000000000004 -0.14367937992305177 0.0)
(9.95074178052495 -0.14255985651380002 0.0)
(9.812487264301316 -0.13920701129153237 0.0)
(9.585124055447151 -0.13364104581185798 0.0)
(9.268552955834906 -0.12590114073956502 0.0)
(8.862720878366206 -0.11605474231274698 0.0)
(8.367181118465204 -0.10420472324689407 0.0)
(7.784244311191358 -0.09049595631143485 0.0)
(7.1116416440096675 -0.07488404527686489 0.0)
(6.325260364437319 -0.0574555196148802 0.0)
(5.445409291234275 -0.03993742154961957 0.0)
(4.520343292638825 -0.024656101651711185 0.0)
(3.547638590955596 -0.01277271712543789 0.0)
(2.490361334072872 -0.0049058222435410265 0.0)
(1.3119635781393806 -0.0011022340870676182 0.0)
(0.011227251883009567 -7.344753103360297e-05 0.0)
(-0.01125858895368041 -7.353660933037737e-05 0.0)
(1.2656956865709075 -0.001103527053599608 0.0)
(2.4871508734048122 -0.004911244862530857 0.0)
(3.6519578797702215 -0.012785758187949059 0.0)
(4.7239891311587705 -0.024679535997098413 0.0)
(5.666762671576505 -0.039973999698990736 0.0)
(6.476396601877491 -0.05750545276065829 0.0)
(7.199817579026353 -0.07493986931466015 0.0)
(7.859932102043378 -0.0905496318393096 0.0)
(8.432812023027536 -0.10425497616724948 0.0)
(8.915058738005369 -0.1161017480682482 0.0)
(9.309223586468505 -0.12594495025429236 0.0)
(9.614875060341163 -0.13368209801065492 0.0)
(9.831956961307293 -0.13924595447807522 0.0)
(9.960369021096735 -0.14259748530041066 0.0)
(10.000000000000004 -0.14371656137674702 0.0)
(9.950742090014401 -0.1425974853004103 0.0)
(9.812487483137152 -0.13924595447807478 0.0)
(9.585124939658856 -0.133682098010653 0.0)
(9.268554191309285 -0.12594495025429162 0.0)
(8.86271903977242 -0.11610174806824744 0.0)
(8.36718797697249 -0.10425497616724912 0.0)
(7.7845123424010705 -0.0905496318393101 0.0)
(7.111293532084749 -0.0749398693146603 0.0)
(6.32360339812251 -0.05750545276065755 0.0)
(5.444348439534559 -0.039973999698990084 0.0)
(4.520455313285588 -0.02467953599709833 0.0)
(3.548042120229733 -0.01278575818794928 0.0)
(2.4906269043729474 -0.004911244862531354 0.0)
(1.3120820912068638 -0.0011035270535997212 0.0)
(0.01125858895366706 -7.35366093303872e-05 0.0)
(-0.011284843142518429 -7.362662196603796e-05 0.0)
(1.2655944487640634 -0.0011047967784896483 0.0)
(2.4869032305179437 -0.004916350564382724 0.0)
(3.651512726962399 -0.012797437354592529 0.0)
(4.7236861950623945 -0.024699636669032562 0.0)
(5.667573092214042 -0.04000511375490921 0.0)
(6.478079449858747 -0.057549225556403454 0.0)
(7.200389564917947 -0.07499058410420575 0.0)
(7.859732228564147 -0.09059922672890282 0.0)
(8.43281674773252 -0.10430163240183239 0.0)
(8.91507579883749 -0.11614556942070957 0.0)
(9.309230741839194 -0.12598593120437468 0.0)
(9.614879476391616 -0.1337206025980249 0.0)
(9.831959676939022 -0.13928255231200862 0.0)
(9.960370068930008 -0.14263289164954757 0.0)
(10.000000000000004 -0.14375156086093174 0.0)
(9.950741042181129 -0.1426328916495472 0.0)
(9.812484767505424 -0.13928255231200823 0.0)
(9.585120523608403 -0.133720602598023 0.0)
(9.268547035938596 -0.12598593120437399 0.0)
(8.862701978940297 -0.11614556942070886 0.0)
(8.367183252267507 -0.10430163240183209 0.0)
(7.784712215880301 -0.09059922672890343 0.0)
(7.110721546193153 -0.07499058410420602 0.0)
(6.32192055014125 -0.05754922555640278 0.0)
(5.443538018897021 -0.04000511375490862 0.0)
(4.520758249381966 -0.024699636669032514 0.0)
(3.548487273037557 -0.012797437354592775 0.0)
(2.490874547259816 -0.004916350564383231 0.0)
(1.3121833290137084 -0.001104796778489764 0.0)
(0.011284843142505123 -7.3626621966048e-05 0.0)
(-0.011304860888510177 -7.371361395003768e-05 0.0)
(1.265514934421881 -0.001105987472348856 0.0)
(2.486684396019681 -0.0049209150138973855 0.0)
(3.651045509820881 -0.012807241464152226 0.0)
(4.723205653974274 -0.024715520480762122 0.0)
(5.66809747338921 -0.04002939662268021 0.0)
(6.479714238244843 -0.057584914705551556 0.0)
(7.201160292762557 -0.07503396133042908 0.0)
(7.859609294890417 -0.09064256187149673 0.0)
(8.43283284805488 -0.1043426419610508 0.0)
(8.915107332286196 -0.11618428094007364 0.0)
(9.309245973661051 -0.12602228296183876 0.0)
(9.614888998671049 -0.13375486775284298 0.0)
(9.831965207718428 -0.13931519675146384 0.0)
(9.96037242804613 -0.14266451987100404 0.0)
(10.000000000000004 -0.1437828405623007 0.0)
(9.950738683065008 -0.14266451987100373 0.0)
(9.812479236726018 -0.13931519675146345 0.0)
(9.585111001328968 -0.13375486775284112 0.0)
(9.268531804116739 -0.12602228296183807 0.0)
(8.862670445491592 -0.11618428094007302 0.0)
(8.367167151945145 -0.10434264196105057 0.0)
(7.7848351495540316 -0.0906425618714974 0.0)
(7.10995081834854 -0.07503396133042943 0.0)
(6.3202857617551516 -0.05758491470555094 0.0)
(5.443013637721853 -0.04002939662267964 0.0)
(4.521238790470089 -0.024715520480762095 0.0)
(3.5489544901790766 -0.012807241464152486 0.0)
(2.4910933817580796 -0.004920915013897902 0.0)
(1.3122628433558905 -0.0011059874723489745 0.0)
(0.011304860888496892 -7.371361395004791e-05 0.0)
(-0.011317762648518205 -7.379376301374696e-05 0.0)
(1.2654606372590893 -0.0011070468182673703 0.0)
(2.4865039850975306 -0.004924737657513595 0.0)
(3.6505767570121157 -0.01281473974199021 0.0)
(4.722568621990694 -0.02472648952665831 0.0)
(5.6683127747525015 -0.040045781357518115 0.0)
(6.481229137424854 -0.057610952092180485 0.0)
(7.202095898188699 -0.07506809507736631 0.0)
(7.8595687025029095 -0.0906777332002051 0.0)
(8.432859616575909 -0.10437620295989757 0.0)
(8.91515195282944 -0.11621618171300034 0.0)
(9.309268612675691 -0.12605240829696518 0.0)
(9.614903208787924 -0.13378338792689284 0.0)
(9.83197331063318 -0.1393424534594925 0.0)
(9.960375994789851 -0.1426909802785915 0.0)
(10.000000000000004 -0.14380902610800037 0.0)
(9.950735116321285 -0.1426909802785912 0.0)
(9.812471133811266 -0.13934245345949212 0.0)
(9.585096791212095 -0.13378338792689098 0.0)
(9.268509165102099 -0.12605240829696454 0.0)
(8.862625824948347 -0.11621618171299974 0.0)
(8.367140383424116 -0.10437620295989737 0.0)
(7.784875741941538 -0.09067773320020582 0.0)
(7.109015212922394 -0.07506809507736668 0.0)
(6.318770862575137 -0.057610952092179896 0.0)
(5.442798336358563 -0.04004578135751756 0.0)
(4.52187582245367 -0.024726489526658284 0.0)
(3.5494232429878427 -0.01281473974199048 0.0)
(2.49127379268023 -0.004924737657514116 0.0)
(1.3123171405186824 -0.0011070468182674909 0.0)
(0.01131776264850492 -7.379376301375735e-05 0.0)
(-0.011322981542810863 -7.386354755393493e-05 0.0)
(1.2654339429936867 -0.001107928270523551 0.0)
(2.48636992467736 -0.004927650535264183 0.0)
(3.650127064676962 -0.012819602727495988 0.0)
(4.7218030891315985 -0.02473206184691175 0.0)
(5.668209536355895 -0.04005354804414919 0.0)
(6.482557585500239 -0.057626193681155825 0.0)
(7.203155272405592 -0.07509148557062292 0.0)
(7.859612234956872 -0.09070319535118866 0.0)
(8.432895877135763 -0.10440084078948146 0.0)
(8.915207699922181 -0.11623987007788804 0.0)
(9.309297664166225 -0.12607498355764135 0.0)
(9.614921482375701 -0.13380490999590286 0.0)
(9.831983629656028 -0.13936312482620863 0.0)
(9.96038061244498 -0.1427111102504085 0.0)
(10.000000000000004 -0.14382896695305772 0.0)
(9.950730498666157 -0.1427111102504082 0.0)
(9.81246081478842 -0.13936312482620825 0.0)
(9.585078517624316 -0.13380490999590106 0.0)
(9.268480113611563 -0.1260749835576407 0.0)
(8.862570077855606 -0.11623987007788744 0.0)
(8.367104122864264 -0.1044008407894813 0.0)
(7.784832209487576 -0.09070319535118938 0.0)
(7.107955838705499 -0.0750914855706233 0.0)
(6.317442414499749 -0.05762619368115522 0.0)
(5.442901574755171 -0.04005354804414861 0.0)
(4.522641355312769 -0.024732061846911714 0.0)
(3.5498729353229974 -0.012819602727496259 0.0)
(2.4914078531004007 -0.004927650535264708 0.0)
(1.3123438347840848 -0.001107928270523673 0.0)
(0.011322981542797554 -7.386354755394546e-05 0.0)
(-0.011320288262720626 -7.391990136557297e-05 0.0)
(1.2654360245228597 -0.0011085930997178325 0.0)
(2.4862881051287746 -0.00492952566062975 0.0)
(3.6497161914739373 -0.01282161674998302 0.0)
(4.720942691510312 -0.02473199260396477 0.0)
(5.667792294305669 -0.04005235542857161 0.0)
(6.483641212892896 -0.05762996978494169 0.0)
(7.204291868448213 -0.07510310507471693 0.0)
(7.8597379795159155 -0.09071782956411482 0.0)
(8.432940036511777 -0.10441547290864418 0.0)
(8.915272124139154 -0.11625430521132023 0.0)
(9.309331851663313 -0.12608901682821338 0.0)
(9.614943016526366 -0.13381848831953427 0.0)
(9.831995711387986 -0.13937630258957587 0.0)
(9.960386078120198 -0.1427240253123202 0.0)
(10.000000000000004 -0.14384178693322167 0.0)
(9.950725032990938 -0.14272402531231984 0.0)
(9.81244873305646 -0.13937630258957548 0.0)
(9.585056983473653 -0.13381848831953247 0.0)
(9.268445926114477 -0.12608901682821275 0.0)
(8.862505653638634 -0.11625430521131963 0.0)
(8.367059963488249 -0.10441547290864399 0.0)
(7.784706464928532 -0.09071782956411555 0.0)
(7.1068192426628745 -0.07510310507471728 0.0)
(6.316358787107092 -0.05762996978494106 0.0)
(5.443318816805399 -0.040052355428570996 0.0)
(4.523501752934058 -0.024731992603964706 0.0)
(3.5502838085260224 -0.012821616749983283 0.0)
(2.491489672648986 -0.004929525660630273 0.0)
(1.3123417532549118 -0.0011085930997179548 0.0)
(0.011320288262707279 -7.391990136558358e-05 0.0)
(-0.011309801146047448 -7.396034836527409e-05 0.0)
(1.2654667903880243 -0.0011090120944716884 0.0)
(2.4862621214530547 -0.004930280644032176 0.0)
(3.6493621904199114 -0.012820693316987776 0.0)
(4.720025233424262 -0.024726284840225786 0.0)
(5.6670793814541875 -0.040042255912132035 0.0)
(6.4844324069976285 -0.05762211448844592 0.0)
(7.2054557463657956 -0.07510244304989569 0.0)
(7.8599404111941595 -0.09072099283844022 0.0)
(8.43299015442176 -0.10441945640883844 0.0)
(8.915342394798122 -0.11625885285994221 0.0)
(9.30936967303087 -0.12609389151244543 0.0)
(9.614966865068732 -0.13382352629108754 0.0)
(9.832009024979858 -0.13938140774277988 0.0)
(9.960392151663735 -0.14272915800013353 0.0)
(10.000000000000004 -0.1438469227620174 0.0)
(9.950718959447402 -0.14272915800013317 0.0)
(9.81243541946459 -0.13938140774277943 0.0)
(9.585033134931287 -0.13382352629108574 0.0)
(9.26840810474692 -0.1260938915124448 0.0)
(8.862435382979665 -0.11625885285994159 0.0)
(8.367009845578266 -0.10441945640883825 0.0)
(7.784504033250286 -0.09072099283844091 0.0)
(7.10565536474529 -0.07510244304989601 0.0)
(6.315567593002359 -0.05762211448844522 0.0)
(5.444031729656884 -0.040042255912131355 0.0)
(4.524419211020111 -0.02472628484022569 0.0)
(3.5506378095800493 -0.012820693316988022 0.0)
(2.491515656324706 -0.004930280644032697 0.0)
(1.312310987389747 -0.0011090120944718107 0.0)
(0.011309801146034039 -7.396034836528473e-05 0.0)
(-0.011291980977512309 -7.398311138586711e-05 0.0)
(1.26552488879335 -0.0011091668449221637 0.0)
(2.486293115325376 -0.0049298823128819625 0.0)
(3.649080615673572 -0.012816873002466688 0.0)
(4.719091026303305 -0.024715189344391444 0.0)
(5.666102121887907 -0.04002369324910626 0.0)
(6.4848964041929245 -0.057602972939025686 0.0)
(7.206595767491894 -0.07508952858431875 0.0)
(7.860210635514001 -0.09071254618567799 0.0)
(8.43304402877643 -0.1044126162623533 0.0)
(8.915415424334888 -0.11625331320839326 0.0)
(9.309409466467203 -0.1260893934256304 0.0)
(9.614991980141479 -0.1338198025513094 0.0)
(9.832022985456769 -0.13937821597472846 0.0)
(9.960398566215199 -0.14272628279293598 0.0)
(10.000000000000004 -0.14384414878052335 0.0)
(9.95071254489594 -0.14272628279293567 0.0)
(9.812421458987677 -0.13937821597472808 0.0)
(9.58500801985854 -0.13381980255130754 0.0)
(9.268368311310587 -0.12608939342562972 0.0)
(8.862362353442899 -0.11625331320839258 0.0)
(8.366955971223595 -0.10441261626235306 0.0)
(7.784233808930444 -0.0907125461856786 0.0)
(7.104515343619188 -0.07508952858431898 0.0)
(6.315103595807062 -0.05760297293902489 0.0)
(5.445008989223168 -0.0400236932491055 0.0)
(4.525353418141069 -0.024715189344391292 0.0)
(3.5509193843263893 -0.012816873002466917 0.0)
(2.4914846624523843 -0.004929882312882477 0.0)
(1.3122528889844212 -0.0011091668449222855 0.0)
(0.011291980977498823 -7.398311138587775e-05 0.0)
(-0.011267610742719565 -7.398719026187094e-05 0.0)
(1.2656077670011945 -0.001109050551617573 0.0)
(2.4863797249316892 -0.004928348169121123 0.0)
(3.6488838391141454 -0.012810323664050752 0.0)
(4.718181117499255 -0.024699193632250052 0.0)
(5.664903454604325 -0.03999748304894822 0.0)
(6.485012817290882 -0.05757338618134402 0.0)
(7.207661841383837 -0.0750649291159772 0.0)
(7.860536779313187 -0.0906928607362978 0.0)
(8.43309929243521 -0.10439525301271167 0.0)
(8.91548800396521 -0.11623792965882788 0.0)
(9.309449483521517 -0.12607572020547392 0.0)
(9.615017258234255 -0.13380748071451318 0.0)
(9.832036979420906 -0.13936686752587077 0.0)
(9.960405039930933 -0.14271552602207183 0.0)
(10.000000000000004 -0.1438335868724114 0.0)
(9.950706071180205 -0.14271552602207146 0.0)
(9.81240746502354 -0.13936686752587032 0.0)
(9.584982741765764 -0.13380748071451126 0.0)
(9.268328294256273 -0.12607572020547317 0.0)
(8.862289773812577 -0.11623792965882715 0.0)
(8.366900707564815 -0.10439525301271134 0.0)
(7.783907665131258 -0.09069286073629836 0.0)
(7.103449269727243 -0.07506492911597733 0.0)
(6.314987182709106 -0.05757338618134311 0.0)
(5.446207656506754 -0.03999748304894736 0.0)
(4.526263326945122 -0.024699193632249844 0.0)
(3.5511161608858157 -0.012810323664050953 0.0)
(2.4913980528460704 -0.004928348169121631 0.0)
(1.3121700107765764 -0.001109050551617693 0.0)
(0.01126761074270599 -7.398719026188152e-05 0.0)
(-0.011237761225201924 -7.397240577493607e-05 0.0)
(1.2657117834947265 -0.0011086683242729665 0.0)
(2.4865181448043416 -0.004925745620219872 0.0)
(3.6487805067436616 -0.012801333067688289 0.0)
(4.717335486740329 -0.024679000526129778 0.0)
(5.6635360468509806 -0.039964776939902635 0.0)
(6.484776531312948 -0.057534654203406026 0.0)
(7.208607126705141 -0.07502972550050652 0.0)
(7.860904512429845 -0.09066280143293194 0.0)
(8.43315351721403 -0.10436812956933757 0.0)
(8.915556944672915 -0.1162133781362706 0.0)
(9.309487965917656 -0.12605347262825517 0.0)
(9.615041588673911 -0.13378710217966563 0.0)
(9.832050392003087 -0.13934786102628807 0.0)
(9.96041128836771 -0.1426973603203739 0.0)
(10.000000000000004 -0.14381570110860162 0.0)
(9.950699822743426 -0.14269736032037353 0.0)
(9.81239405244136 -0.13934786102628757 0.0)
(9.584958411326108 -0.13378710217966372 0.0)
(9.268289811860134 -0.12605347262825436 0.0)
(8.862220833104873 -0.11621337813626981 0.0)
(8.366846482785995 -0.10436812956933715 0.0)
(7.783539932014599 -0.09066280143293236 0.0)
(7.102503984405938 -0.07502972550050653 0.0)
(6.315223468687042 -0.05753465420340498 0.0)
(5.447575064260103 -0.03996477693990168 0.0)
(4.5271089577040495 -0.0246790005261295 0.0)
(3.5512194932562995 -0.012801333067688455 0.0)
(2.491259632973417 -0.004925745620220369 0.0)
(1.312065994283044 -0.0011086683242730844 0.0)
(0.01123776122518825 -7.397240577494655e-05 0.0)
(-0.011203743958150962 -7.393940752837095e-05 0.0)
(1.2658323679795132 -0.0011080369572586013 0.0)
(2.4867022930273612 -0.004922189017415702 0.0)
(3.648775158797438 -0.012790296243735627 0.0)
(4.716591289495037 -0.024655497274171316 0.0)
(5.662059980022955 -0.039927011968566864 0.0)
(6.484197928232721 -0.05748847881746414 0.0)
(7.209390089348138 -0.07498546452036728 0.0)
(7.861297677343576 -0.09062368902637831 0.0)
(8.433204320575314 -0.10433243768671195 0.0)
(8.915619217329425 -0.11618073738970684 0.0)
(9.309523222809533 -0.1260236282118164 0.0)
(9.615063902425439 -0.1337595623423065 0.0)
(9.832062633878985 -0.13932203158680065 0.0)
(9.960417036980655 -0.1426725838555415 0.0)
(10.000000000000004 -0.14379127735683475 0.0)
(9.950694074130482 -0.14267258385554113 0.0)
(9.81238181056546 -0.13932203158680015 0.0)
(9.58493609757458 -0.13375956234230452 0.0)
(9.268254554968255 -0.12602362821181554 0.0)
(8.862158560448362 -0.11618073738970594 0.0)
(8.366795679424712 -0.10433243768671142 0.0)
(7.783146767100866 -0.09062368902637861 0.0)
(7.101721021762939 -0.07498546452036715 0.0)
(6.315802071767273 -0.05748847881746297 0.0)
(5.449051131088131 -0.03992701196856578 0.0)
(4.527853154949343 -0.024655497274170962 0.0)
(3.5512248412025227 -0.012790296243735759 0.0)
(2.491075484750397 -0.004922189017416187 0.0)
(1.311945409798257 -0.0011080369572587171 0.0)
(0.011203743958137185 -7.393940752838129e-05 0.0)
(-0.011167053598048067 -7.388964540476109e-05 0.0)
(1.2659642221938958 -0.001107184191686036 0.0)
(2.4869240784647175 -0.00491783463132921 0.0)
(3.6488680302544476 -0.012777698130045952 0.0)
(4.715981224428868 -0.024629716566267716 0.0)
(5.660540109796284 -0.03988584745869231 0.0)
(6.48330243081102 -0.057436888885501185 0.0)
(7.209976327366684 -0.07493409092205361 0.0)
(7.861698999107348 -0.09057724204422678 0.0)
(8.433249470312305 -0.10428974560086092 0.0)
(8.915672085788142 -0.11614144159382604 0.0)
(9.309553705073823 -0.12598749826521705 0.0)
(9.615083219063417 -0.13372607125250655 0.0)
(9.832073167162973 -0.139290514105726 0.0)
(9.960422033186225 -0.1426422852601122 0.0)
(10.000000000000004 -0.14376138875208136 0.0)
(9.950689077924912 -0.14264228526011177 0.0)
(9.812371277281473 -0.13929051410572543 0.0)
(9.584916780936602 -0.13372607125250452 0.0)
(9.268224072703966 -0.12598749826521613 0.0)
(8.862105691989646 -0.11614144159382506 0.0)
(8.366750529687721 -0.10428974560086031 0.0)
(7.782745445337094 -0.09057724204422694 0.0)
(7.101134783744393 -0.07493409092205335 0.0)
(6.316697569188977 -0.057436888885499846 0.0)
(5.450571001314807 -0.039885847458691115 0.0)
(4.528463220015513 -0.024629716566267293 0.0)
(3.551131969745512 -0.012777698130046046 0.0)
(2.4908536993130403 -0.004917834631329681 0.0)
(1.3118135555838737 -0.0011071841916861487 0.0)
(0.01116705359803419 -7.388964540477124e-05 0.0)
(-0.011129302252193047 -7.382530586078066e-05 0.0)
(1.2661015527049153 -0.0011061474965144379 0.0)
(2.487173756270038 -0.004912873785718907 0.0)
(3.6490550405127737 -0.012764092264687188 0.0)
(4.715532096684744 -0.02460279115955981 0.0)
(5.659043216488203 -0.039843092103534525 0.0)
(6.48212938556629 -0.05738215117474647 0.0)
(7.210340082534737 -0.0748778619674901 0.0)
(7.8620908443770565 -0.09052550128190072 0.0)
(8.433286982628161 -0.10424192912393383 0.0)
(8.915713227105707 -0.11609721733400961 0.0)
(9.309578073375596 -0.12594667027221285 0.0)
(9.615098689850111 -0.13368810044748144 0.0)
(9.83208152904182 -0.13925469340352284 0.0)
(9.96042605746029 -0.14260779579893934 0.0)
(10.000000000000004 -0.14372734854495464 0.0)
(9.950685053650846 -0.14260779579893892 0.0)
(9.812362915402627 -0.13925469340352228 0.0)
(9.584901310149906 -0.13368810044747936 0.0)
(9.268199704402193 -0.12594667027221187 0.0)
(8.86206455067208 -0.11609721733400852 0.0)
(8.366713017371865 -0.10424192912393308 0.0)
(7.782353600067384 -0.09052550128190077 0.0)
(7.100771028576341 -0.0748778619674897 0.0)
(6.317870614433712 -0.057382151174745 0.0)
(5.452067894622891 -0.03984309210353322 0.0)
(4.528912347759636 -0.024602791159559316 0.0)
(3.5509449594871856 -0.012764092264687247 0.0)
(2.490604021507719 -0.0049128737857193645 0.0)
(1.311676225072854 -0.0011061474965145476 0.0)
(0.011129302252179072 -7.38253058607906e-05 0.0)
(-0.011092148645658632 -7.37492158582863e-05 0.0)
(1.2662383254611562 -0.001104972422233067 0.0)
(2.48744035605733 -0.004907524451065302 0.0)
(3.64932797268379 -0.012750076464491977 0.0)
(4.715263640114089 -0.024575904107159693 0.0)
(5.65763507085218 -0.03980062449518043 0.0)
(6.480730333960557 -0.05732667076007077 0.0)
(7.210465372115682 -0.07481924825407232 0.0)
(7.862455996188412 -0.0904707401338397 0.0)
(8.433315209300352 -0.10419108922444904 0.0)
(8.915740833607893 -0.11605000774332784 0.0)
(9.309595257016253 -0.12590293814012377 0.0)
(9.61510963502746 -0.13364731829493834 0.0)
(9.832087352109868 -0.13921614337631402 0.0)
(9.960428932983612 -0.14257063087585026 0.0)
(10.000000000000004 -0.14369065239988107 0.0)
(9.950682178127524 -0.14257063087584984 0.0)
(9.812357092334578 -0.1392161433763134 0.0)
(9.584890364972559 -0.1336473182949362 0.0)
(9.268182520761535 -0.12590293814012268 0.0)
(8.862036944169894 -0.11605000774332669 0.0)
(8.366684790699674 -0.10419108922444821 0.0)
(7.781988448256028 -0.09047074013383964 0.0)
(7.100645738995396 -0.07481924825407175 0.0)
(6.319269666039449 -0.05732667076006917 0.0)
(5.453476040258916 -0.039800624495179016 0.0)
(4.5291808043302915 -0.02457590410715913 0.0)
(3.550672027316168 -0.012750076464491998 0.0)
(2.490337421720426 -0.004907524451065745 0.0)
(1.3115394523166126 -0.0011049724222331736 0.0)
(0.01109214864564457 -7.374921585829599e-05 0.0)
(-0.011057225239945347 -7.366471865278487e-05 0.0)
(1.2663685309179282 -0.001103710599456109 0.0)
(2.4877121639196704 -0.004902021667346744 0.0)
(3.649674834627218 -0.012736266558079709 0.0)
(4.715187650207488 -0.024550236776961352 0.0)
(5.656377544231334 -0.039760310582648825 0.0)
(6.4791667477618855 -0.057272885349396375 0.0)
(7.2103466911145455 -0.07476082516113705 0.0)
(7.86277841043885 -0.09041536470470683 0.0)
(8.433332910100537 -0.10413945971458101 0.0)
(8.9157536923155 -0.1160018871248278 0.0)
(9.309604500978063 -0.12585822337882802 0.0)
(9.615115573684394 -0.13360551668805112 0.0)
(9.83209038051216 -0.13917655784176966 0.0)
(9.960430533410955 -0.14253242344957417 0.0)
(10.000000000000004 -0.14365291267834138 0.0)
(9.950680577700181 -0.1425324234495737 0.0)
(9.812354063932286 -0.13917655784176905 0.0)
(9.584884426315625 -0.13360551668804893 0.0)
(9.268173276799727 -0.12585822337882688 0.0)
(8.862024085462288 -0.11600188712482656 0.0)
(8.366667089899488 -0.10413945971458007 0.0)
(7.781666034005589 -0.09041536470470664 0.0)
(7.100764419996533 -0.07476082516113637 0.0)
(6.320833252238124 -0.05727288534939465 0.0)
(5.454733566879766 -0.039760310582647326 0.0)
(4.5292567942368915 -0.024550236776960735 0.0)
(3.5503251653727386 -0.012736266558079698 0.0)
(2.4900656138580852 -0.004902021667347175 0.0)
(1.3114092468598404 -0.0011037105994562123 0.0)
(0.011057225239931205 -7.366471865279434e-05 0.0)
(-0.011026066505609661 -7.357552689690284e-05 0.0)
(1.2664864480856648 -0.001102417470367944 0.0)
(2.487977237116846 -0.004896607216812767 0.0)
(3.6500803858638298 -0.012723269327473632 0.0)
(4.715307465822419 -0.024526916944496657 0.0)
(5.655325890044802 -0.03972392168550411 0.0)
(6.477507328087345 -0.057223158175270704 0.0)
(7.209989254157396 -0.07470515969250585 0.0)
(7.863043920836046 -0.09036180808955173 0.0)
(8.433339307287941 -0.10408930910053975 0.0)
(8.91575123824044 -0.11595496981045224 0.0)
(9.30960539909825 -0.12581449067313366 0.0)
(9.615116244887188 -0.13356453231295254 0.0)
(9.83209048118624 -0.139137676115858 0.0)
(9.96043078842247 -0.14249485228452313 0.0)
(10.000000000000004 -0.14361578759465718 0.0)
(9.950680322688667 -0.14249485228452266 0.0)
(9.812353963258206 -0.13913767611585734 0.0)
(9.58488375511283 -0.13356453231295035 0.0)
(9.268172378679537 -0.12581449067313247 0.0)
(8.862026539537348 -0.11595496981045092 0.0)
(8.366660692712085 -0.10408930910053872 0.0)
(7.781400523608393 -0.09036180808955145 0.0)
(7.101121856953685 -0.07470515969250506 0.0)
(6.322492671912669 -0.05722315817526888 0.0)
(5.455785221066299 -0.03972392168550254 0.0)
(4.52913697862196 -0.02452691694449599 0.0)
(3.549919614136126 -0.012723269327473594 0.0)
(2.4898005406609087 -0.004896607216813186 0.0)
(1.3112913296921036 -0.0011024174703680443 0.0)
(0.01102606650559546 -7.357552689691207e-05 0.0)
(-0.011000041500434996 -7.348555951322196e-05 0.0)
(1.266586895899739 -0.0011011498526949934 0.0)
(2.488223928817511 -0.004891519000514378 0.0)
(3.6505268072142227 -0.012711655847208818 0.0)
(4.715617822479957 -0.024506969240541666 0.0)
(5.6545263160535955 -0.039693056665315224 0.0)
(6.475824986801612 -0.05717967415875152 0.0)
(7.209408766370218 -0.07465469768703331 0.0)
(7.863240861338885 -0.09031242346806524 0.0)
(8.433334119781854 -0.10404284090855835 0.0)
(8.915733579210277 -0.11591131726116195 0.0)
(9.309597911915063 -0.1257736615581222 0.0)
(9.615111619144423 -0.1335261659481057 0.0)
(9.832087649708672 -0.13910120659048356 0.0)
(9.960429686813416 -0.14245956818895494 0.0)
(10.000000000000004 -0.14358090835708712 0.0)
(9.950681424297722 -0.14245956818895447 0.0)
(9.812356794735773 -0.1391012065904829 0.0)
(9.584888380855595 -0.1335261659481034 0.0)
(9.268179865862727 -0.12577366155812095 0.0)
(8.86204419856751 -0.11591131726116055 0.0)
(8.366665880218171 -0.10404284090855724 0.0)
(7.781203583105554 -0.09031242346806488 0.0)
(7.101702344740866 -0.07465469768703241 0.0)
(6.324175013198406 -0.05717967415874961 0.0)
(5.456584795057506 -0.0396930566653136 0.0)
(4.52882662196442 -0.024506969240540973 0.0)
(3.5494731927857317 -0.012711655847208759 0.0)
(2.4895538489602433 -0.004891519000514785 0.0)
(1.3111908818780293 -0.0011011498526950906 0.0)
(0.011000041500420754 -7.3485559513231e-05 0.0)
(-0.010980293715537324 -7.339876950399051e-05 0.0)
(1.2666654608669643 -0.0010999634432387652 0.0)
(2.4884413998396475 -0.0048869805853670985 0.0)
(3.6509944837409662 -0.012701936392361836 0.0)
(4.716105083676353 -0.024491270130714886 0.0)
(5.654013954076108 -0.03966907167460332 0.0)
(6.474193642903026 -0.057144343907972926 0.0)
(7.208630733324407 -0.07461165635292222 0.0)
(7.863360578741964 -0.09026938071016889 0.0)
(8.4333175755118 -0.10400209686598126 0.0)
(8.915701491130497 -0.11587284749011272 0.0)
(9.309582368401626 -0.12573752999041243 0.0)
(9.615101899702772 -0.13349210334139258 0.0)
(9.832082010489401 -0.13906875166987206 0.0)
(9.960427276986481 -0.1424281214814785 0.0)
(10.000000000000004 -0.14354980749552024 0.0)
(9.950683834124655 -0.14242812148147801 0.0)
(9.812362433955045 -0.1390687516698714 0.0)
(9.584898100297247 -0.13349210334139028 0.0)
(9.268195409376162 -0.12573752999041113 0.0)
(8.86207628664729 -0.11587284749011129 0.0)
(8.366682424488225 -0.1040020968659801 0.0)
(7.781083865702475 -0.09026938071016845 0.0)
(7.102480377786679 -0.07461165635292123 0.0)
(6.3258063570969965 -0.057144343907970976 0.0)
(5.457097157034994 -0.039669071674601666 0.0)
(4.528339360768023 -0.024491270130714164 0.0)
(3.549005516258987 -0.01270193639236176 0.0)
(2.4893363779381064 -0.004886980585367497 0.0)
(1.3111123169108039 -0.0010999634432388601 0.0)
(0.010980293715523065 -7.339876950399933e-05 0.0)
(-0.0109676908324575 -7.331897026343626e-05 0.0)
(1.2667186909864117 -0.0010989103706602916 0.0)
(2.488620094904395 -0.004883191381029702 0.0)
(3.6514628665930644 -0.012694538017997426 0.0)
(4.716747840046054 -0.024480509405181386 0.0)
(5.65381131636029 -0.03965302056998096 0.0)
(6.472684974658031 -0.05711871976951929 0.0)
(7.207689340368626 -0.07457792684765152 0.0)
(7.86339781288161 -0.09023457103590014 0.0)
(8.433290401402742 -0.10396886719150021 0.0)
(8.915656383892617 -0.11584125078866596 0.0)
(9.30955945151149 -0.12570768352498868 0.0)
(9.615087513616722 -0.13346384114143647 0.0)
(9.832073811305404 -0.1390417373638607 0.0)
(9.96042366482505 -0.14240189387289015 0.0)
(10.000000000000004 -0.14352385152491645 0.0)
(9.950687446286086 -0.14240189387288968 0.0)
(9.812370633139041 -0.13904173736385997 0.0)
(9.584912486383297 -0.13346384114143417 0.0)
(9.2682183262663 -0.12570768352498737 0.0)
(8.86212139388517 -0.11584125078866447 0.0)
(8.366709598597284 -0.10396886719149902 0.0)
(7.7810466315628295 -0.09023457103589964 0.0)
(7.103421770742464 -0.07457792684765051 0.0)
(6.327315025341995 -0.05711871976951731 0.0)
(5.457299794750811 -0.0396530205699793 0.0)
(4.52769660439832 -0.024480509405180657 0.0)
(3.5485371334068874 -0.012694538017997343 0.0)
(2.4891576828733584 -0.004883191381030097 0.0)
(1.3110590867913565 -0.0010989103706603844 0.0)
(0.01096769083244324 -7.331897026344492e-05 0.0)
(-0.010962786598821725 -7.324966802420062e-05 0.0)
(1.266744247424014 -0.0010980369050421288 0.0)
(2.4887521624775224 -0.004880317878208625 0.0)
(3.651911375884879 -0.012689785795150213 0.0)
(4.717517850050067 -0.02447515987053491 0.0)
(5.653927306436661 -0.03964560860762059 0.0)
(6.47136527018928 -0.05710392762115619 0.0)
(7.206625950587121 -0.07455499118397646 0.0)
(7.8633509277578435 -0.09020952391866384 0.0)
(8.433253791435314 -0.10394461193621994 0.0)
(8.915600239426151 -0.11581791545807872 0.0)
(9.309530168170879 -0.12568543356093914 0.0)
(9.615069092984571 -0.13344262113759917 0.0)
(9.832063412413829 -0.13902135063163426 0.0)
(9.96041900904089 -0.14238203775632924 0.0)
(10.000000000000004 -0.14350418090313896 0.0)
(9.950692102070246 -0.1423820377563287 0.0)
(9.812381032030617 -0.13902135063163354 0.0)
(9.584930907015448 -0.13344262113759686 0.0)
(9.268247609606911 -0.12568543356093784 0.0)
(8.862177538351636 -0.11581791545807724 0.0)
(8.366746208564711 -0.10394461193621872 0.0)
(7.781093516686596 -0.09020952391866334 0.0)
(7.1044851605239705 -0.07455499118397545 0.0)
(6.328634729810747 -0.057103927621154224 0.0)
(5.457183804674438 -0.039645608607618954 0.0)
(4.526926594394304 -0.024475159870534197 0.0)
(3.548088624115072 -0.012689785795150134 0.0)
(2.4890256153002315 -0.0048803178782090145 0.0)
(1.3110335303537541 -0.0010980369050422204 0.0)
(0.010962786598807487 -7.324966802420914e-05 0.0)
(-0.010965796497683913 -7.319390779989068e-05 0.0)
(1.2667410072766576 -0.0010973814248655788 0.0)
(2.4888317997514764 -0.004878486333360897 0.0)
(3.6523203049386517 -0.012687888527798166 0.0)
(4.718381280857508 -0.024475456575541142 0.0)
(5.654356827913462 -0.03964716145558854 0.0)
(6.470292514896801 -0.05710061740282125 0.0)
(7.205487287381476 -0.0745438571129993 0.0)
(7.86322198341723 -0.09019533988296895 0.0)
(8.433209354184513 -0.10393039683168374 0.0)
(8.91553552461624 -0.11580386681008624 0.0)
(9.309495805036207 -0.125671757720979 0.0)
(9.6150474471752 -0.1334293756980284 0.0)
(9.832051270722944 -0.13900848722891027 0.0)
(9.96041351420064 -0.14236942557323168 0.0)
(10.000000000000004 -0.1434916599213222 0.0)
(9.950697596910496 -0.1423694255732312 0.0)
(9.812393173721501 -0.13900848722890954 0.0)
(9.584952552824818 -0.13342937569802604 0.0)
(9.268281972741581 -0.1256717577209777 0.0)
(8.862242253161547 -0.11580386681008475 0.0)
(8.366790645815513 -0.10393039683168252 0.0)
(7.781222461027211 -0.09019533988296845 0.0)
(7.105623823729619 -0.07454385711299828 0.0)
(6.329707485103227 -0.057100617402819326 0.0)
(5.456754283197635 -0.03964716145558694 0.0)
(4.52606316358686 -0.024475456575540455 0.0)
(3.5476796950612988 -0.01268788852779809 0.0)
(2.4889459780262775 -0.004878486333361286 0.0)
(1.3110367705011108 -0.00109738142486567 0.0)
(0.010965796497669716 -7.31939077998991e-05 0.0)
)
