(
(0.006085524229292864 -7.957303712333206e-05 0.0)
(1.3256278004232305 -0.0011164347134393023 0.0)
(2.590447441260023 -0.004518918947324811 0.0)
(3.7793745907219343 -0.010566976438293517 0.0)
(4.859384216647437 -0.018421863637565688 0.0)
(5.805003378231677 -0.02778154092699301 0.0)
(6.60875486134134 -0.038936966748971784 0.0)
(7.313409903283687 -0.05088815883197883 0.0)
(7.952138467820533 -0.06190135793754542 0.0)
(8.507557682565924 -0.07151756863126076 0.0)
(8.974837969474773 -0.07980739627530234 0.0)
(9.355484459230485 -0.08669457418514429 0.0)
(9.648645115945945 -0.09210794716967195 0.0)
(9.85404645171486 -0.09600067890553532 0.0)
(9.971280232152852 -0.0983457819124086 0.0)
(10.0 -0.09912872281650482 0.0)
(9.939830878958285 -0.09834578191240731 0.0)
(9.790397992729577 -0.09600067890553296 0.0)
(9.55135488405407 -0.0921079471696681 0.0)
(9.222293318547308 -0.08669457418514016 0.0)
(8.80293980830301 -0.07980739627529788 0.0)
(8.292442317434105 -0.07151756863125555 0.0)
(7.692305976623917 -0.06190135793754026 0.0)
(6.997701207827415 -0.05088815883197413 0.0)
(6.191245138658661 -0.038936966748966684 0.0)
(5.306107732879398 -0.02778154092698799 0.0)
(4.385060227796936 -0.01842186363756299 0.0)
(3.420625409278035 -0.010566976438292708 0.0)
(2.3873303365177376 -0.004518918947324924 0.0)
(1.2521499773545335 -0.0011164347134392598 0.0)
(-0.006085524229303474 -7.957303712332723e-05 0.0)
(0.006050143426932953 -7.96721361944214e-05 0.0)
(1.325494181048918 -0.0011178766572088866 0.0)
(2.590150011322089 -0.004524987392831258 0.0)
(3.7789292493603286 -0.01058162813543856 0.0)
(4.859277773949228 -0.01844827716650856 0.0)
(5.8062086300666795 -0.027822794190192256 0.0)
(6.610597411848249 -0.038993157497506016 0.0)
(7.313776075526312 -0.05095080837359101 0.0)
(7.951833484945866 -0.06196151656136076 0.0)
(8.507548935802957 -0.07157386981615114 0.0)
(8.974838558259075 -0.07986004224339233 0.0)
(9.355482279579157 -0.08674362704844621 0.0)
(9.648643623543203 -0.09215390284552315 0.0)
(9.854045926881296 -0.09604426681936826 0.0)
(9.971279757487528 -0.0983878944663885 0.0)
(10.0 -0.09917033338838256 0.0)
(9.939831353623608 -0.09838789446638721 0.0)
(9.79039851756314 -0.09604426681936593 0.0)
(9.551356376456813 -0.09215390284551932 0.0)
(9.222295498198637 -0.08674362704844217 0.0)
(8.80293921951871 -0.07986004224338798 0.0)
(8.292451064197072 -0.07157386981614602 0.0)
(7.692610959498584 -0.061961516561355706 0.0)
(6.997335035584787 -0.05095080837358644 0.0)
(6.189402588151747 -0.03899315749750103 0.0)
(5.304902481044394 -0.02782279419018731 0.0)
(4.385166670495147 -0.01844827716650591 0.0)
(3.4210707506396414 -0.010581628135437783 0.0)
(2.387627766455672 -0.004524987392831385 0.0)
(1.252283596728846 -0.0011178766572088475 0.0)
(-0.006050143426943494 -7.967213619441682e-05 0.0)
(0.00602031188219102 -7.977265459032654e-05 0.0)
(1.3253793714640785 -0.0011192980667812298 0.0)
(2.5898715010018574 -0.004530724445650109 0.0)
(3.7784356862110657 -0.01059481253042469 0.0)
(4.8589574717774 -0.018471063274205796 0.0)
(5.807138438915536 -0.027858094176305324 0.0)
(6.612475866097008 -0.03904267297931844 0.0)
(7.31439393917627 -0.05100798227397913 0.0)
(7.951603554198005 -0.06201734018549765 0.0)
(8.507553106825357 -0.07162636251070258 0.0)
(8.974856168813778 -0.07990932686312727 0.0)
(9.35548947324829 -0.08678970283142434 0.0)
(9.64864805156788 -0.09219718385706617 0.0)
(9.854048681006779 -0.09608539725673867 0.0)
(9.971280798610895 -0.0984276813938156 0.0)
(10.0 -0.09920966168190389 0.0)
(9.939830312500241 -0.09842768139381433 0.0)
(9.790395763437658 -0.09608539725673637 0.0)
(9.551351948432135 -0.0921971838570624 0.0)
(9.222288304529503 -0.08678970283142036 0.0)
(8.802921608964006 -0.079909326863123 0.0)
(8.292446893174672 -0.07162636251069754 0.0)
(7.692840890246446 -0.06201734018549271 0.0)
(6.996717171934828 -0.05100798227397467 0.0)
(6.187524133902983 -0.03904267297931355 0.0)
(5.3039726721955365 -0.027858094176300443 0.0)
(4.385486972666977 -0.018471063274203187 0.0)
(3.421564313788906 -0.010594812530423941 0.0)
(2.3879062767759045 -0.004530724445650246 0.0)
(1.2523984063136857 -0.0011192980667811938 0.0)
(-0.006020311882201514 -7.977265459032221e-05 0.0)
(0.0059973403385677575 -7.987017571662467e-05 0.0)
(1.3252884161918312 -0.0011206364880201186 0.0)
(2.5896241475332786 -0.004535878030176141 0.0)
(3.7779155875359756 -0.01060595032505639 0.0)
(4.858437383623405 -0.018489220780771188 0.0)
(5.807751950678465 -0.02788588986852191 0.0)
(6.614307688244462 -0.03908333757472424 0.0)
(7.31523634643513 -0.051057168416556824 0.0)
(7.951458778313363 -0.062066376022037975 0.0)
(8.507570012366035 -0.07167274028194913 0.0)
(8.974890027363324 -0.07995308465847967 0.0)
(9.35550572416123 -0.08683077704846784 0.0)
(9.648658205460672 -0.09223588851583421 0.0)
(9.85405459308007 -0.09612226302147453 0.0)
(9.971283309777897 -0.09846339452988688 0.0)
(10.0 -0.0992449796838006 0.0)
(9.939827801333239 -0.09846339452988562 0.0)
(9.790389851364367 -0.09612226302147225 0.0)
(9.551341794539344 -0.09223588851583046 0.0)
(9.222272053616564 -0.08683077704846391 0.0)
(8.802887750414458 -0.07995308465847543 0.0)
(8.292429987633994 -0.07167274028194415 0.0)
(7.692985666131088 -0.062066376022033104 0.0)
(6.995874764675965 -0.051057168416552445 0.0)
(6.185692311755525 -0.03908333757471942 0.0)
(5.303359160432607 -0.02788588986851707 0.0)
(4.386007060820973 -0.018489220780768607 0.0)
(3.4220844124639975 -0.010605950325055657 0.0)
(2.3881536302444837 -0.004535878030176289 0.0)
(1.2524893615859332 -0.0011206364880200857 0.0)
(-0.005997340338578225 -7.987017571662055e-05 0.0)
(0.005982238123664722 -7.996041467343608e-05 0.0)
(1.3252253116404409 -0.0011218331131448885 0.0)
(2.5894188191752416 -0.0045402217073335 0.0)
(3.777391805519348 -0.010614552145013561 0.0)
(4.857740361209258 -0.018501951878584475 0.0)
(5.808022208770994 -0.027904959974976808 0.0)
(6.6160123913766755 -0.03911336455579507 0.0)
(7.316266283469078 -0.05109620565220275 0.0)
(7.951405518479452 -0.06210646952603266 0.0)
(8.507598909626457 -0.07171096537546794 0.0)
(8.974938646224992 -0.07998939299197436 0.0)
(9.355530318282586 -0.08686504497362302 0.0)
(9.648673639078106 -0.09226831620992919 0.0)
(9.854063403335488 -0.09615324429931729 0.0)
(9.971287180652451 -0.0984934647047387 0.0)
(10.0 -0.09927473558568177 0.0)
(9.939823930458685 -0.09849346470473747 0.0)
(9.79038104110895 -0.09615324429931504 0.0)
(9.551326360921907 -0.09226831620992547 0.0)
(9.222247459495206 -0.08686504497361909 0.0)
(8.80283913155279 -0.07998939299197018 0.0)
(8.292401090373572 -0.07171096537546304 0.0)
(7.693038925964999 -0.062106469526027844 0.0)
(6.994844827642013 -0.051096205652198426 0.0)
(6.183987608623308 -0.03911336455579027 0.0)
(5.30308890234008 -0.027904959974971975 0.0)
(4.386704083235124 -0.0185019518785819 0.0)
(3.4226081944806266 -0.010614552145012836 0.0)
(2.3883589586025207 -0.004540221707333652 0.0)
(1.2525524661373235 -0.0011218331131448577 0.0)
(-0.0059822381236751855 -7.996041467343215e-05 0.0)
(0.0059756688011760265 -8.003940652608596e-05 0.0)
(1.325192830508449 -0.0011228353646367214 0.0)
(2.5892645376801613 -0.0045435646238944204 0.0)
(3.7768873541847614 -0.010620240042063868 0.0)
(4.856897030424669 -0.018508697186498623 0.0)
(5.807937338546957 -0.027914466590080157 0.0)
(6.617515073956685 -0.039131434591915475 0.0)
(7.31743849672906 -0.05112337875619922 0.0)
(7.951446114835937 -0.06213585906226518 0.0)
(8.507638528913867 -0.07173935825058066 0.0)
(8.974999889174942 -0.08001665654186177 0.0)
(9.355562174991665 -0.08689100093694993 0.0)
(9.64869367429527 -0.09229304212579732 0.0)
(9.854074724666523 -0.09617697982959728 0.0)
(9.97129224115541 -0.09851657068989993 0.0)
(10.0 -0.09929762196765567 0.0)
(9.939818869955726 -0.09851657068989869 0.0)
(9.790369719777914 -0.096176979829595 0.0)
(9.551306325704745 -0.0922930421257936 0.0)
(9.222215602786129 -0.08689100093694603 0.0)
(8.80277788860284 -0.08001665654185762 0.0)
(8.292361471086162 -0.07173935825057576 0.0)
(7.692998329608513 -0.06213585906226039 0.0)
(6.993672614382028 -0.051123378756194895 0.0)
(6.182484926043296 -0.039131434591910666 0.0)
(5.303173772564119 -0.02791446659007531 0.0)
(4.387547414019715 -0.018508697186496042 0.0)
(3.423112645815214 -0.010620240042063146 0.0)
(2.3885132400976015 -0.004543564623894578 0.0)
(1.2525849472693154 -0.001122835364636692 0.0)
(-0.005975668801186515 -8.003940652608219e-05 0.0)
(0.005977921015113595 -8.010368051708043e-05 0.0)
(1.325192399957373 -0.0011235992053986329 0.0)
(2.5891680818946807 -0.0045457598982209125 0.0)
(3.77642439820099 -0.010622764100416635 0.0)
(4.855944445681482 -0.01850916032802408 0.0)
(5.807501069048735 -0.027913992010556173 0.0)
(6.618749710861006 -0.03913675371875653 0.0)
(7.318701481308935 -0.05113749379206841 0.0)
(7.951578783653184 -0.062153253308280115 0.0)
(8.50768712942926 -0.07175667137629811 0.0)
(8.975071065309997 -0.08003367739763717 0.0)
(9.355599894562946 -0.08690750448090506 0.0)
(9.648717430801371 -0.09230897985193019 0.0)
(9.854088059634604 -0.09619242671653683 0.0)
(9.971298268937533 -0.09853169725065376 0.0)
(10.0 -0.09931263324396776 0.0)
(9.939812842173604 -0.09853169725065253 0.0)
(9.790356384809833 -0.09619242671653458 0.0)
(9.551282569198644 -0.09230897985192647 0.0)
(9.222177883214847 -0.08690750448090116 0.0)
(8.802706712467785 -0.08003367739763302 0.0)
(8.292312870570768 -0.07175667137629321 0.0)
(7.6928656607912655 -0.062153253308275314 0.0)
(6.992409629802149 -0.05113749379206407 0.0)
(6.181250289138974 -0.03913675371875168 0.0)
(5.303610042062344 -0.027913992010551284 0.0)
(4.388499998762905 -0.01850916032802147 0.0)
(3.4235756017989862 -0.010622764100415906 0.0)
(2.3886096958830816 -0.004545759898221072 0.0)
(1.2525853778203913 -0.0011235992053986042 0.0)
(-0.0059779210151241265 -8.010368051707675e-05 0.0)
(0.005988895807317315 -8.01504125648411e-05 0.0)
(1.3252240389048389 -0.001124091073664952 0.0)
(2.5891336899095543 -0.00454671107397521 0.0)
(3.7760232790070067 -0.01062201341756548 0.0)
(4.854924461810609 -0.018503320953569508 0.0)
(5.806732569159946 -0.027903557088560932 0.0)
(6.619662054402766 -0.0391290882236159 0.0)
(7.31999974397683 -0.05113793057095697 0.0)
(7.951797695706073 -0.06215788799272945 0.0)
(8.5077425757549 -0.07176214404554974 0.0)
(8.975149047280995 -0.08003970769403654 0.0)
(9.355641819667476 -0.08691383046995946 0.0)
(9.648743864778993 -0.09231542911379874 0.0)
(9.85410282232563 -0.09619890625218314 0.0)
(9.9713049991491 -0.09853817975359395 0.0)
(10.0 -0.0993191098465993 0.0)
(9.939806111962037 -0.09853817975359269 0.0)
(9.790341622118808 -0.09619890625218089 0.0)
(9.55125613522102 -0.09231542911379502 0.0)
(9.222135958110318 -0.08691383046995553 0.0)
(8.802628730496787 -0.08003970769403233 0.0)
(8.292257424245129 -0.07176214404554482 0.0)
(7.692646748738375 -0.062157887992724606 0.0)
(6.991111367134252 -0.051137930570952575 0.0)
(6.180337945597213 -0.03912908822361098 0.0)
(5.304378541951135 -0.027903557088555967 0.0)
(4.3895199826337805 -0.018503320953566858 0.0)
(3.4239767209929703 -0.010622013417564734 0.0)
(2.3886440878682085 -0.004546711073975366 0.0)
(1.252553738872925 -0.0011240910736649234 0.0)
(-0.005988895807327912 -8.015041256483747e-05 0.0)
(0.006008110965495571 -8.017754934868324e-05 0.0)
(1.3252863571933775 -0.0011242893576439042 0.0)
(2.5891628728456886 -0.0045463763582347955 0.0)
(3.7757016210463683 -0.010618020977141538 0.0)
(4.853881895037328 -0.018491435634565605 0.0)
(5.805665605359773 -0.02788362031547674 0.0)
(6.620212017875826 -0.03910877491432644 0.0)
(7.32127624144622 -0.051124669901599605 0.0)
(7.95209323239949 -0.06214955947605737 0.0)
(8.507802431680675 -0.07175553579926063 0.0)
(8.975230408702794 -0.08003448247086817 0.0)
(9.355686108192858 -0.08690970095172709 0.0)
(9.648771814767521 -0.09231210654263507 0.0)
(9.854118364093964 -0.09619613373759389 0.0)
(9.971312136076925 -0.0985357333694007 0.0)
(10.0 -0.09931676720547923 0.0)
(9.939798975034211 -0.09853573336939944 0.0)
(9.790326080350473 -0.09619613373759162 0.0)
(9.551228185232494 -0.09231210654263132 0.0)
(9.222091669584934 -0.08690970095172314 0.0)
(8.802547369074988 -0.08003448247086394 0.0)
(8.292197568319354 -0.07175553579925564 0.0)
(7.692351212044958 -0.06214955947605247 0.0)
(6.989834869664859 -0.051124669901595116 0.0)
(6.179787982124153 -0.03910877491432142 0.0)
(5.305445505751313 -0.027883620315471692 0.0)
(4.390562549407064 -0.0184914356345629 0.0)
(3.424298378953609 -0.010618020977140772 0.0)
(2.3886149049320733 -0.004546376358234945 0.0)
(1.2524914205843862 -0.0011242893576438747 0.0)
(-0.006008110965506254 -8.017754934867961e-05 0.0)
(0.0060347222107511485 -8.01838985279702e-05 0.0)
(1.3253766166713983 -0.0011241853451002043 0.0)
(2.58925434845826 -0.004544770457796958 0.0)
(3.775473557381409 -0.010610962199673083 0.0)
(4.852862553838335 -0.018474026590185825 0.0)
(5.80434705808564 -0.027855057676639636 0.0)
(6.620375436891308 -0.03907670632053618 0.0)
(7.322474886753586 -0.05109829443354814 0.0)
(7.952452408391793 -0.062128633698049884 0.0)
(8.507864067246707 -0.07173713699168323 0.0)
(8.975311574703367 -0.08001823131487884 0.0)
(9.355730814182314 -0.0868952973696844 0.0)
(9.64880005269559 -0.09229915812613763 0.0)
(9.854134002062736 -0.09618423099198797 0.0)
(9.97131936613746 -0.09852446558771992 0.0)
(10.0 -0.09930570825197267 0.0)
(9.939791744973677 -0.09852446558771866 0.0)
(9.790310442381701 -0.09618423099198567 0.0)
(9.551199947304424 -0.09229915812613383 0.0)
(9.22204696359548 -0.0868952973696804 0.0)
(8.802466203074415 -0.08001823131487455 0.0)
(8.29213593275332 -0.07173713699167816 0.0)
(7.691992036052653 -0.06212863369804489 0.0)
(6.9886362243574895 -0.05109829443354355 0.0)
(6.179624563108671 -0.03907670632053102 0.0)
(5.306764053025449 -0.027855057676634477 0.0)
(4.3915818906060595 -0.018474026590183056 0.0)
(3.4245264426185686 -0.010610962199672285 0.0)
(2.388523429319502 -0.004544770457797097 0.0)
(1.2524011611063652 -0.001124185345100174 0.0)
(-0.00603472221076193 -8.018389852796651e-05 0.0)
(0.006067560293651417 -8.016918113137957e-05 0.0)
(1.3254908515025619 -0.0011237836061547377 0.0)
(2.589404097476201 -0.004541963932989022 0.0)
(3.7753491087123354 -0.010601147234928407 0.0)
(4.851911226201082 -0.01845185874199128 0.0)
(5.802834861892561 -0.02781912416214624 0.0)
(6.620145131116641 -0.03903429147758842 0.0)
(7.323543013616984 -0.05105996305661623 0.0)
(7.952859442146977 -0.06209603009911001 0.0)
(8.507924774298989 -0.07170775603276285 0.0)
(8.975388978997136 -0.07999166827213208 0.0)
(9.355773973336452 -0.08687125259087569 0.0)
(9.648827337840302 -0.09227715279403885 0.0)
(9.85414904912821 -0.09616372100023182 0.0)
(9.971326371655069 -0.09850487149426486 0.0)
(10.0 -0.09928641889626484 0.0)
(9.939784739456067 -0.09850487149426357 0.0)
(9.790295395316226 -0.09616372100022949 0.0)
(9.551172662159713 -0.09227715279403502 0.0)
(9.22200380444134 -0.0868712525908716 0.0)
(8.802388798780646 -0.07999166827212768 0.0)
(8.292075225701039 -0.07170775603275767 0.0)
(7.691585002297469 -0.06209603009910489 0.0)
(6.98756809749409 -0.05105996305661151 0.0)
(6.179854868883342 -0.039034291477583125 0.0)
(5.308276249218534 -0.027819124162140964 0.0)
(4.392533218243314 -0.018451858741988434 0.0)
(3.424650891287642 -0.01060114723492757 0.0)
(2.38837368030156 -0.0045419639329891525 0.0)
(1.2522869262752012 -0.0011237836061547047 0.0)
(-0.006067560293662306 -8.016918113137575e-05 0.0)
(0.006105182368909312 -8.013404381439284e-05 0.0)
(1.3256240424173737 -0.0011231017924818068 0.0)
(2.5896055402016214 -0.0045380800973766604 0.0)
(3.7753337430859952 -0.010589007334502418 0.0)
(4.8510697117215456 -0.018425906104676693 0.0)
(5.801195459914771 -0.02777739862488489 0.0)
(6.6195312197662295 -0.03898339401608653 0.0)
(7.324433690496118 -0.051011359981380976 0.0)
(7.9532964493464835 -0.06205318122172854 0.0)
(8.507981885480701 -0.07166868386808346 0.0)
(8.975459220581044 -0.07995596047413042 0.0)
(9.355813689321 -0.08683862309889315 0.0)
(9.648852471342314 -0.09224705742037355 0.0)
(9.854162844149856 -0.09613550493384124 0.0)
(9.971332844820127 -0.09847781201765556 0.0)
(10.0 -0.09925974667735675 0.0)
(9.93977826629101 -0.09847781201765424 0.0)
(9.79028160029458 -0.09613550493383888 0.0)
(9.551147528657701 -0.09224705742036966 0.0)
(9.221964088456794 -0.086838623098889 0.0)
(8.802318557196738 -0.07995596047412597 0.0)
(8.292018114519328 -0.0716686838680782 0.0)
(7.691147995097961 -0.062053181221723305 0.0)
(6.986677420614955 -0.05101135998137611 0.0)
(6.180468780233756 -0.038983394016081085 0.0)
(5.309915651196327 -0.027777398624879487 0.0)
(4.393374732722853 -0.018425906104673765 0.0)
(3.424666256913982 -0.010589007334501544 0.0)
(2.3881722375761387 -0.004538080097376777 0.0)
(1.2521537353603887 -0.0011231017924817712 0.0)
(-0.006105182368920315 -8.013404381438886e-05 0.0)
(0.006145935391365643 -8.008003044643649e-05 0.0)
(1.3257703372507033 -0.001122169861726858 0.0)
(2.589849825609696 -0.004533289599591402 0.0)
(3.7754281356398987 -0.010575075903410515 0.0)
(4.850374985006448 -0.018397308989646668 0.0)
(5.799500884475976 -0.027731714408628136 0.0)
(6.618560676981692 -0.03892625027737464 0.0)
(7.325107782678367 -0.05095462073805141 0.0)
(7.953744228693449 -0.062001969767187845 0.0)
(8.508032891431 -0.07162163725708066 0.0)
(8.975519213168393 -0.07991267685619255 0.0)
(9.355848217088251 -0.08679884257392051 0.0)
(9.64887434888153 -0.09221019434080265 0.0)
(9.854174780999662 -0.09610082255515362 0.0)
(9.971338501213603 -0.09844447610179029 0.0)
(10.0 -0.0992268635237517 0.0)
(9.939772609897533 -0.09844447610178894 0.0)
(9.790269663444777 -0.0961008225551512 0.0)
(9.551125651118486 -0.0922101943407987 0.0)
(9.221929560689542 -0.08679884257391628 0.0)
(8.802258564609389 -0.07991267685618796 0.0)
(8.291967108569029 -0.07162163725707527 0.0)
(7.690700215750994 -0.06200196976718246 0.0)
(6.986003328432706 -0.05095462073804638 0.0)
(6.181439323018298 -0.03892625027736904 0.0)
(5.311610226635127 -0.02773171440862261 0.0)
(4.394069459437951 -0.018397308989643656 0.0)
(3.4245718643600775 -0.010575075903409602 0.0)
(2.3879279521680634 -0.004533289599591501 0.0)
(1.252007440527059 -0.001122169861726819 0.0)
(-0.006145935391376759 -8.008003044643231e-05 0.0)
(0.006188028747769225 -8.000951427608386e-05 0.0)
(1.3259233080752124 -0.0011210287612223439 0.0)
(2.5901262202465007 -0.00452780292534196 0.0)
(3.775628138937914 -0.010559965063248048 0.0)
(4.849857571076686 -0.018367323901818677 0.0)
(5.797825592120817 -0.027684078794261387 0.0)
(6.617276146637423 -0.03886537105279022 0.0)
(7.325535671786458 -0.05089223834517793 0.0)
(7.954183105582559 -0.061944645873111714 0.0)
(8.508075551041744 -0.07156868334177248 0.0)
(8.97556632079465 -0.07986371922130545 0.0)
(9.355876039551282 -0.08675365889944867 0.0)
(9.648892009198896 -0.0921681832516034 0.0)
(9.854184335194281 -0.09606119774443883 0.0)
(9.971343092303915 -0.09840632846582582 0.0)
(10.0 -0.09918921426106113 0.0)
(9.939768018807221 -0.09840632846582448 0.0)
(9.790260109250156 -0.09606119774443639 0.0)
(9.551107990801118 -0.09216818325159938 0.0)
(9.22190173822651 -0.08675365889944438 0.0)
(8.802211456983132 -0.07986371922130077 0.0)
(8.291924448958286 -0.07156868334176697 0.0)
(7.690261338861883 -0.06194464587310618 0.0)
(6.985575439324615 -0.05089223834517273 0.0)
(6.182723853362571 -0.03886537105278445 0.0)
(5.3132855189902894 -0.027684078794255735 0.0)
(4.3945868733677145 -0.018367323901815582 0.0)
(3.4243718610620615 -0.010559965063247091 0.0)
(2.3876515575312576 -0.004527802925342045 0.0)
(1.2518544697025493 -0.0011210287612223014 0.0)
(-0.006188028747780452 -8.000951427607947e-05 0.0)
(0.006229612933047307 -7.99255936548546e-05 0.0)
(1.3260762336327245 -0.0011197286288368489 0.0)
(2.590422579837345 -0.004521861149057274 0.0)
(3.7759249652010216 -0.01054433875668725 0.0)
(4.849540204153748 -0.018337268331095707 0.0)
(5.79624319213052 -0.027636584803533024 0.0)
(6.615734068646767 -0.03880343126408612 0.0)
(7.325698557155783 -0.050826953770978005 0.0)
(7.954593796566207 -0.06188372824653475 0.0)
(8.508107989927678 -0.07151214882032118 0.0)
(8.975598473636898 -0.07981123867838064 0.0)
(9.355895934241966 -0.08670505736347273 0.0)
(9.648904676332382 -0.09212287004317808 0.0)
(9.854191086939883 -0.09601837154338819 0.0)
(9.971346416366954 -0.09836504524709737 0.0)
(10.0 -0.09914845312901023 0.0)
(9.939764694744182 -0.098365045247096 0.0)
(9.790253357504554 -0.09601837154338572 0.0)
(9.551095323667633 -0.09212287004317403 0.0)
(9.221881843535828 -0.08670505736346835 0.0)
(8.802179304140884 -0.07981123867837588 0.0)
(8.291892010072349 -0.07151214882031554 0.0)
(7.689850647878235 -0.06188372824652909 0.0)
(6.98541255395529 -0.050826953770972655 0.0)
(6.184265931353231 -0.0388034312640802 0.0)
(5.314867918980591 -0.027636584803527254 0.0)
(4.394904240290651 -0.01833726833109255 0.0)
(3.424075034798953 -0.010544338756686254 0.0)
(2.387355197940413 -0.004521861149057341 0.0)
(1.251701544145037 -0.001119728628836803 0.0)
(-0.006229612933058633 -7.992559365484993e-05 0.0)
(0.006268860814174883 -7.9831955901317e-05 0.0)
(1.3262223946540121 -0.0011183265900088662 0.0)
(2.5907258828839805 -0.004515725341517115 0.0)
(3.776305572426249 -0.010528883575050883 0.0)
(4.849436828759625 -0.018308462864270226 0.0)
(5.794823212265738 -0.027591319235507852 0.0)
(6.614002199095484 -0.03874315243226236 0.0)
(7.325589281901205 -0.05076163550020726 0.0)
(7.954958256633909 -0.06182189349652312 0.0)
(8.508128782783503 -0.0714545177161723 0.0)
(8.975614258958073 -0.0797575411264638 0.0)
(9.35590702702399 -0.08665517342856946 0.0)
(9.64891179371131 -0.09207624569500676 0.0)
(9.85419473957712 -0.09597422565692751 0.0)
(9.971348327349471 -0.09832244035471029 0.0)
(10.0 -0.09910637109717095 0.0)
(9.939762783761665 -0.09832244035470891 0.0)
(9.790249704867318 -0.09597422565692498 0.0)
(9.551088206288703 -0.09207624569500263 0.0)
(9.221870750753803 -0.086655173428565 0.0)
(8.80216351881971 -0.07975754112645893 0.0)
(8.291871217216524 -0.07145451771616654 0.0)
(7.689486187810532 -0.0618218934965173 0.0)
(6.985521829209869 -0.05076163550020174 0.0)
(6.18599780090452 -0.0387431524322563 0.0)
(5.316287898845374 -0.027591319235501986 0.0)
(4.395007615684773 -0.018308462864267 0.0)
(3.423694427573724 -0.010528883575049849 0.0)
(2.3870518948937764 -0.004515725341517169 0.0)
(1.2515553831237491 -0.0011183265900088168 0.0)
(-0.006268860814186296 -7.98319559013121e-05 0.0)
(0.0063040479110571795 -7.973271528705616e-05 0.0)
(1.3263553690911936 -0.0011168842477595406 0.0)
(2.5910228028054165 -0.0045096650988796574 0.0)
(3.7767532374284207 -0.010514278590745591 0.0)
(4.849551987020014 -0.018282173160856428 0.0)
(5.7936280438439525 -0.027550270976433887 0.0)
(6.6121566331632895 -0.03868718309891226 0.0)
(7.325212647377498 -0.050699153498186926 0.0)
(7.955260472077051 -0.06176185852886883 0.0)
(8.508137016009172 -0.07139832223460903 0.0)
(8.975612983180037 -0.07970498593774922 0.0)
(9.355908830500807 -0.08660619890357846 0.0)
(9.648913048611076 -0.09203035879565123 0.0)
(9.85419513261579 -0.09593069977454527 0.0)
(9.971348741286391 -0.09828038576969265 0.0)
(10.0 -0.09906481717303543 0.0)
(9.939762369824745 -0.09828038576969125 0.0)
(9.790249311828648 -0.09593069977454272 0.0)
(9.551086951388939 -0.09203035879564704 0.0)
(9.221868947276986 -0.08660619890357392 0.0)
(8.802164794597745 -0.07970498593774426 0.0)
(8.291862983990857 -0.07139832223460318 0.0)
(7.689183972367389 -0.0617618585288629 0.0)
(6.985898463733578 -0.0506991534981813 0.0)
(6.187843366836719 -0.03868718309890609 0.0)
(5.317483067267163 -0.027550270976427937 0.0)
(4.394892457424383 -0.018282173160853146 0.0)
(3.4232467625715506 -0.01051427859074453 0.0)
(2.38675497497234 -0.004509665098879697 0.0)
(1.2514224086865673 -0.0011168842477594877 0.0)
(-0.006304047911068662 -7.973271528705099e-05 0.0)
(0.006333628167030163 -7.963223226310709e-05 0.0)
(1.326469314290769 -0.0011154649759686167 0.0)
(2.5913002934835037 -0.004503946697119491 0.0)
(3.777248290626322 -0.010501165520062692 0.0)
(4.849880619091628 -0.01825955434232666 0.0)
(5.7927102003791155 -0.027515243611719156 0.0)
(6.610278461640878 -0.03863798245415024 0.0)
(7.324585202216597 -0.05064225310977822 0.0)
(7.9554871641019504 -0.06170626117021974 0.0)
(8.50813232785181 -0.07134603150228454 0.0)
(8.975594702358146 -0.07965588229108206 0.0)
(9.355901265430944 -0.08656028563953144 0.0)
(9.648908385893678 -0.09198722553152146 0.0)
(9.854192248786495 -0.095889706343885 0.0)
(9.971347639990084 -0.09824072929357343 0.0)
(10.0 -0.09902561716000942 0.0)
(9.939763471121053 -0.09824072929357203 0.0)
(9.790252195657942 -0.09588970634388239 0.0)
(9.551091614106337 -0.09198722553151724 0.0)
(9.22187651234685 -0.08656028563952685 0.0)
(8.802183075419636 -0.07965588229107705 0.0)
(8.291867672148218 -0.07134603150227858 0.0)
(7.68895728034249 -0.061706261170213716 0.0)
(6.986525908894482 -0.05064225310977248 0.0)
(6.1897215383591355 -0.03863798245414399 0.0)
(5.3184009107320005 -0.02751524361171315 0.0)
(4.394563825352767 -0.018259554342323337 0.0)
(3.422751709373648 -0.010501165520061606 0.0)
(2.386477484294252 -0.00450394669711952 0.0)
(1.2513084634869915 -0.0011154649759685603 0.0)
(-0.006333628167041692 -7.963223226310167e-05 0.0)
(0.006356301879761928 -7.953492186971361e-05 0.0)
(1.3265592237091264 -0.0011141311348421027 0.0)
(2.5915461624855025 -0.004498821392348437 0.0)
(3.7777689802881107 -0.010490120527338305 0.0)
(4.850408285482457 -0.018241600238187165 0.0)
(5.792110010233925 -0.027487776179688485 0.0)
(6.608450207948924 -0.038597712284297085 0.0)
(7.3237345152109965 -0.050593434433951485 0.0)
(7.955628372275753 -0.06165754426680242 0.0)
(8.508114924300477 -0.07129994307831396 0.0)
(8.975560219718268 -0.07961238771086429 0.0)
(9.35588466420973 -0.08651945098125471 0.0)
(9.648898010430388 -0.09194874109933322 0.0)
(9.85418621479942 -0.0958530465412945 0.0)
(9.971345071849491 -0.09820521335936384 0.0)
(10.0 -0.09899049343495088 0.0)
(9.939766039261645 -0.09820521335936241 0.0)
(9.790258229645017 -0.0958530465412919 0.0)
(9.551101989569627 -0.09194874109932898 0.0)
(9.221893113568063 -0.08651945098125007 0.0)
(8.802217558059514 -0.0796123877108592 0.0)
(8.291885075699552 -0.07129994307830795 0.0)
(7.688816072168687 -0.06165754426679633 0.0)
(6.987376595900086 -0.050593434433945664 0.0)
(6.191549792051093 -0.03859771228429078 0.0)
(5.31900110087719 -0.027487776179682444 0.0)
(4.394036158961937 -0.01824160023818382 0.0)
(3.422231019711858 -0.010490120527337199 0.0)
(2.3862316152922527 -0.004498821392348456 0.0)
(1.2512185540686342 -0.0011141311348420438 0.0)
(-0.0063563018797734815 -7.953492186970797e-05 0.0)
(0.006371072807795426 -7.94450597475371e-05 0.0)
(1.3266211468909073 -0.0011129413309189048 0.0)
(2.5917496067772694 -0.004494514381081654 0.0)
(3.7782924282626227 -0.010481628909346492 0.0)
(4.851111801496627 -0.018229099718927718 0.0)
(5.791853844665345 -0.027469075549055054 0.0)
(6.606752202209959 -0.03856814198694398 0.0)
(7.322697963991432 -0.0505548424740113 0.0)
(7.9556778921696365 -0.06161784835022796 0.0)
(8.508085570035377 -0.07126208200373017 0.0)
(8.975511050364517 -0.07957641326937956 0.0)
(9.355859756264456 -0.08648548912892803 0.0)
(9.648882378100081 -0.09191659643463164 0.0)
(9.854177295776916 -0.09582233113143246 0.0)
(9.971341149704015 -0.09817539847223848 0.0)
(10.0 -0.09896098927008183 0.0)
(9.939769961407121 -0.09817539847223705 0.0)
(9.790267148667523 -0.09582233113142982 0.0)
(9.551117621899932 -0.09191659643462737 0.0)
(9.221918021513337 -0.08648548912892336 0.0)
(8.802266727413265 -0.07957641326937444 0.0)
(8.29191442996465 -0.07126208200372414 0.0)
(7.688766552274805 -0.06161784835022181 0.0)
(6.988413147119653 -0.050554842474005435 0.0)
(6.193247797790061 -0.03856814198693763 0.0)
(5.31925726644577 -0.027469075549049 0.0)
(4.393332642947764 -0.018229099718924367 0.0)
(3.4217075717373446 -0.010481628909345378 0.0)
(2.386028171000486 -0.004494514381081666 0.0)
(1.2511566308868534 -0.0011129413309188436 0.0)
(-0.006371072807806981 -7.944505974753127e-05 0.0)
(0.006377291943575515 -7.93665942738279e-05 0.0)
(1.3266523630447895 -0.0011119478420067233 0.0)
(2.591901687388815 -0.004491214905514752 0.0)
(3.7787956352034793 -0.010476063772246842 0.0)
(4.851960255927519 -0.01822260203449554 0.0)
(5.791952959119817 -0.027459963391317052 0.0)
(6.605259051689739 -0.03855057082685925 0.0)
(7.321521092722177 -0.05052817289007545 0.0)
(7.955633547970056 -0.06158891758644902 0.0)
(8.508045554829218 -0.07123411182488555 0.0)
(8.975449354708342 -0.07954953961777336 0.0)
(9.355827636004669 -0.08645989230421117 0.0)
(9.648862175758754 -0.09189220391517665 0.0)
(9.854165883604514 -0.09579890969321592 0.0)
(9.971336045885554 -0.09815259464379285 0.0)
(10.0 -0.09893840102443029 0.0)
(9.939775065225582 -0.09815259464379139 0.0)
(9.790278560839923 -0.09579890969321328 0.0)
(9.55113782424126 -0.09189220391517237 0.0)
(9.221950141773124 -0.08645989230420652 0.0)
(8.80232842306944 -0.07954953961776824 0.0)
(8.29195444517081 -0.07123411182487949 0.0)
(7.6888108964743855 -0.061588917586442846 0.0)
(6.9895900183889115 -0.05052817289006957 0.0)
(6.194740948310284 -0.038550570826852926 0.0)
(5.319158151991296 -0.02745996339131102 0.0)
(4.392484188516869 -0.018222602034492195 0.0)
(3.421204364796487 -0.010476063772245725 0.0)
(2.38587609038894 -0.004491214905514761 0.0)
(1.2511254147329711 -0.0011119478420066609 0.0)
(-0.006377291943587047 -7.936659427382191e-05 0.0)
(0.006374686029653605 -7.930297307795228e-05 0.0)
(1.3266515005900799 -0.0011111943201908233 0.0)
(2.591995722176292 -0.004489067938567919 0.0)
(3.77925649111829 -0.010473669637982382 0.0)
(4.8529163692396455 -0.01822239268125739 0.0)
(5.792402998689536 -0.027460840078015275 0.0)
(6.60403636269048 -0.03854577084867152 0.0)
(7.320255610973776 -0.05051459749487145 0.0)
(7.955497288080016 -0.06157202314029869 0.0)
(8.507996636876953 -0.07121726150026846 0.0)
(8.975377843544008 -0.07953294753513329 0.0)
(9.35578971473582 -0.08644378518475418 0.0)
(9.648838291060326 -0.09187663530364827 0.0)
(9.854152479712194 -0.09578381132179178 0.0)
(9.97132998464655 -0.09813780383253042 0.0)
(10.0 -0.09892372118418614 0.0)
(9.939781126464586 -0.09813780383252896 0.0)
(9.790291964732242 -0.09578381132178915 0.0)
(9.55116170893969 -0.091876635303644 0.0)
(9.221988063041971 -0.0864437851847495 0.0)
(8.802399934233774 -0.07953294753512817 0.0)
(8.292003363123074 -0.07121726150026242 0.0)
(7.688947156364426 -0.06157202314029253 0.0)
(6.990855500137316 -0.05051459749486559 0.0)
(6.195963637309545 -0.03854577084866523 0.0)
(5.318708112421574 -0.027460840078009276 0.0)
(4.39152807520474 -0.018222392681254074 0.0)
(3.4207435088816753 -0.010473669637981272 0.0)
(2.3857820556014633 -0.004489067938567928 0.0)
(1.2511262771876808 -0.00111119432019076 0.0)
(-0.006374686029665091 -7.930297307794618e-05 0.0)
(0.00636336956512004 -7.925699155886526e-05 0.0)
(1.3266185974214606 -0.001110713873841266 0.0)
(2.5920275794231697 -0.004488167814041034 0.0)
(3.77965474684127 -0.010474551700432747 0.0)
(4.853938131563231 -0.01822848085781156 0.0)
(5.793184189459132 -0.02747166708914004 0.0)
(6.603137857929964 -0.03855395295464104 0.0)
(7.31895712169912 -0.05051471276642908 0.0)
(7.955275099509805 -0.06156790732283332 0.0)
(8.507940965543913 -0.07121227140231583 0.0)
(8.97529965894125 -0.07952736604721622 0.0)
(9.355747658649092 -0.08643787548791879 0.0)
(9.648811773454748 -0.0918705746563551 0.0)
(9.854137673042462 -0.09577769941197878 0.0)
(9.971323232306757 -0.09813167591963902 0.0)
(10.0 -0.09891759475467372 0.0)
(9.939787878804378 -0.09813167591963759 0.0)
(9.790306771401974 -0.09577769941197617 0.0)
(9.551188226545268 -0.09187057465635083 0.0)
(9.222030119128702 -0.08643787548791414 0.0)
(8.802478118836534 -0.07952736604721113 0.0)
(8.292059034456116 -0.07121227140230982 0.0)
(7.689169344934637 -0.061567907322827214 0.0)
(6.992153989411975 -0.050514712766423275 0.0)
(6.196862142070062 -0.03855395295463482 0.0)
(5.317926921651975 -0.02747166708913412 0.0)
(4.390506312881152 -0.018228480857808285 0.0)
(3.4203452531586946 -0.010474551700431654 0.0)
(2.3857501983545855 -0.004488167814041046 0.0)
(1.2511591803563002 -0.0011107138738412022 0.0)
(-0.00636336956513146 -7.925699155885914e-05 0.0)
(0.0063438397747235375 -7.923067006039478e-05 0.0)
(1.326555099243966 -0.0011105276128916988 0.0)
(2.591995859380302 -0.004488554081759079 0.0)
(3.7799729037445404 -0.010478671203387553 0.0)
(4.854980648531038 -0.01824059906081826 0.0)
(5.794262207335338 -0.027491968705629997 0.0)
(6.602603016063599 -0.038574757638000244 0.0)
(7.317682678141419 -0.05052851363992698 0.0)
(7.954976744818715 -0.061576750975542674 0.0)
(8.50788098692662 -0.07121936078680256 0.0)
(8.975218236188477 -0.07953304039439019 0.0)
(9.35570331561199 -0.0864424228749725 0.0)
(9.648783788077097 -0.09187428826705153 0.0)
(9.854122114173299 -0.09578084250991267 0.0)
(9.971316085551635 -0.09813448015440042 0.0)
(10.0 -0.09892029091999781 0.0)
(9.939795025559501 -0.09813448015439899 0.0)
(9.790322330271138 -0.09578084250991006 0.0)
(9.551216211922918 -0.09187428826704731 0.0)
(9.222074462165804 -0.08644242287496791 0.0)
(8.802559541589307 -0.07953304039438512 0.0)
(8.292119013073409 -0.07121936078679661 0.0)
(7.689467699625728 -0.06157675097553661 0.0)
(6.9934284329696785 -0.050528513639921266 0.0)
(6.197396983936426 -0.03857475763799412 0.0)
(5.316848903775766 -0.027491968705624165 0.0)
(4.3894637959133425 -0.01824059906081504 0.0)
(3.4200270962554242 -0.010478671203386485 0.0)
(2.385781918397454 -0.0044885540817590965 0.0)
(1.2512226785337952 -0.001110527612891636 0.0)
(-0.006343839774734872 -7.923067006038866e-05 0.0)
(0.006316954761725379 -7.92251651010298e-05 0.0)
(1.3264637960513488 -0.0011106437213074913 0.0)
(2.591901955768342 -0.004490209769825178 0.0)
(3.780196982595822 -0.010485847143423389 0.0)
(4.855998113854732 -0.018258214838607 0.0)
(5.795589686184851 -0.02752085291159733 0.0)
(6.602455337064528 -0.03860727077902342 0.0)
(7.31648827701907 -0.050555393730231636 0.0)
(7.954615333166049 -0.06159816552450567 0.0)
(8.507819336375794 -0.07123821815914398 0.0)
(8.975137152852486 -0.07954972125622123 0.0)
(9.355658633976445 -0.08645722754204738 0.0)
(9.64875556455367 -0.09188761296647745 0.0)
(9.854106486732949 -0.09579310251362033 0.0)
(9.971308858396528 -0.09814609332386941 0.0)
(10.0 -0.09893169121558658 0.0)
(9.939802252714609 -0.098146093323868 0.0)
(9.790337957711488 -0.09579310251361778 0.0)
(9.551244435446346 -0.09188761296647326 0.0)
(9.222119143801349 -0.08645722754204281 0.0)
(8.802640624925296 -0.07954972125621625 0.0)
(8.292180663624235 -0.07123821815913808 0.0)
(7.689829111278395 -0.06159816552449972 0.0)
(6.994622834092031 -0.050555393730226036 0.0)
(6.1975446629354956 -0.03860727077901742 0.0)
(5.3155214249262475 -0.027520852911591603 0.0)
(4.3884463305896455 -0.01825821483860385 0.0)
(3.419803017404142 -0.010485847143422348 0.0)
(2.385875822009414 -0.004490209769825204 0.0)
(1.2513139817264127 -0.0011106437213074302 0.0)
(-0.006316954761736614 -7.922516510102373e-05 0.0)
(0.006283895804411962 -7.924071855861375e-05 0.0)
(1.326348699538858 -0.001111057097497268 0.0)
(2.5917499945402076 -0.004493062130334702 0.0)
(3.7803171377803313 -0.010495764222863085 0.0)
(4.856945821969391 -0.018280554186128898 0.0)
(5.797108299015577 -0.027557050587874 0.0)
(6.6027013096778 -0.03865006380977513 0.0)
(7.315426398132293 -0.0505941719753508 0.0)
(7.954206744318641 -0.06163121005361771 0.0)
(8.50775872270385 -0.07126801496089795 0.0)
(8.975059971586727 -0.07957667570615734 0.0)
(9.355615576971779 -0.08648163899915653 0.0)
(9.64872834297445 -0.0919099632917169 0.0)
(9.854091477362553 -0.09581394074096794 0.0)
(9.971301868389409 -0.0981660051666252 0.0)
(10.0 -0.09895129473330809 0.0)
(9.939809242721728 -0.0981660051666238 0.0)
(9.790352967081883 -0.09581394074096539 0.0)
(9.551271657025563 -0.09190996329171276 0.0)
(9.222162200806014 -0.08648163899915202 0.0)
(8.802717806191056 -0.07957667570615244 0.0)
(8.29224127729618 -0.07126801496089216 0.0)
(7.690237700125804 -0.06163121005361187 0.0)
(6.995684712978809 -0.050594171975345326 0.0)
(6.1972986903222225 -0.03865006380976928 0.0)
(5.3140028120955165 -0.02755705058786839 0.0)
(4.387498622474985 -0.018280554186125824 0.0)
(3.419682862219633 -0.010495764222862082 0.0)
(2.386027783237549 -0.00449306213033474 0.0)
(1.251429078238904 -0.001111057097497209 0.0)
(-0.006283895804423088 -7.924071855860782e-05 0.0)
(0.006246115452887984 -7.927664704267467e-05 0.0)
(1.3262148668366893 -0.0011117495784675 0.0)
(2.5915466525942583 -0.00449698583578511 0.0)
(3.7803280898990783 -0.01050798670337885 0.0)
(4.857782132314238 -0.018306635553322532 0.0)
(5.798751320757959 -0.02759897127478618 0.0)
(6.60333012631678 -0.03870125648277176 0.0)
(7.314543698496721 -0.05064314453013672 0.0)
(7.953768930922953 -0.06167443264672287 0.0)
(8.507701809164644 -0.07130744197510715 0.0)
(8.974990083594815 -0.07961271941498008 0.0)
(9.355576036444006 -0.08651458465153405 0.0)
(9.648703319405834 -0.09194035721036765 0.0)
(9.854077745546387 -0.09584244159836827 0.0)
(9.971295422658404 -0.0981933407927248 0.0)
(10.0 -0.09897824013045729 0.0)
(9.939815688452732 -0.09819334079272343 0.0)
(9.79036669889805 -0.09584244159836577 0.0)
(9.55129668059418 -0.09194035721036355 0.0)
(9.222201741333787 -0.08651458465152963 0.0)
(8.80278769418297 -0.07961271941497523 0.0)
(8.292298190835385 -0.07130744197510147 0.0)
(7.6906755135214935 -0.06167443264671715 0.0)
(6.9965674126143815 -0.0506431445301314 0.0)
(6.196669873683239 -0.03870125648276607 0.0)
(5.31235979035313 -0.027598971274780695 0.0)
(4.386662312130136 -0.018306635553319534 0.0)
(3.4196719101008863 -0.01050798670337789 0.0)
(2.386231125183499 -0.004496985835785162 0.0)
(1.2515629109410729 -0.0011117495784674436 0.0)
(-0.006246115452898996 -7.927664704266889e-05 0.0)
(0.00620527370668221 -7.933137192135219e-05 0.0)
(1.326068178308936 -0.0011126907378712142 0.0)
(2.5913008644035944 -0.004501808485737127 0.0)
(3.7802293577360015 -0.010521977551537219 0.0)
(4.858470298942709 -0.01833531297262791 0.0)
(5.800446560042459 -0.027644773054042684 0.0)
(6.604314157928741 -0.03875859948561621 0.0)
(7.313878962319489 -0.05070015963012487 0.0)
(7.953321129698635 -0.06172593418215361 0.0)
(8.507651096434968 -0.07135476685089691 0.0)
(8.974930559627259 -0.07965626868806383 0.0)
(9.35554174973158 -0.08655461692748687 0.0)
(9.648681593337642 -0.09197745926924829 0.0)
(9.854065894635333 -0.095877352810288 0.0)
(9.97128980441714 -0.0982268991247665 0.0)
(10.0 -0.09901134347557868 0.0)
(9.939821306693997 -0.09822689912476515 0.0)
(9.790378549809104 -0.09587735281028553 0.0)
(9.551318406662373 -0.09197745926924424 0.0)
(9.222236028046213 -0.08655461692748252 0.0)
(8.802847218150525 -0.0796562686880591 0.0)
(8.292348903565061 -0.07135476685089134 0.0)
(7.691123314745813 -0.06172593418214803 0.0)
(6.997232148791615 -0.050700159630119715 0.0)
(6.195685842071274 -0.03875859948561068 0.0)
(5.310664551068626 -0.027644773054037324 0.0)
(4.385974145501664 -0.018335312972624997 0.0)
(3.4197706422639644 -0.010521977551536296 0.0)
(2.3864769133741635 -0.004501808485737195 0.0)
(1.2517095994688268 -0.0011126907378711608 0.0)
(-0.0062052737066931075 -7.933137192134663e-05 0.0)
(0.006163165077405058 -7.940248868359359e-05 0.0)
(1.3259150791811485 -0.0011138392228860132 0.0)
(2.591023429451658 -0.004507318181774649 0.0)
(3.780025279401721 -0.010537122035065643 0.0)
(4.858980085072114 -0.018365326410704628 0.0)
(5.802119531156268 -0.02769244347925496 0.0)
(6.605610167964886 -0.03881957327166955 0.0)
(7.313461396892122 -0.05076271213612795 0.0)
(7.952883016212255 -0.061783451776662474 0.0)
(8.507608812739388 -0.07140791021980343 0.0)
(8.974884015058297 -0.07970541005002049 0.0)
(9.35551422332992 -0.0865999768820466 0.0)
(9.648664119373565 -0.09201963927176789 0.0)
(9.854056445336742 -0.09591714044194366 0.0)
(9.971285260520862 -0.09826520567103363 0.0)
(10.0 -0.09904915026824841 0.0)
(9.939825850590275 -0.09826520567103228 0.0)
(9.790387999107695 -0.09591714044194122 0.0)
(9.55133588062645 -0.09201963927176389 0.0)
(9.222263554447874 -0.08659997688204231 0.0)
(8.802893762719487 -0.07970541005001587 0.0)
(8.292391187260641 -0.07140791021979798 0.0)
(7.691561428232194 -0.06178345177665705 0.0)
(6.997649714218983 -0.05076271213612296 0.0)
(6.194389832035124 -0.03881957327166417 0.0)
(5.308991579954813 -0.02769244347924973 0.0)
(4.38546435937226 -0.01836532641070179 0.0)
(3.419974720598246 -0.010537122035064758 0.0)
(2.3867543483261007 -0.004507318181774732 0.0)
(1.2518626985966146 -0.0011138392228859637 0.0)
(-0.006163165077415846 -7.940248868358825e-05 0.0)
(0.006121639741191405 -7.948687258897042e-05 0.0)
(1.3257622963489148 -0.0011151445711814409 0.0)
(2.590726537722684 -0.004513272837933494 0.0)
(3.779724821724894 -0.010552754733063928 0.0)
(4.859289091632553 -0.01839535713199161 0.0)
(5.80369672680926 -0.027739887999149768 0.0)
(6.607161212115213 -0.038881498764320975 0.0)
(7.313309349275585 -0.05082805360546876 0.0)
(7.952473840368897 -0.061844458212372236 0.0)
(8.50757681594613 -0.07146453705942 0.0)
(8.974852494971138 -0.07975798431930725 0.0)
(9.355494666698753 -0.08664867148179353 0.0)
(9.648651665287618 -0.09206504390578187 0.0)
(9.854049812835504 -0.09596005629758969 0.0)
(9.971281990620056 -0.09830657731196306 0.0)
(10.0 -0.09908999934716224 0.0)
(9.93982912049108 -0.09830657731196174 0.0)
(9.790394631608933 -0.0959600562975873 0.0)
(9.551348334712397 -0.09206504390577795 0.0)
(9.22228311107904 -0.08664867148178935 0.0)
(8.802925282806646 -0.07975798431930274 0.0)
(8.292423184053899 -0.07146453705941466 0.0)
(7.691970604075553 -0.06184445821236695 0.0)
(6.997801761835518 -0.05082805360546393 0.0)
(6.192838787884792 -0.03888149876431575 0.0)
(5.307414384301818 -0.02773988799914465 0.0)
(4.385155352811821 -0.018395357131988855 0.0)
(3.4202751782750735 -0.010552754733063089 0.0)
(2.387051240055076 -0.004513272837933591 0.0)
(1.2520154814288487 -0.001115144571181395 0.0)
(-0.006121639741202096 -7.948687258896532e-05 0.0)
(0.006082522245346026 -7.95808159630564e-05 0.0)
(1.3256165428103752 -0.0011165494281414634 0.0)
(2.590423234096095 -0.004519410817515774 0.0)
(3.7793411862661697 -0.010568188773381252 0.0)
(4.859383741441072 -0.018424085641535175 0.0)
(5.805108847909842 -0.027785021988320224 0.0)
(6.608899140337309 -0.03894165507071288 0.0)
(7.313429500163985 -0.0508933130535233 0.0)
(7.952111580606553 -0.06190627297810593 0.0)
(8.507556511935757 -0.07152215929000975 0.0)
(8.974837384300749 -0.07981168147871356 0.0)
(9.35548393912068 -0.08669856117509911 0.0)
(9.648644778289551 -0.09211167817473707 0.0)
(9.854046288551594 -0.09600421473304133 0.0)
(9.971280138388185 -0.09834919625333961 0.0)
(10.0 -0.09913209587852388 0.0)
(9.93983097272295 -0.0983491962533383 0.0)
(9.790398155892843 -0.096004214733039 0.0)
(9.551355221710464 -0.09211167817473322 0.0)
(9.222293838657114 -0.08669856117509499 0.0)
(8.802940393477034 -0.07981168147870914 0.0)
(8.292443488064272 -0.07152215929000452 0.0)
(7.692332863837897 -0.061906272978100765 0.0)
(6.997681610947117 -0.0508933130535186 0.0)
(6.191100859662691 -0.03894165507070779 0.0)
(5.306002263201234 -0.027785021988315204 0.0)
(4.385060703003302 -0.018424085641532476 0.0)
(3.4206588137337994 -0.010568188773380447 0.0)
(2.3873545436816657 -0.004519410817515888 0.0)
(1.2521612349673885 -0.0011165494281414213 0.0)
(-0.006082522245356631 -7.958081596305158e-05 0.0)
)
