(
(-0.028632094672831076 -5.670205289540172e-06 0.0)
(1.193095590818855 -0.000203201126547497 0.0)
(2.331526472292193 -0.001588135388069745 0.0)
(3.4173849128906406 -0.005954394913319929 0.0)
(4.439448388422371 -0.01449296831791816 0.0)
(5.372127197223523 -0.02659141111210013 0.0)
(6.215969855224517 -0.03979135376986356 0.0)
(6.990080331557863 -0.051592069148441916 0.0)
(7.689014551191598 -0.06167571028519829 0.0)
(8.293153392336846 -0.07061326131210989 0.0)
(8.803361964402399 -0.07837244739976865 0.0)
(9.222754946203812 -0.08481973119905305 0.0)
(9.551738222096832 -0.08988764576491311 0.0)
(9.790660736511173 -0.09353202608254048 0.0)
(9.939967441748854 -0.09572692963618332 0.0)
(10.000000000000007 -0.09645994120421243 0.0)
(9.971143669362265 -0.09572692963618472 0.0)
(9.853783707933285 -0.09353202608254337 0.0)
(9.648261777903178 -0.08988764576491587 0.0)
(9.355022831573962 -0.0848197311990582 0.0)
(8.974415813375389 -0.07837244739977427 0.0)
(8.506846607663157 -0.07061326131211743 0.0)
(7.955429893252847 -0.06167571028520728 0.0)
(7.321030779553251 -0.05159206914844966 0.0)
(6.584030144775477 -0.03979135376987037 0.0)
(5.73898391388755 -0.026591411112106916 0.0)
(4.80499605602203 -0.014492968317922284 0.0)
(3.782615087109329 -0.005954394913321627 0.0)
(2.6462513054855807 -0.0015881353880704567 0.0)
(1.3846821869589334 -0.00020320112654776196 0.0)
(0.02863209467282451 -5.670205289564693e-06 0.0)
(-0.028631688011465668 -5.719665533060287e-06 0.0)
(1.1930907203490269 -0.0002037979398913255 0.0)
(2.331447170361578 -0.001589916323019137 0.0)
(3.417037823258954 -0.0059567045835032485 0.0)
(4.438761862130353 -0.014494202104090198 0.0)
(5.371855590555615 -0.026592479295526363 0.0)
(6.216917851423896 -0.03979708533714714 0.0)
(6.990998245638538 -0.0516043268634908 0.0)
(7.689099247051482 -0.06169023377108768 0.0)
(8.293187934627424 -0.07062759494980365 0.0)
(8.803413009501588 -0.07838644672350559 0.0)
(9.22278191232855 -0.08483323700054761 0.0)
(9.551755201793245 -0.08990064020181333 0.0)
(9.79067027821195 -0.09354458780864351 0.0)
(9.939971746761238 -0.09573921135639338 0.0)
(10.000000000000007 -0.09647212314105207 0.0)
(9.97113936434988 -0.09573921135639475 0.0)
(9.853774166232508 -0.0935445878086464 0.0)
(9.648244798206765 -0.0899006402018161 0.0)
(9.354995865449224 -0.08483323700055276 0.0)
(8.974364768276201 -0.07838644672351121 0.0)
(8.506812065372579 -0.07062759494981122 0.0)
(7.955345197392964 -0.06169023377109667 0.0)
(7.320112865472573 -0.05160432686349854 0.0)
(6.583082148576097 -0.039797085337153905 0.0)
(5.73925552055546 -0.026592479295533128 0.0)
(4.805682582314049 -0.014494202104094304 0.0)
(3.7829621767410164 -0.0059567045835049424 0.0)
(2.646330607416196 -0.0015899163230198496 0.0)
(1.3846870574287615 -0.00020379793989159115 0.0)
(0.02863168801145907 -5.719665533084887e-06 0.0)
(-0.028624838823826344 -5.7565987029310195e-06 0.0)
(1.1931094821472044 -0.00020419907959147015 0.0)
(2.3314130068690537 -0.0015907940703422938 0.0)
(3.4167334170928148 -0.005956616551463523 0.0)
(4.438019717273252 -0.014490793878950825 0.0)
(5.37133640967214 -0.026586203826550643 0.0)
(6.2176360265917205 -0.03979328054691009 0.0)
(6.991950042836688 -0.05160659192118115 0.0)
(7.689248331572637 -0.06169546213914101 0.0)
(8.293227825584484 -0.07063331033617949 0.0)
(8.803469514721906 -0.0783924523387303 0.0)
(9.222812213339372 -0.0848393450420885 0.0)
(9.551774303050436 -0.08990674120107207 0.0)
(9.790680955368645 -0.09355063708927681 0.0)
(9.939976607083299 -0.09574521689630436 0.0)
(10.000000000000007 -0.09647810879319786 0.0)
(9.97113450402782 -0.09574521689630573 0.0)
(9.853763489075813 -0.0935506370892797 0.0)
(9.648225696949574 -0.08990674120107481 0.0)
(9.354965564438402 -0.08483934504209364 0.0)
(8.974308263055882 -0.07839245233873592 0.0)
(8.506772174415518 -0.07063331033618703 0.0)
(7.955196112871809 -0.061695462139149976 0.0)
(7.319161068274421 -0.05160659192118887 0.0)
(6.582363973408272 -0.03979328054691681 0.0)
(5.739774701438937 -0.02658620382655736 0.0)
(4.806424727171152 -0.014490793878954904 0.0)
(3.783266582907156 -0.0059566165514652065 0.0)
(2.6463647709087197 -0.0015907940703430046 0.0)
(1.384668295630584 -0.0002041990795917359 0.0)
(0.028624838823819703 -5.756598702955662e-06 0.0)
(-0.028611848050687744 -5.779382023235574e-06 0.0)
(1.1931510518542991 -0.00020438692030337087 0.0)
(2.3314254828959817 -0.0015907300634276295 0.0)
(3.4164850694422677 -0.0059541346851675276 0.0)
(4.437254562338373 -0.014482893393677492 0.0)
(5.3705924664313045 -0.026572860437799106 0.0)
(6.21809282542498 -0.039780106574674776 0.0)
(6.992893902924689 -0.05159876479902188 0.0)
(7.689455254253946 -0.06169116566443106 0.0)
(8.293271312472351 -0.070630156347616 0.0)
(8.803528997327346 -0.07839020036969677 0.0)
(9.222844517865298 -0.08483778694750475 0.0)
(9.551794686594109 -0.08990568069594336 0.0)
(9.790692298846524 -0.09354990813011617 0.0)
(9.939981809161374 -0.09574468238347938 0.0)
(10.000000000000007 -0.09647763516204498 0.0)
(9.971129301949743 -0.09574468238348076 0.0)
(9.853752145597934 -0.09354990813011903 0.0)
(9.648205313405901 -0.08990568069594607 0.0)
(9.354933259912476 -0.08483778694750987 0.0)
(8.974248780450441 -0.07839020036970233 0.0)
(8.50672868752765 -0.07063015634762349 0.0)
(7.954989190190499 -0.06169116566443998 0.0)
(7.318217208186418 -0.05159876479902953 0.0)
(6.581907174575012 -0.039780106574681444 0.0)
(5.740518644679776 -0.02657286043780576 0.0)
(4.807189882106035 -0.014482893393681532 0.0)
(3.7835149305577036 -0.0059541346851691955 0.0)
(2.6463522948817912 -0.001590730063428336 0.0)
(1.384626725923489 -0.0002043869203036362 0.0)
(0.02861184805068105 -5.77938202326022e-06 0.0)
(-0.028593286482855636 -5.787014436560678e-06 0.0)
(1.193213602973431 -0.00020435320864979167 0.0)
(2.331484050268563 -0.0015897271146218764 0.0)
(3.4163036922487384 -0.005949368033279866 0.0)
(4.436500016833741 -0.014470847781139587 0.0)
(5.3696564483381035 -0.026553035413362465 0.0)
(6.218268177018633 -0.03975814226068013 0.0)
(6.993788354417018 -0.051581189406441325 0.0)
(7.689710923291346 -0.06167753312619641 0.0)
(8.293316484556732 -0.07061827156460061 0.0)
(8.803588843761046 -0.07837978976380447 0.0)
(9.222877406504555 -0.08482863117662197 0.0)
(9.551815456808644 -0.08989750528308237 0.0)
(9.790703810233921 -0.0935424329602935 0.0)
(9.939987124425672 -0.09573763130343413 0.0)
(10.000000000000007 -0.09647072305807981 0.0)
(9.971123986685445 -0.0957376313034355 0.0)
(9.853740634210535 -0.09354243296029637 0.0)
(9.648184543191366 -0.08989750528308507 0.0)
(9.354900371273219 -0.08482863117662703 0.0)
(8.974188934016741 -0.07837978976380998 0.0)
(8.506683515443271 -0.07061827156460806 0.0)
(7.954733521153098 -0.061677533126205275 0.0)
(7.317322756694087 -0.05158118940644889 0.0)
(6.58173182298136 -0.0397581422606867 0.0)
(5.741454662772979 -0.026553035413369043 0.0)
(4.807944427610667 -0.014470847781143579 0.0)
(3.783696307751233 -0.005949368033281511 0.0)
(2.6462937275092098 -0.0015897271146225768 0.0)
(1.384564174804357 -0.00020435320865005597 0.0)
(0.02859328648284887 -5.787014436585284e-06 0.0)
(-0.028569969681663126 -5.7791605886279295e-06 0.0)
(1.1932943871228596 -0.00020409942585911703 0.0)
(2.331586135643593 -0.0015878292916607169 0.0)
(3.416197254894291 -0.005942526033764133 0.0)
(4.435789234108431 -0.014455186303515192 0.0)
(5.3685694823151575 -0.0265275998285456 0.0)
(6.21815437674445 -0.03972835267670048 0.0)
(6.994594096751454 -0.0515546379740362 0.0)
(7.690004105055069 -0.06165516351322707 0.0)
(8.293361357058876 -0.07059817818275645 0.0)
(8.803646424480194 -0.07836167794403062 0.0)
(9.222909434190504 -0.0848122800172627 0.0)
(9.551835701088814 -0.08988257417517377 0.0)
(9.790714983741537 -0.0935285400250954 0.0)
(9.939992319333204 -0.09572437346772622 0.0)
(10.000000000000007 -0.0964576761865052 0.0)
(9.971118791777915 -0.09572437346772757 0.0)
(9.85372946070292 -0.09352854002509824 0.0)
(9.648164298911196 -0.08988257417517645 0.0)
(9.35486834358727 -0.08481228001726773 0.0)
(8.974131353297594 -0.0783616779440361 0.0)
(8.506638642941127 -0.07059817818276382 0.0)
(7.954440339389374 -0.061655163513235856 0.0)
(7.31651701435965 -0.05155463797404368 0.0)
(6.581845623255545 -0.039728352676706956 0.0)
(5.742541628795929 -0.026527599828552094 0.0)
(4.808655210335979 -0.014455186303519132 0.0)
(3.783802745105681 -0.005942526033765754 0.0)
(2.6461916421341796 -0.001587829291661409 0.0)
(1.3844833906549279 -0.00020409942585937986 0.0)
(0.028569969681656277 -5.779160588652459e-06 0.0)
(-0.028542922144697735 -5.7561655631472835e-06 0.0)
(1.1933898547948492 -0.00020363672268288672 0.0)
(2.3317272535764513 -0.001585119981413095 0.0)
(3.416170434041557 -0.005933909311561971 0.0)
(4.435153444655051 -0.014436597097479268 0.0)
(5.367379327660965 -0.026497671276412282 0.0)
(6.217756424778286 -0.03969204672255741 0.0)
(6.995275727083887 -0.051520277123171934 0.0)
(7.690321917674775 -0.06162503970539286 0.0)
(8.29340395836313 -0.07057075906852191 0.0)
(8.803699209493333 -0.0783366607106015 0.0)
(9.222939193685217 -0.08478945190945557 0.0)
(9.551854529937982 -0.08986154341778337 0.0)
(9.790725328425886 -0.09350883975467807 0.0)
(9.939997165629233 -0.09570549140140211 0.0)
(10.000000000000007 -0.09643906780298962 0.0)
(9.971113945481884 -0.09570549140140346 0.0)
(9.853719116018572 -0.09350883975468087 0.0)
(9.648145470062028 -0.08986154341778599 0.0)
(9.354838584092557 -0.08478945190946055 0.0)
(8.974078568284455 -0.0783366607106069 0.0)
(8.50659604163687 -0.07057075906852919 0.0)
(7.954122526769667 -0.06162503970540155 0.0)
(7.315835384027216 -0.0515202771231793 0.0)
(6.582243575221711 -0.03969204672256376 0.0)
(5.743731783450125 -0.02649767127641868 0.0)
(4.8092909997893605 -0.014436597097483145 0.0)
(3.783829565958414 -0.005933909311563564 0.0)
(2.646050524201321 -0.0015851199814137776 0.0)
(1.3843879229829381 -0.0002036367226831477 0.0)
(0.028542922144690803 -5.756165563171701e-06 0.0)
(-0.028513332291251654 -5.719039719470154e-06 0.0)
(1.193495811314546 -0.0002029854294521728 0.0)
(2.331901203603337 -0.0015817182260147481 0.0)
(3.41622440814974 -0.005923896469683092 0.0)
(4.434620583899038 -0.014415896938737035 0.0)
(5.366138277593706 -0.026464564762790507 0.0)
(6.217091806401504 -0.03965081961545608 0.0)
(6.9958032958245155 -0.051479616606774095 0.0)
(7.690650397045379 -0.06158848528770006 0.0)
(8.293442416646126 -0.07053721896761463 0.0)
(8.803744879523553 -0.07830583727498619 0.0)
(9.222965377410942 -0.0847611498784948 0.0)
(9.551871116050965 -0.0898353370639162 0.0)
(9.79073438976046 -0.09348419774288301 0.0)
(9.940001450376382 -0.09568181474791232 0.0)
(10.000000000000007 -0.09641571552586166 0.0)
(9.971109660734736 -0.09568181474791364 0.0)
(9.853710054683997 -0.09348419774288579 0.0)
(9.648128883949045 -0.08983533706391877 0.0)
(9.354812400366832 -0.08476114987849975 0.0)
(8.974032898254235 -0.0783058372749915 0.0)
(8.506557583353874 -0.07053721896762183 0.0)
(7.953794047399063 -0.06158848528770865 0.0)
(7.3153078152865865 -0.05147961660678134 0.0)
(6.582908193598496 -0.0396508196154623 0.0)
(5.744972833517387 -0.026464564762796815 0.0)
(4.809823860545373 -0.014415896938740853 0.0)
(3.783775591850231 -0.005923896469684655 0.0)
(2.645876574174434 -0.0015817182260154203 0.0)
(1.384281966463241 -0.00020298542945243152 0.0)
(0.02851333229124464 -5.719039719494427e-06 0.0)
(-0.028482500245352187 -5.6694142992478975e-06 0.0)
(1.1936076011463161 -0.00020217416280002558 0.0)
(2.3321003426783014 -0.0015777734923745443 0.0)
(3.4163568056952673 -0.005912927454081678 0.0)
(4.434214064767172 -0.014393995354393759 0.0)
(5.364900861582898 -0.02642973492732216 0.0)
(6.216189723729692 -0.039606482799059664 0.0)
(6.996153622568038 -0.05143444297354689 0.0)
(7.6909751103842705 -0.06154710639438768 0.0)
(8.293475042121266 -0.07049903157070857 0.0)
(8.803781427913274 -0.07827056196255577 0.0)
(9.22298683490267 -0.08472861746384373 0.0)
(9.5518847306643 -0.08980510657281802 0.0)
(9.790741769606802 -0.09345569671462718 0.0)
(9.940004985310697 -0.09565438381609598 0.0)
(10.000000000000007 -0.09638864541145649 0.0)
(9.97110612580042 -0.0956543838160973 0.0)
(9.853702674837656 -0.09345569671462993 0.0)
(9.64811526933571 -0.08980510657282056 0.0)
(9.354790942875104 -0.0847286174638486 0.0)
(8.973996349864514 -0.07827056196256103 0.0)
(8.506524957878737 -0.07049903157071569 0.0)
(7.953469334060171 -0.06154710639439616 0.0)
(7.3149574885430635 -0.051434442973554026 0.0)
(6.583810276270311 -0.03960648279906578 0.0)
(5.746210249528198 -0.026429734927328377 0.0)
(4.81023037967724 -0.014393995354397518 0.0)
(3.783643194304702 -0.00591292745408321 0.0)
(2.6456774350994694 -0.0015777734923752053 0.0)
(1.3841701766314705 -0.0002021741628002817 0.0)
(0.02848250024534509 -5.669414299272005e-06 0.0)
(-0.028451780710690534 -5.609469752657942e-06 0.0)
(1.1937203124494657 -0.0002012385682989699 0.0)
(2.332315920994705 -0.0015734591048719483 0.0)
(3.4165618093722046 -0.005901484223236009 0.0)
(4.4339517489664 -0.014371854659997668 0.0)
(5.3637214494242675 -0.026394712129258348 0.0)
(6.215089812625138 -0.03956098435196871 0.0)
(6.996311314598248 -0.05138674107029151 0.0)
(7.691281790381385 -0.061502721138327304 0.0)
(8.293500401284854 -0.07045787476216193 0.0)
(8.803807248793118 -0.07823238470600408 0.0)
(9.22300262335747 -0.08469328408028574 0.0)
(9.551894775576784 -0.08977218021696255 0.0)
(9.790747143707959 -0.09342458895295104 0.0)
(9.940007615113633 -0.09562440387091362 0.0)
(10.000000000000007 -0.09635904687107776 0.0)
(9.971103495997484 -0.0956244038709149 0.0)
(9.8536973007365 -0.09342458895295376 0.0)
(9.648105224423226 -0.08977218021696506 0.0)
(9.354775154420304 -0.08469328408029053 0.0)
(8.973970528984669 -0.07823238470600925 0.0)
(8.506499598715147 -0.07045787476216897 0.0)
(7.953162654063055 -0.061502721138335686 0.0)
(7.314799796512855 -0.0513867410702985 0.0)
(6.584910187374868 -0.039560984351974714 0.0)
(5.747389661686831 -0.026394712129264475 0.0)
(4.810492695478012 -0.014371854660001373 0.0)
(3.7834381906277645 -0.005901484223237512 0.0)
(2.645461856783065 -0.001573459104872597 0.0)
(1.3840574653283206 -0.00020123856829922337 0.0)
(0.02845178071068336 -5.609469752681866e-06 0.0)
(-0.028422523447419915 -5.541839933412002e-06 0.0)
(1.193828992895534 -0.00020021975425976046 0.0)
(2.3325384664357145 -0.0015689646298008744 0.0)
(3.41683041169403 -0.005890069571774644 0.0)
(4.433845162173115 -0.01435044767715527 0.0)
(5.362651862330391 -0.02636103520627358 0.0)
(6.213840401169545 -0.03951632339271134 0.0)
(6.996269443215827 -0.0513386068313688 0.0)
(7.691556962078705 -0.06145727972646972 0.0)
(8.29351737990164 -0.07041555689684802 0.0)
(8.803821207640864 -0.07819298294414068 0.0)
(9.223012049059522 -0.08465670221205375 0.0)
(9.55190080943334 -0.08973800472018904 0.0)
(9.790750275935759 -0.09339224127599256 0.0)
(9.940009224236459 -0.0955931921763098 0.0)
(10.000000000000007 -0.09632822041044066 0.0)
(9.971101886874658 -0.09559319217631108 0.0)
(9.8536941685087 -0.09339224127599526 0.0)
(9.64809919056667 -0.0897380047201915 0.0)
(9.354765728718252 -0.08465670221205851 0.0)
(8.973956570136924 -0.0781929829441458 0.0)
(8.50648262009836 -0.07041555689685497 0.0)
(7.9528874823657345 -0.061457279726478006 0.0)
(7.314841667895276 -0.0513386068313757 0.0)
(6.5861595988304655 -0.03951632339271725 0.0)
(5.748459248780709 -0.02636103520627963 0.0)
(4.810599282271297 -0.014350447677158925 0.0)
(3.783169588305938 -0.005890069571776119 0.0)
(2.6452393113420554 -0.0015689646298015123 0.0)
(1.3839487848822523 -0.0002002197542600112 0.0)
(0.028422523447412678 -5.541839933435733e-06 0.0)
(-0.028396013966163803 -5.4694963720424845e-06 0.0)
(1.1939288672645454 -0.00019916248550741245 0.0)
(2.332758200761787 -0.0015644875461735361 0.0)
(3.4171508107661164 -0.005879185038600279 0.0)
(4.433898987616019 -0.01433071498952969 0.0)
(5.36173909600142 -0.026330183860753628 0.0)
(6.212496386216538 -0.03947446224213241 0.0)
(6.996029848172718 -0.051292155187177946 0.0)
(7.691788534935263 -0.06141277877131923 0.0)
(8.293525231962263 -0.07037393734435034 0.0)
(8.803822691130275 -0.07815408791829836 0.0)
(9.223014697860723 -0.08462047919951325 0.0)
(9.551902567117349 -0.08970408169130341 0.0)
(9.790751028665843 -0.09336007498149891 0.0)
(9.940009741977264 -0.09556212011704526 0.0)
(10.000000000000007 -0.0962975204878302 0.0)
(9.971101369133855 -0.09556212011704653 0.0)
(9.853693415778615 -0.09336007498150158 0.0)
(9.648097432882661 -0.08970408169130584 0.0)
(9.354763079917051 -0.08462047919951796 0.0)
(8.973955086647512 -0.0781540879183034 0.0)
(8.506474768037739 -0.0703739373443572 0.0)
(7.9526559095091764 -0.06141277877132742 0.0)
(7.315081262938387 -0.051292155187184746 0.0)
(6.587503613783476 -0.039474462242138235 0.0)
(5.749372015109682 -0.026330183860759616 0.0)
(4.810545456828392 -0.014330714989533304 0.0)
(3.7828491892338505 -0.0058791850386017315 0.0)
(2.645019577015982 -0.0015644875461741637 0.0)
(1.3838489105132405 -0.00019916248550766065 0.0)
(0.028396013966156517 -5.469496372066024e-06 0.0)
(-0.028373417045030862 -5.395617712287162e-06 0.0)
(1.1940155472594407 -0.00019811321649668563 0.0)
(2.3329654692486277 -0.0015602245688539258 0.0)
(3.4175089288393905 -0.005869308870187909 0.0)
(4.434110860303622 -0.014313523615315267 0.0)
(5.3610232557199895 -0.026303513644379696 0.0)
(6.211116821324346 -0.039437240202605556 0.0)
(6.995603056836788 -0.051249427137983805 0.0)
(7.691966334063392 -0.06137117356343294 0.0)
(8.293523612461543 -0.07033484479166487 0.0)
(8.803811634079544 -0.07811740860475619 0.0)
(9.223010453377594 -0.08458620661556716 0.0)
(9.551899971399392 -0.08967190164613446 0.0)
(9.79074936882463 -0.09332950339760356 0.0)
(9.94000914558746 -0.0955325529425593 0.0)
(10.000000000000007 -0.09626829600168195 0.0)
(9.971101965523658 -0.09553255294256056 0.0)
(9.853695075619827 -0.09332950339760619 0.0)
(9.648100028600618 -0.08967190164613684 0.0)
(9.35476732440018 -0.08458620661557181 0.0)
(8.973966143698243 -0.07811740860476117 0.0)
(8.506476387538457 -0.07033484479167165 0.0)
(7.952478110381047 -0.061371173563441045 0.0)
(7.315508054274319 -0.05124942713799052 0.0)
(6.588883178675672 -0.039437240202611294 0.0)
(5.750087855391113 -0.026303513644385636 0.0)
(4.810333584140788 -0.014313523615318853 0.0)
(3.7824910711605755 -0.005869308870189341 0.0)
(2.644812308529141 -0.0015602245688545447 0.0)
(1.383762230518345 -0.0001981132164969314 0.0)
(0.028373417045023535 -5.395617712310519e-06 0.0)
(-0.028355725551395778 -5.323450047298497e-06 0.0)
(1.1940852243198212 -0.0001971180501883278 0.0)
(2.333151164898112 -0.0015563630052665707 0.0)
(3.417889030860871 -0.005860875007309631 0.0)
(4.434471470937639 -0.014299628912044253 0.0)
(5.360535794198475 -0.026282196397667476 0.0)
(6.209762322050489 -0.03940629274245176 0.0)
(6.995007821638545 -0.05121230007609921 0.0)
(7.692082547294676 -0.061334292159530804 0.0)
(8.29351259255738 -0.07029999689403875 0.0)
(8.80378852231525 -0.0780845566254483 0.0)
(9.222999502104956 -0.08455539033485411 0.0)
(9.551893136330566 -0.08964287851699516 0.0)
(9.790745369342504 -0.09330186978377374 0.0)
(9.940007461271327 -0.09550578978040727 0.0)
(10.000000000000007 -0.09624183102245258 0.0)
(9.97110364983979 -0.09550578978040854 0.0)
(9.853699075101954 -0.09330186978377634 0.0)
(9.648106863669444 -0.08964287851699754 0.0)
(9.354778275672818 -0.08455539033485873 0.0)
(8.973989255462538 -0.07808455662545323 0.0)
(8.50648740744262 -0.07029999689404548 0.0)
(7.952361897149762 -0.06133429215953885 0.0)
(7.316103289472564 -0.05121230007610586 0.0)
(6.590237677949531 -0.03940629274245746 0.0)
(5.750575316912629 -0.02628219639767338 0.0)
(4.809972973506769 -0.014299628912047817 0.0)
(3.782110969139094 -0.005860875007311049 0.0)
(2.644626612879656 -0.0015563630052671822 0.0)
(1.3836925534579645 -0.0001971180501885715 0.0)
(0.028355725551388423 -5.323450047321686e-06 0.0)
(-0.028343716817123197 -5.256164292249076e-06 0.0)
(1.1941348369631242 -0.00019622071236932302 0.0)
(2.333307128583122 -0.001553072525450968 0.0)
(3.4182744158431104 -0.005854254018471 0.0)
(4.434964974946533 -0.014289641387558732 0.0)
(5.360298129604343 -0.02626716876143869 0.0)
(6.208492402615075 -0.03938297963645343 0.0)
(6.994270296123648 -0.051182405296701344 0.0)
(7.69213206843234 -0.06130375506102766 0.0)
(8.293492656444203 -0.07027092480434129 0.0)
(8.803754371326033 -0.07805697543624449 0.0)
(9.222982325221698 -0.08452938436837189 0.0)
(9.551882362231293 -0.08961828752708363 0.0)
(9.790739205949395 -0.09327838831044684 0.0)
(9.940004763034635 -0.09548300655497227 0.0)
(10.000000000000007 -0.09621928837291312 0.0)
(9.971106348076484 -0.09548300655497353 0.0)
(9.853705238495063 -0.09327838831044945 0.0)
(9.648117637768717 -0.08961828752708598 0.0)
(9.354795452556075 -0.08452938436837648 0.0)
(8.974023406451755 -0.07805697543624941 0.0)
(8.506507343555798 -0.07027092480434799 0.0)
(7.9523123760121 -0.061303755061035664 0.0)
(7.316840814987463 -0.05118240529670795 0.0)
(6.591507597384949 -0.03938297963645911 0.0)
(5.750812981506759 -0.02626716876144459 0.0)
(4.809479469497873 -0.01428964138756229 0.0)
(3.781725584156854 -0.005854254018472411 0.0)
(2.644470649194646 -0.001553072525451574 0.0)
(1.3836429408146615 -0.00019622071236956504 0.0)
(0.02834371681711584 -5.2561642922721214e-06 0.0)
(-0.028337918484027693 -5.196716860119965e-06 0.0)
(1.1941622053005663 -0.00019546063042180515 0.0)
(2.3334265075446656 -0.0015504977070704528 0.0)
(3.4186481506750317 -0.005849736817808831 0.0)
(4.435569688666991 -0.01428399987541294 0.0)
(5.3603207044850665 -0.026259091022536957 0.0)
(6.207362860954843 -0.039368325219838005 0.0)
(6.993422885813956 -0.051161056321705964 0.0)
(7.692112721608189 -0.06128090401216568 0.0)
(8.293464680078351 -0.07024890589700787 0.0)
(8.803710681643883 -0.07803587690414002 0.0)
(9.222959677448644 -0.08450933137071111 0.0)
(9.551868122495783 -0.0895992091595086 0.0)
(9.790731149453517 -0.09326009071060275 0.0)
(9.940001169432964 -0.09546520431949923 0.0)
(10.000000000000007 -0.09620165853584371 0.0)
(9.971109941678153 -0.09546520431950047 0.0)
(9.853713294990941 -0.09326009071060536 0.0)
(9.648131877504227 -0.08959920915951092 0.0)
(9.35481810032913 -0.0845093313707157 0.0)
(8.974067096133904 -0.07803587690414492 0.0)
(8.506535319921651 -0.07024890589701455 0.0)
(7.9523317228362504 -0.06128090401217366 0.0)
(7.317688225297157 -0.05116105632171257 0.0)
(6.5926371390451814 -0.039368325219843674 0.0)
(5.7507904066260345 -0.02625909102254287 0.0)
(4.808874755777413 -0.014283999875416502 0.0)
(3.7813518493249316 -0.005849736817810239 0.0)
(2.6443512702331025 -0.0015504977070710556 0.0)
(1.3836155724772192 -0.00019546063042204598 0.0)
(0.02833791848402036 -5.196716860142895e-06 0.0)
(-0.028338585320257747 -5.147719762322909e-06 0.0)
(1.19416612681747 -0.0001948712009560175 0.0)
(2.333504056489571 -0.0015487516829341675 0.0)
(3.4189938141318486 -0.005847521882856233 0.0)
(4.436259042084429 -0.014282952253329711 0.0)
(5.360602526941686 -0.02625831810203181 0.0)
(6.206423327063907 -0.03936297338086206 0.0)
(6.992502824368184 -0.05114919118601756 0.0)
(7.692025356886283 -0.06126674304622706 0.0)
(8.29342989269016 -0.0702349076425443 0.0)
(8.803659372913508 -0.07802218806003688 0.0)
(9.222932553887508 -0.08449611243390308 0.0)
(9.551851042791963 -0.08958648168283843 0.0)
(9.790721553842564 -0.09324778094730408 0.0)
(9.939996838362603 -0.09545316527164649 0.0)
(10.000000000000007 -0.09618971613403234 0.0)
(9.971114272748514 -0.09545316527164775 0.0)
(9.853722890601894 -0.0932477809473067 0.0)
(9.648148957208047 -0.08958648168284075 0.0)
(9.354845223890266 -0.08449611243390767 0.0)
(8.97411840486428 -0.07802218806004178 0.0)
(8.506570107309843 -0.070234907642551 0.0)
(7.952419087558156 -0.061266743046235056 0.0)
(7.318608286742932 -0.05114919118602418 0.0)
(6.59357667293612 -0.03936297338086777 0.0)
(5.750508584169413 -0.02625831810203775 0.0)
(4.808185402359974 -0.014282952253333286 0.0)
(3.781006185868114 -0.005847521882857646 0.0)
(2.6442737212881973 -0.0015487516829347698 0.0)
(1.383611650960316 -0.00019487120095625768 0.0)
(0.02833858532025044 -5.147719762345761e-06 0.0)
(-0.028345688026249347 -5.111325841697456e-06 0.0)
(1.1941464292095558 -0.00019447832242435608 0.0)
(2.3335363680590695 -0.0015479111701483998 0.0)
(3.419296218393642 -0.005847706533802915 0.0)
(4.437002746270822 -0.014286544551906805 0.0)
(5.361131214211037 -0.026264883960636233 0.0)
(6.205715082342604 -0.03936715926953929 0.0)
(6.991550537603056 -0.05114733122199161 0.0)
(7.691873812912675 -0.061261894370148395 0.0)
(8.293389822773824 -0.07022954509864264 0.0)
(8.80360269954665 -0.07801651036670193 0.0)
(9.222902146297947 -0.08449030837384781 0.0)
(9.551831873570773 -0.08958066431911375 0.0)
(9.790710840730123 -0.0932419998890301 0.0)
(9.939991960122855 -0.09544741838515194 0.0)
(10.000000000000007 -0.09618398589476655 0.0)
(9.971119150988262 -0.09544741838515321 0.0)
(9.853733603714334 -0.09324199988903271 0.0)
(9.648168126429237 -0.0895806643191161 0.0)
(9.354875631479826 -0.08449030837385241 0.0)
(8.974175078231138 -0.07801651036670683 0.0)
(8.506610177226179 -0.07022954509864934 0.0)
(7.952570631531765 -0.06126189437015642 0.0)
(7.319560573508062 -0.05114733122199826 0.0)
(6.594284917657423 -0.039367159269545045 0.0)
(5.74997989690006 -0.026264883960642214 0.0)
(4.807441698173579 -0.014286544551910411 0.0)
(3.78070378160632 -0.005847706533804339 0.0)
(2.6442414097186986 -0.001547911170149004 0.0)
(1.3836313485682301 -0.00019447832242459615 0.0)
(0.028345688026242082 -5.111325841720269e-06 0.0)
(-0.02835891452209525 -5.089134180535093e-06 0.0)
(1.1941039779536806 -0.00019429925719075105 0.0)
(2.333522022541911 -0.0015480130993072818 0.0)
(3.4195420763703814 -0.00585028265742409 0.0)
(4.437768124224786 -0.014294618932116672 0.0)
(5.3618835367417095 -0.02627850010653504 0.0)
(6.205269245768293 -0.039380698965579095 0.0)
(6.990607867256869 -0.05115555815304469 0.0)
(7.691664748252322 -0.06126657102588616 0.0)
(8.293346230928162 -0.07023305388567137 0.0)
(8.80354315166737 -0.07801909329159326 0.0)
(9.222869790733817 -0.08449217421032586 0.0)
(9.551811457092722 -0.0895820126726541 0.0)
(9.790699480830758 -0.09324300154490524 0.0)
(9.939986749054654 -0.09544821616769453 0.0)
(10.000000000000007 -0.09618471959427653 0.0)
(9.971124362056463 -0.09544821616769579 0.0)
(9.8537449636137 -0.09324300154490787 0.0)
(9.648188542907288 -0.08958201267265645 0.0)
(9.354907987043957 -0.08449217421033048 0.0)
(8.974234626110418 -0.07801909329159822 0.0)
(8.506653769071841 -0.07023305388567813 0.0)
(7.9527796961921196 -0.06126657102589422 0.0)
(7.320503243854251 -0.051155558153051395 0.0)
(6.594730754231734 -0.039380698965584916 0.0)
(5.749227574369384 -0.026278500106541085 0.0)
(4.806676320219612 -0.01429461893212032 0.0)
(3.78045792362958 -0.005850282657425529 0.0)
(2.6442557552358577 -0.0015480130993078902 0.0)
(1.3836737998241055 -0.0001942992571909916 0.0)
(0.02835891452208805 -5.089134180557906e-06 0.0)
(-0.028377683659765184 -5.082119839828797e-06 0.0)
(1.1940406382803648 -0.00019434187305397655 0.0)
(2.333461650253874 -0.0015490529918300462 0.0)
(3.419720585512354 -0.005855137063560725 0.0)
(4.4385215466392465 -0.014306820620464554 0.0)
(5.362826438858042 -0.026298568271187477 0.0)
(6.205105406584413 -0.039402997559507644 0.0)
(6.98971623254007 -0.051173510502877106 0.0)
(7.691407348823927 -0.061280567529742966 0.0)
(8.293301032499123 -0.07024527983394767 0.0)
(8.803483345700544 -0.07802982334571645 0.0)
(9.222836908839412 -0.08450162796189585 0.0)
(9.551790690420507 -0.08959046749927159 0.0)
(9.790687973277665 -0.0932507419040028 0.0)
(9.939981434122801 -0.09545552356616879 0.0)
(10.000000000000007 -0.09619188499514807 0.0)
(9.971129676988317 -0.09545552356617006 0.0)
(9.853756471166793 -0.09325074190400544 0.0)
(9.648209309579503 -0.08959046749927396 0.0)
(9.354940868938362 -0.08450162796190053 0.0)
(8.974294432077244 -0.07802982334572146 0.0)
(8.50669896750088 -0.07024527983395448 0.0)
(7.953037095620515 -0.061280567529751084 0.0)
(7.321394878571051 -0.05117351050288389 0.0)
(6.594894593415614 -0.03940299755951356 0.0)
(5.748284672253048 -0.026298568271193597 0.0)
(4.80592289780515 -0.014306820620468251 0.0)
(3.7802794144876075 -0.005855137063562187 0.0)
(2.644316127523895 -0.0015490529918306608 0.0)
(1.3837371394974216 -0.0001943418730542181 0.0)
(0.02837768365975805 -5.082119839851649e-06 0.0)
(-0.028401170757687094 -5.090591016876827e-06 0.0)
(1.1939591932189773 -0.00019460429755096593 0.0)
(2.3333579038428476 -0.0015509851567416723 0.0)
(3.419823902454434 -0.005862056458488065 0.0)
(4.439229909511656 -0.014322613497086802 0.0)
(5.363918491166034 -0.026324206696152375 0.0)
(6.205230763584969 -0.03943307529190185 0.0)
(6.988914810250916 -0.0512003994780801 0.0)
(7.6911129242874745 -0.06130326890094519 0.0)
(8.29325621342299 -0.07026568575767096 0.0)
(8.803425909410942 -0.07804822907012346 0.0)
(9.222804945385016 -0.08451825424800895 0.0)
(9.551770486003711 -0.08960565730935234 0.0)
(9.790676823691673 -0.09326488086910463 0.0)
(9.939976248855679 -0.0954690195068543 0.0)
(10.000000000000007 -0.0962051672627756 0.0)
(9.97113486225544 -0.09546901950685559 0.0)
(9.853767620752786 -0.0932648808691073 0.0)
(9.648229513996299 -0.08960565730935477 0.0)
(9.354972832392757 -0.08451825424801365 0.0)
(8.974351868366847 -0.07804822907012852 0.0)
(8.506743786577012 -0.07026568575767783 0.0)
(7.9533315201569685 -0.0613032689009534 0.0)
(7.322196300860208 -0.051200399478086966 0.0)
(6.594769236415056 -0.039433075291907864 0.0)
(5.747192619945054 -0.026324206696158585 0.0)
(4.805214534932738 -0.01432261349709055 0.0)
(3.7801760975455276 -0.005862056458489553 0.0)
(2.6444198739349214 -0.001550985156742295 0.0)
(1.3838185845588094 -0.00019460429755120893 0.0)
(0.028401170757680037 -5.090591016899759e-06 0.0)
(-0.02842834383574672 -5.114175503657275e-06 0.0)
(1.1938632213165157 -0.00019507500022941345 0.0)
(2.3332153417363335 -0.001553724698250739 0.0)
(3.4198474876392 -0.005870736816651677 0.0)
(4.439862088673317 -0.014341303651876884 0.0)
(5.365111710885124 -0.026354288875940962 0.0)
(6.205639808812689 -0.039469610602225966 0.0)
(6.988238813418631 -0.05123504362627522 0.0)
(7.690794411118462 -0.061333677682773216 0.0)
(8.293213742967975 -0.07029337505788445 0.0)
(8.80337336644405 -0.07807350175095615 0.0)
(9.222775304786342 -0.08454132254007028 0.0)
(9.551751731587446 -0.0896269146904304 0.0)
(9.790666521965193 -0.09328479719995066 0.0)
(9.939971421084438 -0.09548811100280746 0.0)
(10.000000000000007 -0.09622398279861881 0.0)
(9.97113969002668 -0.09548811100280875 0.0)
(9.853777922479265 -0.09328479719995335 0.0)
(9.648248268412564 -0.08962691469043285 0.0)
(9.355002472991432 -0.08454132254007504 0.0)
(8.974404411333737 -0.07807350175096127 0.0)
(8.506786257032026 -0.0702933750578914 0.0)
(7.953650033325982 -0.061333677682781515 0.0)
(7.322872297692494 -0.051235043626282215 0.0)
(6.594360191187333 -0.03946961060223209 0.0)
(5.74599940022596 -0.026354288875947263 0.0)
(4.8045823557710765 -0.014341303651880691 0.0)
(3.780152512360762 -0.005870736816653193 0.0)
(2.6445624360414364 -0.0015537246982513717 0.0)
(1.3839145564612712 -0.0001950750002296584 0.0)
(0.028428343835739753 -5.114175503680321e-06 0.0)
(-0.02845800895860587 -5.151837040967609e-06 0.0)
(1.1937569394027987 -0.0001957332992747544 0.0)
(2.3330402278524818 -0.0015571512459151878 0.0)
(3.4197903047767806 -0.005880796738994117 0.0)
(4.440390307328404 -0.014362069873625998 0.0)
(5.36635367012379 -0.026387493054607115 0.0)
(6.2063145695685975 -0.03951099819578381 0.0)
(6.987717944107324 -0.05127592074697049 0.0)
(7.690465804202833 -0.061370457768984796 0.0)
(8.293175487208174 -0.0703271311173929 0.0)
(8.803328025441713 -0.07810453095285375 0.0)
(9.222749289397068 -0.08456981925952893 0.0)
(9.551735251206454 -0.08965330563207045 0.0)
(9.790657520737241 -0.09330961580939938 0.0)
(9.939967162932515 -0.09551195920862299 0.0)
(10.000000000000007 -0.09624750488245477 0.0)
(9.971143948178602 -0.0955119592086243 0.0)
(9.853786923707217 -0.0933096158094021 0.0)
(9.648264748793556 -0.08965330563207297 0.0)
(9.355028488380706 -0.08456981925953375 0.0)
(8.974449752336074 -0.07810453095285895 0.0)
(8.506824512791827 -0.07032713111739994 0.0)
(7.953978640241611 -0.061370457768993206 0.0)
(7.323393167003801 -0.05127592074697761 0.0)
(6.593685430431422 -0.03951099819579005 0.0)
(5.744757440987291 -0.026387493054613513 0.0)
(4.804054137115989 -0.014362069873629865 0.0)
(3.780209695223182 -0.005880796738995662 0.0)
(2.6447375499252885 -0.001557151245915831 0.0)
(1.3840208383749883 -0.0001957332992750017 0.0)
(0.02845800895859899 -5.1518370409907965e-06 0.0)
(-0.028488862695036924 -5.201920849758243e-06 0.0)
(1.193645017310678 -0.00019655027023126058 0.0)
(2.332840256374987 -0.0015611142434993344 0.0)
(3.419654866377538 -0.005891794210931768 0.0)
(4.440791356515561 -0.014383999732541215 0.0)
(5.367589799465185 -0.026422360301285572 0.0)
(6.207225398099516 -0.03955541957743092 0.0)
(6.98737508836163 -0.05132123477426512 0.0)
(7.69014154192729 -0.06141199310987909 0.0)
(8.293143127031687 -0.07036547075669645 0.0)
(8.803291878604622 -0.07813995330945125 0.0)
(9.222728042285805 -0.08460249231266513 0.0)
(9.551721768978524 -0.08968367056457772 0.0)
(9.790650215505304 -0.09333824621315605 0.0)
(9.939963661495316 -0.09553951627776641 0.0)
(10.000000000000007 -0.09627469999695216 0.0)
(9.9711474496158 -0.09553951627776773 0.0)
(9.853794228939153 -0.0933382462131588 0.0)
(9.648278231021486 -0.08968367056458026 0.0)
(9.355049735491969 -0.08460249231267 0.0)
(8.974485899173166 -0.07813995330945651 0.0)
(8.506856872968315 -0.0703654707567036 0.0)
(7.9543029025171545 -0.0614119931098876 0.0)
(7.323736022749495 -0.05132123477427235 0.0)
(6.5927746019005 -0.03955541957743728 0.0)
(5.743521311645893 -0.02642236030129206 0.0)
(4.803653087928831 -0.01438399973254514 0.0)
(3.7803451336224247 -0.0058917942109333425 0.0)
(2.6449375214027837 -0.0015611142434999888 0.0)
(1.3841327604671094 -0.0001965502702315104 0.0)
(0.028488862695030117 -5.201920849781599e-06 0.0)
(-0.02851954938830641 -5.26222633909666e-06 0.0)
(1.1935323726921254 -0.00019749001688970923 0.0)
(2.332624213684733 -0.0015654395641394303 0.0)
(3.4194471233569574 -0.005903246023666994 0.0)
(4.441047614867204 -0.014406129670741343 0.0)
(5.368765785647483 -0.02645735861294511 0.0)
(6.2083322742661124 -0.03960092295292432 0.0)
(6.987225310635779 -0.051368994692699455 0.0)
(7.689835871783001 -0.06145645871856392 0.0)
(8.293118084285464 -0.07040670940218453 0.0)
(8.80326651415867 -0.0781782124272031 0.0)
(9.222712497011752 -0.08463790610529774 0.0)
(9.551711877288087 -0.08971667530836887 0.0)
(9.79064492724791 -0.09336943044365738 0.0)
(9.939961070619585 -0.09556957140303382 0.0)
(10.000000000000007 -0.09630437323853207 0.0)
(9.971150040491532 -0.09556957140303517 0.0)
(9.853799517196546 -0.09336943044366015 0.0)
(9.648288122711923 -0.08971667530837146 0.0)
(9.355065280766022 -0.08463790610530267 0.0)
(8.974511263619117 -0.07817821242720845 0.0)
(8.506881915714539 -0.07040670940219176 0.0)
(7.954608572661445 -0.06145645871857254 0.0)
(7.323885800475345 -0.05136899469270681 0.0)
(6.5916677257339 -0.039600922952930794 0.0)
(5.742345325463593 -0.026457358612951683 0.0)
(4.803396829577189 -0.014406129670745324 0.0)
(3.7805528766430063 -0.005903246023668599 0.0)
(2.645153564093038 -0.0015654395641400965 0.0)
(1.3842454050856625 -0.00019749001688996166 0.0)
(0.02851954938829968 -5.2622263391202e-06 0.0)
(-0.02854872072125179 -5.330103796107104e-06 0.0)
(1.1934239549456027 -0.000198511248501146 0.0)
(2.3324015923022907 -0.0015699371611595004 0.0)
(3.4191762035633078 -0.005914649005498709 0.0)
(4.441147822860172 -0.014427487339227446 0.0)
(5.369829957989238 -0.026490950227799 0.0)
(6.209586563954598 -0.039645508987190936 0.0)
(6.987275191889034 -0.05141710201883179 0.0)
(7.689562224356896 -0.061501900857541245 0.0)
(8.293101459301962 -0.07044903510321833 0.0)
(8.80325304657121 -0.07821762727046835 0.0)
(9.222703336605813 -0.0846745046201662 0.0)
(9.551706010757922 -0.08975086969538225 0.0)
(9.790641888321417 -0.09340179832286512 0.0)
(9.939959504143664 -0.09560080401720525 0.0)
(10.000000000000007 -0.09633522081924507 0.0)
(9.971151606967455 -0.0956008040172066 0.0)
(9.853802556123041 -0.09340179832286792 0.0)
(9.648293989242086 -0.08975086969538487 0.0)
(9.355074441171961 -0.08467450462017118 0.0)
(8.974524731206579 -0.07821762727047378 0.0)
(8.506898540698039 -0.07044903510322564 0.0)
(7.9548822200875495 -0.06150190085754996 0.0)
(7.323835919222089 -0.051417102018839256 0.0)
(6.59041343604541 -0.03964550898719751 0.0)
(5.741281153121835 -0.02649095022780565 0.0)
(4.803296621584222 -0.014427487339231475 0.0)
(3.7808237964366573 -0.0059146490055003425 0.0)
(2.6453761854754814 -0.0015699371611601778 0.0)
(1.3843538228321854 -0.00019851124850140114 0.0)
(0.028548720721245122 -5.330103796130833e-06 0.0)
(-0.028575094958870884 -5.402570809506831e-06 0.0)
(1.1933245277485474 -0.00019956909401685482 0.0)
(2.33218217380393 -0.001574409418374604 0.0)
(3.418854010716688 -0.005925502130266395 0.0)
(4.441087577538579 -0.014447134321118998 0.0)
(5.370735558704605 -0.026521659191744693 0.0)
(6.21093315597072 -0.039687218651452916 0.0)
(6.9875225404303825 -0.051463443004761744 0.0)
(7.689332623216256 -0.06154632288235842 0.0)
(8.293093982552541 -0.07049058814592714 0.0)
(8.803252067583397 -0.0782564660231414 0.0)
(9.222700963559463 -0.08471067978548229 0.0)
(9.551704427152636 -0.08978475128680928 0.0)
(9.790641232250692 -0.09343392766538221 0.0)
(9.939959030895634 -0.09563184181635243 0.0)
(10.000000000000007 -0.09636588735282874 0.0)
(9.971152080215482 -0.09563184181635377 0.0)
(9.853803212193766 -0.09343392766538504 0.0)
(9.648295572847374 -0.08978475128681196 0.0)
(9.355076814218311 -0.08471067978548733 0.0)
(8.974525710194392 -0.07825646602314688 0.0)
(8.50690601744746 -0.07049058814593451 0.0)
(7.955111821228191 -0.06154632288236722 0.0)
(7.32358857068074 -0.05146344300476931 0.0)
(6.589066844029285 -0.039687218651459584 0.0)
(5.7403755524064675 -0.02652165919175141 0.0)
(4.803356866905815 -0.01444713432112307 0.0)
(3.781145989283278 -0.005925502130268051 0.0)
(2.6455956039738426 -0.0015744094183752918 0.0)
(1.384453250029241 -0.00019956909401711256 0.0)
(0.02857509495886427 -5.4025708095307534e-06 0.0)
(-0.02859751326541302 -5.476443311301715e-06 0.0)
(1.1932384597501011 -0.0002006170736401491 0.0)
(2.331975599037054 -0.001578659832984473 0.0)
(3.418494701381344 -0.005935328531522988 0.0)
(4.440869525971642 -0.014464207363974817 0.0)
(5.371442797354898 -0.02654813620908688 0.0)
(6.212312883524809 -0.03972421929936827 0.0)
(6.987956488217428 -0.05150598151234598 0.0)
(7.689157156615156 -0.06158777297051278 0.0)
(8.293095982551893 -0.07052954276563343 0.0)
(8.803263620210162 -0.07829302218148324 0.0)
(9.222705482140018 -0.08474484213066256 0.0)
(9.551707196052947 -0.08981683138750733 0.0)
(9.790642987862283 -0.09346440676667743 0.0)
(9.939959671669154 -0.09566132105636291 0.0)
(10.000000000000007 -0.09639502540790022 0.0)
(9.971151439441964 -0.09566132105636428 0.0)
(9.853801456582175 -0.09346440676668029 0.0)
(9.648292803947063 -0.08981683138751004 0.0)
(9.355072295637756 -0.08474484213066766 0.0)
(8.974514157567626 -0.07829302218148877 0.0)
(8.506904017448107 -0.07052954276564088 0.0)
(7.95528728782929 -0.06158777297052166 0.0)
(7.323154622893693 -0.051505981512353624 0.0)
(6.587687116475194 -0.039724219299374995 0.0)
(5.739668313756173 -0.026548136209093638 0.0)
(4.803574918472753 -0.01446420736397892 0.0)
(3.781505298618623 -0.005935328531524663 0.0)
(2.645802178740719 -0.0015786598329851698 0.0)
(1.3845393180276873 -0.00020061707364040922 0.0)
(0.02859751326540644 -5.47644331132582e-06 0.0)
(-0.02861499062150186 -5.548475478908809e-06 0.0)
(1.1931695326206588 -0.00020160914106360584 0.0)
(2.331790944519002 -0.001582501649547063 0.0)
(3.418114062952133 -0.005943696455174167 0.0)
(4.440503248946297 -0.014477956309526073 0.0)
(5.371920599167679 -0.02656921792812187 0.0)
(6.213665123912278 -0.039754885190158365 0.0)
(6.988557968378293 -0.05154284847738326 0.0)
(7.689043534235043 -0.06162442988096163 0.0)
(8.293107371423705 -0.07056418736761282 0.0)
(8.803287196850222 -0.07832568953477392 0.0)
(9.222716693809318 -0.08477549062475813 0.0)
(9.551714195798438 -0.0898457004565406 0.0)
(9.790647078017829 -0.09349189643079985 0.0)
(9.939961398309803 -0.09568794647336137 0.0)
(10.000000000000007 -0.09642135471162626 0.0)
(9.971149712801314 -0.09568794647336278 0.0)
(9.85379736642663 -0.0934918964308027 0.0)
(9.64828580420157 -0.08984570045654333 0.0)
(9.355061083968456 -0.08477549062476325 0.0)
(8.974490580927565 -0.07832568953477949 0.0)
(8.506892628576296 -0.0705641873676203 0.0)
(7.955400910209404 -0.06162442988097057 0.0)
(7.322553142732825 -0.05154284847739096 0.0)
(6.5863348760877205 -0.039754885190165144 0.0)
(5.7391905119433915 -0.026569217928128663 0.0)
(4.8039411954981 -0.014477956309530193 0.0)
(3.7818859370478353 -0.005943696455175855 0.0)
(2.6459868332587715 -0.001582501649547767 0.0)
(1.3846082451571298 -0.00020160914106386803 0.0)
(0.02861499062149531 -5.548475478933081e-06 0.0)
(-0.028626759104084794 -5.615502350662583e-06 0.0)
(1.1931207748921895 -0.0002025017066595744 0.0)
(2.3316363236314803 -0.0015857660656710194 0.0)
(3.417728819985275 -0.005950238229963383 0.0)
(4.440004840004953 -0.014487777054258225 0.0)
(5.372147970405411 -0.026583978056683187 0.0)
(6.214930462164357 -0.03977786892068355 0.0)
(6.989300552975087 -0.05157242403287604 0.0)
(7.688996748435431 -0.061654682976121755 0.0)
(8.293127648761786 -0.0705929997314348 0.0)
(8.803321761589148 -0.0783530327392731 0.0)
(9.222734105947122 -0.0848012786290082 0.0)
(9.551725118833101 -0.08987009003983025 0.0)
(9.790653323003378 -0.09351518881219877 0.0)
(9.939964134952152 -0.09571054819523475 0.0)
(10.000000000000007 -0.09644371840256923 0.0)
(9.971146976158966 -0.09571054819523613 0.0)
(9.85379112144108 -0.09351518881220165 0.0)
(9.648274881166909 -0.08987009003983298 0.0)
(9.355043671830652 -0.08480127862901332 0.0)
(8.974456016188642 -0.07835303273927872 0.0)
(8.506872351238217 -0.07059299973144234 0.0)
(7.955447696009015 -0.061654682976130734 0.0)
(7.321810558136029 -0.051572424032883785 0.0)
(6.585069537835639 -0.039777868920690344 0.0)
(5.7389631407056605 -0.026583978056689987 0.0)
(4.804439604439446 -0.014487777054262352 0.0)
(3.7822711800146935 -0.00595023822996508 0.0)
(2.646141454146293 -0.0015857660656717284 0.0)
(1.3846570028855991 -0.00020250170665983826 0.0)
(0.028626759104078237 -5.615502350687001e-06 0.0)
(-0.028632301627566945 -5.674578888440376e-06 0.0)
(1.1930943288900824 -0.00020325555272867056 0.0)
(2.331518530133417 -0.0015883096488839355 0.0)
(3.4173558993519535 -0.005954666422274238 0.0)
(4.439396198324678 -0.014493238092614288 0.0)
(5.372114920791869 -0.026591768061724738 0.0)
(6.216053301633121 -0.039792160627872095 0.0)
(6.990151614199146 -0.05159340868302292 0.0)
(7.689018854898764 -0.0616772029903383 0.0)
(8.293155923616993 -0.07061471389454378 0.0)
(8.80336579571554 -0.0783738503845981 0.0)
(9.222756953495953 -0.08482107306568386 0.0)
(9.551739485218775 -0.08988892850370599 0.0)
(9.790661448425688 -0.09353326048624779 0.0)
(9.939967761353142 -0.09572813314367257 0.0)
(10.000000000000007 -0.0964611338610623 0.0)
(9.971143349757975 -0.09572813314367397 0.0)
(9.853782996018769 -0.09353326048625067 0.0)
(9.648260514781235 -0.08988892850370872 0.0)
(9.355020824281823 -0.084821073065689 0.0)
(8.974411982062248 -0.07837385038460369 0.0)
(8.50684407638301 -0.07061471389455132 0.0)
(7.9554255895456825 -0.06167720299034729 0.0)
(7.320959496911968 -0.05159340868303068 0.0)
(6.583946698366873 -0.03979216062787889 0.0)
(5.738996190319203 -0.026591768061731524 0.0)
(4.805048246119722 -0.014493238092618412 0.0)
(3.7826441006480165 -0.0059546664222759355 0.0)
(2.6462592476443567 -0.0015883096488846472 0.0)
(1.3846834488877062 -0.00020325555272893562 0.0)
(0.028632301627560374 -5.674578888464905e-06 0.0)
)
