(
(-0.018390293793958335 5.894298787197906e-05 0.0)
(1.2148263208693049 0.0007672286973708694 0.0)
(2.3359476521981812 0.002735030776704888 0.0)
(3.376082527795276 0.005310708390633897 0.0)
(4.353290286754784 0.007268745603938246 0.0)
(5.271318443074651 0.00867764785943662 0.0)
(6.141914710656295 0.010946771555656914 0.0)
(6.950894648147477 0.014478096010030488 0.0)
(7.658807253266886 0.01807641354579281 0.0)
(8.265581034236144 0.021143448058311774 0.0)
(8.78132745209917 0.023759620781709165 0.0)
(9.205648763008407 0.02593023559555577 0.0)
(9.539224524484865 0.02763497776399498 0.0)
(9.782469692353702 0.02886018084900719 0.0)
(9.93591831967911 0.029598349128446968 0.0)
(10.000000000000004 0.029844644038613845 0.0)
(9.975192791431985 0.029598349128445358 0.0)
(9.861974752090754 0.02886018084900408 0.0)
(9.660775475515129 0.027634977763990848 0.0)
(9.372129014769358 0.02593023559555038 0.0)
(8.99645032567861 0.02375962078170335 0.0)
(8.534418965763836 0.02114344805830448 0.0)
(7.985637191177557 0.018076413545784913 0.0)
(7.360216462963657 0.014478096010023572 0.0)
(6.658085289343721 0.010946771555650063 0.0)
(5.83979266803647 0.008677647859429708 0.0)
(4.891154157689684 0.007268745603934335 0.0)
(3.8239174722047258 0.005310708390632557 0.0)
(2.6418301255796046 0.0027350307767046804 0.0)
(1.3629514569084875 0.0007672286973707228 0.0)
(0.01839029379396314 5.894298787196459e-05 0.0)
(-0.01839632235613656 5.8973572560615164e-05 0.0)
(1.2148095634726095 0.0007675584589488102 0.0)
(2.335974578055752 0.0027357330095026276 0.0)
(3.3763370737835774 0.0053105367090846315 0.0)
(4.353917369758371 0.007265687291253482 0.0)
(5.271765621283036 0.008672065648920476 0.0)
(6.141319422997349 0.010943180211576132 0.0)
(6.95009194101812 0.014479596369075627 0.0)
(7.6586791173139614 0.018080437131950868 0.0)
(8.26554723196136 0.02114790921327507 0.0)
(8.78127965756093 0.02376435169715111 0.0)
(9.205623116557243 0.02593507699494337 0.0)
(9.539208356599778 0.027639833756107953 0.0)
(9.782460656936282 0.02886500880184329 0.0)
(9.935914205124869 0.029603149869511073 0.0)
(10.000000000000004 0.02984943128703578 0.0)
(9.975196905986227 0.029603149869509463 0.0)
(9.861983787508175 0.028865008801840182 0.0)
(9.660791643400216 0.027639833756103814 0.0)
(9.37215466122052 0.025935076994937963 0.0)
(8.996498120216849 0.02376435169714529 0.0)
(8.53445276803862 0.021147909213267757 0.0)
(7.985765327130482 0.01808043713194295 0.0)
(7.361019170093016 0.01447959636906868 0.0)
(6.658680577002667 0.010943180211569243 0.0)
(5.839345489828084 0.008672065648913523 0.0)
(4.890527074686095 0.007265687291249545 0.0)
(3.823662926216424 0.005310536709083283 0.0)
(2.6418031997220344 0.002735733009502418 0.0)
(1.362968214305183 0.0007675584589486636 0.0)
(0.018396322356141415 5.897357256060073e-05 0.0)
(-0.018407509339893612 5.899217830424212e-05 0.0)
(1.214773637394885 0.0007677079245942578 0.0)
(2.335962176515294 0.0027356407998690565 0.0)
(3.3765438792477958 0.005308349789941535 0.0)
(4.354562498303024 0.007258852989726862 0.0)
(5.272401101102673 0.00866054410020431 0.0)
(6.140945474942257 0.010931707654339578 0.0)
(6.9492976179611645 0.014472595962865221 0.0)
(7.65850255333816 0.018076432301941264 0.0)
(8.265510473555162 0.02114489292678317 0.0)
(8.781229457356494 0.02376211972543371 0.0)
(9.205595837500677 0.02593345327063158 0.0)
(9.539191143295255 0.02763864949203768 0.0)
(9.782451079625696 0.02886411926557709 0.0)
(9.935909811532381 0.029602433731941522 0.0)
(10.000000000000004 0.02984876969304575 0.0)
(9.975201299578712 0.029602433731939905 0.0)
(9.861993364818758 0.028864119265573973 0.0)
(9.660808856704739 0.027638649492033526 0.0)
(9.372181940277086 0.025933453270626152 0.0)
(8.996548320421287 0.023762119725427855 0.0)
(8.534489526444817 0.021144892926775828 0.0)
(7.985941891106284 0.018076432301933305 0.0)
(7.361813493149973 0.014472595962858222 0.0)
(6.659054525057759 0.010931707654332627 0.0)
(5.838710010008444 0.008660544100197305 0.0)
(4.88988194614144 0.007258852989722892 0.0)
(3.8234561207522058 0.0053083497899401744 0.0)
(2.6418156012624925 0.0027356407998688445 0.0)
(1.3630041403829076 0.0007677079245941108 0.0)
(0.018407509339898515 5.8992178304227686e-05 0.0)
(-0.018423363209629205 5.8997987600523216e-05 0.0)
(1.2147201211622616 0.0007676705270601909 0.0)
(2.3359109924778076 0.002734758199326781 0.0)
(3.376693857534172 0.005304243722430901 0.0)
(4.355197326620722 0.007248542986064462 0.0)
(5.273196960712865 0.00864358944906064 0.0)
(6.140809297084441 0.010912857967123771 0.0)
(6.94854658007856 0.014457402376441273 0.0)
(7.658285319237562 0.01806457502066799 0.0)
(8.265472374114669 0.0211345317289464 0.0)
(8.781179057191006 0.023753022935310945 0.0)
(9.205568124430547 0.025925435766096145 0.0)
(9.53917364089241 0.027631477006180852 0.0)
(9.782441381231456 0.028857551324804755 0.0)
(9.935905331948069 0.029596232181512968 0.0)
(10.000000000000004 0.02984268832587332 0.0)
(9.975205779163026 0.029596232181511344 0.0)
(9.862003063213 0.028857551324801625 0.0)
(9.660826359107585 0.02763147700617668 0.0)
(9.372209653347216 0.02592543576609069 0.0)
(8.996598720586775 0.023753022935305054 0.0)
(8.534527625885312 0.02113453172893901 0.0)
(7.986159125206883 0.018064575020659977 0.0)
(7.36256453103258 0.014457402376434208 0.0)
(6.659190702915575 0.010912857967116744 0.0)
(5.837914150398249 0.008643589449053569 0.0)
(4.88924711782374 0.007248542986060452 0.0)
(3.823306142465829 0.005304243722429521 0.0)
(2.641866785299979 0.002734758199326564 0.0)
(1.3630576566155312 0.000767670527060043 0.0)
(0.018423363209634162 5.899798760050874e-05 0.0)
(-0.018443187375310987 5.899074519960767e-05 0.0)
(1.2146513661800955 0.0007674479095258393 0.0)
(2.3358232748762617 0.0027331239877289573 0.0)
(3.376780418871182 0.005298398919647305 0.0)
(4.355793961516571 0.007235210282965592 0.0)
(5.274118231498325 0.008621946651843054 0.0)
(6.140916872829841 0.010887459370700445 0.0)
(6.947871826600882 0.014434683188195374 0.0)
(7.658036959881129 0.018045386275377915 0.0)
(8.265434607659595 0.02111728087184242 0.0)
(8.78113067155553 0.023737461023098698 0.0)
(9.205541195008454 0.02591137675581875 0.0)
(9.539156618414799 0.027618631444444337 0.0)
(9.782431987883255 0.028845593562828127 0.0)
(9.935900963196666 0.029584817703005837 0.0)
(10.000000000000004 0.029831454389666494 0.0)
(9.97521014791443 0.029584817703004206 0.0)
(9.862012456561201 0.028845593562824977 0.0)
(9.660843381585195 0.027618631444440135 0.0)
(9.37223658276931 0.025911376755813256 0.0)
(8.996647106222248 0.023737461023092758 0.0)
(8.534565392340385 0.021117280871834974 0.0)
(7.986407484563316 0.018045386275369838 0.0)
(7.363239284510258 0.014434683188188229 0.0)
(6.659083127170173 0.01088745937069333 0.0)
(5.836992879612787 0.008621946651835913 0.0)
(4.888650482927891 0.007235210282961537 0.0)
(3.8232195811288197 0.005298398919645904 0.0)
(2.641954502901525 0.002733123987728733 0.0)
(1.3631264115976975 0.0007674479095256901 0.0)
(0.018443187375316014 5.899074519959313e-05 0.0)
(-0.018466110799366196 5.8970769319342104e-05 0.0)
(1.2145703934165197 0.0007670498533983953 0.0)
(2.3357028778615936 0.002730809969343488 0.0)
(3.3767997599120356 0.005291072191532295 0.0)
(4.356326187944759 0.007219440695012925 0.0)
(5.275124434506156 0.00859656665346692 0.0)
(6.141263475497011 0.01085662783293102 0.0)
(6.9473030049615145 0.014405436637695465 0.0)
(7.657768387724624 0.018019709184434272 0.0)
(8.265398833578885 0.02109389832657283 0.0)
(8.781086426426375 0.023716117750749867 0.0)
(9.20551623246394 0.02589189396699074 0.0)
(9.53914082379895 0.027600677217310538 0.0)
(9.782423312307634 0.02882877138183234 0.0)
(9.93589689723312 0.029568691827723526 0.0)
(10.000000000000004 0.0298155614830303 0.0)
(9.975214213877974 0.02956869182772188 0.0)
(9.862021132136823 0.02882877138182917 0.0)
(9.660859176201043 0.02760067721730631 0.0)
(9.372261545313822 0.025891893966985196 0.0)
(8.996691351351405 0.02371611775074387 0.0)
(8.534601166421094 0.021093898326565316 0.0)
(7.986676056719823 0.01801970918442611 0.0)
(7.3638081061496266 0.01440543663768823 0.0)
(6.658736524503002 0.010856627832923812 0.0)
(5.835986676604953 0.0085965666534597 0.0)
(4.888118256499702 0.00721944069500882 0.0)
(3.8232002400879663 0.00529107219153087 0.0)
(2.642074899916194 0.0027308099693432552 0.0)
(1.3632073843612735 0.0007670498533982445 0.0)
(0.018466110799371292 5.897076931932747e-05 0.0)
(-0.018491126268479065 5.893893766336054e-05 0.0)
(1.21448076066663 0.0007664938485358755 0.0)
(2.3355550914583665 0.002727917817904853 0.0)
(3.3767510308467816 0.005282585461115375 0.0)
(4.356770620849712 0.007201927109051455 0.0)
(5.276171359016991 0.008568564604629486 0.0)
(6.141833875998845 0.010821718035180387 0.0)
(6.94686510814266 0.014370947764865463 0.0)
(7.6574914033372625 0.0179886719522382 0.0)
(8.265366623720197 0.021065411479399623 0.0)
(8.781048265853569 0.02368993090260505 0.0)
(9.205494333605545 0.025867843437710463 0.0)
(9.53912695103139 0.027578403200673392 0.0)
(9.782415735693512 0.028807823917675043 0.0)
(9.93589331270843 0.029548563097124492 0.0)
(10.000000000000004 0.02979570791120708 0.0)
(9.975217798402666 0.029548563097122834 0.0)
(9.862028708750945 0.028807823917671845 0.0)
(9.660873048968606 0.02757840320066912 0.0)
(9.37228344417222 0.025867843437704877 0.0)
(8.996729511924212 0.023689930902598993 0.0)
(8.534633376279782 0.02106541147939204 0.0)
(7.986953041107184 0.017988671952229956 0.0)
(7.364246002968481 0.014370947764858127 0.0)
(6.6581661240011645 0.010821718035173079 0.0)
(5.834939752094115 0.008568564604622186 0.0)
(4.887673823594748 0.007201927109047299 0.0)
(3.8232489691532203 0.005282585461113924 0.0)
(2.642222686319421 0.0027279178179046115 0.0)
(1.3632970171111636 0.0007664938485357228 0.0)
(0.01849112626848423 5.8938937663345796e-05 0.0)
(-0.01851713464870128 5.889664885639247e-05 0.0)
(1.214386406229478 0.0007658043247747574 0.0)
(2.335386409130772 0.002724574609256225 0.0)
(3.3766363727414 0.00527331161980503 0.0)
(4.357107732662654 0.007183439040008128 0.0)
(5.277213005083118 0.008539170864128372 0.0)
(6.142603011980812 0.010784263850096034 0.0)
(6.946577376529431 0.014332731947681908 0.0)
(7.657218176906298 0.017953638297991393 0.0)
(8.2653393933258 0.02103307199027238 0.0)
(8.781017866542866 0.023660051080864233 0.0)
(9.20547646062904 0.025840281904235308 0.0)
(9.539115609656141 0.02755278807407476 0.0)
(9.78240959094345 0.028783671563609003 0.0)
(9.935890367120052 0.02952531593080678 0.0)
(10.000000000000004 0.029772766003821664 0.0)
(9.975220743991043 0.029525315930805113 0.0)
(9.862034853501005 0.028783671563605784 0.0)
(9.660884390343854 0.027552788074070453 0.0)
(9.372301317148725 0.025840281904229667 0.0)
(8.996759911234914 0.02366005108085812 0.0)
(8.53466060667418 0.02103307199026471 0.0)
(7.987226267538149 0.01795363829798306 0.0)
(7.364533734581711 0.014332731947674468 0.0)
(6.657396988019195 0.010784263850088628 0.0)
(5.833898106027986 0.008539170864120996 0.0)
(4.887336711781805 0.007183439040003922 0.0)
(3.8233636272586025 0.005273311619803555 0.0)
(2.6423913686470164 0.002724574609255973 0.0)
(1.3633913715483157 0.0007658043247746025 0.0)
(0.018517134648706517 5.8896648856377577e-05 0.0)
(-0.018542993179386857 5.8845760991250846e-05 0.0)
(1.214291475866416 0.0007650115785276558 0.0)
(2.335204242471688 0.0027209272378693966 0.0)
(3.3764608234632805 0.0052636581432224236 0.0)
(4.357322711307253 0.007164788819813744 0.0)
(5.278203604682028 0.008509676939146865 0.0)
(6.143537089014958 0.010745910946050076 0.0)
(6.9464524525225215 0.01429246831923798 0.0)
(7.656960713501253 0.017916147536369203 0.0)
(8.265318338849402 0.02099830079717991 0.0)
(8.780996564184369 0.023627791150231135 0.0)
(9.205463398840317 0.025810420369923755 0.0)
(9.539107297992485 0.02752495731931585 0.0)
(9.78240514804653 0.0287573755298864 0.0)
(9.935888189891752 0.0294999717667289 0.0)
(10.000000000000004 0.029747743786313535 0.0)
(9.975222921219343 0.02949997176672722 0.0)
(9.862039296397926 0.028757375529883153 0.0)
(9.660892702007509 0.027524957319311504 0.0)
(9.372314378937448 0.025810420369918066 0.0)
(8.996781213593412 0.023627791150224953 0.0)
(8.534681661150579 0.020998300797172173 0.0)
(7.987483730943194 0.01791614753636078 0.0)
(7.36465865858862 0.014292468319230443 0.0)
(6.656462910985046 0.010745910946042573 0.0)
(5.832907506429073 0.008509676939139416 0.0)
(4.8871217331372065 0.007164788819809491 0.0)
(3.823539176536723 0.005263658143220922 0.0)
(2.642573535306101 0.002720927237869136 0.0)
(1.363486301911378 0.0007650115785274988 0.0)
(0.018542993179392155 5.88457609912358e-05 0.0)
(-0.018567565684004323 5.878850998763331e-05 0.0)
(1.2142001406439262 0.0007641504416143806 0.0)
(2.335016595550851 0.0027171359625704286 0.0)
(3.3762320963265444 0.005254049187468058 0.0)
(4.357406111015158 0.007146795905024028 0.0)
(5.279099632679597 0.008481378738791043 0.0)
(6.14459506546525 0.01070834447948163 0.0)
(6.946495825054254 0.014251925989707282 0.0)
(7.656730325593131 0.01787784694284988 0.0)
(8.26530438538618 0.02096262568273461 0.0)
(8.780985294764736 0.023594568553039888 0.0)
(9.205455722150477 0.025779570895963336 0.0)
(9.539102381239719 0.02749613376884583 0.0)
(9.78240260221551 0.028730091216121773 0.0)
(9.93588687668696 0.0294736441810946 0.0)
(10.000000000000004 0.02972174068914315 0.0)
(9.975224234424136 0.029473644181092908 0.0)
(9.862041842228946 0.028730091216118504 0.0)
(9.660897618760275 0.027496133768841455 0.0)
(9.372322055627288 0.025779570895957598 0.0)
(8.996792483013044 0.023594568553033643 0.0)
(8.534695614613799 0.020962625682726804 0.0)
(7.987714118851318 0.017877846942841374 0.0)
(7.364615286056887 0.01425192598969965 0.0)
(6.655404934534751 0.010708344479474044 0.0)
(5.832011478431502 0.008481378738783532 0.0)
(4.8870383334293015 0.007146795905019734 0.0)
(3.8237679036734593 0.005254049187466534 0.0)
(2.6427611822269386 0.0027171359625701584 0.0)
(1.363577637133868 0.0007641504416142212 0.0)
(0.018567565684009676 5.87885099876181e-05 0.0)
(-0.01858977249165492 5.8727411349901036e-05 0.0)
(1.2141164136645923 0.0007632587508154952 0.0)
(2.3348317132306713 0.0027133673650600156 0.0)
(3.3759602411831366 0.005244906952478693 0.0)
(4.357354267355778 0.007130250871397734 0.0)
(5.279861719244849 0.008455519634214446 0.0)
(6.145730455781973 0.010673215052205812 0.0)
(6.946705588414931 0.014212886314879299 0.0)
(7.656537136005129 0.017840419375443724 0.0)
(8.265298146025781 0.02092761414619943 0.0)
(8.780984553441648 0.023561843029432053 0.0)
(9.205453767859225 0.025749088951802345 0.0)
(9.539101075430963 0.027467583876741166 0.0)
(9.78240206530955 0.028703017445146695 0.0)
(9.935886485205486 0.029447489959851695 0.0)
(10.000000000000004 0.02969589924082884 0.0)
(9.975224625905609 0.029447489959849995 0.0)
(9.862042379134907 0.028703017445143406 0.0)
(9.66089892456903 0.027467583876736756 0.0)
(9.372324009918538 0.025749088951796565 0.0)
(8.99679322433613 0.023561843029425752 0.0)
(8.534701853974198 0.020927614146191556 0.0)
(7.98790730843932 0.01784041937543514 0.0)
(7.364405522696209 0.014212886314871585 0.0)
(6.654269544218025 0.010673215052198154 0.0)
(5.831249391866249 0.008455519634206883 0.0)
(4.887090177088682 0.007130250871393405 0.0)
(3.8240397588168684 0.00524490695247715 0.0)
(2.6429460645471186 0.002713367365059736 0.0)
(1.3636613641132023 0.0007632587508153339 0.0)
(0.018589772491660314 5.872741134988567e-05 0.0)
(-0.018608637875836675 5.866514964041919e-05 0.0)
(1.2140439737387116 0.0007623756853934009 0.0)
(2.3346577189020654 0.002709787030618309 0.0)
(3.375657202850713 0.0052366331313345145 0.0)
(4.3571694582446625 0.007115880677444115 0.0)
(5.280456379688303 0.008433235827164279 0.0)
(6.14689337299175 0.010642066186989648 0.0)
(6.947072525986236 0.0141770646266449 0.0)
(7.6563896331343155 0.017805509332990754 0.0)
(8.265299894914286 0.020894804530437926 0.0)
(8.78099437278749 0.0235310524790453 0.0)
(9.20545762183455 0.025720313858302073 0.0)
(9.539103437941066 0.027440562073030385 0.0)
(9.782403560919313 0.02867734378892775 0.0)
(9.935887032648317 0.0294226582716338 0.0)
(10.000000000000004 0.02967135486733396 0.0)
(9.975224078462778 0.029422658271632086 0.0)
(9.862040883525143 0.028677343788924448 0.0)
(9.660896562058928 0.027440562073025948 0.0)
(9.372320155943216 0.02572031385829626 0.0)
(8.99678340499029 0.023531052479038958 0.0)
(8.534700105085694 0.020894804530429995 0.0)
(7.988054811310134 0.017805509332982108 0.0)
(7.364038585124902 0.01417706462663712 0.0)
(6.6531066270082455 0.01064206618698193 0.0)
(5.830654731422794 0.008433235827156674 0.0)
(4.8872749861998 0.007115880677439762 0.0)
(3.824342797149293 0.005236633131332954 0.0)
(2.643120058875725 0.0027097870306180224 0.0)
(1.363733804039083 0.0007623756853932374 0.0)
(0.018608637875842104 5.866514964040366e-05 0.0)
(-0.018623332926081888 5.860446052479783e-05 0.0)
(1.2139860037441024 0.0007615400456272216 0.0)
(2.334502257557519 0.0027065522725906437 0.0)
(3.375336296279207 0.005229591260600071 0.0)
(4.356859803856054 0.007104316723195972 0.0)
(5.280857485717976 0.008415506427355248 0.0)
(6.148032720639879 0.0106162665079855 0.0)
(6.94758051520258 0.014146034864451184 0.0)
(7.656294297986984 0.017774650698890244 0.0)
(8.265309555208734 0.020865638429943163 0.0)
(8.781014321358164 0.02350354978233392 0.0)
(9.205467114739818 0.02569450994042839 0.0)
(9.539109364965654 0.02741625564633354 0.0)
(9.782407023330444 0.028654198300950576 0.0)
(9.93588849496181 0.02940024017539292 0.0)
(10.000000000000004 0.0296491860035272 0.0)
(9.975222616149283 0.0294002401753912 0.0)
(9.862037421114012 0.028654198300947252 0.0)
(9.660890635034342 0.02741625564632908 0.0)
(9.372310663037947 0.02569450994042254 0.0)
(8.996763456419616 0.02350354978232754 0.0)
(8.534690444791247 0.02086563842993519 0.0)
(7.988150146457465 0.017774650698881542 0.0)
(7.363530595908557 0.014146034864443352 0.0)
(6.651967279360113 0.010616266507977744 0.0)
(5.830253625393121 0.008415506427347619 0.0)
(4.887584640588409 0.0071043167231916015 0.0)
(3.8246637037207996 0.0052295912605985 0.0)
(2.643275520220272 0.00270655227259035 0.0)
(1.3637917740336922 0.0007615400456270564 0.0)
(0.018623332926087338 5.8604460524782164e-05 0.0)
(-0.01863321196876663 5.854801057174977e-05 0.0)
(1.2139450507762746 0.0007607885479995237 0.0)
(2.3343721598841025 0.0027038052203269295 0.0)
(3.375011621516289 0.005224090747192695 0.0)
(4.356438909837291 0.007096067107647308 0.0)
(5.281047413468726 0.008403110432179943 0.0)
(6.14909843787508 0.010596949605889631 0.0)
(6.948207235947135 0.014121160419281598 0.0)
(7.656255319415099 0.01774919934507028 0.0)
(8.265326702453459 0.02084139734981301 0.0)
(8.781043522649972 0.02348054335747663 0.0)
(9.205481829474143 0.02567281097512571 0.0)
(9.53911859608211 0.027395732576572348 0.0)
(9.782412300410932 0.028634597951613404 0.0)
(9.935890807894591 0.02938122068126513 0.0)
(10.000000000000004 0.029630366708727443 0.0)
(9.975220303216503 0.02938122068126341 0.0)
(9.862032144033524 0.028634597951610073 0.0)
(9.660881403917884 0.02739573257656787 0.0)
(9.37229594830362 0.025672810975119847 0.0)
(8.996734255127809 0.023480543357470227 0.0)
(8.53467329754652 0.020841397349805002 0.0)
(7.98818912502935 0.017749199345061552 0.0)
(7.362903875163999 0.014121160419273731 0.0)
(6.65090156212491 0.010596949605881855 0.0)
(5.830063697642372 0.008403110432172307 0.0)
(4.888005534607174 0.007096067107642932 0.0)
(3.8249883784837184 0.005224090747191115 0.0)
(2.643405617893688 0.0027038052203266325 0.0)
(1.36383272700152 0.0007607885479993569 0.0)
(0.01863321196877208 5.854801057173398e-05 0.0)
(-0.018637840936828517 5.849828008893964e-05 0.0)
(1.2139229142337133 0.000760154211941242 0.0)
(2.334273142135579 0.0027016665742780463 0.0)
(3.3746974441770656 0.0052203732736086006 0.0)
(4.3559252695015545 0.007091494303813087 0.0)
(5.281017817862648 0.008396592498988536 0.0)
(6.150043699031712 0.010584964230040857 0.0)
(6.948925151256939 0.014103534228750375 0.0)
(7.656274410065798 0.01773027355745579 0.0)
(8.265350583229898 0.02082314639876058 0.0)
(8.781080693611573 0.023463044064692608 0.0)
(9.20550111949902 0.02565617037523232 0.0)
(9.539130725692068 0.02737989460988621 0.0)
(9.782419160295516 0.02861940394440829 0.0)
(9.935893869820623 0.02936643547102723 0.0)
(10.000000000000004 0.02961572386831926 0.0)
(9.975217241290473 0.029366435471025503 0.0)
(9.86202528414894 0.02861940394440495 0.0)
(9.660869274307927 0.027379894609881723 0.0)
(9.372276658278745 0.02565617037522645 0.0)
(8.996697084166206 0.02346304406468619 0.0)
(8.534649416770081 0.02082314639875256 0.0)
(7.98817003437865 0.017730273557447048 0.0)
(7.362185959854192 0.014103534228742498 0.0)
(6.649956300968277 0.01058496423003308 0.0)
(5.830093293248451 0.00839659249898091 0.0)
(4.888519174942912 0.007091494303808715 0.0)
(3.8253025558229425 0.005220373273607021 0.0)
(2.643504635642212 0.0027016665742777466 0.0)
(1.3638548635440813 0.0007601542119410744 0.0)
(0.018637840936833953 5.849828008892377e-05 0.0)
(-0.018637016441879376 5.8457454142802804e-05 0.0)
(1.2139205667556012 0.0007596649090182925 0.0)
(2.3342095549706707 0.002700230302638839 0.0)
(3.3744075686390516 0.005218602178836149 0.0)
(4.355341451265518 0.007090799232328074 0.0)
(5.280769999276529 0.008396239013841237 0.0)
(6.150826971063859 0.010580836995927347 0.0)
(6.94970271724667 0.014093930755423258 0.0)
(7.656350731130816 0.0177187049005308 0.0)
(8.265380148260425 0.020811687490185943 0.0)
(8.781124201018919 0.023451820790892725 0.0)
(9.205524137246043 0.02564531929826441 0.0)
(9.539145220842654 0.027369437637556577 0.0)
(9.782427301573415 0.028609283876215176 0.0)
(9.935897546204476 0.02935653417976829 0.0)
(10.000000000000004 0.02960590086192188 0.0)
(9.97521356490662 0.029356534179766563 0.0)
(9.862017142871041 0.028609283876211845 0.0)
(9.66085477915734 0.027369437637552098 0.0)
(9.37225364053172 0.025645319298258532 0.0)
(8.99665357675886 0.023451820790886313 0.0)
(8.534619851739555 0.020811687490177935 0.0)
(7.988093713313631 0.017718704900522058 0.0)
(7.361408393864459 0.014093930755415394 0.0)
(6.649173028936128 0.010580836995919595 0.0)
(5.830341111834572 0.008396239013833632 0.0)
(4.889102993178949 0.007090799232323719 0.0)
(3.825592431360957 0.005218602178834571 0.0)
(2.64356822280712 0.0027002303026385384 0.0)
(1.3638572110221934 0.0007596649090181244 0.0)
(0.018637016441884792 5.845745414278685e-05 0.0)
(-0.018630774710718903 5.842732655072354e-05 0.0)
(1.2139381114858316 0.0007593421383059551 0.0)
(2.3341841922930744 0.002699559512557549 0.0)
(3.3741547315030744 0.005218855281539513 0.0)
(4.354713107034409 0.007094012433361728 0.0)
(5.280314846405673 0.00840206550822873 0.0)
(6.151413838431385 0.010584749246665495 0.0)
(6.950505769089255 0.01409277195834918 0.0)
(7.656480929202182 0.017715001679916336 0.0)
(8.265414098511684 0.0208075241075684 0.0)
(8.781172133236124 0.023447366666195353 0.0)
(9.205549871357519 0.025640734520692456 0.0)
(9.53916144464347 0.02736482111981713 0.0)
(9.782436366531773 0.02860468240431633 0.0)
(9.935901675512572 0.02935195185211233 0.0)
(10.000000000000004 0.029601329294465704 0.0)
(9.975209435598524 0.02935195185211061 0.0)
(9.862008077912684 0.028604682404313 0.0)
(9.660838555356525 0.027364821119812657 0.0)
(9.372227906420244 0.0256407345206866 0.0)
(8.996605644541654 0.02344736666618895 0.0)
(8.534585901488297 0.020807524107560406 0.0)
(7.987963515242266 0.017715001679907614 0.0)
(7.3606053420218736 0.014092771958341348 0.0)
(6.648586161568603 0.010584749246657784 0.0)
(5.830796264705429 0.008402065508221167 0.0)
(4.88973133741006 0.007094012433357397 0.0)
(3.8258452684969346 0.005218855281537945 0.0)
(2.6435935854847163 0.0026995595125572504 0.0)
(1.363839666291963 0.0007593421383057868 0.0)
(0.018630774710724274 5.8427326550707564e-05 0.0)
(-0.018619389993595362 5.840922106398094e-05 0.0)
(1.2139747775410554 0.0007592000817588378 0.0)
(2.3341981684924438 0.002699683677323173 0.0)
(3.3739500419703368 0.005221121460848947 0.0)
(4.354067845104218 0.007100992724739013 0.0)
(5.279672357834547 0.008413815976646904 0.0)
(6.151778515255803 0.010596529085115117 0.0)
(6.9512990221558715 0.014100108752951623 0.0)
(7.656659283614829 0.01771932660835134 0.0)
(8.265450942271745 0.02081083918232346 0.0)
(8.781222384209254 0.023449877396691098 0.0)
(9.20557719112367 0.025642617489255375 0.0)
(9.53917868425039 0.027366247898011658 0.0)
(9.782445956872902 0.028605801708968828 0.0)
(9.935906076310665 0.02935288982715342 0.0)
(10.000000000000004 0.029602210032261322 0.0)
(9.97520503480043 0.029352889827151698 0.0)
(9.861998487571555 0.02860580170896551 0.0)
(9.660821315749606 0.0273662478980072 0.0)
(9.372200586654095 0.025642617489249533 0.0)
(8.996555393568524 0.023449877396684728 0.0)
(8.534549057728235 0.0208108391823155 0.0)
(7.987785160829618 0.017719326608342658 0.0)
(7.3598120889552545 0.01410010875294384 0.0)
(6.648221484744185 0.010596529085107468 0.0)
(5.831438753276559 0.008413815976639392 0.0)
(4.890376599340253 0.007100992724734715 0.0)
(3.8260499580296723 0.005221121460847394 0.0)
(2.6435796092853465 0.0026996836773228784 0.0)
(1.3638030002367387 0.00075920008175867 0.0)
(0.01861938999360068 5.840922106396496e-05 0.0)
(-0.018603362514151404 5.840393320453942e-05 0.0)
(1.214028953881885 0.0007592449810817357 0.0)
(2.3342508694801474 0.0027005973413630627 0.0)
(3.373802493724438 0.005225301144991454 0.0)
(4.353434017103684 0.007111433405226893 0.0)
(5.278870763335565 0.008430974125010336 0.0)
(6.151904978304606 0.01061565892672535 0.0)
(6.952047622357989 0.014115618773898034 0.0)
(7.656877957802157 0.017731489656392613 0.0)
(8.265489060693195 0.020821487056131148 0.0)
(8.781272746002482 0.023459242665475236 0.0)
(9.205604896163948 0.02565088546975929 0.0)
(9.539196182186622 0.027373655282116504 0.0)
(9.782455651214761 0.028612592609973952 0.0)
(9.93591055523574 0.029359306891984228 0.0)
(10.000000000000004 0.029608504377301254 0.0)
(9.975200555875356 0.02935930689198252 0.0)
(9.861988793229695 0.02861259260997065 0.0)
(9.660803817813372 0.027373655282112067 0.0)
(9.372172881613816 0.02565088546975348 0.0)
(8.996505031775298 0.0234592426654689 0.0)
(8.534510939306784 0.02082148705612323 0.0)
(7.987566486642289 0.01773148965638399 0.0)
(7.359063488753136 0.014115618773890316 0.0)
(6.648095021695382 0.010615658926717774 0.0)
(5.832240347775543 0.00843097412500289 0.0)
(4.891010427340788 0.007111433405222635 0.0)
(3.826197506275571 0.0052253011449899175 0.0)
(2.643526908297643 0.0027005973413627734 0.0)
(1.363748823895909 0.0007592449810815687 0.0)
(0.01860336251415666 5.840393320452348e-05 0.0)
(-0.01858339649051236 5.841169531126898e-05 0.0)
(1.214098260099017 0.0007594748634805414 0.0)
(2.334339979671199 0.002702260359950806 0.0)
(3.373718569765372 0.0052312106862923225 0.0)
(4.352839472275596 0.007124875730425415 0.0)
(5.277945283504537 0.008452786055669882 0.0)
(6.151787671022788 0.01064129824125289 0.0)
(6.952718677572251 0.014138620539242813 0.0)
(7.657127343620427 0.017750956401960897 0.0)
(8.265526778922332 0.02083899988089609 0.0)
(8.781321005810746 0.023475050979770658 0.0)
(9.205631769169571 0.025665175182266704 0.0)
(9.539213169624862 0.027386717805225527 0.0)
(9.7824650236057 0.028624756727565134 0.0)
(9.93591491549202 0.029370921092515778 0.0)
(10.000000000000004 0.029619935767579625 0.0)
(9.975196195619075 0.029370921092514084 0.0)
(9.861979420838756 0.028624756727561845 0.0)
(9.660786830375132 0.027386717805221124 0.0)
(9.372146008608192 0.025665175182260937 0.0)
(8.996456771967033 0.023475050979764378 0.0)
(8.534473221077647 0.020838999880888234 0.0)
(7.9873171008240185 0.01775095640195234 0.0)
(7.358392433538873 0.014138620539235178 0.0)
(6.648212328977202 0.010641298241245404 0.0)
(5.833165827606574 0.00845278605566251 0.0)
(4.891604972168878 0.007124875730421204 0.0)
(3.8262814302346375 0.005231210686290811 0.0)
(2.6434377981065906 0.0027022603599505235 0.0)
(1.363679517678777 0.0007594748634803757 0.0)
(0.018583396490517552 5.841169531125311e-05 0.0)
(-0.018560369193230116 5.8432166331400285e-05 0.0)
(1.2141796510040623 0.0007598796283432097 0.0)
(2.3344615837268274 0.002704599663092064 0.0)
(3.373701957558364 0.005238590430317999 0.0)
(4.35231033383201 0.007140729069157396 0.0)
(5.276936582232121 0.008478293392296166 0.0)
(6.151431747677703 0.010672320484123202 0.0)
(6.9532827028602044 0.014168103393497248 0.0)
(7.657396483513024 0.017776871511869314 0.0)
(8.26556243968917 0.020862608175136924 0.0)
(8.781365043186362 0.023496607751167728 0.0)
(9.205656629389834 0.02568485876295234 0.0)
(9.539228900168151 0.02740486152397054 0.0)
(9.782473662240012 0.02864175959266905 0.0)
(9.935918965497827 0.0293872221220243 0.0)
(10.000000000000004 0.02963600192872074 0.0)
(9.975192145613269 0.029387222122022615 0.0)
(9.861970782204445 0.02864175959266578 0.0)
(9.660771099831843 0.027404861523966158 0.0)
(9.37212114838793 0.02568485876294661 0.0)
(8.996412734591418 0.023496607751161504 0.0)
(8.53443756031081 0.02086260817512913 0.0)
(7.987047960931422 0.01777687151186084 0.0)
(7.357828408250918 0.014168103393489707 0.0)
(6.6485682523222875 0.010672320484115814 0.0)
(5.834174528878992 0.00847829339228887 0.0)
(4.8921341106124645 0.007140729069153234 0.0)
(3.8262980424416453 0.005238590430316509 0.0)
(2.6433161940509624 0.0027045996630917896 0.0)
(1.3635981267737312 0.0007598796283430458 0.0)
(0.01856036919323524 5.843216633138451e-05 0.0)
(-0.01853529239962001 5.8464446805759466e-05 0.0)
(1.2142695504295546 0.0007604414910421713 0.0)
(2.334610338587295 0.002707512466086444 0.0)
(3.3737533870133998 0.005247116124616852 0.0)
(4.351869851148107 0.0071582968547218165 0.0)
(5.275888980006862 0.008506375389182176 0.0)
(6.150852846889993 0.010707362594738156 0.0)
(6.953714915982551 0.014202771913982762 0.0)
(7.657673551965442 0.017808096323598855 0.0)
(8.265594476124855 0.02089127463359485 0.0)
(8.781402923207606 0.023522965814568253 0.0)
(9.205678384512138 0.025709071351290958 0.0)
(9.539242682645195 0.027427289236542866 0.0)
(9.782481187551907 0.028662854130498884 0.0)
(9.935922527303308 0.029407493743095075 0.0)
(10.000000000000004 0.029655996942996275 0.0)
(9.975188583807787 0.029407493743093403 0.0)
(9.86196325689255 0.028662854130495644 0.0)
(9.6607573173548 0.027427289236538525 0.0)
(9.372099393265625 0.025709071351285282 0.0)
(8.996374854570172 0.023522965814562084 0.0)
(8.534405523875124 0.020891274633587135 0.0)
(7.986770892479002 0.017808096323590466 0.0)
(7.357396195128571 0.014202771913975318 0.0)
(6.64914715311 0.010707362594730865 0.0)
(5.8352221311042545 0.00850637538917496 0.0)
(4.892574593296369 0.007158296854717704 0.0)
(3.826246612986609 0.005247116124615389 0.0)
(2.643167439190494 0.0027075124660861792 0.0)
(1.3635082273482386 0.0007604414910420093 0.0)
(0.018535292399625064 5.84644468057438e-05 0.0)
(-0.01850926793811657 5.8507118389358606e-05 0.0)
(1.2143640083592033 0.0007611357643583325 0.0)
(2.334779708236173 0.0027108707856991964 0.0)
(3.3738705984143125 0.005256413165778707 0.0)
(4.351537378227176 0.007176807190760331 0.0)
(5.274848506554001 0.008535798174759305 0.0)
(6.150076404501199 0.010744884886865053 0.0)
(6.953996326285408 0.01424110282933348 0.0)
(7.657946375096768 0.017843258876046295 0.0)
(8.265621480607011 0.02092373970452905 0.0)
(8.781432981495648 0.023552967044887123 0.0)
(9.205696078656212 0.025736749090446643 0.0)
(9.539253911479166 0.027453015510282428 0.0)
(9.782487268892947 0.028687113485653767 0.0)
(9.935925444409252 0.029430845257784142 0.0)
(10.000000000000004 0.029679042266058803 0.0)
(9.975185666701844 0.029430845257782477 0.0)
(9.86195717555151 0.028687113485650555 0.0)
(9.660746088520828 0.027453015510278123 0.0)
(9.372081699121551 0.02573674909044101 0.0)
(8.99634479628213 0.023552967044881017 0.0)
(8.534378519392968 0.020923739704521403 0.0)
(7.986498069347676 0.01784325887603799 0.0)
(7.357114784825715 0.014241102829326141 0.0)
(6.649923595498797 0.010744884886857863 0.0)
(5.836262604557118 0.008535798174752168 0.0)
(4.8929070662173 0.007176807190756269 0.0)
(3.8261294015856957 0.005256413165777268 0.0)
(2.6429980695416155 0.00271087078569894 0.0)
(1.3634137694185897 0.0007611357643581725 0.0)
(0.01850926793812155 5.850711838934309e-05 0.0)
(-0.01848343927594785 5.855830617087983e-05 0.0)
(1.214458874484386 0.0007619319431923183 0.0)
(2.3349622508809427 0.0027145270635104074 0.0)
(3.3740484417065777 0.00526607305882337 0.0)
(4.351327523321122 0.0071954467669711085 0.0)
(5.273860878373566 0.008565268965656757 0.0)
(6.149136535969424 0.010783238699632935 0.0)
(6.954114569114891 0.014281411949253328 0.0)
(7.658202965557725 0.017880814190985164 0.0)
(8.265642266608095 0.02095857693211582 0.0)
(8.7814538973443 0.023585293242949834 0.0)
(9.205708934373733 0.02576667587119588 0.0)
(9.539262093295644 0.02748090997978599 0.0)
(9.782491639060131 0.028713471746449434 0.0)
(9.935927588643356 0.02945625064325644 0.0)
(10.000000000000004 0.029704125328573187 0.0)
(9.97518352246774 0.029456250643254783 0.0)
(9.861952805384325 0.028713471746446242 0.0)
(9.66073790670435 0.027480909979781726 0.0)
(9.37206884340403 0.025766675871190293 0.0)
(8.99632388043348 0.02358529324294379 0.0)
(8.534357733391882 0.020958576932108258 0.0)
(7.986241478886719 0.017880814190976948 0.0)
(7.3569965419962315 0.014281411949246085 0.0)
(6.650863464030575 0.010783238699625839 0.0)
(5.8372502327375555 0.008565268965649693 0.0)
(4.8931169211233545 0.0071954467669670934 0.0)
(3.8259515582934296 0.005266073058821956 0.0)
(2.642815526896845 0.0027145270635101615 0.0)
(1.3633189032934068 0.0007619319431921604 0.0)
(0.018483439275952765 5.855830617086448e-05 0.0)
(-0.018458941277277336 5.86157610528485e-05 0.0)
(1.2145499805611149 0.0007627950449027312 0.0)
(2.3351499459317453 0.002718320649362024 0.0)
(3.374279102781289 0.005275671365722732 0.0)
(4.351249507070597 0.00721339659447559 0.0)
(5.272969490040989 0.00859349286923779 0.0)
(6.1480745373985135 0.0108207388366751 0.0)
(6.954064449097393 0.014321928164756472 0.0)
(7.658432049232877 0.017919112156582557 0.0)
(8.265655920829248 0.020994255632307925 0.0)
(8.781464751749436 0.023618524054752607 0.0)
(9.205716386807993 0.025797536765542046 0.0)
(9.53926686860058 0.027509747013095064 0.0)
(9.782494106036312 0.028740770779127595 0.0)
(9.9359288657919 0.02948259363335216 0.0)
(10.000000000000004 0.0297301440266607 0.0)
(9.975182245319196 0.029482593633350523 0.0)
(9.861950338408144 0.028740770779124424 0.0)
(9.660733131399416 0.027509747013090835 0.0)
(9.37206139096977 0.02579753676553651 0.0)
(8.996313026028343 0.023618524054746626 0.0)
(8.53434407917073 0.02099425563230043 0.0)
(7.986012395211566 0.017919112156574424 0.0)
(7.3570466620137305 0.014321928164749323 0.0)
(6.65192546260149 0.010820738836668087 0.0)
(5.838141621070133 0.00859349286923079 0.0)
(4.893194937373878 0.007213396594471616 0.0)
(3.8257208972187176 0.0052756713657213395 0.0)
(2.6426278318460423 0.0027183206493617876 0.0)
(1.3632277972166778 0.0007627950449025757 0.0)
(0.018458941277282204 5.861576105283331e-05 0.0)
(-0.018436850339348793 5.867695857286165e-05 0.0)
(1.2146333235550517 0.0007636871463794161 0.0)
(2.335334546411427 0.002722084860031896 0.0)
(3.374552446812806 0.00528478635443124 0.0)
(4.351306757366923 0.00722986799069151 0.0)
(5.272213507528857 0.008619229778813225 0.0)
(6.146937071062801 0.010855737610574474 0.0)
(6.953848168414791 0.014360871267456029 0.0)
(7.658623560604636 0.017956470030294273 0.0)
(8.265661843328973 0.021029208148291248 0.0)
(8.781465067788352 0.023651199379218897 0.0)
(9.205718108512665 0.025827975802245978 0.0)
(9.53926802757581 0.02753825956372191 0.0)
(9.782494561427066 0.028767811114134532 0.0)
(9.935929219739311 0.02950871676527964 0.0)
(10.000000000000004 0.02975595514632725 0.0)
(9.975181891371784 0.02950871676527801 0.0)
(9.86194988301739 0.028767811114131382 0.0)
(9.660731972424186 0.027538259563717707 0.0)
(9.3720596692651 0.02582797580224049 0.0)
(8.996312709989427 0.023651199379212964 0.0)
(8.534338156671007 0.021029208148283823 0.0)
(7.985820883839807 0.017956470030286217 0.0)
(7.357262942696333 0.01436087126744896 0.0)
(6.653062928937205 0.010855737610567533 0.0)
(5.838897603582266 0.008619229778806275 0.0)
(4.893137687077552 0.007229867990687569 0.0)
(3.8254475531872 0.005284786354429869 0.0)
(2.6424432313663604 0.0027220848600316683 0.0)
(1.3631444542227407 0.0007636871463792628 0.0)
(0.01843685033935362 5.8676958572846606e-05 0.0)
(-0.018418137097560582 5.873920982384758e-05 0.0)
(1.2147052415275155 0.0007645690503155405 0.0)
(2.335507941312627 0.002725654302989618 0.0)
(3.374856463564452 0.005293017529020445 0.0)
(4.3514967587368165 0.007244137232602708 0.0)
(5.27162614732572 0.00864134886166066 0.0)
(6.145774115152142 0.010886697239234366 0.0)
(6.953475230044605 0.01439653016866377 0.0)
(7.658769085013686 0.01799124637549372 0.0)
(8.265659773883462 0.021061898730457315 0.0)
(8.781454831574878 0.02368188352236946 0.0)
(9.205714023839192 0.02585665554572156 0.0)
(9.539265519298084 0.027565194842354212 0.0)
(9.782492985223358 0.028793404648618952 0.0)
(9.935928634933788 0.029533472236412898 0.0)
(10.000000000000004 0.029780424594194797 0.0)
(9.975182476177308 0.02953347223641128 0.0)
(9.861951459221098 0.028793404648615815 0.0)
(9.66073448070191 0.027565194842350038 0.0)
(9.372063753938571 0.025856655545716114 0.0)
(8.996322946202902 0.023681883522363577 0.0)
(8.534340226116518 0.02106189873044994 0.0)
(7.985675359430756 0.017991246375485725 0.0)
(7.357635881066521 0.01439653016865677 0.0)
(6.654225884847866 0.010886697239227484 0.0)
(5.839484963785404 0.008641348861653748 0.0)
(4.892947685707657 0.007244137232598794 0.0)
(3.825143536435553 0.0052930175290190895 0.0)
(2.6422698364651596 0.002725654302989397 0.0)
(1.363072536250277 0.0007645690503153891 0.0)
(0.018418137097565374 5.87392098238327e-05 0.0)
(-0.018403623777521954 5.879977959972343e-05 0.0)
(1.2147625745343655 0.0007654020074655489 0.0)
(2.3356625119806043 0.002728872143441738 0.0)
(3.3751777950963433 0.005300003226737403 0.0)
(4.351811162867682 0.007255577355824446 0.0)
(5.27123321696436 0.008658878245745495 0.0)
(6.144636767821685 0.010912257413210502 0.0)
(6.952962020216547 0.014427338081496743 0.0)
(7.658862228383724 0.018021913183194353 0.0)
(8.26564980342037 0.021090891014431463 0.0)
(8.781434492869504 0.023709228279089313 0.0)
(9.205704312260659 0.02588231586050858 0.0)
(9.539259453976536 0.02758936936212557 0.0)
(9.782489446680696 0.028816426849497638 0.0)
(9.935927137070616 0.0295557723366392 0.0)
(10.000000000000004 0.029802477227489632 0.0)
(9.97518397404048 0.02955577233663759 0.0)
(9.86195499776376 0.028816426849494522 0.0)
(9.660740546023458 0.02758936936212142 0.0)
(9.372073465517104 0.02588231586050316 0.0)
(8.996343284908274 0.02370922827908347 0.0)
(8.53435019657961 0.02109089101442413 0.0)
(7.985582216060718 0.018021913183186408 0.0)
(7.358149090894581 0.014427338081489795 0.0)
(6.655363232178327 0.010912257413203659 0.0)
(5.839877894146764 0.008658878245738608 0.0)
(4.892633281576791 0.0072555773558205475 0.0)
(3.824822204903661 0.00530000322673606 0.0)
(2.642115265797182 0.002728872143441524 0.0)
(1.3630152032434266 0.0007654020074653995 0.0)
(0.018403623777526724 5.87997795997087e-05 0.0)
(-0.01839394806796404 5.885600657534649e-05 0.0)
(1.2148028034681693 0.0007661494192161221 0.0)
(2.335791466862987 0.0027315969953656642 0.0)
(3.375502322688828 0.005305436508804408 0.0)
(4.352236155417193 0.007263685702271475 0.0)
(5.271051981086009 0.008671047722000152 0.0)
(6.143575002032409 0.01093129506521939 0.0)
(6.952331088431573 0.014451941362626555 0.0)
(7.658898898165471 0.018047123009969152 0.0)
(8.265632370023601 0.021114911132295765 0.0)
(8.781404945317739 0.02373203217079401 0.0)
(9.205689400486056 0.02590382927931951 0.0)
(9.5392500981103 0.027609720938863273 0.0)
(9.78248410127617 0.02883586616338192 0.0)
(9.935924791963162 0.02957463724035148 0.0)
(10.000000000000004 0.02982114409384893 0.0)
(9.975186319147932 0.02957463724034987 0.0)
(9.861960343168287 0.02883586616337882 0.0)
(9.660749901889695 0.027609720938859134 0.0)
(9.372088377291707 0.025903829279314106 0.0)
(8.99637283246004 0.02373203217078819 0.0)
(8.534367629976378 0.021114911132288458 0.0)
(7.9855455462789715 0.018047123009961242 0.0)
(7.358780022679556 0.014451941362619635 0.0)
(6.656424997967604 0.01093129506521256 0.0)
(5.840059130025114 0.008671047721993272 0.0)
(4.892208289027277 0.007263685702267583 0.0)
(3.824497677311175 0.005305436508803071 0.0)
(2.6419863109147994 0.002731596995365454 0.0)
(1.362974974309623 0.000766149419215974 0.0)
(0.01839394806796882 5.885600657533188e-05 0.0)
(-0.018389535101863617 5.890542024027222e-05 0.0)
(1.2148241607431718 0.000766778445662291 0.0)
(2.3358891399181587 0.0027337091337528334 0.0)
(3.3758157871931984 0.005309078646747341 0.0)
(4.35275306299023 0.007268106006034715 0.0)
(5.2710904028636 0.008677322585901422 0.0)
(6.142635469830652 0.010942973715660151 0.0)
(6.951610156678058 0.01446925898889079 0.0)
(7.658877483155802 0.018065768182149704 0.0)
(8.265608239684719 0.02113290368401482 0.0)
(8.781367487184951 0.02374929323620059 0.0)
(9.20566994371148 0.025920250541889494 0.0)
(9.539237862779022 0.027625355361517608 0.0)
(9.782477183877075 0.028850868462382946 0.0)
(9.935921702651159 0.029589238058192985 0.0)
(10.000000000000004 0.029835605005314923 0.0)
(9.975189408459936 0.029589238058191376 0.0)
(9.861967260567381 0.028850868462379838 0.0)
(9.660762137220974 0.027625355361513483 0.0)
(9.372107834066282 0.025920250541884095 0.0)
(8.996410290592829 0.023749293236194777 0.0)
(8.53439176031526 0.021132903684007526 0.0)
(7.985566961288641 0.018065768182141808 0.0)
(7.359500954433074 0.01446925898888388 0.0)
(6.657364530169363 0.010942973715653321 0.0)
(5.840020708247523 0.008677322585894535 0.0)
(4.8916913814542395 0.007268106006030816 0.0)
(3.8241842128068044 0.005309078646746004 0.0)
(2.6418886378596276 0.0027337091337526257 0.0)
(1.3629536170346206 0.0007667784456621438 0.0)
(0.0183895351018684 5.8905420240257705e-05 0.0)
(-0.018390578776877827 5.894584944846354e-05 0.0)
(1.2148257079597815 0.0007672614485327823 0.0)
(2.335951239570764 0.002735115755106562 0.0)
(3.3761044155525997 0.005310769611688093 0.0)
(4.353339173613686 0.007268644047053525 0.0)
(5.271346794114516 0.008677427131409027 0.0)
(6.1418594525425325 0.010946780225997911 0.0)
(6.9508309013783425 0.014478530055473096 0.0)
(7.658798924291064 0.018077029464980774 0.0)
(8.265578472646668 0.02114407810978254 0.0)
(8.781323764312965 0.0237602530556733 0.0)
(9.205646796832013 0.025930858127983045 0.0)
(9.539223285580771 0.02763558568215953 0.0)
(9.782468998421274 0.02886077457292853 0.0)
(9.935918004873322 0.029598933256939203 0.0)
(10.000000000000004 0.029845224575893295 0.0)
(9.975193106237773 0.029598933256937594 0.0)
(9.861975446023182 0.02886077457292542 0.0)
(9.660776714419223 0.0276355856821554 0.0)
(9.372130980945752 0.025930858127977647 0.0)
(8.996454013464815 0.023760253055667493 0.0)
(8.534421527353311 0.021144078109775248 0.0)
(7.985645520153379 0.01807702946497287 0.0)
(7.3602802097327915 0.014478530055466177 0.0)
(6.658140547457483 0.01094678022599106 0.0)
(5.839764316996605 0.008677427131402113 0.0)
(4.891105270830781 0.00726864404704961 0.0)
(3.8238955844474023 0.005310769611686753 0.0)
(2.6418265382070225 0.0027351157551063544 0.0)
(1.3629520698180109 0.0007672614485326355 0.0)
(0.01839057877688264 5.894584944844908e-05 0.0)
)
