(
(-0.027960179501123398 1.6682687733162523e-05 0.0)
(1.1909394236449582 0.0001199515079162691 0.0)
(2.3171768039194465 -0.00022131564228280767 0.0)
(3.3852084712232053 -0.0025863111695748494 0.0)
(4.392707506143563 -0.008303094520848089 0.0)
(5.319095885652106 -0.016879694921214994 0.0)
(6.168276401995222 -0.025961843406566897 0.0)
(6.956260031682624 -0.03354105510157441 0.0)
(7.664351668687518 -0.03982171599197587 0.0)
(8.272376061883397 -0.04543879738860982 0.0)
(8.786664422429071 -0.05033219496491287 0.0)
(9.209862086313212 -0.05439995226189701 0.0)
(9.542328230294226 -0.05759829974054278 0.0)
(9.784509819899 -0.059898686604181225 0.0)
(9.936929605740033 -0.06128410185663852 0.0)
(10.000000000000007 -0.06174687426971635 0.0)
(9.974181505371078 -0.061284101856640114 0.0)
(9.859934624545458 -0.05989868660418451 0.0)
(9.65767176970578 -0.057598299740546324 0.0)
(9.367915691464558 -0.0543999522619028 0.0)
(8.991113355348714 -0.05033219496491915 0.0)
(8.527623938116598 -0.04543879738861807 0.0)
(7.980092775756929 -0.03982171599198543 0.0)
(7.354851079428505 -0.03354105510158275 0.0)
(6.631723598004783 -0.025961843406574533 0.0)
(5.7920152254589725 -0.01687969492122264 0.0)
(4.85173693830085 -0.008303094520852638 0.0)
(3.8147915287767704 -0.002586311169576619 0.0)
(2.660600973858332 -0.0002213156422834164 0.0)
(1.3868383541328333 0.00011995150791602004 0.0)
(0.0279601795011203 1.668268773313924e-05 0.0)
(-0.02798269408506882 1.6612623650988124e-05 0.0)
(1.1908535083626688 0.000118949040872372 0.0)
(2.3169760867164193 -0.00022543341290530804 0.0)
(3.3848763365242207 -0.002595977718444242 0.0)
(4.392544594623469 -0.008320115533372174 0.0)
(5.319827177854098 -0.01690615988977743 0.0)
(6.1695830321464875 -0.02599848296696579 0.0)
(6.956620656721672 -0.033582718134334784 0.0)
(7.6641688285712934 -0.039862103523082254 0.0)
(8.2723752622225 -0.045476697828808414 0.0)
(8.78667186209521 -0.050367717327564426 0.0)
(9.209864427626984 -0.05443311413819358 0.0)
(9.542329628024792 -0.05762941502726431 0.0)
(9.784510805548202 -0.05992823151643499 0.0)
(9.936929898695965 -0.06131266682688101 0.0)
(10.000000000000007 -0.06177510519616578 0.0)
(9.974181212415145 -0.061312666826882634 0.0)
(9.859933638896257 -0.059928231516438286 0.0)
(9.657670371975215 -0.057629415027267886 0.0)
(9.367913350150785 -0.054433114138199394 0.0)
(8.991105915682578 -0.05036771732757076 0.0)
(8.527624737777494 -0.04547669782881675 0.0)
(7.980275615873153 -0.0398621035230919 0.0)
(7.354490454389456 -0.033582718134343194 0.0)
(6.630416967853515 -0.025998482966973494 0.0)
(5.791283933256981 -0.016906159889785125 0.0)
(4.851899849820946 -0.008320115533376754 0.0)
(3.8151236634757564 -0.0025959777184460316 0.0)
(2.660801691061359 -0.0002254334129059257 0.0)
(1.3869242694151227 0.00011894904087212062 0.0)
(0.027982694085065755 1.6612623650964665e-05 0.0)
(-0.028000776998786576 1.654338772683281e-05 0.0)
(1.1907828630495432 0.00011798675242200203 0.0)
(2.3167936857538685 -0.0002292147837621772 0.0)
(3.3845193460764933 -0.002604376400740385 0.0)
(4.392237556424595 -0.008334180064340434 0.0)
(5.320348492273913 -0.01692781074203987 0.0)
(6.170880762167373 -0.026029544379089137 0.0)
(6.957146535040905 -0.03361950516233348 0.0)
(7.664042777929627 -0.03989843924280466 0.0)
(8.272383443539468 -0.0455109760100361 0.0)
(8.786690916263197 -0.05039998911097322 0.0)
(9.209873210075337 -0.05446335304799304 0.0)
(9.542335096237895 -0.05765787006346309 0.0)
(9.784514040113597 -0.05995530745612648 0.0)
(9.936931235484007 -0.06133887963340358 0.0)
(10.000000000000007 -0.06180102266911893 0.0)
(9.974179875627103 -0.0613388796334052 0.0)
(9.85993040433086 -0.05995530745612981 0.0)
(9.65766490376211 -0.05765787006346669 0.0)
(9.367904567702434 -0.054463353047998896 0.0)
(8.991086861514589 -0.050399989110979614 0.0)
(8.527616556460526 -0.045510976010044474 0.0)
(7.980401666514821 -0.039898439242814374 0.0)
(7.35396457607022 -0.03361950516234196 0.0)
(6.629119237832625 -0.02602954437909689 0.0)
(5.790762618837165 -0.0169278107420476 0.0)
(4.85220688801982 -0.008334180064345038 0.0)
(3.8154806539234847 -0.00260437640074219 0.0)
(2.6609840920239103 -0.0002292147837628023 0.0)
(1.3869949147282483 0.00011798675242174858 0.0)
(0.02800077699878354 1.6543387726809186e-05 0.0)
(-0.02801363371212968 1.6478022060540417e-05 0.0)
(1.1907305917313982 0.00011710692375921144 0.0)
(2.3166376153963957 -0.00023249360833578684 0.0)
(3.3841531853872016 -0.0026111381937281414 0.0)
(4.39179988224369 -0.008344670143992464 0.0)
(5.3206369233096655 -0.01694369617916302 0.0)
(6.1721125721748935 -0.026053662861313484 0.0)
(6.9578145605090445 -0.03364979983086023 0.0)
(7.6639790551971085 -0.0399291266260928 0.0)
(8.2724002463622 -0.045540125811719866 0.0)
(8.786720747727752 -0.05042759235201584 0.0)
(9.209888047773555 -0.05448934034891933 0.0)
(9.542344394670259 -0.05768241458690553 0.0)
(9.784519381474304 -0.05997872475599972 0.0)
(9.936933557368135 -0.06136158853344259 0.0)
(10.000000000000007 -0.06182348792222892 0.0)
(9.974177553742974 -0.06136158853344423 0.0)
(9.859925062970154 -0.05997872475600304 0.0)
(9.657655605329746 -0.05768241458690915 0.0)
(9.367889730004215 -0.05448934034892521 0.0)
(8.991057030050035 -0.05042759235202226 0.0)
(8.527599753637796 -0.04554012581172828 0.0)
(7.980465389247338 -0.03992912662610254 0.0)
(7.353296550602079 -0.03364979983086875 0.0)
(6.627887427825103 -0.026053662861321273 0.0)
(5.790474187801412 -0.016943696179170763 0.0)
(4.852644562200727 -0.008344670143997075 0.0)
(3.8158468146127773 -0.002611138193729955 0.0)
(2.661140162381383 -0.0002324936083364174 0.0)
(1.3870471860463935 0.00011710692375895629 0.0)
(0.028013633712126652 1.6478022060516652e-05 0.0)
(-0.028020699324634527 1.6419398699904732e-05 0.0)
(1.1906989911143253 0.00011634821294584223 0.0)
(2.316514733089986 -0.0002351258210728125 0.0)
(3.3837939428871606 -0.0026159659965939784 0.0)
(4.39125080268356 -0.008351124857419406 0.0)
(5.320679797829313 -0.01695311822410127 0.0)
(6.173224338690849 -0.026069778691653417 0.0)
(6.958595381309138 -0.033672271047602474 0.0)
(7.663980460234029 -0.03995281732546596 0.0)
(8.272424932405402 -0.045562866444901796 0.0)
(8.786760045748897 -0.050449314214779564 0.0)
(9.209908288780326 -0.05450993420651217 0.0)
(9.542357114765776 -0.057701970156134534 0.0)
(9.7845265949407 -0.05999745450273898 0.0)
(9.936936762329012 -0.06137979573947509 0.0)
(10.000000000000007 -0.06184151387337312 0.0)
(9.974174348782098 -0.06137979573947672 0.0)
(9.859917849503757 -0.05999745450274232 0.0)
(9.65764288523423 -0.05770197015613816 0.0)
(9.367869488997444 -0.05450993420651807 0.0)
(8.991017732028888 -0.050449314214786 0.0)
(8.527575067594592 -0.04556286644491023 0.0)
(7.9804639842104175 -0.03995281732547573 0.0)
(7.352515729801983 -0.03367227104761101 0.0)
(6.626775661309145 -0.026069778691661206 0.0)
(5.790431313281767 -0.016953118224109012 0.0)
(4.853193641760859 -0.008351124857424017 0.0)
(3.816206057112819 -0.0026159659965957955 0.0)
(2.6612630446877934 -0.00023512582107344655 0.0)
(1.3870787866634664 0.00011634821294558582 0.0)
(0.02802069932463149 1.6419398699880853e-05 0.0)
(-0.028021663386213817 1.6370093448143684e-05 0.0)
(1.1906894496716272 0.00011574395634701161 0.0)
(2.316430438058375 -0.00023699576736108645 0.0)
(3.383457403034607 -0.002618647684512188 0.0)
(4.390614443295565 -0.008353260596321846 0.0)
(5.320475232004898 -0.016955662889437187 0.0)
(6.174167212728449 -0.026077183770006868 0.0)
(6.9594546896037 -0.0336859314684065 0.0)
(7.664046931305636 -0.039968470414934607 0.0)
(8.2724564170095 -0.04557819872776269 0.0)
(8.786807083643478 -0.050464200280353574 0.0)
(9.209933043742838 -0.054524229764344324 0.0)
(9.542372697626718 -0.05771567753521407 0.0)
(9.784535363566272 -0.06001067374553766 0.0)
(9.936940709546517 -0.06139270126017714 0.0)
(10.000000000000007 -0.06185430849523579 0.0)
(9.974170401564592 -0.061392701260178775 0.0)
(9.859909080878186 -0.06001067374554101 0.0)
(9.657627302373289 -0.057715677535217697 0.0)
(9.36784473403493 -0.054524229764350236 0.0)
(8.990970694134308 -0.05046420028036002 0.0)
(8.527543582990493 -0.04557819872777112 0.0)
(7.9803975131388105 -0.03996847041494439 0.0)
(7.3516564215074185 -0.03368593146841504 0.0)
(6.625832787271544 -0.026077183770014636 0.0)
(5.790635879106183 -0.016955662889444903 0.0)
(4.8538300011488555 -0.008353260596326443 0.0)
(3.8165425969653737 -0.0026186476845140023 0.0)
(2.6613473397194043 -0.0002369957673617217 0.0)
(1.3870883281061643 0.00011574395634675445 0.0)
(0.02802166338621076 1.6370093448119716e-05 0.0)
(-0.02801648353776547 1.6332272687818237e-05 0.0)
(1.1907023866368402 0.00011532070389221603 0.0)
(2.316388434071039 -0.00023802128518167197 0.0)
(3.383158352774979 -0.0026190654290216523 0.0)
(4.389918764547026 -0.008350983520239637 0.0)
(5.320032214084503 -0.016951218367231236 0.0)
(6.174899766127419 -0.026075552730778197 0.0)
(6.960354728958329 -0.03369018087937322 0.0)
(7.664175547794648 -0.03997539812638401 0.0)
(8.272493316798592 -0.04558544898784326 0.0)
(8.786859794652457 -0.05047159648224986 0.0)
(9.20996122497333 -0.05453159890175765 0.0)
(9.542390458570683 -0.05772293444698432 0.0)
(9.784545302073653 -0.060017801655051106 0.0)
(9.936945225587136 -0.06139973805057909 0.0)
(10.000000000000007 -0.06186130961553938 0.0)
(9.974165885523975 -0.061399738050580716 0.0)
(9.859899142370805 -0.06001780165505446 0.0)
(9.657609541429323 -0.05772293444698795 0.0)
(9.367816552804438 -0.054531598901763546 0.0)
(8.990917983125328 -0.05047159648225628 0.0)
(8.527506683201404 -0.045585448987851676 0.0)
(7.980268896649798 -0.039975398126393766 0.0)
(7.350756382152787 -0.03369018087938173 0.0)
(6.625100233872573 -0.026075552730785923 0.0)
(5.791078897026579 -0.01695121836723891 0.0)
(4.854525679897397 -0.00835098352024421 0.0)
(3.8168416472250017 -0.002619065429023458 0.0)
(2.66138934370674 -0.00023802128518230612 0.0)
(1.3870753911409512 0.00011532070389195862 0.0)
(0.028016483537762364 1.6332272687794222e-05 0.0)
(-0.028005387372354026 1.6307598193945965e-05 0.0)
(1.1907372335833806 0.00011509705252000068 0.0)
(2.3163905667063376 -0.00023815731515766433 0.0)
(3.3829099318295883 -0.002617200875192869 0.0)
(4.3891943332894465 -0.008344393679730036 0.0)
(5.319370209465074 -0.01693997994165812 0.0)
(6.175389811831579 -0.026064957238847206 0.0)
(6.961255953290357 -0.03368483256915881 0.0)
(7.664360658527836 -0.03997329606884696 0.0)
(8.272534010463445 -0.04558429866197953 0.0)
(8.786915862750536 -0.05047117784488804 0.0)
(9.20999159424009 -0.05453171783233566 0.0)
(9.542409617214288 -0.05772342203601825 0.0)
(9.78455597378301 -0.06001852504397545 0.0)
(9.936950112024304 -0.061400596926984116 0.0)
(10.000000000000007 -0.06186220961786595 0.0)
(9.974160999086806 -0.06140059692698574 0.0)
(9.85988847066145 -0.060018525043978775 0.0)
(9.657590382785719 -0.05772342203602186 0.0)
(9.36778618353768 -0.05453171783234153 0.0)
(8.99086191502725 -0.05047117784489443 0.0)
(8.527465989536548 -0.04558429866198792 0.0)
(7.98008378591661 -0.039973296068856676 0.0)
(7.349855157820757 -0.033684832569167274 0.0)
(6.624610188168413 -0.026064957238854877 0.0)
(5.791740901646012 -0.016939979941665746 0.0)
(4.855250111154978 -0.008344393679734571 0.0)
(3.817090068170393 -0.0026172008751946603 0.0)
(2.661387211071441 -0.00023815731515829512 0.0)
(1.3870405441944107 0.00011509705251974357 0.0)
(0.028005387372350872 1.6307598193921943e-05 0.0)
(-0.027988862435187816 1.6297154118646908e-05 0.0)
(1.1907924594001678 0.00011508282906250213 0.0)
(2.316436742260177 -0.00023739788038077827 0.0)
(3.3827230553603016 -0.0026131359481099685 0.0)
(4.388472979706974 -0.008333780620329261 0.0)
(5.318518305418483 -0.01692244140857742 0.0)
(6.1756158181292005 -0.02604586284074545 0.0)
(6.962118764451379 -0.033670121532729656 0.0)
(7.664594130078234 -0.039962256602886034 0.0)
(8.272576709998878 -0.0455747982933855 0.0)
(8.786972824408057 -0.050462962762427926 0.0)
(9.210022817173094 -0.0545245813304863 0.0)
(9.54242933176178 -0.05771711887854573 0.0)
(9.784566909798958 -0.06001281212792474 0.0)
(9.936955154156914 -0.06139524015193425 0.0)
(10.000000000000007 -0.061856968957759766 0.0)
(9.974155956954197 -0.06139524015193587 0.0)
(9.8598775346455 -0.06001281212792805 0.0)
(9.657570668238225 -0.057717118878549314 0.0)
(9.367754960604675 -0.05452458133049214 0.0)
(8.990804953369729 -0.05046296276243429 0.0)
(8.527423290001115 -0.04557479829339384 0.0)
(7.979850314366211 -0.03996225660289571 0.0)
(7.348992346659734 -0.03367012153273804 0.0)
(6.624384181870792 -0.026045862840753036 0.0)
(5.792592805692606 -0.016922441408584968 0.0)
(4.855971464737452 -0.008333780620333754 0.0)
(3.81727694463968 -0.0026131359481117414 0.0)
(2.6613410355176015 -0.00023739788038140358 0.0)
(1.3869853183776233 0.00011508282906224584 0.0)
(0.0279888624351846 1.6297154118622917e-05 0.0)
(-0.027967634801774405 1.6301399355482814e-05 0.0)
(1.1908656375658453 0.00011527865847242176 0.0)
(2.3165249318631975 -0.00023577634902576346 0.0)
(3.382605934377299 -0.0026070492532324 0.0)
(4.387786398756345 -0.008319610660451343 0.0)
(5.317513933050022 -0.016899373379046838 0.0)
(6.175567854717032 -0.02601910850939329 0.0)
(6.962905252097446 -0.03364669414611337 0.0)
(7.66486570413304 -0.03994276478243944 0.0)
(8.27261953926542 -0.045557365310876764 0.0)
(8.787028176833996 -0.05044731219056375 0.0)
(9.210053521893787 -0.054510502961045 0.0)
(9.542448735992012 -0.0577043019237748 0.0)
(9.784577629612961 -0.06000091392197876 0.0)
(9.93696013044288 -0.061383903092325234 0.0)
(10.000000000000007 -0.06184581790023839 0.0)
(9.97415098066823 -0.061383903092326844 0.0)
(9.859866814831497 -0.060000913921982056 0.0)
(9.657551264007994 -0.05770430192377836 0.0)
(9.367724255883981 -0.05451050296105082 0.0)
(8.99074960094379 -0.05044731219057006 0.0)
(8.527380460734575 -0.04555736531088504 0.0)
(7.979578740311404 -0.039942764782449014 0.0)
(7.348205859013665 -0.03364669414612167 0.0)
(6.624432145282961 -0.026019108509400788 0.0)
(5.793597178061069 -0.016899373379054318 0.0)
(4.856658045688083 -0.008319610660455784 0.0)
(3.8173940656226826 -0.0026070492532341495 0.0)
(2.661252845914581 -0.00023577634902638146 0.0)
(1.3869121402119455 0.0001152786584721668 0.0)
(0.027967634801771106 1.6301399355458888e-05 0.0)
(-0.02794263717549111 1.632014737651355e-05 0.0)
(1.1909535527656887 0.00011567593636374748 0.0)
(2.3166512606255805 -0.00023336396821385156 0.0)
(3.3825637149623065 -0.0025992082287977915 0.0)
(4.387164757548463 -0.008302506402210105 0.0)
(5.316401222644117 -0.016871789420082203 0.0)
(6.175248029019659 -0.02598586978116469 0.0)
(6.96358085940023 -0.03361557976581867 0.0)
(7.665163448225119 -0.039915677042438286 0.0)
(8.272660616423451 -0.045532765687812 0.0)
(8.787079487944021 -0.050424913786791314 0.0)
(9.210082359292915 -0.054490101301809375 0.0)
(9.542466977318604 -0.057685534325250136 0.0)
(9.784587662216007 -0.059983353211539636 0.0)
(9.936964822233305 -0.06136708387781574 0.0)
(10.000000000000007 -0.061829246402369024 0.0)
(9.974146288877806 -0.061367083877817336 0.0)
(9.859856782228452 -0.05998335321154292 0.0)
(9.6575330226814 -0.05768553432525367 0.0)
(9.367695418484855 -0.05449010130181512 0.0)
(8.990698289833764 -0.050424913786797566 0.0)
(8.527339383576544 -0.045532765687820206 0.0)
(7.979280996219325 -0.03991567704244779 0.0)
(7.347530251710879 -0.03361557976582686 0.0)
(6.624751970980336 -0.025985869781172084 0.0)
(5.794709888466978 -0.016871789420089593 0.0)
(4.857279686895966 -0.008302506402214494 0.0)
(3.8174362850376746 -0.002599208228799514 0.0)
(2.6611265171521974 -0.00023336396821446067 0.0)
(1.386824225012102 0.00011567593636349425 0.0)
(0.027942637175487735 1.6320147376489725e-05 0.0)
(-0.027914967906304964 1.635257442799356e-05 0.0)
(1.1910523421666532 0.0001162572070727338 0.0)
(2.3168101778926187 -0.00023026673354459192 0.0)
(3.382598252159181 -0.002589957395075049 0.0)
(4.386635369860745 -0.008283219375421312 0.0)
(5.315229064660355 -0.016840901520376983 0.0)
(6.174670393593119 -0.025947607104969475 0.0)
(6.964115901410836 -0.033578145500793556 0.0)
(7.665474280023771 -0.03988218356862264 0.0)
(8.272698136617796 -0.04550208028662495 0.0)
(8.78712450322183 -0.050396751695995654 0.0)
(9.210108062307917 -0.05446427276436242 0.0)
(9.542483254251039 -0.05766164069691657 0.0)
(9.78459656679387 -0.059960901582097645 0.0)
(9.936969023379497 -0.06134552151392142 0.0)
(10.000000000000007 -0.061807982585451345 0.0)
(9.974142087731613 -0.061345521513923 0.0)
(9.859847877650589 -0.0599609015821009 0.0)
(9.657516745748966 -0.05766164069692005 0.0)
(9.367669715469853 -0.054464272764368125 0.0)
(8.990653274555953 -0.050396751696001836 0.0)
(8.527301863382199 -0.04550208028663308 0.0)
(7.978970164420672 -0.039882183568632046 0.0)
(7.346995209700273 -0.03357814550080165 0.0)
(6.625329606406879 -0.02594760710497675 0.0)
(5.795882046450743 -0.016840901520384283 0.0)
(4.8578090745836855 -0.008283219375425642 0.0)
(3.8174017478407998 -0.002589957395076744 0.0)
(2.6609675998851583 -0.000230266733545191 0.0)
(1.3867254356111371 0.00011625720707248266 0.0)
(0.027914967906301512 1.6352574427969863e-05 0.0)
(-0.027885842731284503 1.639725572460443e-05 0.0)
(1.1911576651431905 0.00011699693062783257 0.0)
(2.31699470113033 -0.00022662073184312115 0.0)
(3.3827080284666753 -0.002579703216774029 0.0)
(4.386221496019699 -0.008262597016757444 0.0)
(5.314048961576141 -0.01680806683773641 0.0)
(6.1738603286813 -0.025906001672800064 0.0)
(6.9644868693621484 -0.0335360361441592 0.0)
(7.665784542148414 -0.03984375600295735 0.0)
(8.272730451279758 -0.04546665736770641 0.0)
(8.787161244778472 -0.05036406330892523 0.0)
(9.210129501595334 -0.0544341522073876 0.0)
(9.542496851610684 -0.05763367088109091 0.0)
(9.784603952095688 -0.05993454551717638 0.0)
(9.93697254929078 -0.06132016341146457 0.0)
(10.000000000000007 -0.06178296074269966 0.0)
(9.97413856182033 -0.061320163411466136 0.0)
(9.85984049234877 -0.059934545517179603 0.0)
(9.657503148389322 -0.05763367088109435 0.0)
(9.367648276182434 -0.05443415220739325 0.0)
(8.990616532999313 -0.050364063308931346 0.0)
(8.527269548720238 -0.04546665736771445 0.0)
(7.978659902296028 -0.03984375600296666 0.0)
(7.346624241748961 -0.03353603614416716 0.0)
(6.626139671318701 -0.025906001672807228 0.0)
(5.79706214953496 -0.01680806683774362 0.0)
(4.858222948424731 -0.008262597016761719 0.0)
(3.817291971533305 -0.002579703216775694 0.0)
(2.6607830766474465 -0.0002266207318437095 0.0)
(1.3866201126345994 0.00011699693062758379 0.0)
(0.027885842731280967 1.639725572458089e-05 0.0)
(-0.02785654135733712 1.6452228051915203e-05 0.0)
(1.1912648939963946 0.00011786260492931876 0.0)
(2.3171967227252246 -0.00022258616175403032 0.0)
(3.3828882205146686 -0.002568896243729788 0.0)
(4.385941320884743 -0.008241545434930655 0.0)
(5.312912764962057 -0.016774728068046356 0.0)
(6.172853427054456 -0.02586288155123101 0.0)
(6.964677463601053 -0.0334911019040092 0.0)
(7.6660806022489005 -0.03980208278237654 0.0)
(8.272756140562207 -0.045428053349309265 0.0)
(8.787188098257161 -0.05032828489350623 0.0)
(9.210145735152103 -0.05440106307305439 0.0)
(9.54250717195443 -0.05760285382031121 0.0)
(9.784609493624812 -0.059905443054051405 0.0)
(9.936975245045064 -0.06129212375907579 0.0)
(10.000000000000007 -0.06175528028810832 0.0)
(9.974135866066048 -0.06129212375907735 0.0)
(9.859834950819646 -0.059905443054054604 0.0)
(9.657492828045577 -0.0576028538203146 0.0)
(9.367632042625667 -0.05440106307305998 0.0)
(8.990589679520625 -0.05032828489351227 0.0)
(8.527243859437787 -0.045428053349317224 0.0)
(7.978363842195541 -0.03980208278238574 0.0)
(7.3464336475100565 -0.03349110190401706 0.0)
(6.627146572945549 -0.025862881551238063 0.0)
(5.798198346149046 -0.016774728068053482 0.0)
(4.8585031235596885 -0.008241545434934877 0.0)
(3.8171117794853107 -0.0025688962437314254 0.0)
(2.6605810550525515 -0.00022258616175460766 0.0)
(1.3865128837813951 0.0001178626049290725 0.0)
(0.027856541357333522 1.6452228051891825e-05 0.0)
(-0.027828351233228733 1.651507602643286e-05 0.0)
(1.1913693172866253 0.0001188161938320914 0.0)
(2.317407366218011 -0.00021834029490599665 0.0)
(3.383130910994224 -0.002558011314567093 0.0)
(4.385807154838737 -0.008220989597933633 0.0)
(5.311870397218715 -0.016742350055855455 0.0)
(6.171693930127994 -0.02582014135951801 0.0)
(6.964679309765375 -0.03344531710865089 0.0)
(7.666349451986041 -0.039758994951953494 0.0)
(8.272774075725069 -0.04538796442137783 0.0)
(8.787203883765171 -0.05029098848785739 0.0)
(9.210156049705434 -0.05436645923739052 0.0)
(9.542513761825253 -0.0575705435598499 0.0)
(9.784612947896589 -0.05987487290171101 0.0)
(9.936976992195834 -0.061262634567783955 0.0)
(10.000000000000007 -0.06172615745021209 0.0)
(9.974134118915277 -0.06126263456778551 0.0)
(9.85983149654787 -0.059874872901714164 0.0)
(9.657486238174751 -0.05757054355985326 0.0)
(9.367621728072336 -0.05436645923739606 0.0)
(8.990573894012615 -0.05029098848786335 0.0)
(8.527225924274925 -0.04538796442138571 0.0)
(7.9780949924583995 -0.03975899495196261 0.0)
(7.346431801345735 -0.03344531710865863 0.0)
(6.628306069872014 -0.025820141359524967 0.0)
(5.799240713892391 -0.016742350055862505 0.0)
(4.858637289605693 -0.008220989597937807 0.0)
(3.8168690890057544 -0.0025580113145687046 0.0)
(2.660370411559765 -0.00021834029490656325 0.0)
(1.3864084604911642 0.00011881619383184772 0.0)
(0.027828351233225065 1.6515076026409672e-05 0.0)
(-0.02780251098144027 1.6583038223134236e-05 0.0)
(1.1914663468455469 0.00011981579838430434 0.0)
(2.317617376318977 -0.00021406968692072888 0.0)
(3.38342543652966 -0.0025475266931599375 0.0)
(4.3858248928922965 -0.008201832691638185 0.0)
(5.3109676580777965 -0.016712355431785467 0.0)
(6.170432784075625 -0.025779659023493974 0.0)
(6.964492326738032 -0.033400693458231386 0.0)
(7.666579278594233 -0.03971638571213007 0.0)
(8.272783468730102 -0.045348152018064795 0.0)
(8.787207907716159 -0.05025381282781105 0.0)
(9.210159992052725 -0.05433186112962914 0.0)
(9.542516331676287 -0.05753815975344171 0.0)
(9.784614163136638 -0.05984417825672249 0.0)
(9.936977713976484 -0.0612329915387055 0.0)
(10.000000000000007 -0.06169687183322942 0.0)
(9.974133397134626 -0.061232991538707024 0.0)
(9.85983028130782 -0.05984417825672563 0.0)
(9.657483668323717 -0.057538159753445034 0.0)
(9.367617785725045 -0.054331861129634625 0.0)
(8.990569870061627 -0.05025381282781697 0.0)
(8.527216531269891 -0.04534815201807259 0.0)
(7.977865165850208 -0.03971638571213909 0.0)
(7.346618784373079 -0.033400693458239046 0.0)
(6.629567215924387 -0.025779659023500847 0.0)
(5.800143453033311 -0.016712355431792454 0.0)
(4.858619551552133 -0.008201832691642317 0.0)
(3.816574563470318 -0.0025475266931615256 0.0)
(2.6601604014587976 -0.00021406968692128545 0.0)
(1.3863114309322424 0.00011981579838406312 0.0)
(0.027802510981436546 1.6583038223111224e-05 0.0)
(-0.02778015597536192 1.665312850742958e-05 0.0)
(1.1915517193718508 0.00012081749779065809 0.0)
(2.31781752556849 -0.00020996198050024314 0.0)
(3.3837588562077676 -0.0025379030545918794 0.0)
(4.385993755667797 -0.008184916435460364 0.0)
(5.310244212245641 -0.016686062104744416 0.0)
(6.169125401347689 -0.025743213262943453 0.0)
(6.96412473021117 -0.03335919163431348 0.0)
(7.666759983912766 -0.0396761272349527 0.0)
(8.272783906865847 -0.045310365423536995 0.0)
(8.78719999330508 -0.05021839134385875 0.0)
(9.21015738897445 -0.05429878892732983 0.0)
(9.542514768592978 -0.05750712528629572 0.0)
(9.784613085949534 -0.05981470778563237 0.0)
(9.936977378673292 -0.06120449713230772 0.0)
(10.000000000000007 -0.06166871019359401 0.0)
(9.974133732437817 -0.06120449713230923 0.0)
(9.859831358494926 -0.0598147077856355 0.0)
(9.657485231407026 -0.05750712528629902 0.0)
(9.36762038880332 -0.05429878892733527 0.0)
(8.990577784472706 -0.0502183913438646 0.0)
(8.527216093134147 -0.04531036542354472 0.0)
(7.977684460531673 -0.03967612723496164 0.0)
(7.346986380899944 -0.03335919163432106 0.0)
(6.630874598652326 -0.02574321326295025 0.0)
(5.8008668988654675 -0.016686062104751355 0.0)
(4.858450688776632 -0.008184916435464465 0.0)
(3.816241143792209 -0.0025379030545934467 0.0)
(2.6599602522092844 -0.00020996198050079087 0.0)
(1.3862260584059383 0.0001208174977904192 0.0)
(0.027780155975358156 1.6653128507406744e-05 0.0)
(-0.027762268453063437 1.672226724045351e-05 0.0)
(1.191621683752916 0.0001217772792117948 0.0)
(2.317999019774688 -0.00020619766074981912 0.0)
(3.384116520177866 -0.0025295632439356485 0.0)
(4.386306323643809 -0.008170984098749211 0.0)
(5.309731846608606 -0.016664625355420203 0.0)
(6.16782922594946 -0.025712405437909397 0.0)
(6.963592671703679 -0.03332263515111467 0.0)
(7.666883628080539 -0.03963998840425774 0.0)
(8.272775370881421 -0.04527626491162936 0.0)
(8.78718048827668 -0.05018628039120353 0.0)
(9.210148354845103 -0.05426869576255775 0.0)
(9.542509141254348 -0.05747880375612236 0.0)
(9.784609763664905 -0.059787756367025685 0.0)
(9.936976001018868 -0.061178403340678686 0.0)
(10.000000000000007 -0.06164290990223117 0.0)
(9.974135110092242 -0.0611784033406802 0.0)
(9.859834680779553 -0.05978775636702879 0.0)
(9.657490858745659 -0.05747880375612563 0.0)
(9.367629422932666 -0.054268695762563164 0.0)
(8.990597289501105 -0.050186280391209336 0.0)
(8.527224629118573 -0.04527626491163704 0.0)
(7.977560816363901 -0.039639988404266635 0.0)
(7.347518439407437 -0.03332263515112218 0.0)
(6.632170774050557 -0.025712405437916152 0.0)
(5.801379264502502 -0.016664625355427107 0.0)
(4.858138120800619 -0.008170984098753288 0.0)
(3.81588347982211 -0.002529563243937202 0.0)
(2.6597787580030863 -0.00020619766075035954 0.0)
(1.386156094024873 0.00012177727921155796 0.0)
(0.027762268453059652 1.6722267240430838e-05 0.0)
(-0.02774963435955032 1.6787416592762698e-05 0.0)
(1.1916731658818347 0.0001226529716079402 0.0)
(2.318153884414185 -0.0002029421249926621 0.0)
(3.3844827133394357 -0.002522873697214228 0.0)
(4.386748863155293 -0.008160647842891318 0.0)
(5.309453073575436 -0.016648987075360708 0.0)
(6.166601209456653 -0.025688589187862487 0.0)
(6.962919528893005 -0.033292630233628516 0.0)
(7.666944778399017 -0.03960955709415183 0.0)
(8.272758235832363 -0.04524734879644999 0.0)
(8.78715024964622 -0.05015889086635976 0.0)
(9.210133286607803 -0.05424290387391909 0.0)
(9.542499696915359 -0.05745443955914468 0.0)
(9.784604342257865 -0.05976450819692976 0.0)
(9.936973641544826 -0.06115585667728535 0.0)
(10.000000000000007 -0.061620604576743086 0.0)
(9.974137469566285 -0.061155856677286846 0.0)
(9.859840102186594 -0.059764508196932846 0.0)
(9.657500303084646 -0.05745443955914793 0.0)
(9.367644491169967 -0.05424290387392446 0.0)
(8.990627528131565 -0.05015889086636554 0.0)
(8.52724176416763 -0.04524734879645763 0.0)
(7.977499666045423 -0.03960955709416067 0.0)
(7.348191582218112 -0.03329263023363598 0.0)
(6.633398790543367 -0.025688589187869214 0.0)
(5.801658037535672 -0.016648987075367605 0.0)
(4.857695581289132 -0.008160647842895384 0.0)
(3.815517286660539 -0.0025228736972157727 0.0)
(2.6596238933635887 -0.00020294212499319704 0.0)
(1.3861046118959544 0.00012265297160770505 0.0)
(0.027749634359546527 1.6787416592740167e-05 0.0)
(-0.02774280881377811 1.684571402100404e-05 0.0)
(1.1917039037280461 0.00012340609865724161 0.0)
(2.3182753150180395 -0.0002003384155141072 0.0)
(3.38484134583489 -0.002518128340872378 0.0)
(4.3873019298257185 -0.008154361824059436 0.0)
(5.309420141923208 -0.016639834381982327 0.0)
(6.165495308667368 -0.02567281095525918 0.0)
(6.96213487844277 -0.033270495243036914 0.0)
(7.6669407480350795 -0.039586170400728496 0.0)
(8.272733254601382 -0.04522488759919933 0.0)
(8.787110606043806 -0.050137426214941355 0.0)
(9.21011284633333 -0.05422254650981569 0.0)
(9.54248685054299 -0.057435103213604836 0.0)
(9.784597059935116 -0.05974598475740728 0.0)
(9.936970403922139 -0.06113784780126924 0.0)
(10.000000000000007 -0.06160277427232525 0.0)
(9.974140707188972 -0.06113784780127075 0.0)
(9.859847384509342 -0.059745984757410366 0.0)
(9.657513149457015 -0.05743510321360808 0.0)
(9.367664931444441 -0.054222546509821064 0.0)
(8.99066717173398 -0.05013742621494712 0.0)
(8.527266745398611 -0.04522488759920695 0.0)
(7.977503696409361 -0.03958617040073731 0.0)
(7.348976232668349 -0.033270495243044367 0.0)
(6.634504691332655 -0.025672810955265902 0.0)
(5.801690969187899 -0.016639834381989224 0.0)
(4.857142514618705 -0.008154361824063506 0.0)
(3.815158654165084 -0.0025181283408739186 0.0)
(2.6595024627597343 -0.00020033841551463877 0.0)
(1.386073874049743 0.0001234060986570077 0.0)
(0.027742808813774333 1.684571402098163e-05 0.0)
(-0.027742091717741068 1.6894598042832752e-05 0.0)
(1.1917125467268208 0.00012400356933495974 0.0)
(2.318357976147668 -0.0001985009345452902 0.0)
(3.3851766600084776 -0.0025155356771863744 0.0)
(4.3879412229173935 -0.008152402238421093 0.0)
(5.3096344986084745 -0.016637569427887716 0.0)
(6.164560114839097 -0.025665764006774616 0.0)
(6.961273196458279 -0.03325720275033165 0.0)
(7.666871714075543 -0.03957085589251201 0.0)
(8.272701524818066 -0.045209868223792964 0.0)
(8.7870632993368 -0.050122829554463164 0.0)
(9.210087932129946 -0.054208518135583535 0.0)
(9.54247116658334 -0.05742164432315101 0.0)
(9.7845882366686 -0.05973299993450319 0.0)
(9.936966430406024 -0.06112516798969622 0.0)
(10.000000000000007 -0.06159020241993419 0.0)
(9.974144680705086 -0.061125167989697735 0.0)
(9.859856207775858 -0.05973299993450628 0.0)
(9.657528833416665 -0.05742164432315425 0.0)
(9.367689845647822 -0.05420851813558889 0.0)
(8.990714478440985 -0.050122829554468916 0.0)
(8.52729847518193 -0.04520986822380059 0.0)
(7.977572730368897 -0.03957085589252084 0.0)
(7.349837914652842 -0.0332572027503391 0.0)
(6.635439885160927 -0.025665764006781357 0.0)
(5.801476612502631 -0.01663756942789464 0.0)
(4.856503221527028 -0.00815240223842518 0.0)
(3.814823339991496 -0.0025155356771879183 0.0)
(2.659419801630106 -0.00019850093454582064 0.0)
(1.3860652310509682 0.00012400356933472655 0.0)
(0.02774209171773731 1.6894598042810424e-05 0.0)
(-0.027747514579327153 1.693192078376047e-05 0.0)
(1.1916987151206047 0.00012441913187255735 0.0)
(2.3183982358242585 -0.0001975104176384045 0.0)
(3.385473922768851 -0.002515209623055436 0.0)
(4.388638653061424 -0.00815485518658428 0.0)
(5.310086725190639 -0.01664229173101619 0.0)
(6.163836718677768 -0.025667757972433168 0.0)
(6.960372343669529 -0.033253336803324256 0.0)
(7.666740709746296 -0.03956428646097632 0.0)
(8.272664440631043 -0.04520295059410911 0.0)
(8.787010408095362 -0.05011574223548275 0.0)
(9.210059638682175 -0.05420143513232218 0.0)
(9.542453334160905 -0.057414654246807396 0.0)
(9.784578260136506 -0.05972612425758085 0.0)
(9.93696189558551 -0.061118374370289746 0.0)
(10.000000000000007 -0.06158344140376438 0.0)
(9.9741492155256 -0.06111837437029126 0.0)
(9.859866184307954 -0.05972612425758394 0.0)
(9.6575466658391 -0.05741465424681064 0.0)
(9.367718139095595 -0.05420143513232755 0.0)
(8.990767369682423 -0.05011574223548853 0.0)
(8.52733555936895 -0.045202950594116734 0.0)
(7.977703734698144 -0.03956428646098516 0.0)
(7.3507387674415945 -0.033253336803331736 0.0)
(6.636163281322257 -0.025667757972439944 0.0)
(5.801024385920464 -0.01664229173102315 0.0)
(4.855805791382996 -0.008154855186588391 0.0)
(3.814526077231122 -0.0025152096230569893 0.0)
(2.659379541953515 -0.00019751041763893618 0.0)
(1.3860790626571844 0.00012441913187232438 0.0)
(0.027747514579323437 1.693192078373819e-05 0.0)
(-0.02775883912791913 1.6956042350830852e-05 0.0)
(1.1916630166448707 0.0001246345272123826 0.0)
(2.318394325111276 -0.00019741038629423927 0.0)
(3.3857200729341463 -0.0025171645047015775 0.0)
(4.389363576453192 -0.008161612890494245 0.0)
(5.3107569516610065 -0.016653793802007474 0.0)
(6.163356904887291 -0.025678705241031656 0.0)
(6.9594719018999935 -0.03325906726465367 0.0)
(7.666553491137901 -0.03956675075492466 0.0)
(8.272623631451651 -0.04520443865814059 0.0)
(8.786954256263881 -0.05011647566183025 0.0)
(9.210029209152346 -0.05420160871423695 0.0)
(9.542434136799702 -0.057414440115740546 0.0)
(9.7845675686894 -0.059725659831305525 0.0)
(9.936956998712315 -0.06111776544225796 0.0)
(10.000000000000007 -0.061582788290497424 0.0)
(9.974154112398795 -0.06111776544225947 0.0)
(9.85987687575506 -0.05972565983130861 0.0)
(9.657565863200302 -0.0574144401157438 0.0)
(9.367748568625425 -0.05420160871424235 0.0)
(8.990823521513905 -0.05011647566183606 0.0)
(8.527376368548344 -0.04520443865814826 0.0)
(7.97789095330654 -0.039566750754933544 0.0)
(7.3516392092111325 -0.033259067264661206 0.0)
(6.636643095112733 -0.025678705241038498 0.0)
(5.8003541594500945 -0.016653793802014497 0.0)
(4.855080867991226 -0.00816161289049839 0.0)
(3.8142799270658263 -0.002517164504703145 0.0)
(2.659383452666498 -0.00019741038629477438 0.0)
(1.3861147611329185 0.0001246345272121493 0.0)
(0.02775883912791547 1.6956042350808578e-05 0.0)
(-0.02777556778356954 1.696590288651598e-05 0.0)
(1.1916070198253341 0.00012464029127725817 0.0)
(2.3183464158382936 -0.00019820523570705488 0.0)
(3.3859042951164193 -0.0025213144282016224 0.0)
(4.390084141285075 -0.008172378429004057 0.0)
(5.311615729494613 -0.016671570260904676 0.0)
(6.1631417556078265 -0.02569812480961533 0.0)
(6.958611434913713 -0.033274142348332696 0.0)
(7.666318284293504 -0.03957814049778924 0.0)
(8.27258089036057 -0.04521426703307622 0.0)
(8.786897311051105 -0.05012499760809372 0.0)
(9.209997980558331 -0.054209031254456065 0.0)
(9.542414417996662 -0.0574210113384778 0.0)
(9.784556632089911 -0.0597316270617181 0.0)
(9.936951954946089 -0.06112336796078456 0.0)
(10.000000000000007 -0.06158827177673542 0.0)
(9.97415915616502 -0.061123367960786074 0.0)
(9.859887812354549 -0.059731627061721214 0.0)
(9.657585582003342 -0.057421011338481084 0.0)
(9.36777979721944 -0.05420903125446149 0.0)
(8.990880466726681 -0.050124997608099554 0.0)
(8.527419109639423 -0.04521426703308394 0.0)
(7.978126160150939 -0.039578140497798175 0.0)
(7.352499676197414 -0.0332741423483403 0.0)
(6.636858244392197 -0.02569812480962225 0.0)
(5.7994953816164845 -0.016671570260911768 0.0)
(4.854360303159341 -0.008172378429008245 0.0)
(3.814095704883553 -0.0025213144282032088 0.0)
(2.6594313619394807 -0.00019820523570759558 0.0)
(1.3861707579524554 0.00012464029127702404 0.0)
(0.027775567783565942 1.6965902886493673e-05 0.0)
(-0.027796965519753313 1.69610691369172e-05 0.0)
(1.191533185059802 0.0001244361708047185 0.0)
(2.318256613051119 -0.00019986004164778816 0.0)
(3.3860184949300063 -0.0025274770535090485 0.0)
(4.390768687256595 -0.008186678784046586 0.0)
(5.312625325564541 -0.016694840042624955 0.0)
(6.16320072410511 -0.025725163417867715 0.0)
(6.957828750055887 -0.03329789968276354 0.0)
(7.666045423771547 -0.03959795524510554 0.0)
(8.272538095323155 -0.04523200387810183 0.0)
(8.786842074525502 -0.050140933635544796 0.0)
(9.209967325027423 -0.05422337662014146 0.0)
(9.542395044159916 -0.05743407918751379 0.0)
(9.784545930872211 -0.05974376375963099 0.0)
(9.936946985900692 -0.061134935761455025 0.0)
(10.000000000000007 -0.061599650928124826 0.0)
(9.974164125210418 -0.06113493576145655 0.0)
(9.859898513572247 -0.05974376375963412 0.0)
(9.657604955840089 -0.0574340791875171 0.0)
(9.367810452750348 -0.05422337662014693 0.0)
(8.990935703252283 -0.05014093363555069 0.0)
(8.52746190467684 -0.045232003878109606 0.0)
(7.978399020672896 -0.039597955245114544 0.0)
(7.353282361055243 -0.03329789968277124 0.0)
(6.636799275894912 -0.025725163417874734 0.0)
(5.7984857855465535 -0.016694840042632123 0.0)
(4.853675757187819 -0.008186678784050829 0.0)
(3.8139815050699664 -0.002527477053510659 0.0)
(2.6595211647266557 -0.00019986004164833623 0.0)
(1.3862445927179876 0.00012443617080448306 0.0)
(0.02779696551974979 1.6961069136894823e-05 0.0)
(-0.027822092159088586 1.6941753488148776e-05 0.0)
(1.1914447565127952 0.00012403113447489918 0.0)
(2.3181288625199308 -0.00020230209497078519 0.0)
(3.3860576546440204 -0.0025353816061420534 0.0)
(4.391387136670105 -0.008203885624183027 0.0)
(5.31374138006648 -0.01672258071553038 0.0)
(6.163531219411251 -0.02575863303880794 0.0)
(6.957158237067285 -0.03332929541413413 0.0)
(7.665746898564183 -0.03962532437312652 0.0)
(8.272497126675052 -0.04525686986869563 0.0)
(8.78679097367896 -0.0501635835442914 0.0)
(9.209938589507562 -0.054244014502169015 0.0)
(9.542376866540407 -0.057453069485468834 0.0)
(9.78453593522823 -0.05976153666074137 0.0)
(9.936942309906888 -0.06115196057627058 0.0)
(10.000000000000007 -0.06161642576557116 0.0)
(9.974168801204224 -0.06115196057627212 0.0)
(9.859908509216229 -0.05976153666074451 0.0)
(9.657623133459598 -0.057453069485472186 0.0)
(9.367839188270208 -0.054244014502174524 0.0)
(8.990986804098826 -0.05016358354429736 0.0)
(8.527502873324941 -0.045256869868703475 0.0)
(7.978697545880261 -0.03962532437313561 0.0)
(7.353952874043845 -0.03332929541414193 0.0)
(6.63646878058877 -0.025758633038815062 0.0)
(5.79736973104461 -0.016722580715537637 0.0)
(4.853057307774308 -0.008203885624187323 0.0)
(3.8139423453559522 -0.0025353816061436892 0.0)
(2.6596489152578444 -0.00020230209497134217 0.0)
(1.386333021264995 0.00012403113447466196 0.0)
(0.02782209215908514 1.6941753488126306e-05 0.0)
(-0.02784984368301086 1.6908804634480625e-05 0.0)
(1.1913456195728933 0.00012344297884313938 0.0)
(2.3179687773693565 -0.00020542409632064377 0.0)
(3.3860200536522687 -0.002544680774518911 0.0)
(4.3919123159897975 -0.00822324291233681 0.0)
(5.31491485560738 -0.01675357340520362 0.0)
(6.16411872016712 -0.02579706307852283 0.0)
(6.956629357061958 -0.033366950071444905 0.0)
(7.665435825322885 -0.03965904533243736 0.0)
(8.272459784503715 -0.04528777243872197 0.0)
(8.786746253789184 -0.05019195213878007 0.0)
(9.209913036584926 -0.05427003810975837 0.0)
(9.54236068382948 -0.05747714783339256 0.0)
(9.784527084348277 -0.05978416485628904 0.0)
(9.93693813241929 -0.06117369436601425 0.0)
(10.000000000000007 -0.061637859233405735 0.0)
(9.97417297869182 -0.0611736943660158 0.0)
(9.859917360096182 -0.05978416485629221 0.0)
(9.657639316170526 -0.05747714783339594 0.0)
(9.367864741192845 -0.05427003810976395 0.0)
(8.991031523988601 -0.0501919521387861 0.0)
(8.527540215496279 -0.045287772438729904 0.0)
(7.97900861912156 -0.039659045332446546 0.0)
(7.354481754049172 -0.033366950071452815 0.0)
(6.6358812798328985 -0.02579706307853007 0.0)
(5.796196255503708 -0.016753573405210963 0.0)
(4.852532128454615 -0.008223242912341161 0.0)
(3.813979946347704 -0.0025446807745205763 0.0)
(2.659809000408419 -0.0002054240963212108 0.0)
(1.386432158204897 0.00012344297884290007 0.0)
(0.027849843683007497 1.690880463445802e-05 0.0)
(-0.027879000740328962 1.6863670288264686e-05 0.0)
(1.19124013013587 0.00012269754639189834 0.0)
(2.317783391448045 -0.0002090888706695911 0.0)
(3.38590734407354 -0.002554965970193492 0.0)
(4.392321149797153 -0.008243900124679614 0.0)
(5.316094191818786 -0.016786456349559956 0.0)
(6.164937412664307 -0.025838764991373088 0.0)
(6.956265348059782 -0.0334092091779409 0.0)
(7.665125872036785 -0.03969763648577669 0.0)
(8.272427709555833 -0.04532335378578856 0.0)
(8.786709879766324 -0.05022479295486784 0.0)
(9.209891789008184 -0.05430030401320091 0.0)
(9.54234720706585 -0.05750525627272728 0.0)
(9.784519767123825 -0.05981065410475876 0.0)
(9.93693463698906 -0.061199182187725534 0.0)
(10.000000000000007 -0.0616630095842633 0.0)
(9.97417647412205 -0.0611991821877271 0.0)
(9.859924677320633 -0.05981065410476196 0.0)
(9.657652792934154 -0.057505256272730704 0.0)
(9.367885988769586 -0.054300304013206534 0.0)
(8.991067898011464 -0.05022479295487393 0.0)
(8.527572290444162 -0.04532335378579658 0.0)
(7.97931857240766 -0.03969763648578599 0.0)
(7.354845763051348 -0.03340920917794891 0.0)
(6.635062587335708 -0.02583876499138044 0.0)
(5.795016919292299 -0.016786456349567387 0.0)
(4.852123294647259 -0.008243900124684024 0.0)
(3.8140926559264337 -0.002554965970195186 0.0)
(2.6599943863297315 -0.00020908887067016892 0.0)
(1.3865376476419207 0.00012269754639165667 0.0)
(0.027879000740325677 1.686367028824193e-05 0.0)
(-0.02790828222328567 1.680833357010275e-05 0.0)
(1.1911329232146004 0.00012182759005935345 0.0)
(2.3175808502742243 -0.00021313539453724972 0.0)
(3.385724478160527 -0.002565785280484088 0.0)
(4.3925956746826165 -0.008264949621092399 0.0)
(5.317227570825104 -0.016819784732182014 0.0)
(6.165951325052243 -0.025881906471599568 0.0)
(6.956082203950377 -0.0334542159457935 0.0)
(7.66483065748623 -0.039739402208467306 0.0)
(8.272402311145937 -0.04536205053059952 0.0)
(8.786683449818394 -0.0502606630271764 0.0)
(9.209875780356988 -0.05433348238406927 0.0)
(9.542337028393854 -0.05753615977007157 0.0)
(9.78451430506033 -0.05983984051703348 0.0)
(9.93693197719901 -0.0612273041531471 0.0)
(10.000000000000007 -0.06169077175773848 0.0)
(9.9741791339121 -0.061227304153148684 0.0)
(9.859930139384128 -0.05983984051703672 0.0)
(9.65766297160615 -0.057536159770075035 0.0)
(9.367901997420782 -0.05433348238407495 0.0)
(8.991094327959392 -0.05026066302718255 0.0)
(8.527597688854057 -0.04536205053060763 0.0)
(7.979613786958216 -0.03973940220847669 0.0)
(7.355028907160754 -0.033454215945801634 0.0)
(6.63404867494777 -0.025881906471607024 0.0)
(5.793883540285979 -0.016819784732189536 0.0)
(4.851848769761796 -0.00826494962109686 0.0)
(3.8142755218394475 -0.0025657852804858096 0.0)
(2.660196927503552 -0.00021313539453783855 0.0)
(1.3866448545631904 0.00012182759005910928 0.0)
(0.027908282223282455 1.6808333570079818e-05 0.0)
(-0.027936401557088816 1.6745225874155175e-05 0.0)
(1.1910287092850758 0.00012087133413521664 0.0)
(2.317370053136534 -0.00021738587106778087 0.0)
(3.3854794907069037 -0.0025766633246898985 0.0)
(4.392723828524949 -0.008285466525211749 0.0)
(5.318265194026255 -0.016852094164909938 0.0)
(6.167115907875499 -0.02592459196148622 0.0)
(6.956087971750856 -0.03349999285996084 0.0)
(7.664563152858491 -0.039782507391062386 0.0)
(8.272384705233694 -0.045402162408981546 0.0)
(8.786668125228958 -0.05029798629035093 0.0)
(9.209865714022184 -0.0543681154254456 0.0)
(9.542330595045721 -0.057568500482288475 0.0)
(9.78451093815087 -0.05987044169555289 0.0)
(9.936930269915447 -0.06125682463456601 0.0)
(10.000000000000007 -0.061719925934718194 0.0)
(9.974180841195665 -0.06125682463456761 0.0)
(9.859933506293588 -0.059870441695556144 0.0)
(9.657669404954284 -0.05756850048229198 0.0)
(9.367912063755586 -0.05436811542545134 0.0)
(8.991109652548827 -0.05029798629035715 0.0)
(8.527615294766301 -0.04540216240898974 0.0)
(7.979881291585955 -0.03978250739107188 0.0)
(7.355023139360274 -0.03349999285996907 0.0)
(6.632884092124509 -0.025924591961493774 0.0)
(5.792845917084826 -0.01685209416491753 0.0)
(4.851720615919463 -0.00828546652521626 0.0)
(3.8145205092930716 -0.002576663324691647 0.0)
(2.660407724641243 -0.00021738587106838044 0.0)
(1.3867490684927153 0.00012087133413496988 0.0)
(0.02793640155708567 1.6745225874132068e-05 0.0)
(-0.027962123229653964 1.6677120037129643e-05 0.0)
(1.1909320673167054 0.00011987079475537366 0.0)
(2.3171602620755616 -0.0002216535420984601 0.0)
(3.3851831460131905 -0.0025871221414493412 0.0)
(4.3926999804787705 -0.00830454936180528 0.0)
(5.319161470157057 -0.016881965030378095 0.0)
(6.168379991495368 -0.025964945938698324 0.0)
(6.956282398034619 -0.03354452856658089 0.0)
(7.664335111817527 -0.039825058070697444 0.0)
(8.272375665390678 -0.045441926978381154 0.0)
(8.78666457933244 -0.050335122828488524 0.0)
(9.20986203230011 -0.05440268142485118 0.0)
(9.542328189690995 -0.05760085741764883 0.0)
(9.784509814331285 -0.0599011130805161 0.0)
(9.936929590153285 -0.06128644655603491 0.0)
(10.000000000000007 -0.061749191134002034 0.0)
(9.974181520957824 -0.0612864465560365 0.0)
(9.859934630113173 -0.05990111308051938 0.0)
(9.65767181030901 -0.057600857417652376 0.0)
(9.36791574547766 -0.05440268142485697 0.0)
(8.991113198445348 -0.05033512282849482 0.0)
(8.527624334609316 -0.04544192697838942 0.0)
(7.98010933262692 -0.03982505807070702 0.0)
(7.354828713076509 -0.03354452856658922 0.0)
(6.631620008504636 -0.02596494593870596 0.0)
(5.791949640954022 -0.016881965030385748 0.0)
(4.851744463965642 -0.008304549361809832 0.0)
(3.8148168539867857 -0.0025871221414511124 0.0)
(2.6606175157022163 -0.00022165354209906959 0.0)
(1.3868457104610858 0.00011987079475512441 0.0)
(0.027962123229650866 1.6677120037106346e-05 0.0)
)
