(
(-0.014182600266665818 -6.864554051052585e-05 0.0)
(1.2548970080369615 -0.0010455561823627835 0.0)
(2.4665448991150742 -0.004742900126174536 0.0)
(3.621930581093241 -0.012587959374202958 0.0)
(4.683490356800715 -0.024700965352076686 0.0)
(5.619336276221164 -0.04045232478731136 0.0)
(6.440281676764831 -0.05848640802002746 0.0)
(7.18068189820031 -0.07632472782167939 0.0)
(7.841794402158142 -0.09225539471130016 0.0)
(8.415718189171619 -0.10624308912362412 0.0)
(8.90159065287277 -0.11833939444058392 0.0)
(9.298679055607636 -0.12839211843776582 0.0)
(9.607145354325914 -0.13629481803101856 0.0)
(9.826879612847062 -0.141978143189423 0.0)
(9.957858000173825 -0.14540177014541883 0.0)
(10.000000000000004 -0.14654494320185782 0.0)
(9.95325311093731 -0.14540177014541852 0.0)
(9.817564831597386 -0.14197814318942276 0.0)
(9.592854645674105 -0.1362948180310168 0.0)
(9.27909872217015 -0.1283921184377653 0.0)
(8.876187124905018 -0.11833939444058328 0.0)
(8.384281810828405 -0.106243089123624 0.0)
(7.802650042286297 -0.09225539471130087 0.0)
(7.13042921291078 -0.07632472782167944 0.0)
(6.359718323235194 -0.05848640802002648 0.0)
(5.491774834889935 -0.04045232478731071 0.0)
(4.560954087643657 -0.02470096535207653 0.0)
(3.5780694189067095 -0.012587959374203093 0.0)
(2.51123287866268 -0.004742900126174989 0.0)
(1.3228807697408087 -0.0010455561823629045 0.0)
(0.014182600266651604 -6.864554051053717e-05 0.0)
(-0.014178473091355195 -6.857882033302127e-05 0.0)
(1.2549195784815732 -0.0010447193023287794 0.0)
(2.4666697712755923 -0.004740174736994283 0.0)
(3.6223664863625435 -0.012583548805299627 0.0)
(4.6842525163897015 -0.024696208252956875 0.0)
(5.619476670875039 -0.0404458312210468 0.0)
(6.439010208096959 -0.05847290109086379 0.0)
(7.179633941811618 -0.07630327213506051 0.0)
(7.841741469564127 -0.09223179079557124 0.0)
(8.415681663168812 -0.10622019047293091 0.0)
(8.901534930542867 -0.11831733241967735 0.0)
(9.298649940341624 -0.12837105858223002 0.0)
(9.607127036879495 -0.13627471572889016 0.0)
(9.826869278861686 -0.14195881846990946 0.0)
(9.957853368427743 -0.14538294125836437 0.0)
(10.000000000000004 -0.1465262879386404 0.0)
(9.953257742683391 -0.14538294125836407 0.0)
(9.817575165582761 -0.14195881846990915 0.0)
(9.592872963120524 -0.1362747157288884 0.0)
(9.279127837436164 -0.12837105858222944 0.0)
(8.876242847234922 -0.11831733241967668 0.0)
(8.384318336831212 -0.10622019047293078 0.0)
(7.8027029748803125 -0.09223179079557195 0.0)
(7.131477169299476 -0.07630327213506057 0.0)
(6.3609897919030685 -0.05847290109086283 0.0)
(5.491634440236059 -0.04044583122104616 0.0)
(4.560191928054668 -0.02469620825295674 0.0)
(3.577633513637406 -0.012583548805299766 0.0)
(2.511108006502162 -0.004740174736994733 0.0)
(1.322858199296197 -0.0010447193023288995 0.0)
(0.014178473091341005 -6.857882033303245e-05 0.0)
(-0.014182086020610697 -6.852557306290292e-05 0.0)
(1.254913956612105 -0.001044098386439603 0.0)
(2.466742992212357 -0.004738476757491681 0.0)
(3.6227620899985307 -0.012581941612041585 0.0)
(4.685102934336237 -0.024696980183343736 0.0)
(5.61992253765213 -0.04044811230363494 0.0)
(6.437984638330515 -0.05847065243130114 0.0)
(7.178516534601818 -0.07629341718079734 0.0)
(7.841608649121951 -0.09221887984882234 0.0)
(8.415637637654447 -0.10620717889790993 0.0)
(8.901471057047429 -0.11830441887394924 0.0)
(9.298615978739345 -0.12835844789515127 0.0)
(9.60710564183526 -0.1362624737475186 0.0)
(9.826857283495142 -0.14194691068026713 0.0)
(9.957847935507122 -0.14537125470684958 0.0)
(10.000000000000004 -0.14651468231389939 0.0)
(9.953263175604015 -0.14537125470684933 0.0)
(9.817587160949305 -0.14194691068026682 0.0)
(9.592894358164758 -0.1362624737475168 0.0)
(9.279161799038443 -0.12835844789515075 0.0)
(8.87630672073036 -0.1183044188739486 0.0)
(8.384362362345579 -0.1062071788979098 0.0)
(7.80283579532249 -0.09221887984882304 0.0)
(7.132594576509279 -0.0762934171807974 0.0)
(6.362015361669514 -0.05847065243130021 0.0)
(5.491188573458965 -0.04044811230363434 0.0)
(4.559341510108131 -0.024696980183343622 0.0)
(3.577237910001418 -0.01258194161204173 0.0)
(2.511034785565397 -0.0047384767574921325 0.0)
(1.3228638211656654 -0.0010440983864397227 0.0)
(0.014182086020596549 -6.852557306291402e-05 0.0)
(-0.014193280308930498 -6.848813828780666e-05 0.0)
(1.2548803894432163 -0.0010437207166034909 0.0)
(2.4667613447313608 -0.00473788079377971 0.0)
(3.623100009901173 -0.01258320841156031 0.0)
(4.686004244831546 -0.024703247226028277 0.0)
(5.62065428598194 -0.040459067808479944 0.0)
(6.437250029124808 -0.05847976084332685 0.0)
(7.177378773399471 -0.07629559596755102 0.0)
(7.841401776718854 -0.09221722915443369 0.0)
(8.415588047029079 -0.10620462610336359 0.0)
(8.90140183887099 -0.11830122120097425 0.0)
(9.298578663011472 -0.12835484046704937 0.0)
(9.607082109252312 -0.1362586299771692 0.0)
(9.826844153801892 -0.14194294302698837 0.0)
(9.95784194012455 -0.1453672239765682 0.0)
(10.000000000000004 -0.14651063625755392 0.0)
(9.953269170986585 -0.14536722397656796 0.0)
(9.817600290642556 -0.14194294302698807 0.0)
(9.592917890747707 -0.13625862997716745 0.0)
(9.279199114766316 -0.12835484046704884 0.0)
(8.876375938906799 -0.11830122120097364 0.0)
(8.384411952970945 -0.1062046261033635 0.0)
(7.803042667725586 -0.09221722915443442 0.0)
(7.133732337711629 -0.07629559596755113 0.0)
(6.362749970875221 -0.05847976084332599 0.0)
(5.490456825129151 -0.04045906780847942 0.0)
(4.55844019961282 -0.024703247226028204 0.0)
(3.5768999900987755 -0.01258320841156047 0.0)
(2.511016433046394 -0.004737880793780164 0.0)
(1.3228973883345543 -0.0010437207166036106 0.0)
(0.014193280308916412 -6.848813828781776e-05 0.0)
(-0.014211564099765206 -6.84681608232653e-05 0.0)
(1.2548203518548986 -0.0010436028869421144 0.0)
(2.4667240224564932 -0.004738413031413589 0.0)
(3.6233653984881555 -0.012587293543002491 0.0)
(4.686916845941364 -0.02471473401862017 0.0)
(5.621639764181555 -0.0404782163707415 0.0)
(6.43683865786441 -0.05849982611997993 0.0)
(7.176270649350332 -0.07630971276341762 0.0)
(7.8411299419497675 -0.09222691124089684 0.0)
(8.415535070214066 -0.10621264425441404 0.0)
(8.901330317333594 -0.11830787990065292 0.0)
(9.29853963274282 -0.12836039480171535 0.0)
(9.607057473109295 -0.1362633533060792 0.0)
(9.826830466676634 -0.14194708984149954 0.0)
(9.957835645706172 -0.14537102617043474 0.0)
(10.000000000000004 -0.1465143275459179 0.0)
(9.953275465404962 -0.1453710261704345 0.0)
(9.817613977767813 -0.14194708984149929 0.0)
(9.592942526890724 -0.13626335330607744 0.0)
(9.279238145034968 -0.12836039480171488 0.0)
(8.876447460444194 -0.11830787990065236 0.0)
(8.384464929785958 -0.106212644254414 0.0)
(7.803314502494674 -0.09222691124089766 0.0)
(7.13484046176077 -0.07630971276341782 0.0)
(6.363161342135619 -0.05849982611997915 0.0)
(5.489471346929533 -0.04047821637074104 0.0)
(4.557527598502999 -0.024714734018620146 0.0)
(3.5766346015117922 -0.012587293543002675 0.0)
(2.5110537553212615 -0.00473841303141405 0.0)
(1.3229574259228722 -0.001043602886942235 0.0)
(0.014211564099751196 -6.84681608232764e-05 0.0)
(-0.014236134036794787 -6.846651844252302e-05 0.0)
(1.2547364817889468 -0.001043750074675231 0.0)
(2.4666326652602333 -0.004740050084845385 0.0)
(3.6235465950704815 -0.0125940175131661 0.0)
(4.687800639642485 -0.02473093585246741 0.0)
(5.622835672141764 -0.040504716637625095 0.0)
(6.436768599449919 -0.05852996662971258 0.0)
(7.175240851397866 -0.07633514730221273 0.0)
(7.840805088737137 -0.09224750069504552 0.0)
(8.415481034913741 -0.10623088104817291 0.0)
(8.901259634960748 -0.11832410240190314 0.0)
(9.29850060285199 -0.12837486685184551 0.0)
(9.60703281587326 -0.13627643619981727 0.0)
(9.826816823506617 -0.14195916892035745 0.0)
(9.957829328817217 -0.1453824942270066 0.0)
(10.000000000000004 -0.14652559399053347 0.0)
(9.953281782293917 -0.14538249422700636 0.0)
(9.817627620937833 -0.1419591689203572 0.0)
(9.592967184126758 -0.13627643619981558 0.0)
(9.279277174925799 -0.12837486685184504 0.0)
(8.87651814281704 -0.11832410240190261 0.0)
(8.384518965086283 -0.10623088104817295 0.0)
(7.803639355707305 -0.09224750069504639 0.0)
(7.135870259713238 -0.07633514730221301 0.0)
(6.363231400550109 -0.05852996662971193 0.0)
(5.488275438969321 -0.04050471663762475 0.0)
(4.556643804801876 -0.02473093585246745 0.0)
(3.5764534049294667 -0.012594017513166309 0.0)
(2.511145112517522 -0.004740050084845854 0.0)
(1.3230412959888243 -0.001043750074675353 0.0)
(0.014236134036780868 -6.846651844253417e-05 0.0)
(-0.014265910561935595 -6.848328330878496e-05 0.0)
(1.2546324643426232 -0.0010441558126431203 0.0)
(2.4664912872106513 -0.004742720024942212 0.0)
(3.6236356382018124 -0.012603084883103301 0.0)
(4.688616793656535 -0.024751140848631184 0.0)
(5.624189463854647 -0.04053740423588476 0.0)
(6.4370429321198985 -0.058568858053667676 0.0)
(7.17433462698014 -0.0763707820368328 0.0)
(7.840441490536823 -0.09227809285393172 0.0)
(8.415428315340346 -0.10625853519328574 0.0)
(8.901192897406606 -0.11834917591769814 0.0)
(9.298463288240981 -0.12839762074203287 0.0)
(9.607009220938052 -0.13629730381996719 0.0)
(9.826803823747765 -0.1419786495309351 0.0)
(9.95782326701023 -0.14540112426085827 0.0)
(10.000000000000004 -0.14654394056443573 0.0)
(9.953287844100906 -0.14540112426085802 0.0)
(9.817640620696682 -0.14197864953093492 0.0)
(9.592990779061966 -0.13629730381996555 0.0)
(9.279314489536807 -0.1283976207420325 0.0)
(8.876584880371183 -0.1183491759176977 0.0)
(8.38457168465968 -0.10625853519328583 0.0)
(7.80400295390762 -0.09227809285393274 0.0)
(7.136776484130966 -0.07637078203683322 0.0)
(6.362957067880127 -0.05856885805366716 0.0)
(5.486921647256434 -0.04053740423588451 0.0)
(4.555827650787825 -0.024751140848631285 0.0)
(3.5763643617981358 -0.012603084883103544 0.0)
(2.5112864905671044 -0.00474272002494269 0.0)
(1.3231453134351483 -0.0010441558126432439 0.0)
(0.014265910561921773 -6.848328330879625e-05 0.0)
(-0.014299585349147555 -6.851771880449807e-05 0.0)
(1.2545128698522245 -0.0010448022734617492 0.0)
(2.466306100200602 -0.004746305539420731 0.0)
(3.623628615489858 -0.012614097249167339 0.0)
(4.689329447669247 -0.02477446123654404 0.0)
(5.625641656189031 -0.04057484293225324 0.0)
(6.437649602198709 -0.05861479157382649 0.0)
(7.17359179394018 -0.0764150512422306 0.0)
(7.840055123188563 -0.09231734355406081 0.0)
(8.415379227895487 -0.10629439161720805 0.0)
(8.901133036997203 -0.11838199876362465 0.0)
(9.298429328445538 -0.12842765670796974 0.0)
(9.606987725021957 -0.1363250392814757 0.0)
(9.826792038585706 -0.14200467573084255 0.0)
(9.957817726629917 -0.14542609770238496 0.0)
(10.000000000000004 -0.14656856115273145 0.0)
(9.953293384481219 -0.1454260977023847 0.0)
(9.817652405858741 -0.14200467573084236 0.0)
(9.593012274978062 -0.13632503928147413 0.0)
(9.27934844933225 -0.12842765670796943 0.0)
(8.876644740780586 -0.11838199876362429 0.0)
(8.384620772104538 -0.10629439161720826 0.0)
(7.804389321255881 -0.09231734355406193 0.0)
(7.137519317170926 -0.07641505124223115 0.0)
(6.362350397801313 -0.058614791573826104 0.0)
(5.485469454922045 -0.0405748429322531 0.0)
(4.555114996775111 -0.02477446123654421 0.0)
(3.576371384510091 -0.012614097249167617 0.0)
(2.5114716775771546 -0.004746305539421221 0.0)
(1.3232649079255472 -0.0010448022734618754 0.0)
(0.01429958534913383 -6.85177188045095e-05 0.0)
(-0.014335678789886851 -6.856831189697863e-05 0.0)
(1.2543829530808668 -0.0010456610528254142 0.0)
(2.466085241008517 -0.004750649087334269 0.0)
(3.6235258354997333 -0.012626570748139913 0.0)
(4.689907288967069 -0.02479987236102453 0.0)
(5.627128442470457 -0.04061538773890424 0.0)
(6.438561953712958 -0.05866574895534623 0.0)
(7.173044991002787 -0.07646600981050912 0.0)
(7.839662962966801 -0.09236352819147624 0.0)
(8.415335929391688 -0.10633687485427024 0.0)
(8.901082683889419 -0.11842112876388033 0.0)
(9.298400215596942 -0.1284636550242621 0.0)
(9.606969272616203 -0.1363584239389048 0.0)
(9.826781985838897 -0.14203610397646935 0.0)
(9.957812951110455 -0.14545631726425357 0.0)
(10.000000000000004 -0.14659837397181305 0.0)
(9.953298160000681 -0.14545631726425337 0.0)
(9.81766245860555 -0.1420361039764692 0.0)
(9.593030727383816 -0.13635842393890327 0.0)
(9.279377562180846 -0.12846365502426185 0.0)
(8.87669509388837 -0.11842112876388006 0.0)
(8.384664070608338 -0.10633687485427053 0.0)
(7.804781481477644 -0.09236352819147747 0.0)
(7.13806612010832 -0.07646600981050981 0.0)
(6.36143804628706 -0.05866574895534598 0.0)
(5.483982668640617 -0.04061538773890421 0.0)
(4.554537155477289 -0.024799872361024777 0.0)
(3.576474164500216 -0.012626570748140225 0.0)
(2.51169253676924 -0.004750649087334773 0.0)
(1.3233948246969052 -0.0010456610528255434 0.0)
(0.014335678789873227 -6.856831189699025e-05 0.0)
(-0.014372605004398492 -6.863283961830055e-05 0.0)
(1.2542484223338077 -0.0010466944175399685 0.0)
(2.4658384137832456 -0.004755559821133803 0.0)
(3.6233318141961743 -0.012639957317295792 0.0)
(4.6903249282605035 -0.024826257703751325 0.0)
(5.628584496029714 -0.040657257191208156 0.0)
(6.43973989960621 -0.05871949122410681 0.0)
(7.172718243688682 -0.07652141871540429 0.0)
(7.839282240674244 -0.09241461749770234 0.0)
(8.415300322285994 -0.1063841182687566 0.0)
(8.901044050506687 -0.11846484661784026 0.0)
(9.298377228860502 -0.12850403399074906 0.0)
(9.60695467448574 -0.13639599093148247 0.0)
(9.826774107206644 -0.14207155336819907 0.0)
(9.957809150279433 -0.14549045515420078 0.0)
(10.000000000000004 -0.14663206910095114 0.0)
(9.953301960831704 -0.1454904551542006 0.0)
(9.817670337237804 -0.14207155336819893 0.0)
(9.593045325514279 -0.13639599093148094 0.0)
(9.279400548917286 -0.12850403399074892 0.0)
(8.876733727271102 -0.1184648466178401 0.0)
(8.384699677714032 -0.10638411826875703 0.0)
(7.805162203770202 -0.09241461749770369 0.0)
(7.138392867422425 -0.07652141871540512 0.0)
(6.360260100393805 -0.0587194912241067 0.0)
(5.482526615081355 -0.04065725719120824 0.0)
(4.554119516183854 -0.02482625770375164 0.0)
(3.5766681858037757 -0.01263995731729614 0.0)
(2.5119393639945122 -0.004755559821134321 0.0)
(1.3235293554439647 -0.0010466944175401007 0.0)
(0.014372605004384961 -6.863283961831235e-05 0.0)
(-0.014408741522371427 -6.870846673843902e-05 0.0)
(1.254115188645956 -0.0010478569634503416 0.0)
(2.465576463661509 -0.004760821972160113 0.0)
(3.6230550765203073 -0.0126536687752763 0.0)
(4.690564015243047 -0.024852457941035626 0.0)
(5.629945840537186 -0.040698611622028764 0.0)
(6.441131683090907 -0.058773657043137605 0.0)
(7.172625908677079 -0.07657884339100272 0.0)
(7.838929684551915 -0.09246836670208881 0.0)
(8.415273971089487 -0.10643404607146403 0.0)
(8.901018834329172 -0.11851123144298101 0.0)
(9.298361378231364 -0.12854701942951446 0.0)
(9.606944572045716 -0.13643608963428172 0.0)
(9.826768748861634 -0.14210946632461194 0.0)
(9.95780649113841 -0.14552701141579577 0.0)
(10.000000000000004 -0.14666816603781477 0.0)
(9.953304619972725 -0.14552701141579563 0.0)
(9.817675695582814 -0.1421094663246118 0.0)
(9.593055427954303 -0.1364360896342803 0.0)
(9.279416399546424 -0.12854701942951438 0.0)
(8.876758943448618 -0.11851123144298092 0.0)
(8.384726028910537 -0.10643404607146457 0.0)
(7.805514759892532 -0.0924683667020903 0.0)
(7.138485202434027 -0.0765788433910037 0.0)
(6.358868316909104 -0.05877365704313762 0.0)
(5.4811652705738805 -0.040698611622028945 0.0)
(4.55388042920131 -0.024852457941036004 0.0)
(3.5769449234796435 -0.012653668775276681 0.0)
(2.5122013141162496 -0.004760821972160645 0.0)
(1.3236625891318168 -0.001047856963450477 0.0)
(0.014408741522357982 -6.870846673845104e-05 0.0)
(-0.014442500571315822 -6.879187034009107e-05 0.0)
(1.2539891060618116 -0.0010490976104160497 0.0)
(2.4653109002524323 -0.004766204331123939 0.0)
(3.6227077818193325 -0.012667102665702179 0.0)
(4.690614044870083 -0.02487732188238314 0.0)
(5.631152661005723 -0.04073763399333157 0.0)
(6.442676151746926 -0.058825866465443945 0.0)
(7.172772042999466 -0.07663576070211413 0.0)
(7.838620785270847 -0.0925224141629263 0.0)
(8.415258033625536 -0.1064844645260819 0.0)
(8.901008143309578 -0.11855824517494451 0.0)
(9.298353360157174 -0.1285907226390186 0.0)
(9.606939409178862 -0.13647695818366012 0.0)
(9.826766146239741 -0.14214817701976293 0.0)
(9.95780509052518 -0.1455643798337819 0.0)
(10.000000000000004 -0.14670507874903568 0.0)
(9.953306020585954 -0.14556437983378176 0.0)
(9.817678298204706 -0.14214817701976284 0.0)
(9.593060590821157 -0.1364769581836587 0.0)
(9.279424417620614 -0.12859072263901858 0.0)
(8.87676963446821 -0.11855824517494451 0.0)
(8.384741966374488 -0.10648446452608253 0.0)
(7.8058236591736 -0.09252241416292789 0.0)
(7.138339068111638 -0.07663576070211524 0.0)
(6.357323848253081 -0.058825866465444084 0.0)
(5.479958450105341 -0.040737633993331836 0.0)
(4.553830399574275 -0.02487732188238358 0.0)
(3.5772922181806197 -0.012667102665702592 0.0)
(2.512466877525327 -0.0047662043311244824 0.0)
(1.3237886717159615 -0.001049097610416188 0.0)
(0.014442500571302447 -6.879187034010333e-05 0.0)
(-0.014472398840381491 -6.887938582158269e-05 0.0)
(1.2538757144194603 -0.0010503618466791182 0.0)
(2.4650533919263755 -0.004771470407019154 0.0)
(3.622305189587053 -0.012679668728004722 0.0)
(4.690472818931328 -0.024899757051698362 0.0)
(5.632151931951753 -0.04077260973351097 0.0)
(6.444305444447047 -0.058873825504524156 0.0)
(7.173150225781064 -0.07668966980621551 0.0)
(7.838369115300334 -0.09257438513366263 0.0)
(8.415253210157148 -0.10653315833795227 0.0)
(8.901012447191748 -0.1186038221163575 0.0)
(9.298353526937442 -0.12863322338018862 0.0)
(9.606939412732102 -0.13651680089032486 0.0)
(9.826766413695413 -0.14218598457652634 0.0)
(9.95780500998013 -0.14560091850823642 0.0)
(10.000000000000004 -0.14674118535761274 0.0)
(9.953306101131007 -0.14560091850823628 0.0)
(9.817678030749034 -0.14218598457652631 0.0)
(9.593060587267916 -0.13651680089032345 0.0)
(9.279424250840346 -0.12863322338018865 0.0)
(8.87676533058604 -0.11860382211635756 0.0)
(8.384746789842877 -0.10653315833795297 0.0)
(7.8060753291441145 -0.09257438513366434 0.0)
(7.137960885330039 -0.07668966980621673 0.0)
(6.355694555552955 -0.05887382550452439 0.0)
(5.47895917915931 -0.0407726097335113 0.0)
(4.553971625513031 -0.024899757051698838 0.0)
(3.5776948104129005 -0.012679668728005163 0.0)
(2.5127243858513846 -0.004771470407019712 0.0)
(1.323902063358313 -0.00105036184667926 0.0)
(0.014472398840368175 -6.88793858215952e-05 0.0)
(-0.014497122654323027 -6.89671679127622e-05 0.0)
(1.2537799959402227 -0.0010515941240110038 0.0)
(2.464815253128087 -0.004776388818104941 0.0)
(3.6218649889896337 -0.01269081483239532 0.0)
(4.690146542636163 -0.02491877768868555 0.0)
(5.632899747238022 -0.04080200207252977 0.0)
(6.4459479730507345 -0.05891542692793963 0.0)
(7.173743840362313 -0.07673820203589664 0.0)
(7.838185732558462 -0.09262199610492187 0.0)
(8.4152597126187 -0.10657798799006432 0.0)
(8.901031556870976 -0.11864595969979494 0.0)
(9.29836187124415 -0.12867265424821045 0.0)
(9.606944582549316 -0.1365538671386352 0.0)
(9.826769539477137 -0.14222122780002497 0.0)
(9.957806253042254 -0.1456350219966494 0.0)
(10.000000000000004 -0.1467748994052203 0.0)
(9.953304858068883 -0.14563502199664927 0.0)
(9.81767490496731 -0.14222122780002494 0.0)
(9.593055417450703 -0.13655386713863385 0.0)
(9.279415906533638 -0.12867265424821048 0.0)
(8.876746220906812 -0.11864595969979505 0.0)
(8.384740287381325 -0.10657798799006511 0.0)
(7.806258711885985 -0.09262199610492364 0.0)
(7.137367270748787 -0.07673820203589794 0.0)
(6.3540520269492635 -0.05891542692793993 0.0)
(5.478211363873041 -0.040802002072530145 0.0)
(4.554297901808197 -0.02491877768868606 0.0)
(3.578135011010321 -0.01269081483239578 0.0)
(2.512962524649673 -0.004776388818105507 0.0)
(1.3239977818375506 -0.0010515941240111482 0.0)
(0.01449712265430975 -6.89671679127749e-05 0.0)
(-0.014515585693986782 -6.905135962913596e-05 0.0)
(1.2537061563189649 -0.0010527402984001303 0.0)
(2.4646069472407017 -0.004780743458396165 0.0)
(3.621406521636001 -0.012700051239438266 0.0)
(4.6896495519680945 -0.02493354806135277 0.0)
(5.63336324922894 -0.040824519564783245 0.0)
(6.447531567856063 -0.058948842845253126 0.0)
(7.174526804404501 -0.07677922497377247 0.0)
(7.838078694547422 -0.09266315513772867 0.0)
(8.415277255303927 -0.10661698374951781 0.0)
(8.901064632702914 -0.11868280647692911 0.0)
(9.298378026443727 -0.12870728272287985 0.0)
(9.60695469147819 -0.13658652830545126 0.0)
(9.826775386243781 -0.14225235816749396 0.0)
(9.95780876509368 -0.14566519185413057 0.0)
(10.000000000000004 -0.14680473955828446 0.0)
(9.953302346017455 -0.14566519185413043 0.0)
(9.817669058200666 -0.14225235816749393 0.0)
(9.593045308521829 -0.13658652830544996 0.0)
(9.279399751334061 -0.12870728272287993 0.0)
(8.876713145074874 -0.11868280647692928 0.0)
(8.384722744696097 -0.10661698374951865 0.0)
(7.806365749897026 -0.09266315513773052 0.0)
(7.136584306706596 -0.07677922497377383 0.0)
(6.352468432143931 -0.05894884284525347 0.0)
(5.477747861882123 -0.040824519564783654 0.0)
(4.554794892476268 -0.024933548061353294 0.0)
(3.5785934783639552 -0.012700051239438742 0.0)
(2.513170830537059 -0.004780743458396739 0.0)
(1.3240716214588086 -0.0010527402984002773 0.0)
(0.014515585693973522 -6.905135962914888e-05 0.0)
(-0.014526976727187103 -6.912826174071091e-05 0.0)
(1.2536574399335587 -0.0010537500090407072 0.0)
(2.4644376268438264 -0.00478434299296502 0.0)
(3.620949931742931 -0.012706972118305628 0.0)
(4.689003683787857 -0.024943419186546648 0.0)
(5.63352207249498 -0.04083917283285638 0.0)
(6.448986648604392 -0.05897260502219059 0.0)
(7.175464715900008 -0.07681093614700209 0.0)
(7.838052704321598 -0.09269605377947986 0.0)
(8.415305067419336 -0.10664843221398307 0.0)
(8.901110221396019 -0.11871274346778202 0.0)
(9.298401282706257 -0.1287355872923709 0.0)
(9.606969295350886 -0.136613349318855 0.0)
(9.826783697099117 -0.14227800786753805 0.0)
(9.957812435759466 -0.14569010247233638 0.0)
(10.000000000000004 -0.1468293946950707 0.0)
(9.95329867535167 -0.14569010247233624 0.0)
(9.81766074734533 -0.14227800786753808 0.0)
(9.593030704649133 -0.1366133493188537 0.0)
(9.279376495071531 -0.12873558729237103 0.0)
(8.876667556381769 -0.11871274346778221 0.0)
(8.38469493258069 -0.10664843221398394 0.0)
(7.806391740122851 -0.09269605377948173 0.0)
(7.135646395211087 -0.0768109361470035 0.0)
(6.3510133513956 -0.05897260502219096 0.0)
(5.477589038616084 -0.0408391728328568 0.0)
(4.555440760656508 -0.02494341918654718 0.0)
(3.5790500682570263 -0.01270697211830611 0.0)
(2.5133401509339346 -0.004784342992965598 0.0)
(1.3241203378442148 -0.0010537500090408555 0.0)
(0.014526976727173839 -6.912826174072399e-05 0.0)
(-0.014530795252764479 -6.91944953093929e-05 0.0)
(1.253635987292855 -0.0010545788910944 0.0)
(2.464314731565936 -0.004787029264847713 0.0)
(3.620515281035017 -0.012711273378241362 0.0)
(4.6882373163617075 -0.024947957345084884 0.0)
(5.633369238632391 -0.04084531803895743 0.0)
(6.450249281709634 -0.05898566939216907 0.0)
(7.17651636473358 -0.07683194222464777 0.0)
(7.838108903843963 -0.09271924652404322 0.0)
(8.415341926951452 -0.10667095159546483 0.0)
(8.901166319866517 -0.11873445529574375 0.0)
(9.29843061819411 -0.12875632430568196 0.0)
(9.606987752499952 -0.1366331517125851 0.0)
(9.826794106879364 -0.1422970498992622 0.0)
(9.957817103757272 -0.1457086593242755 0.0)
(10.000000000000004 -0.1468477815139739 0.0)
(9.953294007353865 -0.14570865932427543 0.0)
(9.817650337565086 -0.14229704989926223 0.0)
(9.593012247500067 -0.13663315171258386 0.0)
(9.279347159583677 -0.1287563243056821 0.0)
(8.876611457911272 -0.11873445529574397 0.0)
(8.384658073048572 -0.10667095159546573 0.0)
(7.806335540600484 -0.09271924652404512 0.0)
(7.134594746377513 -0.07683194222464919 0.0)
(6.349750718290356 -0.05898566939216943 0.0)
(5.477741872478674 -0.04084531803895782 0.0)
(4.55620712808266 -0.0249479573450854 0.0)
(3.579484718964941 -0.012711273378241841 0.0)
(2.513463046211825 -0.004787029264848295 0.0)
(1.3241417904849182 -0.0010545788910945495 0.0)
(0.014530795252751187 -6.919449530940605e-05 0.0)
(-0.014526873491690826 -6.924715015334486e-05 0.0)
(1.2536427409866402 -0.0010551905250001665 0.0)
(2.4642436612007113 -0.0047886842441721145 0.0)
(3.6201216672691947 -0.012712766029752824 0.0)
(4.687384122472323 -0.024946963138583633 0.0)
(5.632911462881494 -0.040842685173972666 0.0)
(6.451263989383067 -0.058987461930672315 0.0)
(7.177635543379407 -0.07684132023808728 0.0)
(7.83824482381032 -0.09273171432465259 0.0)
(8.415386214359872 -0.10668355243353886 0.0)
(8.901230463250243 -0.11874698798281438 0.0)
(9.298464743959622 -0.12876858261638535 0.0)
(9.607009251952027 -0.1366450654056886 0.0)
(9.82680615819782 -0.1423086475906288 0.0)
(9.957822563983811 -0.1457200470558227 0.0)
(10.000000000000004 -0.14685909213180917 0.0)
(9.953288547127325 -0.14572004705582256 0.0)
(9.817638286246627 -0.14230864759062878 0.0)
(9.59299074804799 -0.1366450654056873 0.0)
(9.279313033818166 -0.1287685826163855 0.0)
(8.876547314527544 -0.11874698798281458 0.0)
(8.384613785640152 -0.10668355243353973 0.0)
(7.806199620634127 -0.09273171432465446 0.0)
(7.133475567731682 -0.07684132023808866 0.0)
(6.348736010616922 -0.05898746193067262 0.0)
(5.478199648229574 -0.04084268517397301 0.0)
(4.557060321972047 -0.024946963138584122 0.0)
(3.5798783327307637 -0.012712766029753296 0.0)
(2.5135341165770497 -0.0047886842441726965 0.0)
(1.3241350367911333 -0.0010551905250003166 0.0)
(0.014526873491677493 -6.924715015335813e-05 0.0)
(-0.014515383758973072 -6.928391271505292e-05 0.0)
(1.253677404269964 -0.0010555580366831405 0.0)
(2.4642275384499808 -0.00478923521417441 0.0)
(3.6197863851142382 -0.012711384488463326 0.0)
(4.686481589898326 -0.02494048025065771 0.0)
(5.632168859071305 -0.04083138992117281 0.0)
(6.4519861872258755 -0.058977903876837816 0.0)
(7.178773077175272 -0.07683865813456665 0.0)
(7.838454492146006 -0.09273290936895838 0.0)
(8.415435983736888 -0.10668568107043272 0.0)
(8.901299833204265 -0.11874979086565188 0.0)
(9.298502160579082 -0.12877182361673473 0.0)
(9.607032849060518 -0.13664856693228594 0.0)
(9.826819321541604 -0.14231229136029658 0.0)
(9.95782857652672 -0.14572376531088688 0.0)
(10.000000000000004 -0.14686282958072108 0.0)
(9.953282534584414 -0.14572376531088674 0.0)
(9.817625122902843 -0.1423122913602966 0.0)
(9.5929671509395 -0.13664856693228464 0.0)
(9.279275617198707 -0.12877182361673487 0.0)
(8.876477944573523 -0.11874979086565204 0.0)
(8.384564016263138 -0.10668568107043357 0.0)
(7.8059899522984395 -0.09273290936896023 0.0)
(7.132338033935814 -0.07683865813456799 0.0)
(6.348013812774113 -0.05897790387683805 0.0)
(5.478942252039766 -0.040831389921173085 0.0)
(4.557962854546045 -0.024940480250658165 0.0)
(3.580213614885721 -0.012711384488463784 0.0)
(2.51355023932778 -0.004789235214174987 0.0)
(1.324100373507809 -0.0010555580366832906 0.0)
(0.014515383758959676 -6.928391271506621e-05 0.0)
(-0.014496830892446955 -6.930316771481083e-05 0.0)
(1.2537384541015726 -0.0010556652783523148 0.0)
(2.464267071717915 -0.004788657966240667 0.0)
(3.6195241662546547 -0.012707189456769677 0.0)
(4.685569374269885 -0.024928793527542473 0.0)
(5.631174055854689 -0.0408119285733018 0.0)
(6.45238414318607 -0.05895741519406512 0.0)
(7.179878984967244 -0.07682407288204444 0.0)
(7.838728696407928 -0.09272277914890005 0.0)
(8.415489048307125 -0.10667724397773556 0.0)
(8.901371381739711 -0.11874274079071209 0.0)
(9.298541224034686 -0.12876590490310408 0.0)
(9.607057507011648 -0.1366435024417043 0.0)
(9.82683301853747 -0.14230782110769244 0.0)
(9.957834877205865 -0.14571965071614296 0.0)
(10.000000000000004 -0.14685882964404182 0.0)
(9.95327623390527 -0.14571965071614282 0.0)
(9.817611425906978 -0.1423078211076924 0.0)
(9.59294249298837 -0.136643502441703 0.0)
(9.279236553743102 -0.12876590490310416 0.0)
(8.876406396038078 -0.11874274079071223 0.0)
(8.3845109516929 -0.10667724397773636 0.0)
(7.8057157480365165 -0.09272277914890184 0.0)
(7.13123212614384 -0.0768240728820457 0.0)
(6.347615856813919 -0.05895741519406527 0.0)
(5.479937055256385 -0.04081192857330201 0.0)
(4.558875070174489 -0.02492879352754287 0.0)
(3.580475833745305 -0.01270718945677011 0.0)
(2.5135107060598454 -0.004788657966241239 0.0)
(1.3240393236762003 -0.0010556652783524645 0.0)
(0.014496830892433483 -6.93031677148241e-05 0.0)
(-0.014472030071126126 -6.930406912315522e-05 0.0)
(1.2538232080635525 -0.00105550753800494 0.0)
(2.4643605239850457 -0.004786977863589052 0.0)
(3.6193465321074183 -0.012700365256689898 0.0)
(4.68468755667286 -0.024912416462471346 0.0)
(5.629970763065044 -0.04078515622638159 0.0)
(6.4524403718068 -0.058926896117592255 0.0)
(7.180904675190144 -0.07679820532983349 0.0)
(7.83905538856246 -0.09270176876781429 0.0)
(8.415543076510446 -0.10665861186586525 0.0)
(8.901441965144826 -0.11872614752539015 0.0)
(9.298580217949658 -0.1287510865329422 0.0)
(9.607082142380152 -0.1366300944583947 0.0)
(9.826846647364476 -0.1422954332475377 0.0)
(9.95784118918093 -0.14570788405935653 0.0)
(10.000000000000004 -0.1468472680716715 0.0)
(9.953269921930206 -0.1457078840593564 0.0)
(9.817597797079971 -0.14229543324753768 0.0)
(9.592917857619865 -0.13663009445839333 0.0)
(9.279197559828129 -0.1287510865329423 0.0)
(8.876335812632961 -0.11872614752539024 0.0)
(8.384456923489578 -0.10665861186586596 0.0)
(7.805389055881984 -0.09270176876781597 0.0)
(7.130206435920938 -0.07679820532983463 0.0)
(6.34755962819319 -0.058926896117592296 0.0)
(5.481140348046034 -0.04078515622638169 0.0)
(4.559756887771516 -0.02491241646247169 0.0)
(3.5806534678925415 -0.012700365256690304 0.0)
(2.5134172537927144 -0.004786977863589615 0.0)
(1.32395456971422 -0.001055507538005088 0.0)
(0.014472030071112564 -6.930406912316844e-05 0.0)
(-0.0144420709977276 -6.928657733385256e-05 0.0)
(1.253927942221867 -0.0010550917464633013 0.0)
(2.4645037891297212 -0.004784268726856415 0.0)
(3.619261287591986 -0.012691211731090975 0.0)
(4.683874882559225 -0.02489206863372257 0.0)
(5.628611851186184 -0.04075224920835719 0.0)
(6.452152402505337 -0.058887687599806386 0.0)
(7.181805080892025 -0.07676219205085459 0.0)
(7.839420214353997 -0.09267080138340857 0.0)
(8.415595694446438 -0.10663060339573091 0.0)
(8.901508482113922 -0.11870074014740781 0.0)
(9.298617429002713 -0.1287280195983247 0.0)
(9.607105672733011 -0.13660893210461444 0.0)
(9.8268596091969 -0.14227567207974465 0.0)
(9.957847235115278 -0.14568898234590028 0.0)
(10.000000000000005 -0.1468286528579487 0.0)
(9.953263875995859 -0.14568898234590014 0.0)
(9.817584835247548 -0.14227567207974456 0.0)
(9.592894327267008 -0.13660893210461303 0.0)
(9.279160348775074 -0.12872801959832472 0.0)
(8.876269295663866 -0.11870074014740778 0.0)
(8.384404305553586 -0.10663060339573154 0.0)
(7.805024230090446 -0.09267080138341016 0.0)
(7.129306030219055 -0.07676219205085562 0.0)
(6.347847597494655 -0.05888768759980629 0.0)
(5.482499259924898 -0.04075224920835719 0.0)
(4.560569561885153 -0.024892068633722845 0.0)
(3.5807387124079733 -0.01269121173109135 0.0)
(2.5132739886480384 -0.004784268726856967 0.0)
(1.3238498355559052 -0.001055091746463447 0.0)
(0.014442070997713944 -6.928657733386564e-05 0.0)
(-0.014408270019127936 -6.925146090412444e-05 0.0)
(1.2540480547492057 -0.0010544361728470695 0.0)
(2.46469057234358 -0.0047806495905545615 0.0)
(3.619272178196416 -0.01268013106914182 0.0)
(4.6831670593427885 -0.02486864408766605 0.0)
(5.627157028320008 -0.040714653393398935 0.0)
(6.451532888125963 -0.05884151239124905 0.0)
(7.182540639893594 -0.07671761540270165 0.0)
(7.83980714400469 -0.09263123764590044 0.0)
(8.415644590179257 -0.10659444920827016 0.0)
(8.901568010013063 -0.11866763501047206 0.0)
(9.298651222208255 -0.12869771761815885 0.0)
(9.607127064189566 -0.1365809452154732 0.0)
(9.826871334515534 -0.14224940587387405 0.0)
(9.957852749361614 -0.14566377608248382 0.0)
(10.000000000000005 -0.1468038019213088 0.0)
(9.953258361749523 -0.14566377608248368 0.0)
(9.817573109928913 -0.1422494058738739 0.0)
(9.592872935810451 -0.1365809452154718 0.0)
(9.279126555569533 -0.12869771761815876 0.0)
(8.876209767764724 -0.11866763501047198 0.0)
(8.384355409820767 -0.1065944492082707 0.0)
(7.804637300439752 -0.09263123764590192 0.0)
(7.128570471217486 -0.07671761540270254 0.0)
(6.348467111874032 -0.05884151239124882 0.0)
(5.483954082791079 -0.040714653393398824 0.0)
(4.561277385101591 -0.024868644087666255 0.0)
(3.580727821803543 -0.01268013106914216 0.0)
(2.5130872054341786 -0.004780649590555102 0.0)
(1.323729723028566 -0.0010544361728472126 0.0)
(0.01440827001911418 -6.925146090413738e-05 0.0)
(-0.014372112288489659 -6.920026278564948e-05 0.0)
(1.254178268120857 -0.0010535696218616035 0.0)
(2.4649126667139165 -0.004776279472911574 0.0)
(3.619378725407473 -0.012667610134856984 0.0)
(4.682595187480754 -0.024843172056001533 0.0)
(5.625670216721731 -0.04067402067283649 0.0)
(6.450609048997139 -0.058790399346109114 0.0)
(7.183079033077986 -0.07666643400174385 0.0)
(7.840199176533555 -0.09258481591353622 0.0)
(8.415687615319854 -0.10655173785233782 0.0)
(8.901617933295265 -0.11862828669373576 0.0)
(9.298680112754653 -0.12866151200601722 0.0)
(9.60714537684835 -0.1365473634836794 0.0)
(9.82688130813133 -0.14221778871895915 0.0)
(9.95785748963404 -0.14563337278620808 0.0)
(10.000000000000005 -0.14677380716644436 0.0)
(9.953253621477096 -0.1456333727862079 0.0)
(9.817563136313117 -0.14221778871895902 0.0)
(9.592854623151668 -0.13654736348367788 0.0)
(9.279097665023134 -0.12866151200601708 0.0)
(8.876159844482522 -0.1186282866937356 0.0)
(8.38431238468017 -0.10655173785233825 0.0)
(7.804245267910886 -0.09258481591353757 0.0)
(7.128032078033093 -0.0766664340017446 0.0)
(6.34939095100286 -0.05879039934610874 0.0)
(5.485440894389359 -0.04067402067283626 0.0)
(4.561849256963626 -0.024843172056001662 0.0)
(3.580621274592485 -0.01266761013485729 0.0)
(2.5128651110638414 -0.004776279472912101 0.0)
(1.3235995096569144 -0.001053569621861744 0.0)
(0.014372112288475802 -6.920026278566221e-05 0.0)
(-0.014335186510348315 -6.913523253008909e-05 0.0)
(1.2543128609994891 -0.0010525301681718945 0.0)
(2.4651603138204075 -0.004771350388901779 0.0)
(3.619576247735626 -0.01265419907518254 0.0)
(4.682184393976529 -0.024816771733200578 0.0)
(5.624216744172937 -0.04063213637407589 0.0)
(6.449421476920067 -0.058736594278081346 0.0)
(7.183396604433644 -0.07661089666510552 0.0)
(7.840579086748478 -0.09253357587230983 0.0)
(8.415722879422264 -0.10650434598677536 0.0)
(8.90165605842284 -0.1185844240902506 0.0)
(9.298702831244155 -0.12862099357026102 0.0)
(9.60715980608464 -0.13650966242909185 0.0)
(9.826889091821858 -0.14218220981494503 0.0)
(9.957861247653662 -0.14559910832229017 0.0)
(10.000000000000005 -0.14673998650801015 0.0)
(9.953249863457474 -0.14559910832228998 0.0)
(9.81755535262259 -0.14218220981494484 0.0)
(9.592840193915377 -0.13650966242909032 0.0)
(9.279074946533632 -0.12862099357026083 0.0)
(8.876121719354948 -0.11858442409025033 0.0)
(8.38427712057776 -0.10650434598677568 0.0)
(7.803865357695963 -0.09253357587231106 0.0)
(7.127714506677436 -0.07661089666510613 0.0)
(6.350578523079935 -0.05873659427808083 0.0)
(5.486894366938156 -0.040632136374075555 0.0)
(4.5622600504678505 -0.024816771733200637 0.0)
(3.5804237522643314 -0.012654199075182808 0.0)
(2.51261746395735 -0.004771350388902292 0.0)
(1.3234649167782822 -0.001052530168172032 0.0)
(0.014335186510334361 -6.913523253010163e-05 0.0)
(-0.014299115135841634 -6.905922744790314e-05 0.0)
(1.2544459196202458 -0.001051363483471442 0.0)
(2.4654226325022512 -0.004766078913459064 0.0)
(3.6198560664111326 -0.01264048714754574 0.0)
(4.681952728345165 -0.024790603101149035 0.0)
(5.622860473598369 -0.04059084081657952 0.0)
(6.4480223516392146 -0.0586824612834213 0.0)
(7.183479400456179 -0.07655344360175591 0.0)
(7.840930182089639 -0.09247976891589176 0.0)
(8.41574883304634 -0.10645435592345462 0.0)
(8.90168071024743 -0.11853797444256933 0.0)
(9.298718379467894 -0.12857794261683103 0.0)
(9.60716971790419 -0.13646949856707713 0.0)
(9.826894343585995 -0.14214423243378424 0.0)
(9.957863858299971 -0.14556248820858958 0.0)
(10.000000000000005 -0.14670382596386475 0.0)
(9.953247252811165 -0.14556248820858933 0.0)
(9.817550100858453 -0.14214423243378405 0.0)
(9.592830282095829 -0.13646949856707555 0.0)
(9.279059398309894 -0.12857794261683073 0.0)
(8.876097067530358 -0.11853797444256897 0.0)
(8.384251166953684 -0.10645435592345483 0.0)
(7.803514262354801 -0.09247976891589285 0.0)
(7.127631710654901 -0.07655344360175635 0.0)
(6.351977648360792 -0.05868246128342066 0.0)
(5.488250637512728 -0.04059084081657909 0.0)
(4.562491716099215 -0.02479060310114904 0.0)
(3.5801439335888237 -0.012640487147545976 0.0)
(2.5123551452755053 -0.004766078913459564 0.0)
(1.323331858157525 -0.001051363483471576 0.0)
(0.014299115135827597 -6.905922744791546e-05 0.0)
(-0.014265483075174723 -6.897558706335553e-05 0.0)
(1.2545715976307545 -0.0010501208297515935 0.0)
(2.4656880969564665 -0.004760696665570489 0.0)
(3.6202058867133053 -0.012627076828961687 0.0)
(4.681910369550683 -0.0247658159616651 0.0)
(5.6216609970458435 -0.04055194845159569 0.0)
(6.446473148159794 -0.05863037886688082 0.0)
(7.183323783239833 -0.07649659919419112 0.0)
(7.841237036070059 -0.09242575922350994 0.0)
(8.415764335837322 -0.10640396413430367 0.0)
(8.901690805612963 -0.11849097866323385 0.0)
(9.298726074265362 -0.12853425072586144 0.0)
(9.607174676799781 -0.13642863662425442 0.0)
(9.82689683267083 -0.1421055252321274 0.0)
(9.957865206865943 -0.14552512146590763 0.0)
(10.000000000000005 -0.14666691436216397 0.0)
(9.953245904245192 -0.14552512146590743 0.0)
(9.817547611773618 -0.14210552523212716 0.0)
(9.592825323200238 -0.13642863662425278 0.0)
(9.279051703512424 -0.12853425072586108 0.0)
(8.876086972164824 -0.11849097866323341 0.0)
(8.384235664162702 -0.10640396413430377 0.0)
(7.803207408374379 -0.09242575922351093 0.0)
(7.127787327871249 -0.07649659919419145 0.0)
(6.3535268518402175 -0.05863037886688007 0.0)
(5.489450114065255 -0.040551948451595175 0.0)
(4.562534074893697 -0.02476581596166504 0.0)
(3.57979411328665 -0.012627076828961891 0.0)
(2.5120896808212896 -0.004760696665570978 0.0)
(1.323206180147016 -0.0010501208297517245 0.0)
(0.014265483075160613 -6.89755870633676e-05 0.0)
(-0.014235768059565172 -6.888798638192749e-05 0.0)
(1.2546843729691552 -0.0010488568069434293 0.0)
(2.465945043160588 -0.004755440131361737 0.0)
(3.620610338178044 -0.012614557344295478 0.0)
(4.682059178761019 -0.02474349941631089 0.0)
(5.6206710173207 -0.04051716813849022 0.0)
(6.444841935648503 -0.05858263543456061 0.0)
(7.182936590320398 -0.0764428610816857 0.0)
(7.841486166087214 -0.09237391988223971 0.0)
(8.415768706630935 -0.1063553847423486 0.0)
(8.901685900947545 -0.1184455016608118 0.0)
(9.298725577541237 -0.12849183763910937 0.0)
(9.607174464886615 -0.1363888719996365 0.0)
(9.826896449710532 -0.14206778893360242 0.0)
(9.957865234098058 -0.14548864992055738 0.0)
(10.000000000000005 -0.1466308735311587 0.0)
(9.953245877013076 -0.14548864992055713 0.0)
(9.817547994733916 -0.14206778893360217 0.0)
(9.592825535113404 -0.13638887199963481 0.0)
(9.27905220023655 -0.12849183763910896 0.0)
(8.876091876830243 -0.1184455016608113 0.0)
(8.384231293369089 -0.10635538474234864 0.0)
(7.8029582783572256 -0.09237391988224058 0.0)
(7.128174520790686 -0.07644286108168595 0.0)
(6.355158064351513 -0.058582635434559764 0.0)
(5.490440093790399 -0.040517168138489636 0.0)
(4.56238526568336 -0.02474349941631079 0.0)
(3.57938966182191 -0.012614557344295655 0.0)
(2.5118327346171676 -0.004755440131362212 0.0)
(1.323093404808615 -0.0010488568069435573 0.0)
(0.014235768059551006 -6.888798638193935e-05 0.0)
(-0.014211275712436779 -6.880027441730006e-05 0.0)
(1.2547792904933954 -0.0010476269538966757 0.0)
(2.466182181368477 -0.0047505402733293775 0.0)
(3.621051649947912 -0.012603478776799596 0.0)
(4.682392617571709 -0.024724634013262317 0.0)
(5.619934032320945 -0.04048802806059217 0.0)
(6.443200386598869 -0.058541328745532674 0.0)
(7.182334834246404 -0.07639459041859205 0.0)
(7.841666625823918 -0.0923265286178991 0.0)
(8.415761753382505 -0.10631075223719849 0.0)
(8.901666211753202 -0.1184035416115918 0.0)
(9.29871691112067 -0.12845256691001422 0.0)
(9.607169091475766 -0.1363519518780818 0.0)
(9.826893211531674 -0.14203268160212992 0.0)
(9.957863938799788 -0.1454546760655186 0.0)
(10.000000000000004 -0.1465972870390285 0.0)
(9.953247172311348 -0.14545467606551835 0.0)
(9.817551232912773 -0.14203268160212967 0.0)
(9.592830908524252 -0.1363519518780801 0.0)
(9.279060866657119 -0.12845256691001375 0.0)
(8.876111566024585 -0.11840354161159125 0.0)
(8.38423824661752 -0.10631075223719845 0.0)
(7.8027778186205206 -0.09232652861789989 0.0)
(7.128776276864682 -0.07639459041859219 0.0)
(6.356799613401151 -0.05854132874553176 0.0)
(5.491177078790155 -0.04048802806059155 0.0)
(4.562051826872667 -0.02472463401326219 0.0)
(3.5789483500520407 -0.012603478776799753 0.0)
(2.511595596409278 -0.004750540273329843 0.0)
(1.3229984872843747 -0.001047626953896801 0.0)
(0.014211275712422575 -6.88002744173117e-05 0.0)
(-0.01419308218271488 -6.871630507273447e-05 0.0)
(1.2548521797011063 -0.0010464853081042543 0.0)
(2.4663890921611102 -0.00474621238227132 0.0)
(3.6215104315910978 -0.012594327898462142 0.0)
(4.682896035291423 -0.024710048663816056 0.0)
(5.61948242381919 -0.04046580857961413 0.0)
(6.441620627673004 -0.05850827374014445 0.0)
(7.181544955078862 -0.07635390812953778 0.0)
(7.841770486209483 -0.09228566771594336 0.0)
(8.415743781605046 -0.10627202768947674 0.0)
(8.901632603137115 -0.11836694216337285 0.0)
(9.298700455790321 -0.12841816402256861 0.0)
(9.607158792665079 -0.136319498462188 0.0)
(9.826887260413914 -0.1420017457896278 0.0)
(9.957861377884164 -0.14542469264982838 0.0)
(10.000000000000004 -0.14656763061479275 0.0)
(9.953249733226972 -0.14542469264982807 0.0)
(9.817557184030534 -0.1420017457896275 0.0)
(9.59284120733494 -0.13631949846218624 0.0)
(9.279077321987467 -0.12841816402256814 0.0)
(8.876145174640675 -0.11836694216337224 0.0)
(8.384256218394977 -0.10627202768947665 0.0)
(7.802673958234956 -0.0922856677159441 0.0)
(7.129566156032226 -0.07635390812953784 0.0)
(6.358379372327019 -0.05850827374014348 0.0)
(5.49162868729191 -0.04046580857961347 0.0)
(4.561548409152952 -0.024710048663815907 0.0)
(3.578489568408854 -0.012594327898462284 0.0)
(2.511388685616644 -0.004746212382271779 0.0)
(1.3229255980766639 -0.0010464853081043775 0.0)
(0.014193082182700663 -6.871630507274593e-05 0.0)
(-0.01418198686081134 -6.863976780761335e-05 0.0)
(1.2548998379738483 -0.001045482031393702 0.0)
(2.4665566842567928 -0.004742646617803001 0.0)
(3.6219665250815174 -0.012587506782136207 0.0)
(4.683547312666531 -0.024700384221543623 0.0)
(5.6193360346668095 -0.040451485978900865 0.0)
(6.440172070588023 -0.058484922794860277 0.0)
(7.180601658663351 -0.0763226017198778 0.0)
(7.841793183808575 -0.09225313252965149 0.0)
(8.415715580945582 -0.10624091258496568 0.0)
(8.901586551800385 -0.11833731142895285 0.0)
(9.298676934567306 -0.12839014057670867 0.0)
(9.607144020965453 -0.13629293769567752 0.0)
(9.826878857838475 -0.1419763407591018 0.0)
(9.957857663873138 -0.14540001708991895 0.0)
(10.000000000000004 -0.14654320730747758 0.0)
(9.953253447237996 -0.14540001708991865 0.0)
(9.817565586605973 -0.14197634075910148 0.0)
(9.592855979034566 -0.13629293769567577 0.0)
(9.279100843210482 -0.12839014057670814 0.0)
(8.876191225977403 -0.11833731142895218 0.0)
(8.384284419054442 -0.10624091258496556 0.0)
(7.802651260635864 -0.0922531325296522 0.0)
(7.130509452447741 -0.07632260171987783 0.0)
(6.359827929412003 -0.05848492279485929 0.0)
(5.49177507644429 -0.04045148597890021 0.0)
(4.560897131777842 -0.024700384221543473 0.0)
(3.5780334749184335 -0.012587506782136342 0.0)
(2.5112210935209616 -0.004742646617803455 0.0)
(1.3228779398039219 -0.0010454820313938234 0.0)
(0.014181986860797129 -6.863976780762464e-05 0.0)
)
