(
(-0.01610507492865605 -6.526155964250478e-05 0.0)
(1.2476773866721411 -0.001005024745515229 0.0)
(2.45264754825202 -0.0046218044865548105 0.0)
(3.6026557776062558 -0.012430442276306379 0.0)
(4.661330453933861 -0.024657434209773375 0.0)
(5.5973363683659 -0.040654694466689574 0.0)
(6.421320772981628 -0.058915449092916516 0.0)
(7.164636857915735 -0.07686179438961381 0.0)
(7.828038605380867 -0.09284139715560659 0.0)
(8.404584959059472 -0.10687712440402686 0.0)
(8.892706109749364 -0.11901767220262435 0.0)
(9.291792333467598 -0.12910684652662702 0.0)
(9.602115522122608 -0.13703802325830838 0.0)
(9.823588701079926 -0.14274173094676462 0.0)
(9.956231924836752 -0.14617757186578945 0.0)
(10.000000000000005 -0.1473248268753138 0.0)
(9.954879186274383 -0.14617757186578934 0.0)
(9.820855743364524 -0.14274173094676468 0.0)
(9.597884477877411 -0.13703802325830697 0.0)
(9.285985444310189 -0.12910684652662704 0.0)
(8.885071668028425 -0.11901767220262427 0.0)
(8.395415040940552 -0.1068771244040274 0.0)
(7.816405839063572 -0.09284139715560809 0.0)
(7.146474253195354 -0.07686179438961455 0.0)
(6.378679227018395 -0.058915449092916176 0.0)
(5.5137747427452 -0.04065469446668954 0.0)
(4.5831139905105145 -0.0246574342097736 0.0)
(3.5973442223936956 -0.012430442276306653 0.0)
(2.525130229525735 -0.004621804486555305 0.0)
(1.3301003911056302 -0.001005024745515369 0.0)
(0.016105074928641962 -6.526155964251786e-05 0.0)
(-0.016092434821989934 -6.518406503743941e-05 0.0)
(1.2477304523850559 -0.0010039993575965591 0.0)
(2.452822618134258 -0.004618097003851247 0.0)
(3.6031078612989447 -0.012423146461621135 0.0)
(4.6619405803647975 -0.024646718885489475 0.0)
(5.597120191659471 -0.040638673386932174 0.0)
(6.419856306009495 -0.058890069448728544 0.0)
(7.163738979516916 -0.07682861681005206 0.0)
(7.828080025647696 -0.09280724853198512 0.0)
(8.40455943383268 -0.10684454868962281 0.0)
(8.892663432334887 -0.11898671539095512 0.0)
(9.291770701463042 -0.1290776182698407 0.0)
(9.602101945148002 -0.13701035648603765 0.0)
(9.823580956415775 -0.14271529266370153 0.0)
(9.956228517865107 -0.14615190769471675 0.0)
(10.000000000000005 -0.1472994298452535 0.0)
(9.95488259324603 -0.1461519076947166 0.0)
(9.820863488028674 -0.14271529266370153 0.0)
(9.597898054852017 -0.13701035648603618 0.0)
(9.286007076314744 -0.12907761826984068 0.0)
(8.885114345442902 -0.11898671539095504 0.0)
(8.395440566167343 -0.10684454868962333 0.0)
(7.816364418796742 -0.09280724853198656 0.0)
(7.147372131594176 -0.07682861681005276 0.0)
(6.38014369399053 -0.05889006944872819 0.0)
(5.5139909194516274 -0.04063867338693214 0.0)
(4.582503864079576 -0.024646718885489687 0.0)
(3.5968921387010058 -0.012423146461621402 0.0)
(2.524955159643497 -0.0046180970038517365 0.0)
(1.3300473253927156 -0.0010039993575966975 0.0)
(0.016092434821975848 -6.518406503745233e-05 0.0)
(-0.01608718945510197 -6.511647033660676e-05 0.0)
(1.247756959988277 -0.0010031442715068416 0.0)
(2.4529531998928245 -0.004615262391634194 0.0)
(3.603542127823858 -0.012418383391092693 0.0)
(4.662675420555081 -0.02464119558980731 0.0)
(5.59721099546814 -0.04063094484355225 0.0)
(6.418569843521294 -0.05887507116444697 0.0)
(7.162720590299714 -0.07680576011300387 0.0)
(7.828040354129791 -0.09278242213840333 0.0)
(8.404524720861128 -0.10682053902540073 0.0)
(8.892609969039412 -0.11896364108818064 0.0)
(9.291742857040495 -0.12905563582996676 0.0)
(9.60208443163995 -0.13698940508217272 0.0)
(9.823571064444538 -0.1426951731550723 0.0)
(9.956224092942227 -0.14613231739770322 0.0)
(10.000000000000005 -0.14728002432778123 0.0)
(9.954887018168908 -0.1461323173977031 0.0)
(9.820873379999911 -0.1426951731550723 0.0)
(9.597915568360069 -0.1369894050821713 0.0)
(9.286034920737292 -0.12905563582996674 0.0)
(8.885167808738377 -0.11896364108818053 0.0)
(8.395475279138894 -0.10682053902540124 0.0)
(7.816404090314648 -0.09278242213840475 0.0)
(7.148390520811381 -0.07680576011300458 0.0)
(6.381430156478733 -0.05887507116444663 0.0)
(5.513900115642956 -0.04063094484355223 0.0)
(4.58176902388929 -0.024641195589807534 0.0)
(3.596457872176091 -0.01241838339109296 0.0)
(2.5248245778849303 -0.00461526239163468 0.0)
(1.3300208177894945 -0.0010031442715069787 0.0)
(0.01608718945508791 -6.511647033661954e-05 0.0)
(-0.016089569299817096 -6.506174552750038e-05 0.0)
(1.247755744786213 -0.0010024970581645227 0.0)
(2.4530335560041405 -0.004613425197578694 0.0)
(3.6039394963043607 -0.01241636234532628 0.0)
(4.663502686971102 -0.02464110700623458 0.0)
(5.597604790038676 -0.04063184841460694 0.0)
(6.417517910325239 -0.05887111323724453 0.0)
(7.1616264364232425 -0.07679422857992245 0.0)
(7.827921333921071 -0.09276800880117662 0.0)
(8.40448234536928 -0.10680615035208216 0.0)
(8.892548068942336 -0.11894946313695151 0.0)
(9.291710023632945 -0.1290418650751975 0.0)
(9.602063751109956 -0.13697608961307006 0.0)
(9.823559459801336 -0.14268225643527843 0.0)
(9.956218844491133 -0.14611966173656027 0.0)
(10.000000000000005 -0.14726746296583323 0.0)
(9.954892266620002 -0.1461196617365601 0.0)
(9.820884984643113 -0.14268225643527843 0.0)
(9.597936248890063 -0.1369760896130686 0.0)
(9.286067754144844 -0.12904186507519746 0.0)
(8.885229708835453 -0.1189494631369514 0.0)
(8.395517654630744 -0.10680615035208267 0.0)
(7.816523110523369 -0.09276800880117807 0.0)
(7.149484674687855 -0.07679422857992318 0.0)
(6.38248208967479 -0.058871113237244234 0.0)
(5.513506321072419 -0.04063184841460696 0.0)
(4.580941757473267 -0.024641107006234828 0.0)
(3.5960605036955875 -0.01241636234532655 0.0)
(2.5247442217736147 -0.00461342519757918 0.0)
(1.3300220329915584 -0.0010024970581646593 0.0)
(0.016089569299803073 -6.50617455275131e-05 0.0)
(-0.01609946979011233 -6.502229511811625e-05 0.0)
(1.2477268601726201 -0.0010020861549398209 0.0)
(2.453060155767682 -0.004612666144630491 0.0)
(3.604282507096384 -0.012417172125375473 0.0)
(4.66438603103998 -0.02464645702697141 0.0)
(5.598284272758075 -0.04064134439883715 0.0)
(6.416746726441509 -0.05887836957120168 0.0)
(7.160504593007136 -0.07679452888527503 0.0)
(7.827728194551765 -0.09276464181597428 0.0)
(8.404434169258723 -0.10680201488164931 0.0)
(8.892480451820681 -0.11894480449050696 0.0)
(9.29167364388025 -0.12903691106730458 0.0)
(9.602040812222672 -0.13697099513608196 0.0)
(9.823546652372961 -0.1426771100413573 0.0)
(9.95621300311916 -0.14611449677788557 0.0)
(10.000000000000005 -0.14726229768267315 0.0)
(9.954898107991974 -0.14611449677788546 0.0)
(9.820897792071486 -0.1426771100413573 0.0)
(9.597959187777347 -0.13697099513608055 0.0)
(9.286104133897538 -0.12903691106730455 0.0)
(8.885297325957108 -0.11894480449050687 0.0)
(8.395565830741301 -0.10680201488164985 0.0)
(7.816716249892675 -0.09276464181597575 0.0)
(7.150606518103964 -0.07679452888527583 0.0)
(6.3832532735585215 -0.05887836957120144 0.0)
(5.512826838353017 -0.04064134439883722 0.0)
(4.5800584134043865 -0.024646457026971692 0.0)
(3.5957174929035642 -0.01241717212537576 0.0)
(2.524717622010073 -0.004612666144630979 0.0)
(1.3300509176051516 -0.0010020861549399575 0.0)
(0.016099469790098363 -6.502229511812892e-05 0.0)
(-0.01611645591655653 -6.499985248727017e-05 0.0)
(1.2476715752845764 -0.0010019296161687034 0.0)
(2.453031830438502 -0.004613018584187485 0.0)
(3.604556088933246 -0.012420777150986361 0.0)
(4.665286640239362 -0.02465701058189421 0.0)
(5.599219588398726 -0.040659015560068214 0.0)
(6.4162901762791105 -0.05889652133627944 0.0)
(7.159404351798744 -0.07680664783419384 0.0)
(7.827469422212423 -0.09277246912196639 0.0)
(8.404382309299619 -0.1068083143191074 0.0)
(8.892410088647068 -0.118949869841249 0.0)
(9.29163531624219 -0.1290409914763317 0.0)
(9.602016622870842 -0.13697434549320725 0.0)
(9.823533204894387 -0.14267996009644268 0.0)
(9.956206825485511 -0.14611704946051435 0.0)
(10.000000000000005 -0.14726475543139347 0.0)
(9.954904285625625 -0.14611704946051418 0.0)
(9.820911239550062 -0.14267996009644268 0.0)
(9.597983377129175 -0.13697434549320583 0.0)
(9.286142461535597 -0.12904099147633172 0.0)
(8.88536768913072 -0.11894986984124895 0.0)
(8.395617690700403 -0.10680831431910799 0.0)
(7.816975022232018 -0.09277246912196792 0.0)
(7.151706759312358 -0.07680664783419469 0.0)
(6.383709823720919 -0.05889652133627928 0.0)
(5.511891522712363 -0.04065901556006836 0.0)
(4.579157804205002 -0.02465701058189454 0.0)
(3.595443911066701 -0.01242077715098667 0.0)
(2.524745947339253 -0.0046130185841879775 0.0)
(1.3301062024931956 -0.00100192961616884 0.0)
(0.01611645591654264 -6.499985248728287e-05 0.0)
(-0.01613978133982898 -6.499540372310392e-05 0.0)
(1.2475923192389213 -0.0010020343198783928 0.0)
(2.4529498245797456 -0.0046144670307003074 0.0)
(3.6047482211295403 -0.01242701902392881 0.0)
(4.666164943448646 -0.024672303967106856 0.0)
(5.60036964090249 -0.0406840854598041 0.0)
(6.416168319816948 -0.05892477097712799 0.0)
(7.158374055383929 -0.07683005294223434 0.0)
(7.827156386886224 -0.09279114680164728 0.0)
(8.404329044123699 -0.10682477187869902 0.0)
(8.892340071050624 -0.11896443662693282 0.0)
(9.291596724765062 -0.1290539270165712 0.0)
(9.601992245890331 -0.13698599347588314 0.0)
(9.823519708223218 -0.14269068137432817 0.0)
(9.956200583024101 -0.1461272076242418 0.0)
(10.000000000000005 -0.1472747282230117 0.0)
(9.954910528087034 -0.1461272076242417 0.0)
(9.82092473622123 -0.14269068137432822 0.0)
(9.598007754109686 -0.13698599347588178 0.0)
(9.286181053012726 -0.12905392701657123 0.0)
(8.885437706727165 -0.11896443662693282 0.0)
(8.395670955876325 -0.1068247718786997 0.0)
(7.817288057558217 -0.09279114680164889 0.0)
(7.152737055727176 -0.07683005294223527 0.0)
(6.38383168018308 -0.05892477097712794 0.0)
(5.510741470208595 -0.04068408545980434 0.0)
(4.578279500995716 -0.024672303967107248 0.0)
(3.595251778870407 -0.012427019023929146 0.0)
(2.52482795319801 -0.004614467030700809 0.0)
(1.3301854585388508 -0.0010020343198785312 0.0)
(0.01613978133981517 -6.499540372311665e-05 0.0)
(-0.016168421183503746 -6.500914429617615e-05 0.0)
(1.2474925744013066 -0.001002395665579436 0.0)
(2.45281774137882 -0.004616947842079045 0.0)
(3.6048504617480566 -0.012435623487724914 0.0)
(4.666982349631625 -0.02469166521924156 0.0)
(5.601683899066313 -0.040715452572514514 0.0)
(6.416386511205036 -0.0589618772562097 0.0)
(7.157458973102283 -0.07686371583176767 0.0)
(7.826802842772721 -0.09281985419194165 0.0)
(8.404276714105343 -0.10685066444536398 0.0)
(8.89227347547644 -0.11898786480964463 0.0)
(9.291559565087772 -0.12907514932404973 0.0)
(9.601968752361069 -0.13700542729306026 0.0)
(9.823506755378496 -0.14270880280167747 0.0)
(9.956194550017269 -0.14614452493793767 0.0)
(10.000000000000005 -0.1472917778713089 0.0)
(9.954916561093865 -0.14614452493793756 0.0)
(9.820937689065953 -0.14270880280167753 0.0)
(9.59803124763895 -0.1370054272930589 0.0)
(9.286218212690015 -0.12907514932404987 0.0)
(8.88550430230135 -0.11898786480964471 0.0)
(8.39572328589468 -0.10685066444536472 0.0)
(7.817641601671722 -0.09281985419194334 0.0)
(7.153652138008823 -0.07686371583176871 0.0)
(6.38361348879499 -0.05896187725620978 0.0)
(5.509427212044768 -0.04071545257251487 0.0)
(4.577462094812735 -0.024691665219242015 0.0)
(3.5951495382518908 -0.012435623487725278 0.0)
(2.5249600363989364 -0.004616947842079557 0.0)
(1.330285203376466 -0.0010023956655795766 0.0)
(0.016168421183490034 -6.500914429618898e-05 0.0)
(-0.01620111706524487 -6.504047047084378e-05 0.0)
(1.2473767233774187 -0.0010029977764027928 0.0)
(2.4526413843299353 -0.0046203520160102325 0.0)
(3.604858318523062 -0.012446212477976894 0.0)
(4.667702943456022 -0.02471424364029993 0.0)
(5.603104616790844 -0.04075173868465146 0.0)
(6.416935163512954 -0.05900620979150577 0.0)
(7.156699311995166 -0.07690615741701225 0.0)
(7.826424323953468 -0.09285732994263861 0.0)
(8.404227618529825 -0.1068848543470921 0.0)
(8.892213228012213 -0.11901912499789677 0.0)
(9.291525469938556 -0.12910372592940195 0.0)
(9.601947174545748 -0.13703179305836494 0.0)
(9.82349491548452 -0.1427335281561251 0.0)
(9.956188991544296 -0.14616824051051924 0.0)
(10.000000000000005 -0.14731515524593028 0.0)
(9.954922119566838 -0.14616824051051913 0.0)
(9.820949528959929 -0.14273352815612522 0.0)
(9.598052825454271 -0.13703179305836363 0.0)
(9.28625230783923 -0.12910372592940209 0.0)
(8.885564549765576 -0.11901912499789691 0.0)
(8.395772381470199 -0.10688485434709295 0.0)
(7.818020120490976 -0.09285732994264044 0.0)
(7.154411799115941 -0.07690615741701343 0.0)
(6.38306483648707 -0.05900620979150597 0.0)
(5.508006494320233 -0.04075173868465193 0.0)
(4.576741500988336 -0.024714243640300455 0.0)
(3.5951416814768864 -0.012446212477977293 0.0)
(2.5251363934478217 -0.004620352016010756 0.0)
(1.3304010544003542 -0.0010029977764029355 0.0)
(0.016201117065231255 -6.504047047085674e-05 0.0)
(-0.01623643238782407 -6.508800583230148e-05 0.0)
(1.247249856449304 -0.0010038141967004149 0.0)
(2.452428502239183 -0.004624529979319093 0.0)
(3.604771446242235 -0.012458320733825084 0.0)
(4.6682950633474825 -0.024739047175766724 0.0)
(5.604569370338398 -0.04079134945083123 0.0)
(6.4177901699620215 -0.05905582069251933 0.0)
(7.156128450181865 -0.07695551289235712 0.0)
(7.826037461852905 -0.09290192743781252 0.0)
(8.404183914566914 -0.10692583934215014 0.0)
(8.892161975821303 -0.11905684367620628 0.0)
(9.291495937395897 -0.12913840122886794 0.0)
(9.601928460534097 -0.13706393230830455 0.0)
(9.823484708764573 -0.14276377105083038 0.0)
(9.956184151834316 -0.14619731232311367 0.0)
(10.000000000000005 -0.14734383318780267 0.0)
(9.954926959276818 -0.14619731232311362 0.0)
(9.820959735679876 -0.1427637710508305 0.0)
(9.59807153946592 -0.13706393230830335 0.0)
(9.28628184038189 -0.1291384012288682 0.0)
(8.885615801956487 -0.11905684367620653 0.0)
(8.39581608543311 -0.1069258393421511 0.0)
(7.81840698259154 -0.09290192743781446 0.0)
(7.154982660929243 -0.07695551289235847 0.0)
(6.382209830037998 -0.05905582069251968 0.0)
(5.5065417407726756 -0.04079134945083181 0.0)
(4.576149381096876 -0.024739047175767317 0.0)
(3.5952285537577136 -0.012458320733825521 0.0)
(2.525349275538575 -0.004624529979319629 0.0)
(1.3305279213284693 -0.0010038141967005601 0.0)
(0.016236432387810553 -6.508800583231464e-05 0.0)
(-0.01627281546057478 -6.514966176373029e-05 0.0)
(1.2471175479176873 -0.0010048090544580231 0.0)
(2.4521884487561736 -0.004629298159941205 0.0)
(3.6045936619146683 -0.012471416240658948 0.0)
(4.668732692641227 -0.024764986003670306 0.0)
(5.6060138011177845 -0.04083254444645371 0.0)
(6.418913963133058 -0.05910853014702046 0.0)
(7.155771470286092 -0.07700961366850896 0.0)
(7.825659254483985 -0.09295168714511425 0.0)
(8.404147522488788 -0.10697181862483515 0.0)
(8.892121970831212 -0.11909936355485265 0.0)
(9.291472265065691 -0.12917765165322598 0.0)
(9.601913432585556 -0.13710043290303386 0.0)
(9.823476583683254 -0.14279820266832777 0.0)
(9.956180243535332 -0.146230463013461 0.0)
(10.000000000000005 -0.1473765516406251 0.0)
(9.954930867575802 -0.146230463013461 0.0)
(9.820967860761195 -0.14279820266832793 0.0)
(9.598086567414462 -0.13710043290303267 0.0)
(9.286305512712095 -0.12917765165322628 0.0)
(8.885655806946577 -0.11909936355485298 0.0)
(8.395852477511236 -0.10697181862483619 0.0)
(7.818785189960461 -0.09295168714511633 0.0)
(7.155339640825016 -0.07700961366851042 0.0)
(6.381086036866958 -0.059108530147020936 0.0)
(5.505097309993285 -0.040832544446454386 0.0)
(4.57571175180313 -0.02476498600367097 0.0)
(3.595406338085281 -0.01247141624065942 0.0)
(2.5255893290215847 -0.004629298159941755 0.0)
(1.3306602298600865 -0.0010048090544581714 0.0)
(0.01627281546056136 -6.514966176374367e-05 0.0)
(-0.01630866767784128 -6.522272921629963e-05 0.0)
(1.246985611177396 -0.00100593863744579 0.0)
(2.4519317713917856 -0.004634447052743169 0.0)
(3.604332777058467 -0.012484923605865757 0.0)
(4.66899660270671 -0.024790920419366345 0.0)
(5.60737444348307 -0.04087351363877536 0.0)
(6.420257165610048 -0.05916202219800758 0.0)
(7.1556440573513935 -0.07706608265633817 0.0)
(7.825306319586588 -0.09300442271403773 0.0)
(8.404120041296782 -0.1070207719495827 0.0)
(8.892094970788023 -0.1191448163881561 0.0)
(9.291455493066819 -0.12921975261063628 0.0)
(9.601902751000686 -0.1371396910731964 0.0)
(9.823470897241773 -0.14283531014633533 0.0)
(9.95617743837085 -0.1462662360008748 0.0)
(10.000000000000005 -0.14741187301543715 0.0)
(9.954933672740285 -0.1462662360008748 0.0)
(9.820973547202676 -0.1428353101463355 0.0)
(9.59809724899933 -0.13713969107319526 0.0)
(9.286322284710968 -0.12921975261063665 0.0)
(8.885682806989767 -0.11914481638815652 0.0)
(8.395879958703242 -0.10702077194958386 0.0)
(7.819138124857859 -0.09300442271403993 0.0)
(7.155467053759714 -0.07706608265633977 0.0)
(6.379742834389964 -0.059162022198008195 0.0)
(5.503736667627997 -0.04087351363877614 0.0)
(4.575447841737648 -0.02479092041936707 0.0)
(3.595667222941483 -0.01248492360586626 0.0)
(2.525846006385973 -0.004634447052743733 0.0)
(1.330792166600378 -0.0010059386374459414 0.0)
(0.016308667677827942 -6.52227292163132e-05 0.0)
(-0.016342413758786648 -6.530399773981666e-05 0.0)
(1.2468598432874274 -0.001007153313853746 0.0)
(2.4516697480798326 -0.004639750424794904 0.0)
(3.6040002544769383 -0.012498249340529346 0.0)
(4.669075197818463 -0.024815710912074827 0.0)
(5.608591513297948 -0.0409124569164366 0.0)
(6.421760759533473 -0.059213946502621254 0.0)
(7.155751809669024 -0.07712243871182665 0.0)
(7.824994164474429 -0.09305781704016151 0.0)
(8.404102678464195 -0.10707054839686092 0.0)
(8.892082162024233 -0.11919120506177483 0.0)
(9.291446358330228 -0.1292628542620518 0.0)
(9.60189688510879 -0.13717998188661595 0.0)
(9.823467899291964 -0.14287346305015552 0.0)
(9.956175859594666 -0.14630305948573297 0.0)
(10.000000000000005 -0.1474482453556483 0.0)
(9.954935251516469 -0.14630305948573297 0.0)
(9.820976545152483 -0.14287346305015575 0.0)
(9.598103114891227 -0.13717998188661487 0.0)
(9.286331419447558 -0.12926285426205228 0.0)
(8.885695615753557 -0.11919120506177533 0.0)
(8.395897321535829 -0.10707054839686218 0.0)
(7.8194502799700185 -0.09305781704016385 0.0)
(7.155359301442082 -0.07712243871182839 0.0)
(6.378239240466534 -0.05921394650262198 0.0)
(5.502519597813117 -0.04091245691643747 0.0)
(4.575369246625895 -0.024815710912075614 0.0)
(3.5959997455230135 -0.012498249340529883 0.0)
(2.526108029697927 -0.00463975042479548 0.0)
(1.3309179344903468 -0.0010071533138539008 0.0)
(0.016342413758773388 -6.530399773983045e-05 0.0)
(-0.016372570962350872 -6.538989654403463e-05 0.0)
(1.2467457702587807 -0.0010083997130227137 0.0)
(2.451413891645283 -0.004644975255630698 0.0)
(3.6036107046039803 -0.012510807936247344 0.0)
(4.668965024651062 -0.024838268232899068 0.0)
(5.609611534741319 -0.04094766318306171 0.0)
(6.423358679737086 -0.059262021601909604 0.0)
(7.156089992799274 -0.07717620565299675 0.0)
(7.824736504672065 -0.09310952407447785 0.0)
(8.40409619688213 -0.10711896088063988 0.0)
(8.892084107333492 -0.11923649134225575 0.0)
(9.291445262219534 -0.12930506279976162 0.0)
(9.601896092646424 -0.1372195350386609 0.0)
(9.823467721558261 -0.14291098501099336 0.0)
(9.956175576575317 -0.14633931551147744 0.0)
(10.000000000000005 -0.1474840705271709 0.0)
(9.954935534535817 -0.14633931551147744 0.0)
(9.820976722886186 -0.14291098501099364 0.0)
(9.598103907353595 -0.13721953503865988 0.0)
(9.286332515558254 -0.12930506279976214 0.0)
(8.885693670444295 -0.11923649134225633 0.0)
(8.395903803117895 -0.10711896088064123 0.0)
(7.819707939772383 -0.09310952407448027 0.0)
(7.15502111831183 -0.0771762056529986 0.0)
(6.376641320262918 -0.05926202160191043 0.0)
(5.501499576369744 -0.040947663183062644 0.0)
(4.5754794197932975 -0.024838268232899897 0.0)
(3.596389295395973 -0.012510807936247906 0.0)
(2.526363886132477 -0.004644975255631286 0.0)
(1.3310320075189939 -0.0010083997130228715 0.0)
(0.016372570962337667 -6.538989654404866e-05 0.0)
(-0.01639781423618038 -6.547665139264362e-05 0.0)
(1.246648404251644 -0.0010096230704534314 0.0)
(2.451175443951795 -0.0046498919757421864 0.0)
(3.60318124354835 -0.012522047591299204 0.0)
(4.668670924011926 -0.024857601254429495 0.0)
(5.610389689937038 -0.04097758553970322 0.0)
(6.424980716530451 -0.0593041351639608 0.0)
(7.156643747594088 -0.07722502105881728 0.0)
(7.824544661279837 -0.09315727190449426 0.0)
(8.40410088133944 -0.10716388224495046 0.0)
(8.892100721242471 -0.11927868543328343 0.0)
(9.291452252895834 -0.1293445236578371 0.0)
(9.601900408432932 -0.13725661263619082 0.0)
(9.823470371849956 -0.1429462273825341 0.0)
(9.956176601748156 -0.14637341105466561 0.0)
(10.000000000000005 -0.14751777443750866 0.0)
(9.954934509362978 -0.14637341105466561 0.0)
(9.820974072594494 -0.14294622738253437 0.0)
(9.598099591567085 -0.13725661263618985 0.0)
(9.286325524881955 -0.12934452365783763 0.0)
(8.885677056535316 -0.11927868543328407 0.0)
(8.395899118660584 -0.10716388224495187 0.0)
(7.819899783164611 -0.09315727190449676 0.0)
(7.154467363517014 -0.0772250210588192 0.0)
(6.375019283469548 -0.059304135163961706 0.0)
(5.500721421174024 -0.04097758553970421 0.0)
(4.575773520432435 -0.02485760125443036 0.0)
(3.596818756451604 -0.012522047591299787 0.0)
(2.5266023338259656 -0.004649891975742785 0.0)
(1.3311293735261307 -0.0010096230704535914 0.0)
(0.01639781423616721 -6.547665139265787e-05 0.0)
(-0.016417034437004357 -6.556045043630925e-05 0.0)
(1.2465720233502446 -0.001010769634058462 0.0)
(2.450964881954793 -0.0046542845534425555 0.0)
(3.6027307410431555 -0.01253147445580431 0.0)
(4.668205818145097 -0.024872860519068837 0.0)
(5.6108917881694005 -0.041000909252751704 0.0)
(6.4265556005843 -0.05933843679590291 0.0)
(7.1573887430808485 -0.07726674006966171 0.0)
(7.824427063545431 -0.09319896257791195 0.0)
(8.404116526009647 -0.10720333872722615 0.0)
(8.892131273766404 -0.11931593340369001 0.0)
(9.2914670232016 -0.12937950299836593 0.0)
(9.601909642840555 -0.13728958555740178 0.0)
(9.823475733718078 -0.14297764167944627 0.0)
(9.956178890068964 -0.1464038480195058 0.0)
(10.000000000000005 -0.14754787619850077 0.0)
(9.95493222104217 -0.1464038480195058 0.0)
(9.82096871072637 -0.1429776416794466 0.0)
(9.598090357159462 -0.1372895855574008 0.0)
(9.286310754576187 -0.12937950299836656 0.0)
(8.885646504011385 -0.11931593340369068 0.0)
(8.395883473990377 -0.1072033387272276 0.0)
(7.820017380899017 -0.09319896257791453 0.0)
(7.153722368030251 -0.07726674006966372 0.0)
(6.373444399415695 -0.05933843679590386 0.0)
(5.500219322941662 -0.041000909252752724 0.0)
(4.576238626299266 -0.02487286051906972 0.0)
(3.5972692589568 -0.01253147445580491 0.0)
(2.526812895822968 -0.004654284553443161 0.0)
(1.33120575442753 -0.0010107696340586247 0.0)
(0.016417034436991215 -6.556045043632369e-05 0.0)
(-0.016429387064360975 -6.563761169835891e-05 0.0)
(1.2465199835916554 -0.0010117890259305799 0.0)
(2.450791457363213 -0.004657959986903644 0.0)
(3.602278991344303 -0.012538674330582275 0.0)
(4.667590142951476 -0.02488337556264487 0.0)
(5.611095768160638 -0.04101660952092535 0.0)
(6.428014134374478 -0.059363419346781424 0.0)
(7.158292245520799 -0.07729952962851637 0.0)
(7.824388878498159 -0.09323276428281192 0.0)
(8.40414244349456 -0.10723559668181937 0.0)
(8.892174422483283 -0.11934659864579908 0.0)
(9.291488924156619 -0.12940846389311828 0.0)
(9.601923390126315 -0.13731700503245803 0.0)
(9.823483571571954 -0.14300384761499446 0.0)
(9.956182340993111 -0.1464292890614457 0.0)
(10.000000000000005 -0.14757305319383898 0.0)
(9.954928770118025 -0.1464292890614457 0.0)
(9.820960872872494 -0.1430038476149948 0.0)
(9.598076609873704 -0.1373170050324571 0.0)
(9.28628885362117 -0.1294084638931189 0.0)
(8.885603355294506 -0.11934659864579977 0.0)
(8.395857556505463 -0.10723559668182085 0.0)
(7.820055565946289 -0.09323276428281453 0.0)
(7.152818865590298 -0.07729952962851841 0.0)
(6.371985865625516 -0.0593634193467824 0.0)
(5.500015342950425 -0.04101660952092637 0.0)
(4.576854301492889 -0.024883375562645756 0.0)
(3.597721008655653 -0.012538674330582882 0.0)
(2.5269863204145486 -0.004657959986904256 0.0)
(1.3312577941861194 -0.0010117890259307442 0.0)
(0.016429387064347833 -6.563761169837351e-05 0.0)
(-0.016434329366402666 -6.570474485410063e-05 0.0)
(1.2464945715076645 -0.0010126364558558484 0.0)
(2.450662790136337 -0.004660756784303187 0.0)
(3.6018458435071086 -0.012543330866307151 0.0)
(4.6668509500727255 -0.02488868437337959 0.0)
(5.610992667403107 -0.041023996503163414 0.0)
(6.429292232594554 -0.05937798512901507 0.0)
(7.159314556669637 -0.07732194902215193 0.0)
(7.824431783919139 -0.09325719183411933 0.0)
(8.404177495027307 -0.10725923875321952 0.0)
(8.892228271517425 -0.1193693337849728 0.0)
(9.291516993472994 -0.1294301338533611 0.0)
(9.601941046259622 -0.13733766629978816 0.0)
(9.823493541030622 -0.14302369374831303 0.0)
(9.956186802893303 -0.1464486163476456 0.0)
(10.000000000000005 -0.14759219919240804 0.0)
(9.954924308217832 -0.14644861634764567 0.0)
(9.820950903413825 -0.14302369374831336 0.0)
(9.598058953740397 -0.1373376662997872 0.0)
(9.286260784304792 -0.12943013385336175 0.0)
(8.885549506260364 -0.11936933378497355 0.0)
(8.395822504972717 -0.10725923875322103 0.0)
(7.820012660525308 -0.09325719183412197 0.0)
(7.151796554441457 -0.07732194902215397 0.0)
(6.370707767405437 -0.059377985129016035 0.0)
(5.500118443707957 -0.04102399650316442 0.0)
(4.5775934943716425 -0.024888684373380467 0.0)
(3.598154156492849 -0.012543330866307758 0.0)
(2.5271149876414243 -0.004660756784303803 0.0)
(1.33128320627011 -0.0010126364558560145 0.0)
(0.016434329366389503 -6.570474485411534e-05 0.0)
(-0.016431644187419412 -6.575890019548778e-05 0.0)
(1.2464969036587525 -0.0010132746893136812 0.0)
(2.4505845336767247 -0.004662552059480046 0.0)
(3.601450329255116 -0.012545239463318076 0.0)
(4.666020718291621 -0.024888553691841512 0.0)
(5.610587015955477 -0.04102274562898047 0.0)
(6.430333737946953 -0.059381494148779815 0.0)
(7.160410758045749 -0.07733301318342721 0.0)
(7.824553894622667 -0.09327117192991867 0.0)
(8.404220140507663 -0.10727322615206128 0.0)
(8.892290454840785 -0.11938313988078872 0.0)
(9.291549997836315 -0.12944356074068541 0.0)
(9.601961835462282 -0.1373506615411043 0.0)
(9.823505204054308 -0.1430363080766115 0.0)
(9.956192079721808 -0.14646098067250823 0.0)
(10.000000000000005 -0.14760447295405751 0.0)
(9.954919031389327 -0.14646098067250823 0.0)
(9.82093924039014 -0.14303630807661183 0.0)
(9.598038164537735 -0.13735066154110334 0.0)
(9.286227779941472 -0.12944356074068605 0.0)
(8.885487322937005 -0.11938313988078941 0.0)
(8.395779859492361 -0.10727322615206279 0.0)
(7.819890549821779 -0.09327117192992128 0.0)
(7.150700353065342 -0.07733301318342925 0.0)
(6.369666262053036 -0.05938149414878075 0.0)
(5.5005240951555905 -0.041022745628981436 0.0)
(4.5784237261527485 -0.02488855369184237 0.0)
(3.598549670744842 -0.012545239463318677 0.0)
(2.5271932441010367 -0.00466255205948066 0.0)
(1.331280874119022 -0.0010132746893138477 0.0)
(0.016431644187406207 -6.575890019550259e-05 0.0)
(-0.01642144950926334 -6.579769823589421e-05 0.0)
(1.2465268775744671 -0.0010136756834935557 0.0)
(2.450560126430045 -0.004663266931327313 0.0)
(3.601109826760985 -0.012544316261354075 0.0)
(4.66513592647376 -0.02488298925993834 0.0)
(5.609896637400237 -0.04101291185949973 0.0)
(6.431092888591873 -0.059373792226166774 0.0)
(7.161532684566112 -0.07733223597333706 0.0)
(7.824749845287827 -0.09327409031037638 0.0)
(8.40426850617124 -0.10727694429762871 0.0)
(8.892358240231896 -0.11938741031865413 0.0)
(9.291586487095238 -0.12944815460222603 0.0)
(9.601984844294764 -0.13735541976927718 0.0)
(9.823518048191087 -0.1430411363493816 0.0)
(9.956197939624435 -0.1464658387702189 0.0)
(10.000000000000005 -0.14760933519215466 0.0)
(9.9549131714867 -0.1464658387702189 0.0)
(9.82092639625336 -0.14304113634938193 0.0)
(9.598015155705255 -0.13735541976927626 0.0)
(9.286191290682549 -0.1294481546022266 0.0)
(8.885419537545893 -0.11938741031865482 0.0)
(8.395731493828782 -0.1072769442976302 0.0)
(7.819694599156619 -0.09327409031037896 0.0)
(7.149578426544976 -0.07733223597333905 0.0)
(6.368907111408116 -0.05937379222616764 0.0)
(5.501214473710834 -0.041012911859500636 0.0)
(4.5793085179706114 -0.02488298925993916 0.0)
(3.5988901732389733 -0.012544316261354662 0.0)
(2.5272176513477165 -0.004663266931327924 0.0)
(1.3312509002033073 -0.0010136756834937222 0.0)
(0.016421449509250074 -6.579769823590905e-05 0.0)
(-0.016404193267441986 -6.581943426040344e-05 0.0)
(1.2465831762557875 -0.0010138218194448068 0.0)
(2.450590640806065 -0.004662869989683838 0.0)
(3.600839297081377 -0.01254060182422049 0.0)
(4.664235450752938 -0.024872235568628064 0.0)
(5.608951865708091 -0.04099492727256177 0.0)
(6.431536328838801 -0.059355217769565316 0.0)
(7.162631040831928 -0.077319651541071 0.0)
(7.825011026200871 -0.09326581874719418 0.0)
(8.404320466919264 -0.10727022982140777 0.0)
(8.892428649324684 -0.11938195746334185 0.0)
(9.29162485797848 -0.12944371359211104 0.0)
(9.60200906179106 -0.13735173191646588 0.0)
(9.823531509093087 -0.14303796642115096 0.0)
(9.956204125127785 -0.1464629771848519 0.0)
(10.000000000000005 -0.1476065722688528 0.0)
(9.954906985983351 -0.1464629771848519 0.0)
(9.820912935351362 -0.1430379664211513 0.0)
(9.597990938208957 -0.1373517319164649 0.0)
(9.286152919799306 -0.12944371359211163 0.0)
(8.885349128453106 -0.11938195746334249 0.0)
(8.39567953308076 -0.1072702298214092 0.0)
(7.819433418243574 -0.09326581874719671 0.0)
(7.148480070279157 -0.07731965154107293 0.0)
(6.368463671161188 -0.059355217769566086 0.0)
(5.502159245402982 -0.0409949272725626 0.0)
(4.5802089936914365 -0.02487223556862883 0.0)
(3.5991607029185824 -0.012540601824221056 0.0)
(2.527187136971696 -0.004662869989684444 0.0)
(1.3311946015219864 -0.0010138218194449724 0.0)
(0.01640419326742865 -6.581943426041828e-05 0.0)
(-0.016380633669651586 -6.582315322786351e-05 0.0)
(1.2466633260416522 -0.0010137066762210838 0.0)
(2.4506747360589274 -0.004661378675439254 0.0)
(3.6006506267954927 -0.012534259357489608 0.0)
(4.663358856384954 -0.02485676511543353 0.0)
(5.607794212418785 -0.040969582078014787 0.0)
(6.431644574734538 -0.05932658690661746 0.0)
(7.163657567078264 -0.07729581282356023 0.0)
(7.825325961550298 -0.0932467206777259 0.0)
(8.404373739691525 -0.1072533777451998 0.0)
(8.892498588472417 -0.11936702090333853 0.0)
(9.29166342453963 -0.12943043284020028 0.0)
(9.602033423878689 -0.13733976002017612 0.0)
(9.8235449953129 -0.1430269375727668 0.0)
(9.956210364452154 -0.14645252164923311 0.0)
(10.000000000000005 -0.1475963055819471 0.0)
(9.95490074665898 -0.14645252164923311 0.0)
(9.820899449131549 -0.14302693757276708 0.0)
(9.597966576121328 -0.1373397600201751 0.0)
(9.286114353238158 -0.1294304328402008 0.0)
(8.88527918930537 -0.11936702090333914 0.0)
(8.395626260308498 -0.10725337774520118 0.0)
(7.8191184828941465 -0.09324672067772834 0.0)
(7.147453544032819 -0.07729581282356202 0.0)
(6.368355425265452 -0.059326586906618135 0.0)
(5.503316898692293 -0.040969582078015515 0.0)
(4.581085588059423 -0.02485676511543424 0.0)
(3.5993493732044666 -0.012534259357490146 0.0)
(2.527103041718833 -0.004661378675439852 0.0)
(1.3311144517361215 -0.0010137066762212481 0.0)
(0.01638063366963816 -6.582315322787827e-05 0.0)
(-0.016351805881517977 -6.580869173364786e-05 0.0)
(1.2467638052971 -0.0010133353130049895 0.0)
(2.4508087171970687 -0.004658858514213184 0.0)
(3.600552105730532 -0.012525567537546361 0.0)
(4.662544659322652 -0.024837257643765712 0.0)
(5.6064745426999805 -0.040937989897339454 0.0)
(6.431412870152457 -0.0592891576250625 0.0)
(7.164567159619831 -0.07726176725044044 0.0)
(7.825680813653012 -0.09321763523620503 0.0)
(8.404425983779868 -0.10722712851840338 0.0)
(8.8925649846769 -0.11934325692376507 0.0)
(9.291700492234545 -0.12940889587843635 0.0)
(9.60205686013209 -0.13732003010362898 0.0)
(9.823557914290701 -0.14300853439165045 0.0)
(9.956216383453047 -0.14643493156046977 0.0)
(10.000000000000005 -0.14757898623087787 0.0)
(9.95489472765809 -0.14643493156046972 0.0)
(9.820886530153748 -0.14300853439165068 0.0)
(9.597943139867928 -0.1373200301036279 0.0)
(9.286077285543243 -0.12940889587843682 0.0)
(8.885212793100889 -0.1193432569237656 0.0)
(8.395574016220154 -0.10722712851840467 0.0)
(7.818763630791431 -0.09321763523620737 0.0)
(7.1465439514912505 -0.07726176725044212 0.0)
(6.368587129847536 -0.059289157625063045 0.0)
(5.5046365684111 -0.040937989897340085 0.0)
(4.581899785121726 -0.02483725764376636 0.0)
(3.599447894269427 -0.012525567537546868 0.0)
(2.5269690605806914 -0.004658858514213772 0.0)
(1.3310139724806735 -0.0010133353130051517 0.0)
(0.01635180588150446 -6.580869173366251e-05 0.0)
(-0.016318976543312807 -6.577668518935578e-05 0.0)
(1.246880199147468 -0.0010127240468168484 0.0)
(2.450986697334391 -0.004655420237279396 0.0)
(3.60054806272185 -0.01251490826705782 0.0)
(4.66182863389542 -0.02481457027624179 0.0)
(5.605050840424856 -0.040901538833158384 0.0)
(6.430851395768001 -0.059244574499056984 0.0)
(7.165319852624407 -0.07721901072190991 0.0)
(7.826059990956803 -0.0931798403837217 0.0)
(8.404474903674632 -0.10719263548402236 0.0)
(8.892624920610372 -0.119311709670409 0.0)
(9.291734432376526 -0.12938004900151828 0.0)
(9.602078340805162 -0.1372934090632626 0.0)
(9.823569698390237 -0.14298356547991242 0.0)
(9.956221917666573 -0.14641097979488193 0.0)
(10.000000000000005 -0.1475553751962462 0.0)
(9.954889193444563 -0.14641097979488193 0.0)
(9.82087474605421 -0.14298356547991264 0.0)
(9.597921659194856 -0.13729340906326146 0.0)
(9.286043345401263 -0.1293800490015187 0.0)
(8.885152857167416 -0.11931170967040944 0.0)
(8.39552509632539 -0.10719263548402354 0.0)
(7.818384453487639 -0.09317984038372391 0.0)
(7.145791258486675 -0.07721901072191145 0.0)
(6.369148604231994 -0.059244574499057394 0.0)
(5.506060270686229 -0.040901538833158904 0.0)
(4.58261581054896 -0.02481457027624237 0.0)
(3.599451937278109 -0.012514908267058296 0.0)
(2.5267910804433686 -0.004655420237279972 0.0)
(1.330897578630305 -0.0010127240468170084 0.0)
(0.016318976543299186 -6.577668518937029e-05 0.0)
(-0.016283588116097227 -6.572853990398912e-05 0.0)
(1.247007393459908 -0.0010118997355746883 0.0)
(2.4512008563492658 -0.004651214916236213 0.0)
(3.600638675411851 -0.012502749894868674 0.0)
(4.661242240950597 -0.024789699854285394 0.0)
(5.603585660466791 -0.04086183047854635 0.0)
(6.4299848217384366 -0.05919479642959509 0.0)
(7.165882574138382 -0.07716942188161142 0.0)
(7.826446833104628 -0.09313499675695029 0.0)
(8.404518349925137 -0.10715141420288421 0.0)
(8.892675762797566 -0.11927376527186861 0.0)
(9.291763753697824 -0.12934515968844412 0.0)
(9.60209692207643 -0.13726106657888887 0.0)
(9.823579829839737 -0.14295312792585518 0.0)
(9.956226723929515 -0.14638171874923112 0.0)
(10.000000000000005 -0.1475265099037187 0.0)
(9.95488438718162 -0.14638171874923106 0.0)
(9.820864614604712 -0.14295312792585535 0.0)
(9.597903077923588 -0.13726106657888767 0.0)
(9.286014024079963 -0.12934515968844443 0.0)
(8.885102014980221 -0.119273765271869 0.0)
(8.395481650074885 -0.10715141420288528 0.0)
(7.8179976113398135 -0.0931349967569524 0.0)
(7.145228536972699 -0.07716942188161285 0.0)
(6.370015178261562 -0.05919479642959536 0.0)
(5.507525450644297 -0.04086183047854676 0.0)
(4.583202203493783 -0.024789699854285897 0.0)
(3.5993613245881066 -0.012502749894869112 0.0)
(2.526576921428493 -0.004651214916236776 0.0)
(1.3307703843178649 -0.0010118997355748457 0.0)
(0.01628358811608351 -6.572853990400347e-05 0.0)
(-0.0162471955026218 -6.56663712933076e-05 0.0)
(1.2471397995490263 -0.0010108985980064546 0.0)
(2.451441784486372 -0.004646427325196854 0.0)
(3.600819962444709 -0.012489626637609797 0.0)
(4.660811245521405 -0.024763739138738135 0.0)
(5.602143380152671 -0.040820609545960625 0.0)
(6.428851223741269 -0.059142010573982565 0.0)
(7.1662305992079025 -0.07711517957246748 0.0)
(7.826824342960219 -0.09308507470281203 0.0)
(8.404554413582618 -0.10710527586266991 0.0)
(8.892715277325792 -0.11923109093559855 0.0)
(9.291787167873224 -0.12930576091180201 0.0)
(9.602111787518826 -0.1372244237201023 0.0)
(9.82358786348184 -0.14291855909992007 0.0)
(9.956230591063473 -0.1463484341003316 0.0)
(10.000000000000005 -0.1474936586414414 0.0)
(9.954880520047661 -0.14634843410033155 0.0)
(9.820856580962607 -0.14291855909992024 0.0)
(9.597888212481191 -0.1372244237201011 0.0)
(9.285990609904562 -0.12930576091180232 0.0)
(8.885062500451996 -0.11923109093559883 0.0)
(8.395445586417406 -0.10710527586267089 0.0)
(7.817620101484222 -0.09308507470281403 0.0)
(7.144880511903178 -0.07711517957246874 0.0)
(6.3711487762587335 -0.059142010573982697 0.0)
(5.508967730958421 -0.04082060954596092 0.0)
(4.583633198922976 -0.024763739138738576 0.0)
(3.5991800375552483 -0.0124896266376102 0.0)
(2.526335993291386 -0.004646427325197404 0.0)
(1.330637978228746 -0.001010898598006609 0.0)
(0.016247195502607985 -6.566637129332174e-05 0.0)
(-0.016211397727744225 -6.55929109323303e-05 0.0)
(1.2472715997334975 -0.001009764622265366 0.0)
(2.451698895804131 -0.004641267822152937 0.0)
(3.601083958399854 -0.012476115107196822 0.0)
(4.6605545847585175 -0.024737828795947377 0.0)
(5.600787370640922 -0.04077968720776747 0.0)
(6.427500409998636 -0.05908853624614603 0.0)
(7.166348636248108 -0.07705866710230837 0.0)
(7.827175933431157 -0.09303226770503599 0.0)
(8.404581510075941 -0.1070562476976408 0.0)
(8.892741727998969 -0.11918556169386402 0.0)
(9.291803646126693 -0.12926358378175967 0.0)
(9.60212228397201 -0.13718509050708177 0.0)
(9.823593446333014 -0.1428813778930768 0.0)
(9.956233349153656 -0.14631258831476346 0.0)
(10.000000000000005 -0.14745826483377913 0.0)
(9.954877761957478 -0.14631258831476335 0.0)
(9.820850998111434 -0.14288137789307692 0.0)
(9.597877716028009 -0.13718509050708053 0.0)
(9.285974131651093 -0.12926358378175987 0.0)
(8.885036049778819 -0.11918556169386421 0.0)
(8.395418489924083 -0.10705624769764167 0.0)
(7.817268511013283 -0.09303226770503782 0.0)
(7.144762474862974 -0.07705866710230949 0.0)
(6.372499590001371 -0.05908853624614604 0.0)
(5.510323740470173 -0.04077968720776767 0.0)
(4.583889859685862 -0.02473782879594775 0.0)
(3.598916041600102 -0.01247611510719719 0.0)
(2.5260788819736266 -0.004641267822153473 0.0)
(1.3305061780442746 -0.001009764622265517 0.0)
(0.016211397727730333 -6.559291093234422e-05 0.0)
(-0.01617776768020245 -6.551138653492666e-05 0.0)
(1.2473970029543373 -0.0010085476331709359 0.0)
(2.451960893301612 -0.0046359631062291694 0.0)
(3.601419063777985 -0.012462808975557451 0.0)
(4.66048353586631 -0.024713107278973714 0.0)
(5.59957721250874 -0.04074086151664177 0.0)
(6.425991732795144 -0.059036723010222114 0.0)
(7.166231498927394 -0.07700236752568619 0.0)
(7.827486156275364 -0.09297889600649671 0.0)
(8.404598448834761 -0.10700648391567377 0.0)
(8.892753952622906 -0.11913917801825338 0.0)
(9.291812464433923 -0.12922048148425025 0.0)
(9.602127950241027 -0.13714479516924927 0.0)
(9.82359633309299 -0.14284321797953298 0.0)
(9.956234877014627 -0.14627575639076656 0.0)
(10.000000000000005 -0.14742188361988942 0.0)
(9.954876234096508 -0.14627575639076645 0.0)
(9.82084811135146 -0.1428432179795331 0.0)
(9.59787204975899 -0.13714479516924796 0.0)
(9.285965313343864 -0.1292204814842504 0.0)
(8.885023825154882 -0.1191391780182535 0.0)
(8.395401551165262 -0.10700648391567454 0.0)
(7.816958288169075 -0.09297889600649843 0.0)
(7.144879612183689 -0.0770023675256872 0.0)
(6.374008267204867 -0.059036723010221996 0.0)
(5.511533898602357 -0.0407408615166419 0.0)
(4.583960908578071 -0.02471310727897403 0.0)
(3.59858093622197 -0.012462808975557788 0.0)
(2.5258168844761446 -0.004635963106229693 0.0)
(1.3303807748234346 -0.0010085476331710838 0.0)
(0.01617776768018848 -6.551138653494036e-05 0.0)
(-0.01614778300276103 -6.542538013397389e-05 0.0)
(1.247510499223441 -0.001007301102997555 0.0)
(2.452216265288087 -0.004630746256938538 0.0)
(3.601810554661844 -0.012450292889773036 0.0)
(4.660601220603123 -0.024690660806046223 0.0)
(5.598566077890532 -0.040705838402422014 0.0)
(6.424391480647069 -0.05898884744500765 0.0)
(7.165884334045336 -0.07694875454300064 0.0)
(7.827741380868603 -0.09292730466198727 0.0)
(8.404604485601006 -0.10695817104630814 0.0)
(8.892751414069993 -0.1190939779226165 0.0)
(9.291813235334622 -0.1291783478553729 0.0)
(9.602128537360386 -0.13710530821003097 0.0)
(9.823596396922815 -0.14280575603607815 0.0)
(9.956235107514969 -0.1462395566556992 0.0)
(10.000000000000005 -0.147386113523753 0.0)
(9.954876003596166 -0.1462395566556991 0.0)
(9.820848047521634 -0.1428057560360782 0.0)
(9.597871462639631 -0.13710530821002961 0.0)
(9.285964542443164 -0.129178347855373 0.0)
(8.885026363707794 -0.11909397792261653 0.0)
(8.395395514399018 -0.10695817104630885 0.0)
(7.816703063575836 -0.09292730466198891 0.0)
(7.145226777065748 -0.07694875454300154 0.0)
(6.375608519352946 -0.05898884744500745 0.0)
(5.512545033220566 -0.04070583840242206 0.0)
(4.583843223841256 -0.024690660806046497 0.0)
(3.5981894453381096 -0.012450292889773349 0.0)
(2.5255615124896686 -0.00463074625693905 0.0)
(1.3302672785543308 -0.0010073011029977004 0.0)
(0.016147783002747 -6.542538013398735e-05 0.0)
(-0.01612276116729131 -6.533867069338561e-05 0.0)
(1.2476071017223795 -0.0010060798020005794 0.0)
(2.4524537911856603 -0.004625846493094917 0.0)
(3.6022412296582074 -0.012439116783755417 0.0)
(4.66090246811692 -0.024671475634120688 0.0)
(5.597798394191604 -0.04067615671667404 0.0)
(6.422769965706217 -0.05894701311525233 0.0)
(7.165322395391732 -0.07690018381062867 0.0)
(7.827930393109168 -0.09287976050080173 0.0)
(8.404599355130209 -0.106913431868638 0.0)
(8.892734223879602 -0.11905194741646438 0.0)
(9.291805924956828 -0.12913903416969919 0.0)
(9.602124019533138 -0.1370683646141756 0.0)
(9.823593635017923 -0.142770638071973 0.0)
(9.95623403052692 -0.14620557965969477 0.0)
(10.000000000000005 -0.1473525262179546 0.0)
(9.954877080584215 -0.1462055796596946 0.0)
(9.820850809426526 -0.142770638071973 0.0)
(9.597875980466881 -0.13706836461417418 0.0)
(9.285971852820959 -0.1291390341696992 0.0)
(8.885043553898187 -0.11905194741646435 0.0)
(8.395400644869815 -0.10691343186863862 0.0)
(7.816514051335271 -0.09287976050080328 0.0)
(7.145788715719354 -0.07690018381062949 0.0)
(6.377230034293802 -0.058947013115252044 0.0)
(5.513312716919495 -0.04067615671667403 0.0)
(4.5835419763274565 -0.024671475634120928 0.0)
(3.597758770341745 -0.012439116783755704 0.0)
(2.5253239865920953 -0.004625846493095418 0.0)
(1.330170676055392 -0.0010060798020007217 0.0)
(0.016122761167277243 -6.533867069339885e-05 0.0)
(-0.01610380158746769 -6.525506806735081e-05 0.0)
(1.2476825659140787 -0.0010049373919115091 0.0)
(2.4526630345409335 -0.004621479101357729 0.0)
(3.602692165695632 -0.012429771715156893 0.0)
(4.661374042143064 -0.02465639472455323 0.0)
(5.597307892029248 -0.04065312061836849 0.0)
(6.421198434372613 -0.05891305814487183 0.0)
(7.164570373522984 -0.0768587894376931 0.0)
(7.828044888144996 -0.09283835252640298 0.0)
(8.404583282845872 -0.10687423214028213 0.0)
(8.892703137357248 -0.1190149332433447 0.0)
(9.291790854505164 -0.12910426779865525 0.0)
(9.602114595264341 -0.13703558761569856 0.0)
(9.823588168731364 -0.14273940710631378 0.0)
(9.956231693371363 -0.14617531828979846 0.0)
(10.000000000000005 -0.14732259746726475 0.0)
(9.954879417739772 -0.14617531828979835 0.0)
(9.820856275713085 -0.14273940710631378 0.0)
(9.597885404735676 -0.13703558761569715 0.0)
(9.285986923272622 -0.12910426779865528 0.0)
(8.885074640420541 -0.11901493324334464 0.0)
(8.395416717154152 -0.1068742321402827 0.0)
(7.816399556299443 -0.09283835252640447 0.0)
(7.146540737588105 -0.07685878943769384 0.0)
(6.37880156562741 -0.05891305814487149 0.0)
(5.513803219081852 -0.04065312061836847 0.0)
(4.583070402301312 -0.02465639472455345 0.0)
(3.597307834304319 -0.01242977171515717 0.0)
(2.5251147432368217 -0.004621479101358222 0.0)
(1.3300952118636926 -0.0010049373919116492 0.0)
(0.016103801587453604 -6.525506806736389e-05 0.0)
)
