(
(-0.022985144549482577 -4.716661928588289e-05 0.0)
(1.220606805081125 -0.000774181586600401 0.0)
(2.3979091689857426 -0.0038297850446988766 0.0)
(3.5240700736776653 -0.010994153353386512 0.0)
(4.570356941673361 -0.022915779929712197 0.0)
(5.5076729426122455 -0.038904072257054 0.0)
(6.342236234622003 -0.05691296038124802 0.0)
(7.095804450716113 -0.07412111060548392 0.0)
(7.77054963742745 -0.08924819613454439 0.0)
(8.358600378615472 -0.10256054182068232 0.0)
(8.855929612117755 -0.11408645299641215 0.0)
(9.263329007662053 -0.12366333964183399 0.0)
(9.581336936288622 -0.13119103868600715 0.0)
(9.810001183504264 -0.13660417286079685 0.0)
(9.949519175894093 -0.13986469576674132 0.0)
(10.000000000000005 -0.14095343128723403 0.0)
(9.961591935217037 -0.13986469576674185 0.0)
(9.83444326094019 -0.1366041728607981 0.0)
(9.618663063711395 -0.1311910386860074 0.0)
(9.31444877011573 -0.12366333964183616 0.0)
(8.921848165660034 -0.11408645299641453 0.0)
(8.441399621384544 -0.10256054182068593 0.0)
(7.87389480701699 -0.08924819613454926 0.0)
(7.215306660394974 -0.07412111060548775 0.0)
(6.457763765378002 -0.056912960381250655 0.0)
(5.603438168498846 -0.0389040722570568 0.0)
(4.674087502771025 -0.02291577992971407 0.0)
(3.6759299263222927 -0.010994153353387425 0.0)
(2.579868608792019 -0.003829785044699526 0.0)
(1.357170972696653 -0.0007741815866006126 0.0)
(0.022985144549470184 -4.7166619285902556e-05 0.0)
(-0.022951516802634117 -4.7096741344964466e-05 0.0)
(1.2207307258951166 -0.0007731057966622316 0.0)
(2.3981521178539547 -0.0038249064605912187 0.0)
(3.5243241270119223 -0.010981418238377836 0.0)
(4.5701276737954375 -0.022891413793742838 0.0)
(5.506403568400569 -0.03886560405357262 0.0)
(6.340950629045646 -0.05686261787936733 0.0)
(7.095899465174918 -0.07406780055557492 0.0)
(7.7708785177371675 -0.089198328439457 0.0)
(8.358625239893229 -0.10251422791869501 0.0)
(8.855953580908496 -0.11404343239180184 0.0)
(9.263344023434708 -0.12362347714984939 0.0)
(9.581346504576187 -0.13115385712720687 0.0)
(9.810006263844624 -0.13656902076964456 0.0)
(9.949521692807444 -0.13983080325481306 0.0)
(10.000000000000005 -0.14091996517101685 0.0)
(9.961589418303687 -0.13983080325481353 0.0)
(9.83443818059983 -0.13656902076964575 0.0)
(9.61865349542383 -0.13115385712720706 0.0)
(9.314433754343074 -0.12362347714985152 0.0)
(8.921824196869293 -0.11404343239180413 0.0)
(8.441374760106788 -0.10251422791869853 0.0)
(7.873565926707272 -0.08919832843946177 0.0)
(7.21521164593617 -0.07406780055557861 0.0)
(6.459049370954363 -0.056862617879369845 0.0)
(5.604707542710525 -0.03886560405357533 0.0)
(4.674316770648949 -0.02289141379374465 0.0)
(3.6756758729880343 -0.010981418238378718 0.0)
(2.5796256599238063 -0.003824906460591855 0.0)
(1.3570470518826612 -0.0007731057966624401 0.0)
(0.022951516802621648 -4.709674134498393e-05 0.0)
(-0.022920037333788834 -4.70195034790192e-05 0.0)
(1.2208482271547432 -0.0007719553966485643 0.0)
(2.3983988762516266 -0.003819907073277564 0.0)
(3.5246442542497856 -0.010968917619348722 0.0)
(4.570073765512769 -0.02286824501218355 0.0)
(5.505275518764227 -0.03882923294254065 0.0)
(6.339520677054282 -0.05681400119115926 0.0)
(7.0957729285075795 -0.07401486352385854 0.0)
(7.77116741528586 -0.08914809107691242 0.0)
(8.358640464597752 -0.10246737204264851 0.0)
(8.855964088699228 -0.11399974736360868 0.0)
(9.263351784361607 -0.12358287345780355 0.0)
(9.581351497803526 -0.13111589091346124 0.0)
(9.810008791341653 -0.13653306184801833 0.0)
(9.949523044211745 -0.1397960928396138 0.0)
(10.000000000000005 -0.14088567857721818 0.0)
(9.961588066899385 -0.13979609283961428 0.0)
(9.834435653102801 -0.13653306184801947 0.0)
(9.61864850219649 -0.13111589091346137 0.0)
(9.314425993416174 -0.12358287345780562 0.0)
(8.92181368907856 -0.11399974736361089 0.0)
(8.441359535402263 -0.10246737204265195 0.0)
(7.873277029158579 -0.08914809107691707 0.0)
(7.21533818260351 -0.07401486352386215 0.0)
(6.46047932294573 -0.05681400119116167 0.0)
(5.605835592346868 -0.03882923294254328 0.0)
(4.674370678931617 -0.022868245012185314 0.0)
(3.67535574575017 -0.010968917619349575 0.0)
(2.5793789015261335 -0.003819907073278189 0.0)
(1.3569295506230343 -0.00077195539664877 0.0)
(0.022920037333776296 -4.701950347903845e-05 0.0)
(-0.02289208929321772 -4.693829937857405e-05 0.0)
(1.2209541460696196 -0.0007707809330314025 0.0)
(2.3986386020661965 -0.003815006546690356 0.0)
(3.525016389586079 -0.010957200750630074 0.0)
(4.570197585456673 -0.022847291578909964 0.0)
(5.504338358140532 -0.038796557004037766 0.0)
(6.338009208122389 -0.056769246444961965 0.0)
(7.095430400503767 -0.07396462546666284 0.0)
(7.771403636443761 -0.08909969138471414 0.0)
(8.358645383783378 -0.1024220329540159 0.0)
(8.85596067379685 -0.11395731735205197 0.0)
(9.263351949441821 -0.12354331261764262 0.0)
(9.581351696577366 -0.131078808210745 0.0)
(9.810008654941756 -0.1364978760651494 0.0)
(9.949523170728764 -0.13976208963328646 0.0)
(10.000000000000005 -0.140852077996044 0.0)
(9.961587940382367 -0.13976208963328693 0.0)
(9.834435789502697 -0.13649787606515054 0.0)
(9.61864830342265 -0.13107880821074513 0.0)
(9.314425828335962 -0.12354331261764463 0.0)
(8.921817103980938 -0.1139573173520541 0.0)
(8.441354616216637 -0.10242203295401926 0.0)
(7.8730408080006775 -0.08909969138471871 0.0)
(7.215680710607323 -0.07396462546666634 0.0)
(6.461990791877627 -0.05676924644496428 0.0)
(5.606772752970565 -0.038796557004040326 0.0)
(4.674246858987712 -0.022847291578911678 0.0)
(3.6749836104138756 -0.0109572007506309 0.0)
(2.579139175711563 -0.0038150065466909695 0.0)
(1.3568236317081577 -0.0007707809330316051 0.0)
(0.02289208929320513 -4.693829937859308e-05 0.0)
(-0.022868900666693975 -4.6856697003243865e-05 0.0)
(1.2210438287563992 -0.0007696340095934634 0.0)
(2.3988607621839386 -0.0038104202010025754 0.0)
(3.525424182074928 -0.010946782449997984 0.0)
(4.570493693205337 -0.02282947414944689 0.0)
(5.503633263652802 -0.038769011959022825 0.0)
(6.33648263342968 -0.05673032008244684 0.0)
(7.094886931217333 -0.07391929375231308 0.0)
(7.771576802085348 -0.08905525595679269 0.0)
(8.35863978131009 -0.10238020276940617 0.0)
(8.855943486245925 -0.113918006654216 0.0)
(9.263344511422027 -0.12350653286030874 0.0)
(9.581347092163947 -0.13104423836517468 0.0)
(9.810005860638094 -0.13646500941996642 0.0)
(9.949522066799572 -0.13973028767451 0.0)
(10.000000000000005 -0.14082063977556053 0.0)
(9.961589044311559 -0.13973028767451048 0.0)
(9.834438583806358 -0.13646500941996756 0.0)
(9.618652907836069 -0.13104423836517476 0.0)
(9.314433266355756 -0.1235065328603107 0.0)
(8.921834291531864 -0.1139180066542181 0.0)
(8.441360218689926 -0.10238020276940947 0.0)
(7.872867642359091 -0.08905525595679717 0.0)
(7.216224179893761 -0.07391929375231647 0.0)
(6.46351736657034 -0.05673032008244909 0.0)
(5.607477847458296 -0.03876901195902536 0.0)
(4.673950751239047 -0.022829474149448584 0.0)
(3.6745758179250254 -0.010946782449998792 0.0)
(2.5789170155938206 -0.0038104202010031795 0.0)
(1.356733949021378 -0.0007696340095936637 0.0)
(0.022868900666681354 -4.685669700326269e-05 0.0)
(-0.022851490320044666 -4.677828181211333e-05 0.0)
(1.2211133347218945 -0.0007685650200523734 0.0)
(2.3990555952957093 -0.003806349551853261 0.0)
(3.5258497140604086 -0.010938120478522483 0.0)
(4.570949078325999 -0.02281557558904888 0.0)
(5.503191215862893 -0.03874780808638158 0.0)
(6.335008027875364 -0.05669893245676905 0.0)
(7.094166399694472 -0.07388086017340571 0.0)
(7.771679303629125 -0.08901673720455859 0.0)
(8.358623903340314 -0.10234371943060493 0.0)
(8.855913281235997 -0.11388354251024682 0.0)
(9.263329797115206 -0.12347415022105251 0.0)
(9.581337886872772 -0.13101370031252088 0.0)
(9.81000053120726 -0.13643590601273103 0.0)
(9.949519780928801 -0.139702084283173 0.0)
(10.000000000000005 -0.14079274525366126 0.0)
(9.96159133018233 -0.13970208428317346 0.0)
(9.834443913237193 -0.13643590601273212 0.0)
(9.618662113127245 -0.1310137003125209 0.0)
(9.314447980662576 -0.12347415022105444 0.0)
(8.921864496541792 -0.11388354251024886 0.0)
(8.441376096659702 -0.10234371943060815 0.0)
(7.872765140815313 -0.08901673720456302 0.0)
(7.216944711416624 -0.07388086017340907 0.0)
(6.464991972124659 -0.05669893245677125 0.0)
(5.607919895248204 -0.03874780808638408 0.0)
(4.673495366118383 -0.022815575589050553 0.0)
(3.6741502859395436 -0.010938120478523277 0.0)
(2.5787221824820494 -0.0038063495518538574 0.0)
(1.3566644430558823 -0.0007685650200525715 0.0)
(0.022851490320032024 -4.677828181213198e-05 0.0)
(-0.02284062323205023 -4.670649922522418e-05 0.0)
(1.22115961000114 -0.0007676209338529067 0.0)
(2.399214540791015 -0.0038029734561189923 0.0)
(3.5262742884455673 -0.010931595427383577 0.0)
(4.57154373202956 -0.022806206575033124 0.0)
(5.503031637541992 -0.03873387704548649 0.0)
(6.333650182929782 -0.05667646268277883 0.0)
(7.093300464772124 -0.07385101343108576 0.0)
(7.771706637344782 -0.08898582757151692 0.0)
(8.358598447522995 -0.10231418594877469 0.0)
(8.855871385919944 -0.11385543921158006 0.0)
(9.263308453041084 -0.12344758753380047 0.0)
(9.581324485167492 -0.13098853583894934 0.0)
(9.809992900814693 -0.13641184459391387 0.0)
(9.949516413553429 -0.13967871866469417 0.0)
(10.000000000000005 -0.14076962006460686 0.0)
(9.9615946975577 -0.13967871866469458 0.0)
(9.83445154362976 -0.13641184459391495 0.0)
(9.618675514832523 -0.13098853583894937 0.0)
(9.314469324736699 -0.12344758753380237 0.0)
(8.921906391857846 -0.11385543921158207 0.0)
(8.441401552477021 -0.10231418594877788 0.0)
(7.872737807099656 -0.08898582757152132 0.0)
(7.217810646338974 -0.07385101343108906 0.0)
(6.4663498170702445 -0.05667646268278102 0.0)
(5.608079473569105 -0.03873387704548898 0.0)
(4.672900712414819 -0.02280620657503479 0.0)
(3.673725711554384 -0.010931595427384363 0.0)
(2.5785632369867435 -0.0038029734561195834 0.0)
(1.3566181677766371 -0.000767620933853103 0.0)
(0.022840623232037588 -4.670649922524268e-05 0.0)
(-0.022836776882676366 -4.664450323812179e-05 0.0)
(1.221180621343023 -0.0007668432324155107 0.0)
(2.399330614895574 -0.0038004402532699397 0.0)
(3.526679250208657 -0.010927493995391063 0.0)
(4.572251526320175 -0.022801778764735343 0.0)
(5.503161540269577 -0.03872783094078834 0.0)
(6.332468759815736 -0.05666389804123803 0.0)
(7.092327174046595 -0.07383106493660761 0.0)
(7.771657602238857 -0.08896388517039598 0.0)
(8.358564532340175 -0.10229289997107711 0.0)
(8.855819641101306 -0.11383493156574559 0.0)
(9.263281417019227 -0.12342801191443542 0.0)
(9.581307475894523 -0.13096985062539176 0.0)
(9.809983304725884 -0.13639388237823863 0.0)
(9.94951211262977 -0.1396612174616032 0.0)
(10.000000000000005 -0.140752280286898 0.0)
(9.961598998481358 -0.13966121746160368 0.0)
(9.834461139718568 -0.1363938823782397 0.0)
(9.618692524105493 -0.1309698506253918 0.0)
(9.314496360758556 -0.12342801191443732 0.0)
(8.921958136676484 -0.11383493156574757 0.0)
(8.441435467659842 -0.1022928999710803 0.0)
(7.872786842205581 -0.08896388517040035 0.0)
(7.218783937064506 -0.07383106493661092 0.0)
(6.467531240184292 -0.05666389804124024 0.0)
(5.607949570841518 -0.03872783094079086 0.0)
(4.672192918124202 -0.022801778764737022 0.0)
(3.6733207497912934 -0.01092749399539185 0.0)
(2.5784471628821843 -0.0038004402532705282 0.0)
(1.356597156434754 -0.000766843232415706 0.0)
(0.02283677688266375 -4.664450323814018e-05 0.0)
(-0.022840120273477864 -4.6595017841061e-05 0.0)
(1.2211754455476207 -0.0007662660865185804 0.0)
(2.3993987175255835 -0.0037988612476049263 0.0)
(3.527046806070664 -0.010925996391963335 0.0)
(4.573041362011585 -0.02280248670803957 0.0)
(5.50357521635745 -0.038729935427066556 0.0)
(6.3315156681035045 -0.056661790599509584 0.0)
(7.091289292131778 -0.07382189119032394 0.0)
(7.771534352824198 -0.08895187411015855 0.0)
(8.358523647962942 -0.10228079676443065 0.0)
(8.855760320352752 -0.11382292064118368 0.0)
(9.263249876962975 -0.12341628347985967 0.0)
(9.5812876064102 -0.13095846566594824 0.0)
(9.809972164575418 -0.1363828085926012 0.0)
(9.949507067132544 -0.13965034964474649 0.0)
(10.000000000000005 -0.14074148779864504 0.0)
(9.961604043978586 -0.13965034964474696 0.0)
(9.834472279869034 -0.1363828085926023 0.0)
(9.618712393589817 -0.13095846566594826 0.0)
(9.314527900814808 -0.12341628347986157 0.0)
(8.922017457425037 -0.1138229206411857 0.0)
(8.441476352037075 -0.10228079676443384 0.0)
(7.872910091620241 -0.08895187411016292 0.0)
(7.219821818979326 -0.07382189119032724 0.0)
(6.4684843318965255 -0.05666179059951182 0.0)
(5.607535894753643 -0.038729935427069116 0.0)
(4.671403082432789 -0.02280248670804127 0.0)
(3.6729531939292857 -0.01092599639196413 0.0)
(2.578379060252175 -0.0037988612476055166 0.0)
(1.3566023322301566 -0.0007662660865187753 0.0)
(0.02284012027346529 -4.6595017841079326e-05 0.0)
(-0.02285050650197947 -4.656021733185768e-05 0.0)
(1.2211443100299142 -0.0007659148548969683 0.0)
(2.3994158563760717 -0.0037983058177441654 0.0)
(3.527360806299436 -0.01092716841905522 0.0)
(4.573878535168475 -0.02280829929921217 0.0)
(5.504254489635107 -0.03874009803704413 0.0)
(6.3308327848992905 -0.056670232954727576 0.0)
(7.09023242166026 -0.07382389526986353 0.0)
(7.771342304454607 -0.08895032213481781 0.0)
(8.358477590776035 -0.10227840812159313 0.0)
(8.855696030119448 -0.11381993417594627 0.0)
(9.2632152186847 -0.12341291755603193 0.0)
(9.581265749743313 -0.13095488119490853 0.0)
(9.80995996984113 -0.13637910979888357 0.0)
(9.949501498751664 -0.13964659272611452 0.0)
(10.000000000000005 -0.1407377168020375 0.0)
(9.961609612359466 -0.139646592726115 0.0)
(9.834484474603324 -0.13637910979888465 0.0)
(9.618734250256704 -0.13095488119490856 0.0)
(9.314562559093083 -0.12341291755603385 0.0)
(8.922081747658341 -0.11381993417594828 0.0)
(8.441522409223982 -0.10227840812159635 0.0)
(7.873102139989833 -0.08895032213482221 0.0)
(7.2208786894508465 -0.0738238952698669 0.0)
(6.469167215100739 -0.05667023295472988 0.0)
(5.606856621475982 -0.038740098037046734 0.0)
(4.670565909275897 -0.022808299299213904 0.0)
(3.672639193700513 -0.010927168419056029 0.0)
(2.5783619214016866 -0.0037983058177447583 0.0)
(1.356633467747863 -0.0007659148548971632 0.0)
(0.022850506501966954 -4.6560217331875974e-05 0.0)
(-0.02286747921630189 -4.6541630781220477e-05 0.0)
(1.2210885828275906 -0.0007658049700255677 0.0)
(2.3993812783973025 -0.003798798368259607 0.0)
(3.5276074542993685 -0.010930958579940466 0.0)
(4.574726261933897 -0.022818961143630846 0.0)
(5.5051695140774255 -0.03875787224423059 0.0)
(6.330450114841789 -0.05668885416524859 0.0)
(7.0892029995870685 -0.0738369891196378 0.0)
(7.7710898953841 -0.08895929743533097 0.0)
(8.358428384447988 -0.10228583899516093 0.0)
(8.85562959519663 -0.11382610338985225 0.0)
(9.263178965005741 -0.12341806203548739 0.0)
(9.58124286623582 -0.13095925470737244 0.0)
(9.80994725633733 -0.13638294851531485 0.0)
(9.949495652151601 -0.13965011177783893 0.0)
(10.000000000000005 -0.14074113298776747 0.0)
(9.961615458959528 -0.1396501117778394 0.0)
(9.834497188107123 -0.136382948515316 0.0)
(9.618757133764197 -0.13095925470737252 0.0)
(9.314598812772042 -0.12341806203548934 0.0)
(8.922148182581159 -0.11382610338985431 0.0)
(8.441571615552029 -0.1022858389951642 0.0)
(7.87335454906034 -0.08895929743533545 0.0)
(7.22190811152404 -0.07383698911964125 0.0)
(6.469549885158241 -0.056688854165250976 0.0)
(5.605941597033661 -0.03875787224423328 0.0)
(4.669718182510474 -0.02281896114363263 0.0)
(3.67239254570058 -0.010930958579941296 0.0)
(2.5783964993804562 -0.0037987983682602052 0.0)
(1.356689194950187 -0.0007658049700257634 0.0)
(0.02286747921628944 -4.6541630781238786e-05 0.0)
(-0.022890292666428502 -4.6540074848181274e-05 0.0)
(1.2210107124919702 -0.0007659412600445995 0.0)
(2.3992965028824043 -0.0038003172573827 0.0)
(3.527775912808574 -0.010937200341883674 0.0)
(4.575547294744648 -0.022834003779357136 0.0)
(5.506280085184398 -0.03878247708247917 0.0)
(6.330384471753251 -0.05671683604914887 0.0)
(7.088246256834826 -0.07386059741984217 0.0)
(7.770788216005467 -0.08897840565341338 0.0)
(8.358378191014836 -0.10230276288614391 0.0)
(8.855563934613267 -0.1138411572189289 0.0)
(9.26314270884643 -0.12343149087921035 0.0)
(9.581219961347177 -0.13097139403920352 0.0)
(9.809934582672119 -0.13639415607571792 0.0)
(9.949489784221266 -0.13966075217922486 0.0)
(10.000000000000005 -0.14075158625488365 0.0)
(9.961621326889864 -0.13966075217922533 0.0)
(9.834509861772334 -0.13639415607571906 0.0)
(9.61878003865284 -0.1309713940392036 0.0)
(9.314635068931352 -0.12343149087921233 0.0)
(8.922213843164522 -0.11384115721893102 0.0)
(8.44162180898518 -0.10230276288614724 0.0)
(7.873656228438975 -0.08897840565341794 0.0)
(7.222864854276284 -0.07386059741984573 0.0)
(6.469615528246777 -0.05671683604915137 0.0)
(5.604831025926686 -0.03878247708248194 0.0)
(4.6688971496997205 -0.022834003779358982 0.0)
(3.672224087191375 -0.01093720034188453 0.0)
(2.578481274895355 -0.0038003172573833057 0.0)
(1.3567670652858077 -0.0007659412600447965 0.0)
(0.02289029266641613 -4.654007484819965e-05 0.0)
(-0.02291794447109676 -4.655561789759131e-05 0.0)
(1.2209141205031402 -0.0007663177366199629 0.0)
(2.3991652547124094 -0.003802795747904103 0.0)
(3.5278587800683443 -0.010945619453284044 0.0)
(4.576305558921063 -0.022852766260496957 0.0)
(5.507537406493317 -0.038812831460210515 0.0)
(6.330638739870896 -0.05675294913364126 0.0)
(7.087404230929755 -0.07389368286495583 0.0)
(7.770450521558698 -0.08900680720891997 0.0)
(8.358329215884202 -0.10232843618973363 0.0)
(8.85550193337527 -0.11386443422546674 0.0)
(9.263108043236079 -0.12345261404837499 0.0)
(9.581198041476286 -0.1309907658103693 0.0)
(9.80992250570316 -0.1364122400403922 0.0)
(9.94948415278678 -0.13967804641050147 0.0)
(10.000000000000005 -0.14076861730595275 0.0)
(9.961626958324349 -0.139678046410502 0.0)
(9.834521938741293 -0.13641224004039335 0.0)
(9.618801958523731 -0.13099076581036945 0.0)
(9.314669734541704 -0.12345261404837703 0.0)
(8.922275844402519 -0.11386443422546895 0.0)
(8.441670784115814 -0.10232843618973707 0.0)
(7.873993922885745 -0.08900680720892462 0.0)
(7.223706880181357 -0.0738936828649595 0.0)
(6.469361260129131 -0.05675294913364387 0.0)
(5.603573704617762 -0.03881283146021338 0.0)
(4.668138885523304 -0.022852766260498866 0.0)
(3.672141219931605 -0.010945619453284929 0.0)
(2.5786125230653503 -0.0038027957479047185 0.0)
(1.356863657274638 -0.0007663177366201617 0.0)
(0.022917944471084487 -4.6555617897609784e-05 0.0)
(-0.022949219660597105 -4.658757699629471e-05 0.0)
(1.2208030509363799 -0.0007669178580596809 0.0)
(2.398993300691796 -0.0038061249394845766 0.0)
(3.5278524150428856 -0.010955845993788972 0.0)
(4.576967737722433 -0.022874424197954015 0.0)
(5.5088862336060735 -0.038847601661598855 0.0)
(6.331201747118804 -0.05679560667586017 0.0)
(7.08671391894968 -0.07393479174104862 0.0)
(7.770091649719989 -0.08904325418946095 0.0)
(8.358283610933732 -0.10236173086793839 0.0)
(8.85544631570361 -0.11389491166038263 0.0)
(9.263076491318186 -0.12348050342957195 0.0)
(9.581178069742174 -0.13101651886068447 0.0)
(9.809911556070375 -0.13643640583301364 0.0)
(9.949479005283077 -0.1397012345947854 0.0)
(10.000000000000005 -0.14079147782774815 0.0)
(9.961632105828052 -0.13970123459478592 0.0)
(9.834532888374078 -0.13643640583301483 0.0)
(9.618821930257843 -0.13101651886068466 0.0)
(9.314701286459597 -0.12348050342957405 0.0)
(8.922331462074181 -0.11389491166038491 0.0)
(8.441716389066285 -0.10236173086794188 0.0)
(7.874352794724455 -0.08904325418946571 0.0)
(7.224397192161433 -0.0739347917410524 0.0)
(6.46879825288122 -0.05679560667586292 0.0)
(5.6022248775050025 -0.03884760166160183 0.0)
(4.667476706721932 -0.02287442419795598 0.0)
(3.6721475849570635 -0.010955845993789888 0.0)
(2.5787844770859647 -0.0038061249394852033 0.0)
(1.3569747268413985 -0.0007669178580598818 0.0)
(0.02294921966058492 -4.658757699631332e-05 0.0)
(-0.02298274406031922 -4.663454791996197e-05 0.0)
(1.2206823839852565 -0.0007677152561255833 0.0)
(2.398788196165648 -0.003810158553536659 0.0)
(3.5277570973997734 -0.010967430627917595 0.0)
(4.57750473622365 -0.022898025981578512 0.0)
(5.510267301526942 -0.038885259947605486 0.0)
(6.332048755988496 -0.05684293438144028 0.0)
(7.086205651940117 -0.07398211779931153 0.0)
(7.769727368661395 -0.0890861451813892 0.0)
(8.358243379961516 -0.10240118401350869 0.0)
(8.855399525337026 -0.11393125040094323 0.0)
(9.2630494394263 -0.12351393361441362 0.0)
(9.5811609236663 -0.13104752164823205 0.0)
(9.809902214880598 -0.13646559165286454 0.0)
(9.94947456788205 -0.13972929788568078 0.0)
(10.000000000000005 -0.14081916337076433 0.0)
(9.96163654322908 -0.1397292978856813 0.0)
(9.834542229563855 -0.13646559165286573 0.0)
(9.618839076333716 -0.13104752164823225 0.0)
(9.314728338351483 -0.1235139336144158 0.0)
(8.922378252440764 -0.11393125040094558 0.0)
(8.4417566200385 -0.1024011840135123 0.0)
(7.874717075783049 -0.08908614518139407 0.0)
(7.224905459170997 -0.07398211779931545 0.0)
(6.467951244011523 -0.05684293438144315 0.0)
(5.600843809584131 -0.03888525994760856 0.0)
(4.666939708220714 -0.022898025981580552 0.0)
(3.6722429026001766 -0.010967430627918546 0.0)
(2.578989581612113 -0.0038101585535372977 0.0)
(1.3570953937925223 -0.0007677152561257868 0.0)
(0.022982744060307127 -4.663454791998076e-05 0.0)
(-0.023017044669470473 -4.669446685213802e-05 0.0)
(1.2205574215348487 -0.0007686748946054528 0.0)
(2.3985589530516167 -0.0038147193604381895 0.0)
(3.5275770152218664 -0.010979864348039796 0.0)
(4.577892959692981 -0.022922534592176243 0.0)
(5.511619928658072 -0.03892415168203715 0.0)
(6.333142550459797 -0.05689285275758198 0.0)
(7.0859017622236165 -0.07403358161932512 0.0)
(7.769373684226199 -0.0891335956329863 0.0)
(8.358210290642873 -0.10244506212740571 0.0)
(8.855363618158627 -0.11397185378936817 0.0)
(9.263028076171063 -0.12355143574173688 0.0)
(9.58114735661587 -0.13108241196724515 0.0)
(9.809894892568616 -0.13649851512841454 0.0)
(9.94947103555498 -0.13976100323352597 0.0)
(10.000000000000005 -0.1408504574828905 0.0)
(9.961640075556149 -0.1397610032335265 0.0)
(9.834549551875837 -0.1364985151284158 0.0)
(9.618852643384145 -0.13108241196724546 0.0)
(9.31474970160672 -0.12355143574173912 0.0)
(8.922414159619162 -0.1139718537893706 0.0)
(8.441789709357144 -0.10244506212740943 0.0)
(7.875070760218247 -0.08913359563299128 0.0)
(7.225209348887496 -0.07403358161932917 0.0)
(6.466857449540219 -0.056892852757584975 0.0)
(5.599491182452998 -0.03892415168204034 0.0)
(4.666551484751383 -0.022922534592178346 0.0)
(3.6724229847780845 -0.01097986434804078 0.0)
(2.579218824726145 -0.0038147193604388405 0.0)
(1.3572203562429304 -0.0007686748946056593 0.0)
(0.023017044669458468 -4.6694466852156994e-05 0.0)
(-0.023050614382035955 -4.676470106456165e-05 0.0)
(1.2204336542066148 -0.0007697546087400933 0.0)
(2.398315643872744 -0.0038196069666776747 0.0)
(3.527320080990611 -0.01099260083924025 0.0)
(4.5781153503014185 -0.022946873166234772 0.0)
(5.512884683037882 -0.038962568033233363 0.0)
(6.334435071204678 -0.05694316848216069 0.0)
(7.085815602158372 -0.07408692197498838 0.0)
(7.7690461366614345 -0.08918352065821718 0.0)
(8.35818579686193 -0.10249143728557757 0.0)
(8.855340171864142 -0.11401493778705182 0.0)
(9.263013340214824 -0.12359136203667534 0.0)
(9.581137964702261 -0.13111965680093648 0.0)
(9.809889910863424 -0.1365337296623798 0.0)
(9.94946856350586 -0.13979495756333998 0.0)
(10.000000000000005 -0.1408839851580907 0.0)
(9.961642547605269 -0.13979495756334057 0.0)
(9.834554533581029 -0.13653372966238111 0.0)
(9.618862035297756 -0.1311196568009368 0.0)
(9.314764437562959 -0.12359136203667763 0.0)
(8.922437605913647 -0.11401493778705436 0.0)
(8.441814203138087 -0.10249143728558137 0.0)
(7.875398307783011 -0.08918352065822227 0.0)
(7.22529550895274 -0.07408692197499255 0.0)
(6.4655649287953345 -0.05694316848216381 0.0)
(5.598226428073184 -0.03896256803323663 0.0)
(4.666329094142947 -0.02294687316623693 0.0)
(3.6726799190093407 -0.010992600839241267 0.0)
(2.579462133905018 -0.0038196069666783395 0.0)
(1.3573441235711645 -0.0007697546087403028 0.0)
(0.023050614382024028 -4.676470106458083e-05 0.0)
(-0.02308197820625959 -4.68421645944288e-05 0.0)
(1.2203165201105317 -0.0007709069578657096 0.0)
(2.398068959189229 -0.0038246066197785765 0.0)
(3.526997583926081 -0.011005080483396363 0.0)
(4.5781621366124785 -0.022969972311336132 0.0)
(5.514005993672728 -0.038998821057003266 0.0)
(6.335869527226207 -0.05699167077428846 0.0)
(7.0859509574600255 -0.07413979518865686 0.0)
(7.768759117807867 -0.08923372664280844 0.0)
(8.35817097483061 -0.10253827184841509 0.0)
(8.855330216640859 -0.11405860936195597 0.0)
(9.263005879028544 -0.12363195821087247 0.0)
(9.581133160588974 -0.13115761967945097 0.0)
(9.809887488652034 -0.13656968799256108 0.0)
(9.949467260352003 -0.13982966898398852 0.0)
(10.000000000000005 -0.1409182732516538 0.0)
(9.961643850759126 -0.1398296689839891 0.0)
(9.834556955792419 -0.1365696879925624 0.0)
(9.618866839411043 -0.1311576196794514 0.0)
(9.314771898749237 -0.12363195821087482 0.0)
(8.92244756113693 -0.11405860936195857 0.0)
(8.441829025169408 -0.102538271848419 0.0)
(7.87568532663658 -0.08923372664281365 0.0)
(7.225160153651086 -0.07413979518866116 0.0)
(6.4641304727738005 -0.05699167077429168 0.0)
(5.597105117438337 -0.03899882105700662 0.0)
(4.666282307831888 -0.022969972311338346 0.0)
(3.6730024160738717 -0.011005080483397408 0.0)
(2.5797088185885344 -0.0038246066197792526 0.0)
(1.357461257667248 -0.000770906957865922 0.0)
(0.02308197820624773 -4.6842164594448195e-05 0.0)
(-0.023109758073083485 -4.692345383595264e-05 0.0)
(1.2202111659044903 -0.0007720813098698853 0.0)
(2.397829737874767 -0.003829498644130246 0.0)
(3.5266236939592996 -0.011016754947774777 0.0)
(4.578031262921247 -0.02299081709330326 0.0)
(5.514934592224693 -0.039031317861805456 0.0)
(6.337382891151065 -0.057036228531981606 0.0)
(7.086301880864246 -0.07418987810805082 0.0)
(7.768525238748835 -0.08928200762764642 0.0)
(8.358166475801854 -0.10258350799090867 0.0)
(8.855334189903074 -0.11410094966497414 0.0)
(9.263006020443099 -0.12367144054270265 0.0)
(9.581133155359957 -0.13119463258335798 0.0)
(9.809887732361982 -0.13660481017571408 0.0)
(9.949467183351608 -0.13986361233915096 0.0)
(10.000000000000005 -0.14095181520747696 0.0)
(9.961643927759521 -0.13986361233915154 0.0)
(9.834556712082472 -0.13660481017571544 0.0)
(9.61886684464006 -0.1311946325833584 0.0)
(9.314771757334684 -0.12367144054270508 0.0)
(8.922443587874717 -0.11410094966497682 0.0)
(8.441833524198163 -0.10258350799091266 0.0)
(7.875919205695611 -0.0892820076276517 0.0)
(7.224809230246864 -0.0741898781080552 0.0)
(6.4626171088489395 -0.05703622853198492 0.0)
(5.59617651888637 -0.03903131786180888 0.0)
(4.66641318152312 -0.022990817093305516 0.0)
(3.6733763060406543 -0.011016754947775846 0.0)
(2.579948039902997 -0.0038294986441309332 0.0)
(1.3575666118732896 -0.0007720813098701007 0.0)
(0.023109758073071675 -4.692345383597225e-05 0.0)
(-0.02313273338598123 -4.700499708857508e-05 0.0)
(1.220122220659564 -0.0007732260658739734 0.0)
(2.3976084908762734 -0.0038340680931323776 0.0)
(3.5262148391313954 -0.011027111277768535 0.0)
(4.57772847957829 -0.023008491630550982 0.0)
(5.515629677772227 -0.03905863059748815 0.0)
(6.338908668537011 -0.05707488396888322 0.0)
(7.086852953438649 -0.07423497018131615 0.0)
(7.768354775702324 -0.08932624223458487 0.0)
(8.358172497454754 -0.1026251581197143 0.0)
(8.855351917072912 -0.11414009834065117 0.0)
(9.263013758244988 -0.12370807425073618 0.0)
(9.581137949244965 -0.13122906923337294 0.0)
(9.809890631285098 -0.1366375530073653 0.0)
(9.949468335887929 -0.1398952962198991 0.0)
(10.000000000000005 -0.14098313725338457 0.0)
(9.9616427752232 -0.13989529621989968 0.0)
(9.834553813159355 -0.13663755300736666 0.0)
(9.618862050755052 -0.1312290692333734 0.0)
(9.314764019532795 -0.12370807425073867 0.0)
(8.922425860704877 -0.1141400983406539 0.0)
(8.441827502545262 -0.10262515811971833 0.0)
(7.876089668742123 -0.08932624223459026 0.0)
(7.224258157672458 -0.07423497018132062 0.0)
(6.46109133146299 -0.0570748839688866 0.0)
(5.595481433338835 -0.039058630597491616 0.0)
(4.666715964866078 -0.023008491630553265 0.0)
(3.67378516086856 -0.011027111277769624 0.0)
(2.5801692869014907 -0.0038340680931330745 0.0)
(1.3576555571182158 -0.0007732260658741912 0.0)
(0.023132733385969453 -4.7004997088594896e-05 0.0)
(-0.02314989465173624 -4.708321149095507e-05 0.0)
(1.2200535924670945 -0.0007742909273934258 0.0)
(2.3974149393821014 -0.0038381141935553884 0.0)
(3.525788983775527 -0.01103569443518408 0.0)
(4.577267090329772 -0.023022219336247266 0.0)
(5.516060709527996 -0.03907955919241267 0.0)
(6.340379819517039 -0.05710593863581395 0.0)
(7.087579962062476 -0.07427309014524723 0.0)
(7.768255218502743 -0.0893644868759199 0.0)
(8.358188775208898 -0.102661392204369 0.0)
(8.855382619250966 -0.11417433526779827 0.0)
(9.263028752449356 -0.12374024971686154 0.0)
(9.58114733160946 -0.13125941654609427 0.0)
(9.809896058048007 -0.13666647782739327 0.0)
(9.94947066732063 -0.13992332849447692 0.0)
(10.000000000000005 -0.14101086315598155 0.0)
(9.9616404437905 -0.1399233284944775 0.0)
(9.834548386396445 -0.1366664778273947 0.0)
(9.618852668390558 -0.13125941654609474 0.0)
(9.314749025328426 -0.12374024971686402 0.0)
(8.922395158526824 -0.11417433526780103 0.0)
(8.441811224791119 -0.10266139220437308 0.0)
(7.876189225941704 -0.08936448687592533 0.0)
(7.223531149048629 -0.07427309014525176 0.0)
(6.4596201804829585 -0.05710593863581738 0.0)
(5.595050401583068 -0.03907955919241616 0.0)
(4.667177354114599 -0.02302221933624957 0.0)
(3.674211016224429 -0.011035694435185183 0.0)
(2.5803628383956627 -0.0038381141935560923 0.0)
(1.3577241853106856 -0.0007742909273936458 0.0)
(0.023149894651724484 -4.7083211490975045e-05 0.0)
(-0.02316048783572689 -4.715466044534121e-05 0.0)
(1.2200082967243067 -0.0007752291063611872 0.0)
(2.397257587690813 -0.0038414591671488223 0.0)
(3.525364839196952 -0.011042127291787019 0.0)
(4.576667367775182 -0.023031397040117963 0.0)
(5.5162087487452 -0.039093184082405835 0.0)
(6.341731704408481 -0.0571280280475218 0.0)
(7.088450963306817 -0.0743025630783674 0.0)
(7.768230941511308 -0.08939506115207778 0.0)
(8.35821459384955 -0.10269061818548143 0.0)
(8.855424947439698 -0.11420215613847129 0.0)
(9.263050344238293 -0.1237665532099605 0.0)
(9.58116089020951 -0.1312843411161199 0.0)
(9.809903774208673 -0.13669031373212248 0.0)
(9.949474075210823 -0.13994647747602307 0.0)
(10.000000000000005 -0.1410337746898308 0.0)
(9.961637035900308 -0.13994647747602365 0.0)
(9.83454067023578 -0.1366903137321239 0.0)
(9.618839109790507 -0.13128434111612036 0.0)
(9.31472743353949 -0.123766553209963 0.0)
(8.922352830338092 -0.11420215613847408 0.0)
(8.441785406150467 -0.10269061818548557 0.0)
(7.876213502933139 -0.08939506115208326 0.0)
(7.222660147804285 -0.07430256307837198 0.0)
(6.458268295591513 -0.057128028047525245 0.0)
(5.594902362365865 -0.039093184082409325 0.0)
(4.667777076669189 -0.02303139704012026 0.0)
(3.6746351608030055 -0.011042127291788125 0.0)
(2.5805201900869514 -0.0038414591671495314 0.0)
(1.3577694810534733 -0.0007752291063614087 0.0)
(0.02316048783571513 -4.715466044536133e-05 0.0)
(-0.02316404749282832 -4.721620461538996e-05 0.0)
(1.2199883236432727 -0.0007759993809097638 0.0)
(2.3971433495478567 -0.0038439560418924404 0.0)
(3.5249610415325012 -0.011046127199626795 0.0)
(4.575955662626411 -0.023035621490645117 0.0)
(5.516067290851465 -0.03909890661472737 0.0)
(6.342904923862411 -0.05714018163566774 0.0)
(7.089427686970451 -0.07432209399391461 0.0)
(7.768283011414608 -0.08941662168529822 0.0)
(8.358248818952871 -0.10271155192690896 0.0)
(8.85547704181593 -0.1142223385545097 0.0)
(9.263077584908093 -0.12378582900266719 0.0)
(9.581178029305034 -0.131302747803441 0.0)
(9.809913440733112 -0.13670801341550565 0.0)
(9.949478409822047 -0.13996372604063823 0.0)
(10.000000000000005 -0.14105086516405052 0.0)
(9.961632701289084 -0.1399637260406388 0.0)
(9.834531003711342 -0.13670801341550706 0.0)
(9.618821970694981 -0.13130274780344148 0.0)
(9.31470019286969 -0.12378582900266973 0.0)
(8.922300735961858 -0.11422233855451248 0.0)
(8.441751181047145 -0.1027115519269131 0.0)
(7.876161433029838 -0.0894166216853037 0.0)
(7.2216834241406485 -0.07432209399391919 0.0)
(6.457095076137581 -0.05714018163567117 0.0)
(5.595043820259601 -0.039098906614730845 0.0)
(4.668488781817963 -0.023035621490647407 0.0)
(3.6750389584674568 -0.011046127199627902 0.0)
(2.580634428229908 -0.003843956041893151 0.0)
(1.3577894541345072 -0.0007759993809099866 0.0)
(0.023164047492816538 -4.72162046154102e-05 0.0)
(-0.023160417218219688 -4.726513986286124e-05 0.0)
(1.2199945508046335 -0.0007765679065846689 0.0)
(2.397077244368241 -0.0038454951096779113 0.0)
(3.5245953329128246 -0.011047518410070551 0.0)
(4.5751632459056655 -0.023034707073200978 0.0)
(5.515642551247852 -0.03909647535177614 0.0)
(6.343847928762368 -0.05714186539382299 0.0)
(7.090467217602462 -0.07433082473919046 0.0)
(7.768409140356352 -0.0894282211451954 0.0)
(8.358289946730437 -0.10272327363835042 0.0)
(8.85553661344808 -0.11423399573747545 0.0)
(9.26310927755356 -0.12379723015191416 0.0)
(9.581197995835533 -0.13131382785189086 0.0)
(9.809924632891924 -0.13671879918583557 0.0)
(9.949483480699415 -0.13997431631794854 0.0)
(10.000000000000005 -0.14106138365446963 0.0)
(9.961627630411716 -0.13997431631794918 0.0)
(9.834519811552529 -0.136718799185837 0.0)
(9.618802004164484 -0.13131382785189133 0.0)
(9.314668500224222 -0.12379723015191667 0.0)
(8.922241164329709 -0.11423399573747824 0.0)
(8.44171005326958 -0.10272327363835455 0.0)
(7.876035304088093 -0.08942822114520088 0.0)
(7.220643893508635 -0.07433082473919501 0.0)
(6.456152071237624 -0.05714186539382639 0.0)
(5.595468559863216 -0.039096475351779576 0.0)
(4.6692811985387115 -0.023034707073203247 0.0)
(3.6754046670871343 -0.011047518410071651 0.0)
(2.5807005334095234 -0.003845495109678622 0.0)
(1.3577832269731465 -0.0007765679065848922 0.0)
(0.02316041721820787 -4.726513986288155e-05 0.0)
(-0.023149756519525916 -4.729931606250568e-05 0.0)
(1.220026704598311 -0.0007769097034078352 0.0)
(2.3970621766926223 -0.003846008746682386 0.0)
(3.524283781905625 -0.011046239795876543 0.0)
(4.57432493495397 -0.023028693965615177 0.0)
(5.514953192215507 -0.03908599711879837 0.0)
(6.344519285198225 -0.05713300534073458 0.0)
(7.091523880128646 -0.07432837170122004 0.0)
(7.768603786461587 -0.08942934987272204 0.0)
(8.35833617010294 -0.1027252682892494 0.0)
(8.85560104486761 -0.11423661549207523 0.0)
(9.263144029657836 -0.12380025571206127 0.0)
(9.581219912508178 -0.13131709442441095 0.0)
(9.809936858922129 -0.13672219713609596 0.0)
(9.949489065037852 -0.13997778299054348 0.0)
(10.000000000000005 -0.14106486799786216 0.0)
(9.961622046073277 -0.13997778299054406 0.0)
(9.834507585522324 -0.13672219713609737 0.0)
(9.618780087491837 -0.13131709442441142 0.0)
(9.314633748119947 -0.12380025571206375 0.0)
(8.922176732910179 -0.11423661549207799 0.0)
(8.441663829897077 -0.10272526828925348 0.0)
(7.875840657982858 -0.08942934987272746 0.0)
(7.219587230982448 -0.07432837170122454 0.0)
(6.455480714801767 -0.05713300534073791 0.0)
(5.596157918895564 -0.03908599711880174 0.0)
(4.670119509490409 -0.023028693965617405 0.0)
(3.675716218094334 -0.011046239795877625 0.0)
(2.580715601085142 -0.0038460087466830935 0.0)
(1.3577510731794686 -0.0007769097034080583 0.0)
(0.023149756519514036 -4.729931606252602e-05 0.0)
(-0.023132533808344395 -4.7317231574634497e-05 0.0)
(1.2200833722454347 -0.0007770097534521527 0.0)
(2.3970988085671014 -0.0038454743846355606 0.0)
(3.524040077492193 -0.011042347537013287 0.0)
(4.573477563620896 -0.02301784637283435 0.0)
(5.514029502929161 -0.039067932310181686 0.0)
(6.344889494996403 -0.0571139907709262 0.0)
(7.0925512467307135 -0.07431484266200401 0.0)
(7.768858397336542 -0.08941995827365555 0.0)
(8.358385458099956 -0.10271744823829444 0.0)
(8.855667505075822 -0.11423008271108465 0.0)
(9.263180314277033 -0.1237947727455308 0.0)
(9.581242816344476 -0.13131240399378072 0.0)
(9.809949581634324 -0.13671805796656877 0.0)
(9.949494917471746 -0.1399739737391712 0.0)
(10.000000000000005 -0.14106116509855382 0.0)
(9.961616193639385 -0.13997397373917178 0.0)
(9.834494862810129 -0.13671805796657013 0.0)
(9.618757183655541 -0.1313124039937812 0.0)
(9.31459746350075 -0.12379477274553326 0.0)
(8.922110272701968 -0.11423008271108738 0.0)
(8.44161454190006 -0.1027174482382985 0.0)
(7.875586047107902 -0.08941995827366095 0.0)
(7.218559864380379 -0.07431484266200843 0.0)
(6.455110505003589 -0.057113990770929435 0.0)
(5.597081608181913 -0.03906793231018498 0.0)
(4.670966880823485 -0.02301784637283653 0.0)
(3.675959922507767 -0.011042347537014352 0.0)
(2.5806789692106626 -0.0038454743846362627 0.0)
(1.3576944055323446 -0.0007770097534523751 0.0)
(0.023132533808332446 -4.731723157465481e-05 0.0)
(-0.023109505819096397 -4.731809922442024e-05 0.0)
(1.2201620638732609 -0.0007768636607017103 0.0)
(2.3971855304541303 -0.0038439155024281853 0.0)
(3.5238749275986097 -0.011036012652214556 0.0)
(4.572658363852597 -0.02300264091824018 0.0)
(5.512912068606217 -0.0390430746605681 0.0)
(6.34494229181565 -0.05708565714980905 0.0)
(7.093504176799682 -0.07429083206277486 0.0)
(7.769161785845171 -0.0894004589976775 0.0)
(8.35843564509707 -0.10270015708421816 0.0)
(8.85573307393275 -0.11421468443294905 0.0)
(9.263216537131365 -0.12378102216384126 0.0)
(9.581265700991755 -0.1312999626489412 0.0)
(9.809962242015812 -0.1367065635447906 0.0)
(9.949500780855855 -0.13996305593536823 0.0)
(10.000000000000005 -0.141050437655166 0.0)
(9.961610330255276 -0.1399630559353688 0.0)
(9.83448220242864 -0.13670656354479196 0.0)
(9.618734299008262 -0.13129996264894161 0.0)
(9.314561240646418 -0.12378102216384369 0.0)
(8.922044703845039 -0.11421468443295173 0.0)
(8.441564354902948 -0.10270015708422213 0.0)
(7.875282658599273 -0.08940045899768281 0.0)
(7.217606934311408 -0.07429083206277919 0.0)
(6.455057708184342 -0.05708565714981219 0.0)
(5.598199042504861 -0.039043074660571296 0.0)
(4.671786080591786 -0.023002640918242303 0.0)
(3.67612507240135 -0.011036012652215594 0.0)
(2.580592247323634 -0.0038439155024288796 0.0)
(1.3576157139045184 -0.0007768636607019311 0.0)
(0.02310950581908436 -4.731809922444049e-05 0.0)
(-0.023081684359500948 -4.7301880888918646e-05 0.0)
(1.2202593219156246 -0.0007764778442046933 0.0)
(2.3973185319526458 -0.0038414005944925563 0.0)
(3.5237955886090657 -0.01102751348472906 0.0)
(4.571903329788208 -0.022983745701689946 0.0)
(5.5116499872665345 -0.03901251636960583 0.0)
(6.344675355860319 -0.057049249404860114 0.0)
(7.0943408003316595 -0.07425739488533657 0.0)
(7.769500621651436 -0.08937170880730146 0.0)
(8.358484525969436 -0.1026741545686974 0.0)
(8.855794870462779 -0.11419109722983933 0.0)
(9.263251106654879 -0.12375960814239617 0.0)
(9.581287560940483 -0.13128031703982387 0.0)
(9.809974283792592 -0.13668821891462596 0.0)
(9.949506397563809 -0.13994550928746013 0.0)
(10.000000000000005 -0.14103315701193586 0.0)
(9.96160471354732 -0.13994550928746066 0.0)
(9.834470160651861 -0.13668821891462732 0.0)
(9.618712439059534 -0.13128031703982423 0.0)
(9.314526671122902 -0.12375960814239854 0.0)
(8.92198290731501 -0.11419109722984196 0.0)
(8.44151547403058 -0.10267415456870128 0.0)
(7.874943822793006 -0.08937170880730666 0.0)
(7.216770310779429 -0.07425739488534079 0.0)
(6.455324644139677 -0.05704924940486314 0.0)
(5.599461123844546 -0.03901251636960893 0.0)
(4.672541114656177 -0.022983745701692006 0.0)
(3.6762044113908936 -0.011027513484730066 0.0)
(2.5804592458251174 -0.003841400594493241 0.0)
(1.3575184558621542 -0.0007764778442049122 0.0)
(0.023081684359488826 -4.73018808889388e-05 0.0)
(-0.023050291853594758 -4.7269289172121054e-05 0.0)
(1.2203708730320733 -0.0007758692560321491 0.0)
(2.3974919692201224 -0.003838040161282473 0.0)
(3.523805546533616 -0.01101722347242732 0.0)
(4.571245636243223 -0.02296199094443104 0.0)
(5.510298712455269 -0.03897760011269495 0.0)
(6.344100415807938 -0.05700636722578639 0.0)
(7.0950243576192085 -0.0742160002980942 0.0)
(7.769860016929894 -0.0893349709332955 0.0)
(8.358529952980954 -0.10264058319469387 0.0)
(8.855850179439429 -0.11416035748030862 0.0)
(9.263282503925959 -0.12373147157412193 0.0)
(9.581307435704504 -0.13125433035855263 0.0)
(9.80998517787102 -0.1366638301055637 0.0)
(9.949511520807738 -0.13992210476305522 0.0)
(10.000000000000005 -0.14101008244871288 0.0)
(9.961599590303393 -0.1399221047630558 0.0)
(9.834459266573433 -0.13666383010556502 0.0)
(9.618692564295513 -0.13125433035855294 0.0)
(9.314495273851824 -0.12373147157412422 0.0)
(8.921927598338359 -0.11416035748031113 0.0)
(8.441470047019063 -0.10264058319469767 0.0)
(7.874584427514547 -0.08933497093330059 0.0)
(7.216086753491879 -0.07421600029809831 0.0)
(6.45589958419206 -0.05700636722578928 0.0)
(5.600812398655816 -0.038977600112697956 0.0)
(4.673198808201163 -0.02296199094443303 0.0)
(3.6761944534663433 -0.0110172234724283 0.0)
(2.5802858085576403 -0.0038380401612831457 0.0)
(1.3574069047457051 -0.0007758692560323659 0.0)
(0.02305029185358254 -4.726928917214107e-05 0.0)
(-0.02301670763065637 -4.7221756094438694e-05 0.0)
(1.220491815870627 -0.0007750646364349992 0.0)
(2.397698221740322 -0.0038339818540854462 0.0)
(3.5239043638392724 -0.011005594739624836 0.0)
(4.570714181068791 -0.022938332510698208 0.0)
(5.5089176167155385 -0.03893986004628665 0.0)
(6.3432427334725885 -0.05695889477708563 0.0)
(7.095524814405647 -0.07416846710348195 0.0)
(7.770224180509505 -0.08929185957063347 0.0)
(8.358569930151841 -0.10260091802696418 0.0)
(8.855896570687456 -0.11412381583271444 0.0)
(9.263309349405949 -0.12369784872835413 0.0)
(9.581324452023047 -0.13122314441236135 0.0)
(9.809994445585223 -0.13663446871725604 0.0)
(9.949515925481673 -0.13989387071413856 0.0)
(10.000000000000005 -0.1409822278195913 0.0)
(9.961595185629458 -0.13989387071413908 0.0)
(9.83444999885923 -0.1366344687172573 0.0)
(9.618675547976968 -0.1312231444123616 0.0)
(9.314468428371832 -0.12369784872835636 0.0)
(8.921881207090333 -0.1141238158327169 0.0)
(8.441430069848176 -0.1026009180269679 0.0)
(7.874220263934936 -0.08929185957063843 0.0)
(7.21558629670544 -0.07416846710348589 0.0)
(6.456757266527412 -0.05695889477708839 0.0)
(5.60219349439555 -0.038939860046289555 0.0)
(4.673730263375595 -0.022938332510700137 0.0)
(3.676095636160686 -0.01100559473962578 0.0)
(2.5800795560374397 -0.0038339818540861067 0.0)
(1.3572859619071511 -0.0007750646364352131 0.0)
(0.023016707630644062 -4.7221756094458535e-05 0.0)
(-0.022982407320001112 -4.7161370172345614e-05 0.0)
(1.2206168364242187 -0.0007740993389263319 0.0)
(2.3979282271548357 -0.0038294039874952504 0.0)
(3.5240876986744056 -0.010993138231566781 0.0)
(4.570332315433007 -0.022913809908787806 0.0)
(5.507567382867504 -0.0389009543998554 0.0)
(6.342139993846999 -0.056908917911305354 0.0)
(7.09582018153534 -0.0741168838231115 0.0)
(7.770577111708798 -0.08924426895372069 0.0)
(8.358602700958345 -0.10255690188041304 0.0)
(8.855932005860288 -0.11408307786020108 0.0)
(9.263330463553574 -0.12366021693142451 0.0)
(9.581337862230207 -0.13118812945467254 0.0)
(9.810001679728794 -0.13660142483538995 0.0)
(9.9495194180523 -0.1398620476931668 0.0)
(10.000000000000005 -0.1409508170060162 0.0)
(9.961591693058828 -0.13986204769316732 0.0)
(9.834442764715659 -0.13660142483539114 0.0)
(9.61866213776981 -0.13118812945467273 0.0)
(9.314447314224209 -0.12366021693142669 0.0)
(8.921845771917502 -0.11408307786020346 0.0)
(8.441397299041672 -0.10255690188041665 0.0)
(7.873867332735642 -0.08924426895372553 0.0)
(7.2152909295757475 -0.0741168838231153 0.0)
(6.457860006153005 -0.05690891791130798 0.0)
(5.603543728243588 -0.0389009543998582 0.0)
(4.6741121290113785 -0.022913809908789672 0.0)
(3.675912301325552 -0.01099313823156769 0.0)
(2.5798495506229258 -0.0038294039874958987 0.0)
(1.3571609413535592 -0.0007740993389265432 0.0)
(0.02298240731998872 -4.7161370172365265e-05 0.0)
)
